  0.133397724377137E-321  0.156126248993690E+004  0.240334995277058E+000  0.966184457408564E+000  0.298282206194162E+001  0.306525160253261E+000 -0.778519013603947E+003
  0.278506854933141E-315  0.153211243163523E+004  0.269545080811146E+000  0.869984373550443E+000  0.282810675349940E+001  0.306525160253261E+000 -0.763943984453111E+003
  0.232775735032674E-305  0.148635792082749E+004  0.306598597110391E+000  0.832054226768804E+000  0.269741765047094E+001  0.306525160253261E+000 -0.741066729049240E+003
  0.115347664699879E-292  0.142783341457309E+004  0.295982260416807E+000  0.851481449616771E+000  0.275748357817299E+001  0.306525160253261E+000 -0.711804475922043E+003
  0.300508097772685E-289  0.141204131277339E+004  0.250450393162866E+000  0.839497762720934E+000  0.296012940403443E+001  0.306525160253261E+000 -0.703908425022193E+003
  0.676612505168901E-283  0.138272550026560E+004  0.253394234175374E+000  0.997298590766380E+000  0.286761784585811E+001  0.306525160253261E+000 -0.689250518768295E+003
  0.487930537406571E-280  0.136950229775870E+004  0.277489853712770E+000  0.951422931531448E+000  0.274388406887201E+001  0.306525160253261E+000 -0.682638917514846E+003
  0.445778208804688E-270  0.132356975561286E+004  0.236206785702020E+000  0.874069343959005E+000  0.304937375654905E+001  0.306525160253261E+000 -0.659672646441926E+003
  0.186059201884560E-251  0.123775749201352E+004  0.236301570359828E+000  0.892260625363484E+000  0.304236755968557E+001  0.306525160253261E+000 -0.616766514642255E+003
  0.220952657294205E-235  0.116366945862955E+004  0.271323254688178E+000  0.812770106361818E+000  0.286501262201738E+001  0.306525160253261E+000 -0.579722497950274E+003
  0.332700606120949E-231  0.114436864547494E+004  0.259481842708412E+000  0.810461391146311E+000  0.294538863284995E+001  0.306525160253261E+000 -0.570072091372965E+003
  0.356515670817744E-222  0.110272230010080E+004  0.282704825773994E+000  0.927898651455692E+000  0.277905134349353E+001  0.306525160253261E+000 -0.549248918685898E+003
  0.210621360917879E-220  0.109450304875726E+004  0.278630747621200E+000  0.927927277753366E+000  0.275382234619610E+001  0.306525160253261E+000 -0.545139293014128E+003
  0.891337102295955E-215  0.106853033316194E+004  0.241665978701877E+000  0.870374587120060E+000  0.302206385420124E+001  0.306525160253261E+000 -0.532152935216468E+003
  0.621889763910814E-201  0.100471632693847E+004  0.251931707120470E+000  0.830431489243111E+000  0.297616123251874E+001  0.306525160253261E+000 -0.500245932104731E+003
  0.103481128124619E-200  0.100363636061409E+004  0.295195841587540E+000  0.916640991257239E+000  0.271626865774189E+001  0.306525160253261E+000 -0.499705948942544E+003
  0.150291922654900E-198  0.993618096335362E+003  0.294275261684976E+000  0.940364158952923E+000  0.270111479244308E+001  0.306525160253261E+000 -0.494696816803178E+003
  0.491087477164153E-193  0.968162616649436E+003  0.289416787513593E+000  0.847351077353721E+000  0.278616017399677E+001  0.306525160253261E+000 -0.481969076960215E+003
  0.288993376832338E-192  0.964556340151798E+003  0.269629447683155E+000  0.862471559361915E+000  0.288431608961401E+001  0.306525160253261E+000 -0.480165938711396E+003
  0.329957205976128E-185  0.931993487138794E+003  0.254873960494240E+000  0.848374000843776E+000  0.293460256791347E+001  0.306525160253261E+000 -0.463884512204894E+003
  0.627645885925414E-181  0.912225236748860E+003  0.288831030413961E+000  0.830419345548090E+000  0.277387964364334E+001  0.306525160253261E+000 -0.454000387009927E+003
  0.859704285655774E-178  0.897718958184138E+003  0.289721182440114E+000  0.848339467252314E+000  0.278255261986736E+001  0.306525160253261E+000 -0.446747247727566E+003
  0.746220834964536E-177  0.893335378469635E+003  0.285962877710453E+000  0.855361245102759E+000  0.276616071534582E+001  0.306525160253261E+000 -0.444555457870314E+003
  0.108882404242231E-174  0.883307830878619E+003  0.279240111795176E+000  0.961566546467426E+000  0.274012182347118E+001  0.306525160253261E+000 -0.439541684074806E+003
  0.183573410863126E-171  0.868386084589292E+003  0.286399514974674E+000  0.941926481620015E+000  0.271508890511092E+001  0.306525160253261E+000 -0.432080810930143E+003
  0.193527012253298E-170  0.863613766177484E+003  0.256019587836379E+000  0.976043620321838E+000  0.287032746686264E+001  0.306525160253261E+000 -0.429694651724239E+003
  0.972173709944685E-169  0.855718817871177E+003  0.299713785472999E+000  0.883902830456994E+000  0.269706309643437E+001  0.306525160253261E+000 -0.425747177571086E+003
  0.342019288801385E-167  0.848536268915771E+003  0.243025122868298E+000  0.919944734871476E+000  0.298852516975996E+001  0.306525160253261E+000 -0.422155903093383E+003
  0.520529499973999E-164  0.833819256186082E+003  0.292321628156755E+000  0.927611390529485E+000  0.269801216499552E+001  0.306525160253261E+000 -0.414797396728538E+003
  0.164881727736353E-158  0.808425928047608E+003  0.296295803846857E+000  0.904003759491652E+000  0.271335636725587E+001  0.306525160253261E+000 -0.402100732659301E+003
  0.329053266343278E-157  0.802377232091963E+003  0.264900445660925E+000  0.915089899817192E+000  0.283652771762484E+001  0.306525160253261E+000 -0.399076384681479E+003
  0.938837098170652E-154  0.786403333539980E+003  0.274252812639103E+000  0.842868960148868E+000  0.283278534796323E+001  0.306525160253261E+000 -0.391089435405487E+003
  0.118445103638645E-153  0.785877004810615E+003  0.269004026283249E+000  0.821886459105038E+000  0.289270597745314E+001  0.306525160253261E+000 -0.390826271040805E+003
  0.201188268096984E-153  0.784755878425152E+003  0.293105837547971E+000  0.929305087799062E+000  0.271172333655656E+001  0.306525160253261E+000 -0.390265707848073E+003
  0.951133817791210E-150  0.767771997272870E+003  0.293441809441403E+000  0.917757939125203E+000  0.270037061870723E+001  0.306525160253261E+000 -0.381773767271932E+003
  0.250499051426135E-147  0.756563342660702E+003  0.290833137981512E+000  0.863235658918708E+000  0.274328918616760E+001  0.306525160253261E+000 -0.376169439965848E+003
  0.602928344707843E-147  0.754745112894288E+003  0.297305129133035E+000  0.903503537421022E+000  0.269717891714505E+001  0.306525160253261E+000 -0.375260325082641E+003
  0.103270123394079E-139  0.721371108580619E+003  0.255276796321521E+000  0.861196926340553E+000  0.292706857726679E+001  0.306525160253261E+000 -0.358573322925807E+003
  0.493423198980126E-133  0.690550505929268E+003  0.289505887958684E+000  0.840818088291161E+000  0.277231888885524E+001  0.306525160253261E+000 -0.343163021600131E+003
  0.885146170750429E-132  0.684715021277019E+003  0.270152811287752E+000  0.913859535392924E+000  0.285018399718928E+001  0.306525160253261E+000 -0.340245279274007E+003
  0.155957880485282E-123  0.646679279930102E+003  0.264374602289334E+000  0.958605219238933E+000  0.282415773697083E+001  0.306525160253261E+000 -0.321227408600548E+003
  0.416525191935236E-122  0.640047844485357E+003  0.261101766859195E+000  0.839868363933075E+000  0.292670612823913E+001  0.306525160253261E+000 -0.317911690878176E+003
  0.409654973121431E-119  0.626204053946408E+003  0.290164131231740E+000  0.861077772760577E+000  0.275191544028081E+001  0.306525160253261E+000 -0.310989795608701E+003
  0.488898519291207E-119  0.625788831300106E+003  0.286416126989272E+000  0.942556626875220E+000  0.273413439543297E+001  0.306525160253261E+000 -0.310782184285550E+003
  0.162869911854394E-116  0.614110183715895E+003  0.281233370183882E+000  0.835199889599095E+000  0.281198918390953E+001  0.306525160253261E+000 -0.304942860493444E+003
  0.119175251842626E-115  0.610068183574728E+003  0.247682664666279E+000  0.935683935226636E+000  0.294232138707705E+001  0.306525160253261E+000 -0.302921860422861E+003
  0.332228847218278E-109  0.580325161309459E+003  0.265669419374481E+000  0.954118926835508E+000  0.281992249633021E+001  0.306525160253261E+000 -0.288050349290226E+003
  0.577920299260848E-109  0.579156394115519E+003  0.286246133637341E+000  0.850651186037696E+000  0.277740094996940E+001  0.306525160253261E+000 -0.287465965693257E+003
  0.329265978239516E-106  0.566404480440152E+003  0.277526999364129E+000  0.947989036735102E+000  0.278037186248792E+001  0.306525160253261E+000 -0.281090008855573E+003
  0.181869140708345E-104  0.558319753645396E+003  0.292145164408448E+000  0.880451749778749E+000  0.274396568035831E+001  0.306525160253261E+000 -0.277047645458195E+003
  0.529136495834439E-104  0.556122292321348E+003  0.254521079612748E+000  0.898011548574289E+000  0.293901616005133E+001  0.306525160253261E+000 -0.275948914796171E+003
  0.243903552861896E-103  0.553004525923491E+003  0.266412646626173E+000  0.924853553269349E+000  0.286043285168593E+001  0.306525160253261E+000 -0.274390031597243E+003
  0.855523345326426E-103  0.550433101587194E+003  0.276349449905107E+000  0.832552016146342E+000  0.284432028848026E+001  0.306525160253261E+000 -0.273104319429094E+003
  0.936193154681915E-103  0.550191341398759E+003  0.276113199233410E+000  0.912616547793532E+000  0.281648512594660E+001  0.306525160253261E+000 -0.272983439334877E+003
  0.373786812753556E-098  0.528940219554508E+003  0.268679793011246E+000  0.851204086930861E+000  0.286131377228468E+001  0.306525160253261E+000 -0.262357878412751E+003
  0.528734550820123E-098  0.528185074444954E+003  0.267706839809339E+000  0.836970163277914E+000  0.289018987318988E+001  0.306525160253261E+000 -0.261980305857974E+003
  0.635404257441754E-097  0.523150811120435E+003  0.275911482688933E+000  0.884431314207744E+000  0.280111609613362E+001  0.306525160253261E+000 -0.259463174195715E+003
  0.119481149988985E-093  0.508010792667097E+003  0.277703748420682E+000  0.875967599722709E+000  0.279813145157943E+001  0.306525160253261E+000 -0.251893164969046E+003
  0.183856609420146E-093  0.507087254271926E+003  0.258681354584000E+000  0.857107065499022E+000  0.291521593645007E+001  0.306525160253261E+000 -0.251431395771460E+003
  0.104746441473829E-090  0.494335427537738E+003  0.258217923900927E+000  0.886142740810334E+000  0.289713284410540E+001  0.306525160253261E+000 -0.245055482404366E+003
  0.619671179759259E-086  0.472297910685434E+003  0.289960139935762E+000  0.889956645795304E+000  0.273878276732693E+001  0.306525160253261E+000 -0.234036723978214E+003
  0.205633694804628E-085  0.469837382335581E+003  0.250143591029571E+000  0.886265688056459E+000  0.295207861026955E+001  0.306525160253261E+000 -0.232806459803288E+003
  0.176107215888848E-045  0.283677777502356E+003  0.253817283600466E+000  0.905932398736763E+000  0.292237780048616E+001  0.306525160253261E+000 -0.141838888751178E+003
  0.177227248617064E-028  0.204181530721380E+003  0.258066767584461E+000  0.900260930178322E+000  0.290906684795516E+001  0.306525160253261E+000 -0.102090765360690E+003
  0.162468590974297E-027  0.199457049792623E+003  0.276360154006274E+000  0.917554150544353E+000  0.280109186470399E+001  0.306525160253261E+000 -0.997285248963114E+002
  0.392972549108268E-025  0.188387159263263E+003  0.264581713467310E+000  0.912831430796637E+000  0.286900147151708E+001  0.306525160253261E+000 -0.941935796316316E+002
  0.799757585378207E-021  0.168196633937743E+003  0.269381237270166E+000  0.889533894049347E+000  0.284058302863855E+001  0.306525160253261E+000 -0.840983169688717E+002
  0.199194129767711E-019  0.161530785070040E+003  0.277813300529771E+000  0.913276813157590E+000  0.279080723338810E+001  0.306525160253261E+000 -0.807653925350199E+002
  0.259892446552413E-018  0.156245422934450E+003  0.265892415905967E+000  0.887874778741446E+000  0.286127852142702E+001  0.306525160253261E+000 -0.781227114672252E+002
  0.282282819612890E-016  0.146659078338225E+003  0.273078654779659E+000  0.918961982985534E+000  0.281571317615901E+001  0.306525160253261E+000 -0.733295391691127E+002
  0.395320651773121E-015  0.141183452531736E+003  0.264033675863411E+000  0.897878214025258E+000  0.286643075034058E+001  0.306525160253261E+000 -0.705917262658681E+002
  0.225496518369823E-014  0.137637569935134E+003  0.274053745413330E+000  0.899566823178483E+000  0.282459872215118E+001  0.306525160253261E+000 -0.688187849675671E+002
  0.246620970070471E-014  0.137394976729155E+003  0.267063563499261E+000  0.904681377835781E+000  0.285940548393787E+001  0.306525160253261E+000 -0.686974883645775E+002
  0.266024190340126E-014  0.137180010088769E+003  0.262587415566055E+000  0.904568011672533E+000  0.287171644717405E+001  0.306525160253261E+000 -0.685900050443847E+002
  0.320415522762140E-014  0.136744449859506E+003  0.260814404380815E+000  0.908366796601136E+000  0.288168604765436E+001  0.306525160253261E+000 -0.683722249297530E+002
  0.598711695660068E-014  0.135430629441395E+003  0.261756754796519E+000  0.890346191621029E+000  0.289280764715914E+001  0.306525160253261E+000 -0.677153147206973E+002
  0.402265768406218E-013  0.131557296233210E+003  0.275247086222931E+000  0.914764652257931E+000  0.280393284739770E+001  0.306525160253261E+000 -0.657786481166052E+002
  0.951658199753282E-013  0.129710069617580E+003  0.260956901800145E+000  0.890716871195733E+000  0.289251629049858E+001  0.306525160253261E+000 -0.648550348087900E+002
  0.133791150638368E-010  0.119756867601623E+003  0.271362931599048E+000  0.897507401791823E+000  0.283991727090998E+001  0.306525160253261E+000 -0.598784338008116E+002
  0.150413823597897E-010  0.119461103658826E+003  0.275980919778803E+000  0.907855415114682E+000  0.280234395969712E+001  0.306525160253261E+000 -0.597305518294129E+002
  0.835963971374396E-010  0.115969169949089E+003  0.264289074952715E+000  0.899702024850605E+000  0.287535709528907E+001  0.306525160253261E+000 -0.579845849745444E+002
  0.195634053683024E-009  0.114207135795132E+003  0.272569304408904E+000  0.915417109125219E+000  0.281908793916629E+001  0.306525160253261E+000 -0.571035678975662E+002
  0.487127725940271E-009  0.112321031440621E+003  0.273795011717769E+000  0.905202703205827E+000  0.281247773889061E+001  0.306525160253261E+000 -0.561605157203106E+002
  0.640272091981323E-009  0.111712754383075E+003  0.267118575281145E+000  0.901135127943123E+000  0.286000763977523E+001  0.306525160253261E+000 -0.558563771915374E+002
  0.161459839369032E-008  0.109801314461004E+003  0.276171133342204E+000  0.890294518324056E+000  0.281147738614488E+001  0.306525160253261E+000 -0.549006572305022E+002
  0.157441829737199E-008  0.109790171911787E+003  0.264472940859675E+000  0.886048777546423E+000  0.287987813890444E+001  0.306525160253261E+000 -0.548950859558936E+002
  0.316437585264286E-008  0.108332488666178E+003  0.266488207560678E+000  0.896544887720879E+000  0.285486460102873E+001  0.306525160253261E+000 -0.541662443330890E+002
  0.693695752523348E-008  0.106701130452321E+003  0.262085303699557E+000  0.895770690337947E+000  0.288304968648789E+001  0.306525160253261E+000 -0.533505652261606E+002
  0.971920083826935E-008  0.105965106904282E+003  0.269971348242069E+000  0.902019258946327E+000  0.284400776892595E+001  0.306525160253261E+000 -0.529825534521409E+002
  0.144063663926094E-007  0.105116429941607E+003  0.270830110221635E+000  0.901819408914379E+000  0.282885790532286E+001  0.306525160253261E+000 -0.525582149708036E+002
  0.111945635077490E-006  0.100954200358517E+003  0.271516985561125E+000  0.909923137216020E+000  0.282935360629874E+001  0.306525160253261E+000 -0.504771001792586E+002
  0.110238344736518E-006  0.100923394161770E+003  0.268889176543719E+000  0.899126003021162E+000  0.285128366298789E+001  0.306525160253261E+000 -0.504616970808849E+002
  0.301513469349587E-006  0.988495110493041E+002  0.268950183401883E+000  0.917003818548138E+000  0.283588782746385E+001  0.306525160253261E+000 -0.494247555246521E+002
  0.524636295797480E-006  0.976801866060164E+002  0.263011317468507E+000  0.905362844643560E+000  0.287581721656807E+001  0.306525160253261E+000 -0.488400933030082E+002
  0.565740455293875E-006  0.974677829669329E+002  0.265254999346253E+000  0.884741009117985E+000  0.287491943036401E+001  0.306525160253261E+000 -0.487338914834664E+002
  0.166427962647081E-005  0.952482151725270E+002  0.272444802007614E+000  0.912328126881212E+000  0.281997174326839E+001  0.306525160253261E+000 -0.476241075862635E+002
  0.198508753996816E-005  0.948341305734511E+002  0.264400933600871E+000  0.899765089021607E+000  0.287317099574222E+001  0.306525160253261E+000 -0.474170652867256E+002
  0.215926615479810E-005  0.946043764422878E+002  0.272722482997594E+000  0.893136529880378E+000  0.283306921175307E+001  0.306525160253261E+000 -0.473021882211439E+002
  0.249513496288686E-005  0.942536843244330E+002  0.266067432269579E+000  0.906834275024601E+000  0.285285364449722E+001  0.306525160253261E+000 -0.471268421622165E+002
  0.291325899845203E-005  0.938822818787267E+002  0.263501635664217E+000  0.891476076930607E+000  0.287841809556865E+001  0.306525160253261E+000 -0.469411409393634E+002
  0.367690959241117E-005  0.933551381025433E+002  0.267835460410934E+000  0.892453118199527E+000  0.285090769469139E+001  0.306525160253261E+000 -0.466775690512716E+002
  0.476737424153682E-005  0.927741486548729E+002  0.268736856658704E+000  0.880579486251367E+000  0.285753884908851E+001  0.306525160253261E+000 -0.463870743274364E+002
  0.660393615946780E-005  0.920608649791388E+002  0.272237321065991E+000  0.911749476643458E+000  0.282028968011619E+001  0.306525160253261E+000 -0.460304324895694E+002
  0.681200881228021E-005  0.919372792670488E+002  0.265809305648922E+000  0.887105479012068E+000  0.286680721893876E+001  0.306525160253261E+000 -0.459686396335244E+002
  0.137819206596586E-004  0.904663947903769E+002  0.272516217216068E+000  0.889596449821400E+000  0.282908977381940E+001  0.306525160253261E+000 -0.452331973951885E+002
  0.199859707008503E-004  0.896615056203526E+002  0.266290341644097E+000  0.905097210104635E+000  0.286018981669333E+001  0.306525160253261E+000 -0.448307528101763E+002
  0.248964474097151E-004  0.891605731899626E+002  0.273711019827606E+000  0.889024387210411E+000  0.282825852210531E+001  0.306525160253261E+000 -0.445802865949813E+002
  0.271332613926268E-004  0.889269594446764E+002  0.268877523980240E+000  0.898350280777689E+000  0.284194652506021E+001  0.306525160253261E+000 -0.444634797223382E+002
  0.386493083469287E-004  0.881578790341010E+002  0.263739935815863E+000  0.895874421523081E+000  0.287386628651279E+001  0.306525160253261E+000 -0.440789395170505E+002
  0.389576407465535E-004  0.880804436336200E+002  0.267687947069054E+000  0.887992102226580E+000  0.285539035896865E+001  0.306525160253261E+000 -0.440402218168100E+002
  0.421559254857288E-004  0.878610996476225E+002  0.267877917955489E+000  0.913457798787326E+000  0.284156552870027E+001  0.306525160253261E+000 -0.439305498238113E+002
  0.575100487858407E-004  0.871783874532069E+002  0.263800932368323E+000  0.899941569111920E+000  0.287098806042551E+001  0.306525160253261E+000 -0.435891937266035E+002
  0.661669348851513E-004  0.868364017936662E+002  0.270126448291673E+000  0.905518021243781E+000  0.283199157656167E+001  0.306525160253261E+000 -0.434182008968331E+002
  0.881730031883425E-004  0.862006185468767E+002  0.267035824445208E+000  0.884891931588644E+000  0.286538073493890E+001  0.306525160253261E+000 -0.431003092734383E+002
  0.108476449185831E-003  0.857246107068110E+002  0.268095590066311E+000  0.902244091223185E+000  0.285253725593446E+001  0.306525160253261E+000 -0.428623053534055E+002
  0.160071507287974E-003  0.848848923000384E+002  0.264570053030943E+000  0.897189118202917E+000  0.286779848181693E+001  0.306525160253261E+000 -0.424424461500192E+002
  0.165106224677355E-003  0.847614121492284E+002  0.266132667441054E+000  0.886170933173100E+000  0.286715824852183E+001  0.306525160253261E+000 -0.423807060746142E+002
  0.160447029191113E-003  0.847571192334529E+002  0.265134422534110E+000  0.902736652622057E+000  0.286691827396709E+001  0.306525160253261E+000 -0.423785596167264E+002
  0.200890376383713E-003  0.842459848836199E+002  0.269402849235547E+000  0.892527449654935E+000  0.285089818749484E+001  0.306525160253261E+000 -0.421229924418099E+002
  0.322588888764681E-003  0.832372028579232E+002  0.268667667774288E+000  0.888600598781314E+000  0.285626950124670E+001  0.306525160253261E+000 -0.416186014289616E+002
  0.366039537125874E-003  0.829229342802574E+002  0.270572484434184E+000  0.908874319544118E+000  0.283375684095598E+001  0.306525160253261E+000 -0.414614671401287E+002
  0.360961718118809E-003  0.828893298504910E+002  0.268387375419665E+000  0.884685626301584E+000  0.285843212268186E+001  0.306525160253261E+000 -0.414446649252455E+002
  0.386091305540244E-003  0.826931825819060E+002  0.268793891442609E+000  0.912564401416018E+000  0.283965033214750E+001  0.306525160253261E+000 -0.413465912909530E+002
  0.382755423463135E-003  0.826489946249297E+002  0.272231761637265E+000  0.886925625870167E+000  0.283364992073177E+001  0.306525160253261E+000 -0.413244973124649E+002
  0.414682775659681E-003  0.824272160520650E+002  0.265358542362649E+000  0.890719194534832E+000  0.287138326717150E+001  0.306525160253261E+000 -0.412136080260325E+002
  0.416484036938969E-003  0.823570041302017E+002  0.271626804061290E+000  0.889405904995394E+000  0.283981294861086E+001  0.306525160253261E+000 -0.411785020651008E+002
  0.600309514861165E-003  0.815642663206406E+002  0.265582125999802E+000  0.892901087648585E+000  0.286475717370466E+001  0.306525160253261E+000 -0.407821331603203E+002
  0.820941662252477E-003  0.808767096639491E+002  0.270115980619977E+000  0.890733464662566E+000  0.284095442795331E+001  0.306525160253261E+000 -0.404383548319746E+002
  0.110991011230317E-002  0.802120018243511E+002  0.268574576418331E+000  0.911609321058723E+000  0.283927240092674E+001  0.306525160253261E+000 -0.401060009121756E+002
  0.117907044463342E-002  0.800295638327992E+002  0.271833196806824E+000  0.896032075660579E+000  0.282906511502221E+001  0.306525160253261E+000 -0.400147819163996E+002
  0.124963338724773E-002  0.798517728177716E+002  0.265389187461253E+000  0.907133927867081E+000  0.285861849404449E+001  0.306525160253261E+000 -0.399258864088858E+002
  0.140045577494540E-002  0.795623344622817E+002  0.273627960214732E+000  0.896347488961817E+000  0.282393361033043E+001  0.306525160253261E+000 -0.397811672311409E+002
  0.153053570464386E-002  0.793231510035414E+002  0.269592448929594E+000  0.898548081013732E+000  0.283883444577478E+001  0.306525160253261E+000 -0.396615755017707E+002
  0.220242436539783E-002  0.785337258261658E+002  0.266610025254305E+000  0.891920173836292E+000  0.286484347819684E+001  0.306525160253261E+000 -0.392668629130829E+002
  0.255996199896140E-002  0.781713151561752E+002  0.267642434244341E+000  0.887704901489403E+000  0.286100766167488E+001  0.306525160253261E+000 -0.390856575780876E+002
  0.340304670738908E-002  0.775404144257302E+002  0.272099007535539E+000  0.894501215261281E+000  0.283429209113575E+001  0.306525160253261E+000 -0.387702072128651E+002
  0.423370829822354E-002  0.770420567994444E+002  0.273138399681217E+000  0.901406495366199E+000  0.282322628535439E+001  0.306525160253261E+000 -0.385210283997222E+002
  0.421906939783177E-002  0.769874408688487E+002  0.268716400903704E+000  0.910626610563120E+000  0.283920737082627E+001  0.306525160253261E+000 -0.384937204344243E+002
  0.480581698214635E-002  0.766654726043502E+002  0.265067042849147E+000  0.905326022573408E+000  0.286203222724976E+001  0.306525160253261E+000 -0.383327363021751E+002
  0.467693006025004E-002  0.766582995486488E+002  0.270264043717821E+000  0.903229709606093E+000  0.283328634645172E+001  0.306525160253261E+000 -0.383291497743244E+002
  0.692637503193314E-002  0.758113668947637E+002  0.271330753915095E+000  0.891175297355937E+000  0.284003075200730E+001  0.306525160253261E+000 -0.379056834473818E+002
  0.874547021308276E-002  0.752834250105150E+002  0.266935009987829E+000  0.906422155375836E+000  0.285440559887958E+001  0.306525160253261E+000 -0.376417125052575E+002
  0.115468001114105E-001  0.746661367420540E+002  0.266905360163303E+000  0.898144948442092E+000  0.286006829574120E+001  0.306525160253261E+000 -0.373330683710270E+002
  0.113239121916991E-001  0.746435769025398E+002  0.265841475559209E+000  0.900666194852963E+000  0.285913349438213E+001  0.306525160253261E+000 -0.373217884512699E+002
  0.124661650720799E-001  0.743898304511253E+002  0.272657807169897E+000  0.901734906349986E+000  0.282344706931812E+001  0.306525160253261E+000 -0.371949152255626E+002
  0.135193984823006E-001  0.741660723366159E+002  0.270599674186023E+000  0.890438757656939E+000  0.284422549030605E+001  0.306525160253261E+000 -0.370830361683079E+002
  0.134339051237862E-001  0.741172166877748E+002  0.272506306187138E+000  0.899154723435438E+000  0.282862846764594E+001  0.306525160253261E+000 -0.370586083438874E+002
  0.134628473083224E-001  0.740513691785832E+002  0.272837578583699E+000  0.899236977141844E+000  0.282383312485810E+001  0.306525160253261E+000 -0.370256845892916E+002
  0.159456397649766E-001  0.736513226961738E+002  0.265273517320344E+000  0.899132739907061E+000  0.286377746005122E+001  0.306525160253261E+000 -0.368256613480869E+002
  0.201760703938376E-001  0.731191556882133E+002  0.272038552876672E+000  0.893342623706146E+000  0.283076460116491E+001  0.306525160253261E+000 -0.365595778441066E+002
  0.198149826521601E-001  0.730937302049868E+002  0.265478482659889E+000  0.898764697773660E+000  0.286272921249342E+001  0.306525160253261E+000 -0.365468651024934E+002
  0.207904056568635E-001  0.729360803623684E+002  0.265807797822686E+000  0.892942945205828E+000  0.286482110800005E+001  0.306525160253261E+000 -0.364680401811842E+002
  0.220024267992772E-001  0.727612147599577E+002  0.267250954481716E+000  0.902463559338312E+000  0.285015509039578E+001  0.306525160253261E+000 -0.363806073799789E+002
  0.306015384982555E-001  0.720398763844593E+002  0.267416496522582E+000  0.888502888779649E+000  0.286051362242622E+001  0.306525160253261E+000 -0.360199381922297E+002
  0.311808273093267E-001  0.719408268447348E+002  0.265334302807228E+000  0.896711171239805E+000  0.286745875402976E+001  0.306525160253261E+000 -0.359704134223674E+002
  0.313523872664176E-001  0.718683094945652E+002  0.271263482095774E+000  0.893872129326401E+000  0.283411328585032E+001  0.306525160253261E+000 -0.359341547472826E+002
  0.318712480615805E-001  0.717739384259323E+002  0.265049853404918E+000  0.900999957310200E+000  0.286565560170422E+001  0.306525160253261E+000 -0.358869692129661E+002
  0.317831329654773E-001  0.717179322075990E+002  0.272647964832787E+000  0.900355770703601E+000  0.282606575216362E+001  0.306525160253261E+000 -0.358589661037995E+002
  0.377853201421097E-001  0.713104190262883E+002  0.272219245891666E+000  0.901406930733744E+000  0.282822333573988E+001  0.306525160253261E+000 -0.356552095131442E+002
  0.557985440363172E-001  0.704692214982733E+002  0.269088009374127E+000  0.908508551831117E+000  0.283998868798516E+001  0.306525160253261E+000 -0.352346107491366E+002
  0.713864994848718E-001  0.699149561967109E+002  0.271910494971521E+000  0.895727402534686E+000  0.283364469720638E+001  0.306525160253261E+000 -0.349574780983554E+002
  0.812720472338684E-001  0.695940261466785E+002  0.271633310889657E+000  0.895301894087665E+000  0.283182489781094E+001  0.306525160253261E+000 -0.347970130733392E+002
  0.916183233723370E-001  0.692928245223056E+002  0.269794619601253E+000  0.895125899833130E+000  0.284087164677643E+001  0.306525160253261E+000 -0.346464122611528E+002
  0.101631856277338E+000  0.690238297178829E+002  0.268831464135236E+000  0.903678466254373E+000  0.284139796393913E+001  0.306525160253261E+000 -0.345119148589415E+002
  0.102197461885509E+000  0.689511867792583E+002  0.269993254459359E+000  0.907109768059843E+000  0.283601780415680E+001  0.306525160253261E+000 -0.344755933896291E+002
  0.138205877451878E+000  0.682859682692385E+002  0.266979852365894E+000  0.900571592596197E+000  0.285325413714409E+001  0.306525160253261E+000 -0.341429841346192E+002
  0.174291227322615E+000  0.677604585892529E+002  0.268706236418948E+000  0.891399759376567E+000  0.284955111724024E+001  0.306525160253261E+000 -0.338802292946265E+002
  0.180065133266845E+000  0.676337332387803E+002  0.267772815688925E+000  0.904274445406828E+000  0.285076646427741E+001  0.306525160253261E+000 -0.338168666193901E+002
  0.191535663970677E+000  0.674486791430573E+002  0.267139759296429E+000  0.894377938917669E+000  0.285625492772796E+001  0.306525160253261E+000 -0.337243395715286E+002
  0.201333726323606E+000  0.672873561555472E+002  0.268207822398693E+000  0.906479275435836E+000  0.284436249473864E+001  0.306525160253261E+000 -0.336436780777736E+002
  0.246752463697797E+000  0.668189692349110E+002  0.271307009827072E+000  0.896930693093885E+000  0.283278155705596E+001  0.306525160253261E+000 -0.334094846174555E+002
  0.242212817172144E+000  0.667945637442773E+002  0.266061306840420E+000  0.901599448065718E+000  0.285896086352257E+001  0.306525160253261E+000 -0.333972818721386E+002
  0.308688032860282E+000  0.662479915969291E+002  0.266787786995357E+000  0.895581580646425E+000  0.285777299292887E+001  0.306525160253261E+000 -0.331239957984645E+002
  0.402924566600718E+000  0.656536118790685E+002  0.269068752049043E+000  0.904755107064317E+000  0.284040952520713E+001  0.306525160253261E+000 -0.328268059395343E+002
  0.392899819911997E+000  0.656424579548692E+002  0.269290122129268E+000  0.897107952154692E+000  0.284726616903784E+001  0.306525160253261E+000 -0.328212289774346E+002
  0.395931279767468E+000  0.655655426534434E+002  0.270914827175877E+000  0.902346613627801E+000  0.283231474083910E+001  0.306525160253261E+000 -0.327827713267217E+002
  0.405908838186039E+000  0.654542234608150E+002  0.266836478050906E+000  0.893138150771988E+000  0.286002927389523E+001  0.306525160253261E+000 -0.327271117304075E+002
  0.396559442204331E+000  0.654392854450346E+002  0.268645266213599E+000  0.895690191520554E+000  0.284709297022432E+001  0.306525160253261E+000 -0.327196427225173E+002
  0.390412667024038E+000  0.654089854213858E+002  0.266335608729608E+000  0.896347655795428E+000  0.286048315006013E+001  0.306525160253261E+000 -0.327044927106929E+002
  0.425527881493605E+000  0.651751897600364E+002  0.270643036284260E+000  0.899128400451438E+000  0.283493132937293E+001  0.306525160253261E+000 -0.325875948800182E+002
  0.417638557586601E+000  0.651510746599018E+002  0.269878802859891E+000  0.891305075848600E+000  0.284403312929431E+001  0.306525160253261E+000 -0.325755373299509E+002
  0.431112864382468E+000  0.650260242256729E+002  0.271195827235358E+000  0.895320213604715E+000  0.283469018129969E+001  0.306525160253261E+000 -0.325130121128364E+002
  0.451883451709359E+000  0.648703721598529E+002  0.266649994725026E+000  0.895112280901024E+000  0.285947530326847E+001  0.306525160253261E+000 -0.324351860799264E+002
  0.452136774372250E+000  0.648077079708299E+002  0.269702667800103E+000  0.892692658962950E+000  0.284377698919959E+001  0.306525160253261E+000 -0.324038539854150E+002
  0.445566686199161E+000  0.647754402696576E+002  0.266677805387417E+000  0.898488841142659E+000  0.285689770976189E+001  0.306525160253261E+000 -0.323877201348288E+002
  0.595421849293397E+000  0.641340505111381E+002  0.270295606390697E+000  0.891081058943012E+000  0.284292957203901E+001  0.306525160253261E+000 -0.320670252555691E+002
  0.592743132395653E+000  0.640815252055369E+002  0.271035770860264E+000  0.902153162026472E+000  0.283291585655639E+001  0.306525160253261E+000 -0.320407626027685E+002
  0.601041206772490E+000  0.639921771742182E+002  0.270484184041046E+000  0.899381544669380E+000  0.283897225190200E+001  0.306525160253261E+000 -0.319960885871091E+002
  0.635964892489258E+000  0.638176741259612E+002  0.269675450847975E+000  0.904931361234058E+000  0.283840025050066E+001  0.306525160253261E+000 -0.319088370629806E+002
  0.680097536493644E+000  0.636219450834751E+002  0.267528039605965E+000  0.903715723527608E+000  0.284977492057884E+001  0.306525160253261E+000 -0.318109725417375E+002
  0.667204238790990E+000  0.635986818056934E+002  0.271275497090813E+000  0.899386036565977E+000  0.283254267933928E+001  0.306525160253261E+000 -0.317993409028467E+002
  0.674990591884268E+000  0.635139333909642E+002  0.267630944348734E+000  0.904631954476435E+000  0.284955272702356E+001  0.306525160253261E+000 -0.317569666954821E+002
  0.724226985779752E+000  0.633115778602428E+002  0.271345430872751E+000  0.898864418162887E+000  0.283270166234481E+001  0.306525160253261E+000 -0.316557889301214E+002
  0.709336408666345E+000  0.632915844673298E+002  0.267976827827964E+000  0.892940917916797E+000  0.285341242402099E+001  0.306525160253261E+000 -0.316457922336649E+002
  0.723252600670518E+000  0.631911838652939E+002  0.270841022577751E+000  0.901454232057844E+000  0.283489710172811E+001  0.306525160253261E+000 -0.315955919326470E+002
  0.720744198084622E+000  0.631365890539714E+002  0.270343595658828E+000  0.893326259030694E+000  0.284264090830081E+001  0.306525160253261E+000 -0.315682945269857E+002
  0.796354489767097E+000  0.628755254587214E+002  0.267459671728641E+000  0.895421462195210E+000  0.285688225916985E+001  0.306525160253261E+000 -0.314377627293607E+002
  0.799838808574738E+000  0.628052505564462E+002  0.269981474793516E+000  0.899253611429821E+000  0.284171750307222E+001  0.306525160253261E+000 -0.314026252782231E+002
  0.778262200976563E+000  0.627984007019815E+002  0.269310939811034E+000  0.900756340282581E+000  0.284115372293089E+001  0.306525160253261E+000 -0.313992003509908E+002
  0.783966277775296E+000  0.627222523451813E+002  0.266596426839596E+000  0.898608672666734E+000  0.285834777166735E+001  0.306525160253261E+000 -0.313611261725907E+002
  0.785744788604730E+000  0.626561769540705E+002  0.268783322672977E+000  0.904751825513818E+000  0.284325539147105E+001  0.306525160253261E+000 -0.313280884770352E+002
  0.797704389270221E+000  0.625644215446632E+002  0.267769666332557E+000  0.895893729977649E+000  0.285516942724257E+001  0.306525160253261E+000 -0.312822107723316E+002
  0.847813106409324E+000  0.623810339697150E+002  0.269173675022649E+000  0.894408347160735E+000  0.284861685162986E+001  0.306525160253261E+000 -0.311905169848575E+002
  0.843132638455391E+000  0.623305625153824E+002  0.267173554772149E+000  0.902464731986858E+000  0.285290927865919E+001  0.306525160253261E+000 -0.311652812576912E+002
  0.881102748661472E+000  0.621809192783864E+002  0.269866967286374E+000  0.900389713812147E+000  0.283865927220169E+001  0.306525160253261E+000 -0.310904596391932E+002
  0.881506249011573E+000  0.621184602721901E+002  0.267964916248543E+000  0.898187503626222E+000  0.285299653028027E+001  0.306525160253261E+000 -0.310592301360951E+002
  0.887200433670979E+000  0.620440392869247E+002  0.267485001520917E+000  0.901754076798660E+000  0.285288338678566E+001  0.306525160253261E+000 -0.310220196434624E+002
  0.929426711413624E+000  0.618895019058199E+002  0.270687865864040E+000  0.900688292315456E+000  0.283606470679957E+001  0.306525160253261E+000 -0.309447509529100E+002
  0.999999999999996E+000  0.616815839439827E+002  0.270868580266391E+000  0.895958853169133E+000  0.283673325687914E+001  0.306525160253261E+000 -0.308407919719914E+002
  0.972697115962451E+000  0.616754056948346E+002  0.270998525503036E+000  0.898963671373348E+000  0.283482452823024E+001  0.306525160253261E+000 -0.308377028474173E+002
  0.945505050044097E+000  0.616705694088394E+002  0.268946610493895E+000  0.902503829174609E+000  0.284481967650581E+001  0.306525160253261E+000 -0.308352847044197E+002
  0.933107520443128E+000  0.616354236782664E+002  0.270068452173510E+000  0.901491356288384E+000  0.283926631466378E+001  0.306525160253261E+000 -0.308177118391332E+002
  0.922595814783794E+000  0.615965387630421E+002  0.270431967541743E+000  0.901392838860968E+000  0.283601611571065E+001  0.306525160253261E+000 -0.307982693815210E+002
  0.902852608797874E+000  0.615782592829357E+002  0.269964520680291E+000  0.898704614597239E+000  0.283913670455085E+001  0.306525160253261E+000 -0.307891296414678E+002
  0.912911522120412E+000  0.614945566640660E+002  0.268479320012251E+000  0.898314021240028E+000  0.284710029507981E+001  0.306525160253261E+000 -0.307472783320330E+002
  0.887614464595159E+000  0.614892163061627E+002  0.267015634480423E+000  0.896967161297039E+000  0.285695622414771E+001  0.306525160253261E+000 -0.307446081530814E+002
  0.928365986159897E+000  0.613378958899269E+002  0.267683506683068E+000  0.902128363002483E+000  0.285137742144782E+001  0.306525160253261E+000 -0.306689479449634E+002
  0.978131046568321E+000  0.611719173349364E+002  0.267465163277417E+000  0.897237805831034E+000  0.285373083895529E+001  0.306525160253261E+000 -0.305859586674682E+002
  0.955211152607238E+000  0.611577964921164E+002  0.269583107222853E+000  0.900509523203273E+000  0.284274325438931E+001  0.306525160253261E+000 -0.305788982460582E+002
  0.927626633035851E+000  0.611548593778043E+002  0.270900976756653E+000  0.897027263075082E+000  0.283627216341675E+001  0.306525160253261E+000 -0.305774296889022E+002
  0.919180231144913E+000  0.611116102545130E+002  0.270785271158851E+000  0.896750098850324E+000  0.283678288912053E+001  0.306525160253261E+000 -0.305558051272565E+002
  0.911708825194573E+000  0.610663900396581E+002  0.270235846916066E+000  0.901425720560601E+000  0.283705076920174E+001  0.306525160253261E+000 -0.305331950198291E+002
  0.890067934184740E+000  0.610528924785623E+002  0.270148638133933E+000  0.897961156917488E+000  0.284114300769009E+001  0.306525160253261E+000 -0.305264462392811E+002
  0.873959504399743E+000  0.610278766600577E+002  0.268989388155849E+000  0.901143222558651E+000  0.284551702925832E+001  0.306525160253261E+000 -0.305139383300288E+002
  0.855195764105320E+000  0.610097406114221E+002  0.267453494333249E+000  0.901798016084153E+000  0.285183745206405E+001  0.306525160253261E+000 -0.305048703057110E+002
  0.835965191463291E+000  0.609936841568529E+002  0.268096984014477E+000  0.900397981819968E+000  0.284827909279500E+001  0.306525160253261E+000 -0.304968420784265E+002
  0.821868232960444E+000  0.609661546266000E+002  0.269888293515524E+000  0.897530547168884E+000  0.284030709704403E+001  0.306525160253261E+000 -0.304830773133000E+002
  0.824142382720919E+000  0.608990848535175E+002  0.269025009380390E+000  0.902504106478191E+000  0.284251116670763E+001  0.306525160253261E+000 -0.304495424267587E+002
  0.828293582355507E+000  0.608274928360707E+002  0.267673825438424E+000  0.897699503343903E+000  0.285430740605604E+001  0.306525160253261E+000 -0.304137464180354E+002
  0.857922679556640E+000  0.606956568812227E+002  0.267791386863053E+000  0.895932210293562E+000  0.285450413086831E+001  0.306525160253261E+000 -0.303478284406114E+002
  0.880673082856982E+000  0.605817685566227E+002  0.269574851800335E+000  0.902640908672475E+000  0.284035538342990E+001  0.306525160253261E+000 -0.302908842783113E+002
  0.860211306685418E+000  0.605672420742462E+002  0.267640285544340E+000  0.899106048050342E+000  0.285358138589988E+001  0.306525160253261E+000 -0.302836210371231E+002
  0.872977632608764E+000  0.604762350175117E+002  0.268477029969338E+000  0.901304552847261E+000  0.284593276139220E+001  0.306525160253261E+000 -0.302381175087558E+002
  0.857301020212698E+000  0.604509333571814E+002  0.268994569693875E+000  0.897448164042264E+000  0.284772512522648E+001  0.306525160253261E+000 -0.302254666785907E+002
  0.836009709113815E+000  0.604396877976963E+002  0.268963716479983E+000  0.894103967518254E+000  0.284926704936113E+001  0.306525160253261E+000 -0.302198438988481E+002
  0.821009722736036E+000  0.604143550300716E+002  0.269373100163906E+000  0.895960802536484E+000  0.284402668965406E+001  0.306525160253261E+000 -0.302071775150358E+002
  0.821931578790371E+000  0.603505673083879E+002  0.269422290207393E+000  0.894910017071063E+000  0.284457075080642E+001  0.306525160253261E+000 -0.301752836541940E+002
  0.824441471798342E+000  0.602829259929088E+002  0.267294140091285E+000  0.899667032512892E+000  0.285412615378197E+001  0.306525160253261E+000 -0.301414629964544E+002
  0.814158638384191E+000  0.602464845130132E+002  0.268073945091070E+000  0.901958511090712E+000  0.284816782210935E+001  0.306525160253261E+000 -0.301232422565066E+002
  0.801896561224281E+000  0.602152924175707E+002  0.270634697769269E+000  0.897611122200187E+000  0.283775426375216E+001  0.306525160253261E+000 -0.301076462087853E+002
  0.783271446333352E+000  0.602007497259383E+002  0.268011772268265E+000  0.897886098229861E+000  0.285031163862370E+001  0.306525160253261E+000 -0.301003748629692E+002
  0.806050591018076E+000  0.600818720128427E+002  0.269330857827334E+000  0.900021424791564E+000  0.284202896913770E+001  0.306525160253261E+000 -0.300409360064213E+002
  0.783201586031230E+000  0.600778414800484E+002  0.269013312945423E+000  0.894911099017231E+000  0.284865520593366E+001  0.306525160253261E+000 -0.300389207400242E+002
  0.848262048641035E+000  0.598566991799162E+002  0.267933530426449E+000  0.896415905071017E+000  0.285337415408721E+001  0.306525160253261E+000 -0.299283495899581E+002
  0.855135434144957E+000  0.597790153601385E+002  0.268477953431807E+000  0.898527367898582E+000  0.284741073109535E+001  0.306525160253261E+000 -0.298895076800692E+002
  0.861803177978567E+000  0.597019379350460E+002  0.268162427378077E+000  0.898349524787687E+000  0.284931798320046E+001  0.306525160253261E+000 -0.298509689675230E+002
  0.852401954652258E+000  0.596623320565976E+002  0.267527041573103E+000  0.897914844849348E+000  0.285365579549948E+001  0.306525160253261E+000 -0.298311660282988E+002
  0.838878994799543E+000  0.596327721848230E+002  0.269916271102531E+000  0.895253581229485E+000  0.284328522131642E+001  0.306525160253261E+000 -0.298163860924115E+002
  0.834118537608478E+000  0.595826107612386E+002  0.267780200013737E+000  0.899356265407485E+000  0.285114611966169E+001  0.306525160253261E+000 -0.297913053806193E+002
  0.814788748959162E+000  0.595679607394518E+002  0.268673615838046E+000  0.899116902990435E+000  0.284820416777553E+001  0.306525160253261E+000 -0.297839803697259E+002
  0.805686041471544E+000  0.595288868941174E+002  0.268928813416904E+000  0.902089898767720E+000  0.284388062774570E+001  0.306525160253261E+000 -0.297644434470587E+002
  0.795438987916557E+000  0.594929435599776E+002  0.268912357134016E+000  0.899752034284274E+000  0.284650008457946E+001  0.306525160253261E+000 -0.297464717799888E+002
  0.772999638688279E+000  0.594886313769278E+002  0.270167108862943E+000  0.898272305270341E+000  0.284024637660237E+001  0.306525160253261E+000 -0.297443156884639E+002
  0.772248678217081E+000  0.594290319815442E+002  0.269193648833331E+000  0.900850120986603E+000  0.284264929630557E+001  0.306525160253261E+000 -0.297145159907721E+002
  0.775096419852806E+000  0.593601270359496E+002  0.270194440916747E+000  0.899082315159104E+000  0.283932866563054E+001  0.306525160253261E+000 -0.296800635179748E+002
  0.754413176413721E+000  0.593526781927708E+002  0.269187683217767E+000  0.896830553351661E+000  0.284471500998774E+001  0.306525160253261E+000 -0.296763390963854E+002
  0.755617621431236E+000  0.592879443570064E+002  0.268141730764146E+000  0.898975761187742E+000  0.284924650336463E+001  0.306525160253261E+000 -0.296439721785032E+002
  0.745389868199897E+000  0.592536571635670E+002  0.268903531827163E+000  0.897375150305269E+000  0.284589866460973E+001  0.306525160253261E+000 -0.296268285817835E+002
  0.728190102404355E+000  0.592388043477025E+002  0.268542302134718E+000  0.900009677905665E+000  0.284816105419154E+001  0.306525160253261E+000 -0.296194021738512E+002
  0.707824638469202E+000  0.592339925634650E+002  0.268538932050784E+000  0.894984398482752E+000  0.284978706633419E+001  0.306525160253261E+000 -0.296169962817325E+002
  0.709702878008510E+000  0.591671491990660E+002  0.268744180878399E+000  0.900529939621970E+000  0.284521017554404E+001  0.306525160253261E+000 -0.295835745995330E+002
  0.691475445213642E+000  0.591576434012273E+002  0.267858804413159E+000  0.900324747013439E+000  0.285073779211751E+001  0.306525160253261E+000 -0.295788217006136E+002
  0.678101003871433E+000  0.591351628657242E+002  0.268175589126758E+000  0.901259786463201E+000  0.284863335254405E+001  0.306525160253261E+000 -0.295675814328621E+002
  0.663981090913172E+000  0.591157047055430E+002  0.268662929039132E+000  0.895197781530451E+000  0.284891244383242E+001  0.306525160253261E+000 -0.295578523527715E+002
  0.646850321774749E+000  0.591064388796454E+002  0.268941996791682E+000  0.895363717056958E+000  0.284720433415013E+001  0.306525160253261E+000 -0.295532194398227E+002
  0.629395971052998E+000  0.590996042472182E+002  0.269576621932525E+000  0.899234644532506E+000  0.284150593171597E+001  0.306525160253261E+000 -0.295498021236091E+002
  0.612888882564332E+000  0.590912147940881E+002  0.268100115714187E+000  0.900583838069072E+000  0.284978101224090E+001  0.306525160253261E+000 -0.295456073970441E+002
  0.594898836089283E+000  0.590892560438487E+002  0.268237005124323E+000  0.895380417349563E+000  0.285166344119429E+001  0.306525160253261E+000 -0.295446280219244E+002
  0.583304471097225E+000  0.590670768641239E+002  0.268833110658446E+000  0.894980372329490E+000  0.284909170769332E+001  0.306525160253261E+000 -0.295335384320619E+002
  0.565714924476082E+000  0.590667715759691E+002  0.268932812054767E+000  0.900821093803432E+000  0.284538472035886E+001  0.306525160253261E+000 -0.295333857879845E+002
  0.561165600092068E+000  0.590213767286827E+002  0.268831413205594E+000  0.896310856223760E+000  0.284708781623859E+001  0.306525160253261E+000 -0.295106883643414E+002
  0.548827933395876E+000  0.590042955616133E+002  0.268070185482233E+000  0.896897645623985E+000  0.285216539330871E+001  0.306525160253261E+000 -0.295021477808067E+002
  0.549453060881505E+000  0.589404754952278E+002  0.269030158855233E+000  0.895257295564991E+000  0.284692134096201E+001  0.306525160253261E+000 -0.294702377476139E+002
  0.540118654955702E+000  0.589132011816283E+002  0.268837209752676E+000  0.900108717637333E+000  0.284497124507019E+001  0.306525160253261E+000 -0.294566005908141E+002
  0.542972528176982E+000  0.588411181059791E+002  0.268273169449885E+000  0.896414689893343E+000  0.285132570136866E+001  0.306525160253261E+000 -0.294205590529896E+002
  0.529200052482159E+000  0.588309591777751E+002  0.268645241845760E+000  0.895068633133933E+000  0.284949197655776E+001  0.306525160253261E+000 -0.294154795888875E+002
  0.551939542972107E+000  0.586852718899131E+002  0.267997833115913E+000  0.897052018755528E+000  0.285178112755118E+001  0.306525160253261E+000 -0.293426359449565E+002
  0.540369549078923E+000  0.586660990946475E+002  0.268283493091922E+000  0.899803607605321E+000  0.284933292896763E+001  0.306525160253261E+000 -0.293330495473238E+002
  0.524643134349057E+000  0.586636257138738E+002  0.269547689281816E+000  0.895397579847829E+000  0.284467335052322E+001  0.306525160253261E+000 -0.293318128569369E+002
  0.509344629926018E+000  0.586612692512949E+002  0.268105258760828E+000  0.896604599721979E+000  0.285177076484407E+001  0.306525160253261E+000 -0.293306346256474E+002
  0.504418882284195E+000  0.586191615768759E+002  0.268561778980502E+000  0.895998411329804E+000  0.284907133999130E+001  0.306525160253261E+000 -0.293095807884380E+002
  0.495687776313636E+000  0.585925398460438E+002  0.269479172841911E+000  0.897309097343306E+000  0.284454252100998E+001  0.306525160253261E+000 -0.292962699230219E+002
  0.483479295087932E+000  0.585808720372797E+002  0.269777703699879E+000  0.898475507528194E+000  0.284205565351688E+001  0.306525160253261E+000 -0.292904360186398E+002
  0.469267121448275E+000  0.585790013786578E+002  0.268310661445643E+000  0.897900484512113E+000  0.284918272874769E+001  0.306525160253261E+000 -0.292895006893289E+002
  0.463309082422978E+000  0.585430135926153E+002  0.268534977401857E+000  0.895634943797646E+000  0.284985708591248E+001  0.306525160253261E+000 -0.292715067963076E+002
  0.449857075758077E+000  0.585403992214882E+002  0.269712951825592E+000  0.896774476715881E+000  0.284335430133500E+001  0.306525160253261E+000 -0.292701996107441E+002
  0.436411001515881E+000  0.585395468232382E+002  0.269477197182812E+000  0.896232610117179E+000  0.284404819643327E+001  0.306525160253261E+000 -0.292697734116191E+002
  0.423243984789314E+000  0.585392748146888E+002  0.269163841284872E+000  0.899328735809930E+000  0.284505678697987E+001  0.306525160253261E+000 -0.292696374073444E+002
  0.420121194277866E+000  0.584925426603522E+002  0.269213344673208E+000  0.899185339945621E+000  0.284486006082765E+001  0.306525160253261E+000 -0.292462713301761E+002
  0.425341958096138E+000  0.584678422098933E+002  0.269643931115637E+000  0.896855302137648E+000  0.284284642071411E+001  0.306525160253261E+000 -0.292339211049466E+002
  0.428512525147145E+000  0.584529891796150E+002  0.269635579039283E+000  0.899648981793733E+000  0.284162446060152E+001  0.306525160253261E+000 -0.292264945898075E+002
  0.432542148642455E+000  0.584342695650019E+002  0.268326344782483E+000  0.899564534648554E+000  0.284915989578296E+001  0.306525160253261E+000 -0.292171347825010E+002
  0.437564031364306E+000  0.584111830102811E+002  0.269607002015048E+000  0.896143104823807E+000  0.284370098042564E+001  0.306525160253261E+000 -0.292055915051406E+002
  0.438500219890620E+000  0.584069084887202E+002  0.269384083617963E+000  0.898723905649329E+000  0.284416517293558E+001  0.306525160253261E+000 -0.292034542443601E+002
  0.439554641483114E+000  0.584021050435337E+002  0.269595184188295E+000  0.897229046926346E+000  0.284378824339582E+001  0.306525160253261E+000 -0.292010525217669E+002
  0.452953513813056E+000  0.583420501118600E+002  0.268183655494150E+000  0.899583473251205E+000  0.284940969934188E+001  0.306525160253261E+000 -0.291710250559300E+002
  0.455305562291663E+000  0.583316915972105E+002  0.268734797497897E+000  0.895838057665550E+000  0.284885439930514E+001  0.306525160253261E+000 -0.291658457986052E+002
  0.455845401803345E+000  0.583293216734717E+002  0.268666528928240E+000  0.896421926266961E+000  0.284829014739378E+001  0.306525160253261E+000 -0.291646608367359E+002
  0.466613928022671E+000  0.582826246969284E+002  0.269024924351013E+000  0.898201887192056E+000  0.284642893643811E+001  0.306525160253261E+000 -0.291413123484642E+002
  0.469006259180166E+000  0.582723968869520E+002  0.268721325493825E+000  0.896076967502009E+000  0.284886833682964E+001  0.306525160253261E+000 -0.291361984434760E+002
  0.471678111697942E+000  0.582610355428687E+002  0.269150574076582E+000  0.899871638125878E+000  0.284450642602015E+001  0.306525160253261E+000 -0.291305177714344E+002
  0.475705425857646E+000  0.582440314964214E+002  0.269475151758465E+000  0.896155242099102E+000  0.284463309310221E+001  0.306525160253261E+000 -0.291220157482107E+002
  0.489457618564272E+000  0.581870333609699E+002  0.268663348611297E+000  0.896831744445012E+000  0.284891293928741E+001  0.306525160253261E+000 -0.290935166804850E+002
  0.497652325143178E+000  0.581538257334122E+002  0.268205065194483E+000  0.897867283131528E+000  0.285032098935140E+001  0.306525160253261E+000 -0.290769128667061E+002
  0.498100451954826E+000  0.581520255803935E+002  0.268290836449888E+000  0.898245140490545E+000  0.284996936363860E+001  0.306525160253261E+000 -0.290760127901967E+002
  0.500912355359603E+000  0.581407668225080E+002  0.269363999376420E+000  0.898849929245071E+000  0.284321783259091E+001  0.306525160253261E+000 -0.290703834112540E+002
  0.513167021642848E+000  0.580924263744007E+002  0.268462997906814E+000  0.899360295750499E+000  0.284838291541522E+001  0.306525160253261E+000 -0.290462131872003E+002
  0.515367696823012E+000  0.580838678746286E+002  0.269143880059481E+000  0.896144957336599E+000  0.284624529740918E+001  0.306525160253261E+000 -0.290419339373143E+002
  0.526084726784362E+000  0.580427045606605E+002  0.268500687583499E+000  0.896855846136390E+000  0.284926183277489E+001  0.306525160253261E+000 -0.290213522803302E+002
  0.527400325197798E+000  0.580377093342171E+002  0.268548581236041E+000  0.898058069841388E+000  0.284800335812767E+001  0.306525160253261E+000 -0.290188546671086E+002
  0.537754557236879E+000  0.579988246297654E+002  0.268398989374023E+000  0.897629784006298E+000  0.284931803170447E+001  0.306525160253261E+000 -0.289994123148827E+002
  0.541569906092939E+000  0.579846848047998E+002  0.268381392220978E+000  0.898230173816336E+000  0.284903893089296E+001  0.306525160253261E+000 -0.289923424023999E+002
  0.544162881504766E+000  0.579751318821240E+002  0.268529485700389E+000  0.898398684712686E+000  0.284864426536190E+001  0.306525160253261E+000 -0.289875659410620E+002
  0.546812384418327E+000  0.579654176082804E+002  0.268847727537791E+000  0.897985398973774E+000  0.284730423349365E+001  0.306525160253261E+000 -0.289827088041402E+002
  0.551376484342683E+000  0.579487934142740E+002  0.269060333543472E+000  0.899040202440217E+000  0.284478493483102E+001  0.306525160253261E+000 -0.289743967071370E+002
  0.561568191031827E+000  0.579121626928525E+002  0.268547333489808E+000  0.898510227031936E+000  0.284842375703347E+001  0.306525160253261E+000 -0.289560813464263E+002
  0.570866147290286E+000  0.578793195870258E+002  0.268998316811973E+000  0.896688017390298E+000  0.284668439422630E+001  0.306525160253261E+000 -0.289396597935129E+002
  0.584309855356732E+000  0.578327662825374E+002  0.268578517485121E+000  0.898645369842629E+000  0.284806915064831E+001  0.306525160253261E+000 -0.289163831412687E+002
  0.589818897803442E+000  0.578139980414572E+002  0.268540476673306E+000  0.898600060650728E+000  0.284811489887324E+001  0.306525160253261E+000 -0.289069990207286E+002
  0.626447995253151E+000  0.576934975902346E+002  0.268902002031737E+000  0.898053471742276E+000  0.284669804765556E+001  0.306525160253261E+000 -0.288467487951173E+002
