  0.100000000000000E+001  0.650260242256729E+002  0.271195827235358E+000  0.895320213604715E+000  0.283469018129969E+001  0.306525160253261E+000 -0.325130121128364E+002
  0.100000000000000E+001  0.662479915969291E+002  0.266787786995357E+000  0.895581580646425E+000  0.285777299292887E+001  0.306525160253261E+000 -0.331239957984645E+002
  0.100000000000000E+001  0.651510746599018E+002  0.269878802859891E+000  0.891305075848600E+000  0.284403312929431E+001  0.306525160253261E+000 -0.325755373299509E+002
  0.100000000000000E+001  0.651751897600364E+002  0.270643036284260E+000  0.899128400451438E+000  0.283493132937293E+001  0.306525160253261E+000 -0.325875948800182E+002
  0.100000000000000E+001  0.655655426534434E+002  0.270914827175877E+000  0.902346613627801E+000  0.283231474083910E+001  0.306525160253261E+000 -0.327827713267217E+002
  0.100000000000000E+001  0.654542234608150E+002  0.266836478050906E+000  0.893138150771988E+000  0.286002927389523E+001  0.306525160253261E+000 -0.327271117304075E+002
  0.100000000000000E+001  0.639921771742182E+002  0.270484184041046E+000  0.899381544669380E+000  0.283897225190200E+001  0.306525160253261E+000 -0.319960885871091E+002
  0.100000000000000E+001  0.638176741259612E+002  0.269675450847975E+000  0.904931361234058E+000  0.283840025050066E+001  0.306525160253261E+000 -0.319088370629806E+002
  0.100000000000000E+001  0.636219450834751E+002  0.267528039605965E+000  0.903715723527608E+000  0.284977492057884E+001  0.306525160253261E+000 -0.318109725417375E+002
  0.100000000000000E+001  0.635986818056934E+002  0.271275497090813E+000  0.899386036565977E+000  0.283254267933928E+001  0.306525160253261E+000 -0.317993409028467E+002
  0.100000000000000E+001  0.635139333909642E+002  0.267630944348734E+000  0.904631954476435E+000  0.284955272702356E+001  0.306525160253261E+000 -0.317569666954821E+002
  0.100000000000000E+001  0.633115778602428E+002  0.271345430872751E+000  0.898864418162887E+000  0.283270166234481E+001  0.306525160253261E+000 -0.316557889301214E+002
  0.100000000000000E+001  0.632915844673298E+002  0.267976827827964E+000  0.892940917916797E+000  0.285341242402099E+001  0.306525160253261E+000 -0.316457922336649E+002
  0.100000000000000E+001  0.631365890539714E+002  0.270343595658828E+000  0.893326259030694E+000  0.284264090830081E+001  0.306525160253261E+000 -0.315682945269857E+002
  0.100000000000000E+001  0.628755254587214E+002  0.267459671728641E+000  0.895421462195210E+000  0.285688225916985E+001  0.306525160253261E+000 -0.314377627293607E+002
  0.100000000000000E+001  0.628052505564462E+002  0.269981474793516E+000  0.899253611429821E+000  0.284171750307222E+001  0.306525160253261E+000 -0.314026252782231E+002
  0.100000000000000E+001  0.627984007019815E+002  0.269310939811034E+000  0.900756340282581E+000  0.284115372293089E+001  0.306525160253261E+000 -0.313992003509908E+002
  0.100000000000000E+001  0.627222523451813E+002  0.266596426839596E+000  0.898608672666734E+000  0.285834777166735E+001  0.306525160253261E+000 -0.313611261725907E+002
  0.100000000000000E+001  0.626561769540705E+002  0.268783322672977E+000  0.904751825513818E+000  0.284325539147105E+001  0.306525160253261E+000 -0.313280884770352E+002
  0.100000000000000E+001  0.625644215446632E+002  0.267769666332557E+000  0.895893729977649E+000  0.285516942724257E+001  0.306525160253261E+000 -0.312822107723316E+002
  0.100000000000000E+001  0.623810339697150E+002  0.269173675022649E+000  0.894408347160735E+000  0.284861685162986E+001  0.306525160253261E+000 -0.311905169848575E+002
  0.100000000000000E+001  0.623305625153824E+002  0.267173554772149E+000  0.902464731986858E+000  0.285290927865919E+001  0.306525160253261E+000 -0.311652812576912E+002
  0.100000000000000E+001  0.621809192783864E+002  0.269866967286374E+000  0.900389713812147E+000  0.283865927220169E+001  0.306525160253261E+000 -0.310904596391932E+002
  0.100000000000000E+001  0.621184602721901E+002  0.267964916248543E+000  0.898187503626222E+000  0.285299653028027E+001  0.306525160253261E+000 -0.310592301360951E+002
  0.100000000000000E+001  0.620440392869247E+002  0.267485001520917E+000  0.901754076798660E+000  0.285288338678566E+001  0.306525160253261E+000 -0.310220196434624E+002
  0.100000000000000E+001  0.618895019058199E+002  0.270687865864040E+000  0.900688292315456E+000  0.283606470679957E+001  0.306525160253261E+000 -0.309447509529100E+002
  0.100000000000000E+001  0.616815839439827E+002  0.270868580266391E+000  0.895958853169133E+000  0.283673325687914E+001  0.306525160253261E+000 -0.308407919719914E+002
  0.100000000000000E+001  0.616754056948346E+002  0.270998525503036E+000  0.898963671373348E+000  0.283482452823024E+001  0.306525160253261E+000 -0.308377028474173E+002
  0.100000000000000E+001  0.616705694088394E+002  0.268946610493895E+000  0.902503829174609E+000  0.284481967650581E+001  0.306525160253261E+000 -0.308352847044197E+002
  0.100000000000000E+001  0.616354236782664E+002  0.270068452173510E+000  0.901491356288384E+000  0.283926631466378E+001  0.306525160253261E+000 -0.308177118391332E+002
  0.100000000000000E+001  0.615965387630421E+002  0.270431967541743E+000  0.901392838860968E+000  0.283601611571065E+001  0.306525160253261E+000 -0.307982693815210E+002
  0.100000000000000E+001  0.615782592829357E+002  0.269964520680291E+000  0.898704614597239E+000  0.283913670455085E+001  0.306525160253261E+000 -0.307891296414678E+002
  0.100000000000000E+001  0.614945566640660E+002  0.268479320012251E+000  0.898314021240028E+000  0.284710029507981E+001  0.306525160253261E+000 -0.307472783320330E+002
  0.100000000000000E+001  0.614892163061627E+002  0.267015634480423E+000  0.896967161297039E+000  0.285695622414771E+001  0.306525160253261E+000 -0.307446081530814E+002
  0.100000000000000E+001  0.613378958899269E+002  0.267683506683068E+000  0.902128363002483E+000  0.285137742144782E+001  0.306525160253261E+000 -0.306689479449634E+002
  0.100000000000000E+001  0.611719173349364E+002  0.267465163277417E+000  0.897237805831034E+000  0.285373083895529E+001  0.306525160253261E+000 -0.305859586674682E+002
  0.100000000000000E+001  0.611577964921164E+002  0.269583107222853E+000  0.900509523203273E+000  0.284274325438931E+001  0.306525160253261E+000 -0.305788982460582E+002
  0.100000000000000E+001  0.611548593778043E+002  0.270900976756653E+000  0.897027263075082E+000  0.283627216341675E+001  0.306525160253261E+000 -0.305774296889022E+002
  0.100000000000000E+001  0.611116102545130E+002  0.270785271158851E+000  0.896750098850324E+000  0.283678288912053E+001  0.306525160253261E+000 -0.305558051272565E+002
  0.100000000000000E+001  0.610663900396581E+002  0.270235846916066E+000  0.901425720560601E+000  0.283705076920174E+001  0.306525160253261E+000 -0.305331950198291E+002
  0.100000000000000E+001  0.610528924785623E+002  0.270148638133933E+000  0.897961156917488E+000  0.284114300769009E+001  0.306525160253261E+000 -0.305264462392811E+002
  0.100000000000000E+001  0.610278766600577E+002  0.268989388155849E+000  0.901143222558651E+000  0.284551702925832E+001  0.306525160253261E+000 -0.305139383300288E+002
  0.100000000000000E+001  0.610097406114221E+002  0.267453494333249E+000  0.901798016084153E+000  0.285183745206405E+001  0.306525160253261E+000 -0.305048703057110E+002
  0.100000000000000E+001  0.609936841568529E+002  0.268096984014477E+000  0.900397981819968E+000  0.284827909279500E+001  0.306525160253261E+000 -0.304968420784265E+002
  0.100000000000000E+001  0.609661546266000E+002  0.269888293515524E+000  0.897530547168884E+000  0.284030709704403E+001  0.306525160253261E+000 -0.304830773133000E+002
  0.100000000000000E+001  0.608990848535175E+002  0.269025009380390E+000  0.902504106478191E+000  0.284251116670763E+001  0.306525160253261E+000 -0.304495424267587E+002
  0.100000000000000E+001  0.608274928360707E+002  0.267673825438424E+000  0.897699503343903E+000  0.285430740605604E+001  0.306525160253261E+000 -0.304137464180354E+002
  0.100000000000000E+001  0.605817685566227E+002  0.269574851800335E+000  0.902640908672475E+000  0.284035538342990E+001  0.306525160253261E+000 -0.302908842783113E+002
  0.100000000000000E+001  0.605672420742462E+002  0.267640285544340E+000  0.899106048050342E+000  0.285358138589988E+001  0.306525160253261E+000 -0.302836210371231E+002
  0.100000000000000E+001  0.604762350175117E+002  0.268477029969338E+000  0.901304552847261E+000  0.284593276139220E+001  0.306525160253261E+000 -0.302381175087558E+002
  0.100000000000000E+001  0.604396877976963E+002  0.268963716479983E+000  0.894103967518254E+000  0.284926704936113E+001  0.306525160253261E+000 -0.302198438988481E+002
  0.100000000000000E+001  0.604143550300716E+002  0.269373100163906E+000  0.895960802536484E+000  0.284402668965406E+001  0.306525160253261E+000 -0.302071775150358E+002
  0.100000000000000E+001  0.603505673083879E+002  0.269422290207393E+000  0.894910017071063E+000  0.284457075080642E+001  0.306525160253261E+000 -0.301752836541940E+002
  0.100000000000000E+001  0.602829259929088E+002  0.267294140091285E+000  0.899667032512892E+000  0.285412615378197E+001  0.306525160253261E+000 -0.301414629964544E+002
  0.100000000000000E+001  0.602007497259383E+002  0.268011772268265E+000  0.897886098229861E+000  0.285031163862370E+001  0.306525160253261E+000 -0.301003748629692E+002
  0.100000000000000E+001  0.600818720128427E+002  0.269330857827334E+000  0.900021424791564E+000  0.284202896913770E+001  0.306525160253261E+000 -0.300409360064213E+002
  0.100000000000000E+001  0.600778414800484E+002  0.269013312945423E+000  0.894911099017231E+000  0.284865520593366E+001  0.306525160253261E+000 -0.300389207400242E+002
  0.100000000000000E+001  0.597790153601385E+002  0.268477953431807E+000  0.898527367898582E+000  0.284741073109535E+001  0.306525160253261E+000 -0.298895076800692E+002
  0.100000000000000E+001  0.596623320565976E+002  0.267527041573103E+000  0.897914844849348E+000  0.285365579549948E+001  0.306525160253261E+000 -0.298311660282988E+002
  0.100000000000000E+001  0.596327721848230E+002  0.269916271102531E+000  0.895253581229485E+000  0.284328522131642E+001  0.306525160253261E+000 -0.298163860924115E+002
  0.100000000000000E+001  0.595826107612386E+002  0.267780200013737E+000  0.899356265407485E+000  0.285114611966169E+001  0.306525160253261E+000 -0.297913053806193E+002
  0.100000000000000E+001  0.595679607394518E+002  0.268673615838046E+000  0.899116902990435E+000  0.284820416777553E+001  0.306525160253261E+000 -0.297839803697259E+002
  0.100000000000000E+001  0.595288868941174E+002  0.268928813416904E+000  0.902089898767720E+000  0.284388062774570E+001  0.306525160253261E+000 -0.297644434470587E+002
  0.100000000000000E+001  0.594929435599776E+002  0.268912357134016E+000  0.899752034284274E+000  0.284650008457946E+001  0.306525160253261E+000 -0.297464717799888E+002
  0.100000000000000E+001  0.593526781927708E+002  0.269187683217767E+000  0.896830553351661E+000  0.284471500998774E+001  0.306525160253261E+000 -0.296763390963854E+002
  0.100000000000000E+001  0.592879443570064E+002  0.268141730764146E+000  0.898975761187742E+000  0.284924650336463E+001  0.306525160253261E+000 -0.296439721785032E+002
  0.100000000000000E+001  0.592536571635670E+002  0.268903531827163E+000  0.897375150305269E+000  0.284589866460973E+001  0.306525160253261E+000 -0.296268285817835E+002
  0.100000000000000E+001  0.592339925634650E+002  0.268538932050784E+000  0.894984398482752E+000  0.284978706633419E+001  0.306525160253261E+000 -0.296169962817325E+002
  0.100000000000000E+001  0.591576434012273E+002  0.267858804413159E+000  0.900324747013439E+000  0.285073779211751E+001  0.306525160253261E+000 -0.295788217006136E+002
  0.100000000000000E+001  0.591351628657242E+002  0.268175589126758E+000  0.901259786463201E+000  0.284863335254405E+001  0.306525160253261E+000 -0.295675814328621E+002
  0.100000000000000E+001  0.591064388796454E+002  0.268941996791682E+000  0.895363717056958E+000  0.284720433415013E+001  0.306525160253261E+000 -0.295532194398227E+002
  0.100000000000000E+001  0.590996042472182E+002  0.269576621932525E+000  0.899234644532506E+000  0.284150593171597E+001  0.306525160253261E+000 -0.295498021236091E+002
  0.100000000000000E+001  0.590892560438487E+002  0.268237005124323E+000  0.895380417349563E+000  0.285166344119429E+001  0.306525160253261E+000 -0.295446280219244E+002
  0.100000000000000E+001  0.590670768641239E+002  0.268833110658446E+000  0.894980372329490E+000  0.284909170769332E+001  0.306525160253261E+000 -0.295335384320619E+002
  0.100000000000000E+001  0.590213767286827E+002  0.268831413205594E+000  0.896310856223760E+000  0.284708781623859E+001  0.306525160253261E+000 -0.295106883643414E+002
  0.100000000000000E+001  0.590042955616133E+002  0.268070185482233E+000  0.896897645623985E+000  0.285216539330871E+001  0.306525160253261E+000 -0.295021477808067E+002
  0.100000000000000E+001  0.589132011816283E+002  0.268837209752676E+000  0.900108717637333E+000  0.284497124507019E+001  0.306525160253261E+000 -0.294566005908141E+002
  0.100000000000000E+001  0.588411181059791E+002  0.268273169449885E+000  0.896414689893343E+000  0.285132570136866E+001  0.306525160253261E+000 -0.294205590529896E+002
  0.100000000000000E+001  0.586191615768759E+002  0.268561778980502E+000  0.895998411329804E+000  0.284907133999130E+001  0.306525160253261E+000 -0.293095807884380E+002
  0.100000000000000E+001  0.585430135926153E+002  0.268534977401857E+000  0.895634943797646E+000  0.284985708591248E+001  0.306525160253261E+000 -0.292715067963076E+002
  0.100000000000000E+001  0.585403992214882E+002  0.269712951825592E+000  0.896774476715881E+000  0.284335430133500E+001  0.306525160253261E+000 -0.292701996107441E+002
  0.100000000000000E+001  0.585395468232382E+002  0.269477197182812E+000  0.896232610117179E+000  0.284404819643327E+001  0.306525160253261E+000 -0.292697734116191E+002
  0.100000000000000E+001  0.584678422098933E+002  0.269643931115637E+000  0.896855302137648E+000  0.284284642071411E+001  0.306525160253261E+000 -0.292339211049466E+002
  0.100000000000000E+001  0.584529891796150E+002  0.269635579039283E+000  0.899648981793733E+000  0.284162446060152E+001  0.306525160253261E+000 -0.292264945898075E+002
  0.100000000000000E+001  0.584069084887202E+002  0.269384083617963E+000  0.898723905649329E+000  0.284416517293558E+001  0.306525160253261E+000 -0.292034542443601E+002
  0.100000000000000E+001  0.584021050435337E+002  0.269595184188295E+000  0.897229046926346E+000  0.284378824339582E+001  0.306525160253261E+000 -0.292010525217669E+002
  0.100000000000000E+001  0.582610355428687E+002  0.269150574076582E+000  0.899871638125878E+000  0.284450642602015E+001  0.306525160253261E+000 -0.291305177714344E+002
  0.100000000000000E+001  0.581538257334122E+002  0.268205065194483E+000  0.897867283131528E+000  0.285032098935140E+001  0.306525160253261E+000 -0.290769128667061E+002
  0.100000000000000E+001  0.581520255803935E+002  0.268290836449888E+000  0.898245140490545E+000  0.284996936363860E+001  0.306525160253261E+000 -0.290760127901967E+002
  0.100000000000000E+001  0.581407668225080E+002  0.269363999376420E+000  0.898849929245071E+000  0.284321783259091E+001  0.306525160253261E+000 -0.290703834112540E+002
  0.100000000000000E+001  0.580924263744007E+002  0.268462997906814E+000  0.899360295750499E+000  0.284838291541522E+001  0.306525160253261E+000 -0.290462131872003E+002
  0.100000000000000E+001  0.580838678746286E+002  0.269143880059481E+000  0.896144957336599E+000  0.284624529740918E+001  0.306525160253261E+000 -0.290419339373143E+002
  0.100000000000000E+001  0.580427045606605E+002  0.268500687583499E+000  0.896855846136390E+000  0.284926183277489E+001  0.306525160253261E+000 -0.290213522803302E+002
  0.100000000000000E+001  0.579751318821240E+002  0.268529485700389E+000  0.898398684712686E+000  0.284864426536190E+001  0.306525160253261E+000 -0.289875659410620E+002
  0.100000000000000E+001  0.579654176082804E+002  0.268847727537791E+000  0.897985398973774E+000  0.284730423349365E+001  0.306525160253261E+000 -0.289827088041402E+002
  0.100000000000000E+001  0.579121626928525E+002  0.268547333489808E+000  0.898510227031936E+000  0.284842375703347E+001  0.306525160253261E+000 -0.289560813464263E+002
  0.100000000000000E+001  0.578139980414572E+002  0.268540476673306E+000  0.898600060650728E+000  0.284811489887324E+001  0.306525160253261E+000 -0.289069990207286E+002
