  0.217388884170148E-321  0.149922841436433E+004  0.262002409617390E+000  0.982032158885673E+000  0.306805907205007E+001  0.306525160253261E+000 -0.746975149852547E+003
  0.441464258289187E-302  0.141027052745006E+004  0.279246515887480E+000  0.101984194700137E+001  0.292245382778263E+001  0.306525160253261E+000 -0.702496206395414E+003
  0.377691743728998E-299  0.139670551095765E+004  0.223567265237263E+000  0.102180838168921E+001  0.327197934595404E+001  0.306525160253261E+000 -0.695713698149211E+003
  0.376857556034596E-293  0.136901736870348E+004  0.274385962725712E+000  0.993637254244986E+000  0.295004849439444E+001  0.306525160253261E+000 -0.681869627022126E+003
  0.408947693476747E-289  0.135037170468528E+004  0.278092733702289E+000  0.993432054307051E+000  0.295602973398388E+001  0.306525160253261E+000 -0.672546795013027E+003
  0.147327243123122E-278  0.130169515132762E+004  0.270550337391119E+000  0.996506250509523E+000  0.296588480183761E+001  0.306525160253261E+000 -0.648208518334193E+003
  0.364092204972197E-276  0.129061376585904E+004  0.261944147560672E+000  0.106243550770204E+001  0.297568278816173E+001  0.306525160253261E+000 -0.642667825599903E+003
  0.184729283616422E-275  0.128730408380444E+004  0.257705184919186E+000  0.957499132517942E+000  0.305360054047652E+001  0.306525160253261E+000 -0.641012984572605E+003
  0.667030533858867E-268  0.125243846038277E+004  0.217528668042356E+000  0.959771370232854E+000  0.331578268424000E+001  0.306525160253261E+000 -0.623580172861772E+003
  0.983555031753980E-262  0.122396922041250E+004  0.263230724384284E+000  0.103424705875166E+001  0.302044497446906E+001  0.306525160253261E+000 -0.609345552876633E+003
  0.248795029103604E-261  0.122205159532937E+004  0.214829350076674E+000  0.979395015028775E+000  0.333662806932627E+001  0.306525160253261E+000 -0.608386740335069E+003
  0.307343049867167E-261  0.122156738167437E+004  0.217757099852941E+000  0.103148749026104E+001  0.328678012299160E+001  0.306525160253261E+000 -0.608144633507572E+003
  0.343098204614127E-257  0.120286505327908E+004  0.273833112554963E+000  0.940878760487376E+000  0.299828414230901E+001  0.306525160253261E+000 -0.598793469309922E+003
  0.125622481688714E-256  0.120020781074508E+004  0.254659375276049E+000  0.100899593829484E+001  0.309176571919547E+001  0.306525160253261E+000 -0.597464848042923E+003
  0.151598366012138E-244  0.114450831827086E+004  0.229281469949230E+000  0.988598574140729E+000  0.320959677819092E+001  0.306525160253261E+000 -0.569615101805815E+003
  0.677226533707183E-242  0.113224289230931E+004  0.218528660659866E+000  0.948584700352441E+000  0.332519871574046E+001  0.306525160253261E+000 -0.563482388825042E+003
  0.182979126454479E-241  0.113019344630147E+004  0.239652167145495E+000  0.104064979636246E+001  0.311464513518987E+001  0.306525160253261E+000 -0.562457665821120E+003
  0.155255371519685E-235  0.110282948339595E+004  0.250158659653690E+000  0.963518899754513E+000  0.309333276485562E+001  0.306525160253261E+000 -0.548775684368359E+003
  0.415826011549086E-232  0.108698203829679E+004  0.270810732427461E+000  0.955055646591923E+000  0.302037217720332E+001  0.306525160253261E+000 -0.540851961818781E+003
  0.695864620905746E-228  0.106747003783567E+004  0.259493526976284E+000  0.995682249809522E+000  0.302349568047653E+001  0.306525160253261E+000 -0.531095961588221E+003
  0.561149321937657E-227  0.106323366051256E+004  0.259296182933222E+000  0.101479017521919E+001  0.301390776231283E+001  0.306525160253261E+000 -0.528977772926665E+003
  0.215248247998289E-226  0.106048333708369E+004  0.245909753179498E+000  0.104860714773671E+001  0.307339008202868E+001  0.306525160253261E+000 -0.527602611212228E+003
  0.709775442830578E-226  0.105803548048953E+004  0.258764623531246E+000  0.915784777585796E+000  0.310821336597501E+001  0.306525160253261E+000 -0.526378682915149E+003
  0.383629348251276E-225  0.105459931057579E+004  0.253299446738531E+000  0.958128439683024E+000  0.308000363211061E+001  0.306525160253261E+000 -0.524660597958278E+003
  0.915784308820187E-219  0.102516653810510E+004  0.245205133510783E+000  0.105167415271093E+001  0.307719174117191E+001  0.306525160253261E+000 -0.509944211722937E+003
  0.235636823282093E-213  0.100018895193364E+004  0.231413593335359E+000  0.978692813200637E+000  0.324652688915253E+001  0.306525160253261E+000 -0.497455418637203E+003
  0.455678218979411E-204  0.957361886612496E+003  0.237797834016937E+000  0.101177823254161E+001  0.314257777066368E+001  0.306525160253261E+000 -0.476041885976633E+003
  0.869452493448034E-201  0.942192679146432E+003  0.260798665711274E+000  0.943894037097590E+000  0.308613816553406E+001  0.306525160253261E+000 -0.468457282243601E+003
  0.141902040580681E-199  0.936546248919508E+003  0.255488361627096E+000  0.993889926463846E+000  0.304763527962275E+001  0.306525160253261E+000 -0.465634067130139E+003
  0.778983489964486E-195  0.914658319083650E+003  0.270357767736267E+000  0.991257975467699E+000  0.299999478489062E+001  0.306525160253261E+000 -0.454690102212210E+003
  0.137797171468803E-189  0.890430168689877E+003  0.253980291835940E+000  0.969444214000686E+000  0.307136446921521E+001  0.306525160253261E+000 -0.442576027015323E+003
  0.402977697092497E-188  0.883617258414165E+003  0.269471263204437E+000  0.948890237566981E+000  0.302312269958496E+001  0.306525160253261E+000 -0.439169571877467E+003
  0.712494747462211E-186  0.873205592081016E+003  0.265583904370559E+000  0.956880447244225E+000  0.304916246708533E+001  0.306525160253261E+000 -0.433963738710893E+003
  0.709927879287289E-185  0.868546096885145E+003  0.264695265441900E+000  0.104064971046639E+001  0.298154588122573E+001  0.306525160253261E+000 -0.431633991112957E+003
  0.114421271406660E-184  0.867529936153577E+003  0.241692156473689E+000  0.970120345118552E+000  0.314250447724656E+001  0.306525160253261E+000 -0.431125910747173E+003
  0.125276886226218E-182  0.858076773710494E+003  0.256106407135419E+000  0.995489677021970E+000  0.304461306080470E+001  0.306525160253261E+000 -0.426399329525632E+003
  0.335320499501454E-181  0.851440939383217E+003  0.219874900244559E+000  0.997678426654690E+000  0.328616670966400E+001  0.306525160253261E+000 -0.423081412361993E+003
  0.114299870202020E-178  0.839716408216290E+003  0.232765005481936E+000  0.101380512231357E+001  0.317714504309460E+001  0.306525160253261E+000 -0.417219146778530E+003
  0.708582659848256E-176  0.826795641955139E+003  0.265714045172414E+000  0.100289899675206E+001  0.299355916530510E+001  0.306525160253261E+000 -0.410758763647954E+003
  0.114382970120482E-175  0.825776357483515E+003  0.229013751978993E+000  0.928524267524075E+000  0.326047718467148E+001  0.306525160253261E+000 -0.410249121412142E+003
  0.140549721465252E-169  0.797671774829612E+003  0.248235188781905E+000  0.102564320690443E+001  0.311318263435546E+001  0.306525160253261E+000 -0.396196830085191E+003
  0.542450570088608E-169  0.794909160211044E+003  0.226184049258736E+000  0.102760547293331E+001  0.322164047078813E+001  0.306525160253261E+000 -0.394815522775907E+003
  0.141459167198318E-161  0.760694427129440E+003  0.244166023495936E+000  0.980434319624076E+000  0.312274797027781E+001  0.306525160253261E+000 -0.377708156235105E+003
  0.120125702194293E-155  0.733328807479375E+003  0.260595847732823E+000  0.988191063580547E+000  0.306186340536853E+001  0.306525160253261E+000 -0.364025346410072E+003
  0.255735964425981E-150  0.708730199611166E+003  0.233294598095613E+000  0.931255770889195E+000  0.324662766805712E+001  0.306525160253261E+000 -0.351726042475968E+003
  0.107291979605881E-148  0.701195499169477E+003  0.222953513684737E+000  0.975412551550344E+000  0.327527406538955E+001  0.306525160253261E+000 -0.347958692255123E+003
  0.378120309255586E-148  0.698614638804197E+003  0.253537742455373E+000  0.104766300110764E+001  0.303801919316292E+001  0.306525160253261E+000 -0.346668262072483E+003
  0.587685524460562E-146  0.688460795996787E+003  0.269108765746733E+000  0.982146427441920E+000  0.299993253046283E+001  0.306525160253261E+000 -0.341591340668778E+003
  0.282824387759852E-142  0.671441303566311E+003  0.258493111525535E+000  0.970010996492919E+000  0.305124114237047E+001  0.306525160253261E+000 -0.333081594453541E+003
  0.190752488653524E-139  0.658351948591660E+003  0.234486200431380E+000  0.103916451423934E+001  0.315956980560694E+001  0.306525160253261E+000 -0.326536916966215E+003
  0.749834411427888E-138  0.650947483727068E+003  0.267584908630702E+000  0.979474653226260E+000  0.301705590336420E+001  0.306525160253261E+000 -0.322834684533919E+003
  0.772210144661026E-138  0.650827131762330E+003  0.250685691359776E+000  0.102185132563070E+001  0.306412642869036E+001  0.306525160253261E+000 -0.322774508551550E+003
  0.164507139441144E-136  0.644647853574963E+003  0.254801768247877E+000  0.103515955541051E+001  0.303628309704773E+001  0.306525160253261E+000 -0.319684869457866E+003
  0.239348797245373E-132  0.625415693672443E+003  0.267524668991659E+000  0.995932791716062E+000  0.299841682935667E+001  0.306525160253261E+000 -0.310068789506606E+003
  0.169004486212698E-131  0.621444973430183E+003  0.224383606474888E+000  0.984506940564498E+000  0.325998871498722E+001  0.306525160253261E+000 -0.308083429385476E+003
  0.565018226867756E-125  0.591338543536199E+003  0.251177479785747E+000  0.949346276311219E+000  0.310563806896534E+001  0.306525160253261E+000 -0.293030214438484E+003
  0.246129927671891E-119  0.565307975968531E+003  0.238927000633967E+000  0.928532485130666E+000  0.319715470830420E+001  0.306525160253261E+000 -0.280014930654650E+003
  0.399270854626328E-113  0.536647850610340E+003  0.265533834061305E+000  0.100237350509994E+001  0.300676190185502E+001  0.306525160253261E+000 -0.265684867975555E+003
  0.917594770205608E-111  0.525711735228760E+003  0.256808912222937E+000  0.103245025609167E+001  0.304708726168737E+001  0.306525160253261E+000 -0.260216810284765E+003
  0.141719784674386E-108  0.515570489564960E+003  0.264717159406335E+000  0.971909868179562E+000  0.302830793358743E+001  0.306525160253261E+000 -0.255146187452865E+003
  0.142959617501440E-107  0.510886355192316E+003  0.256728380623671E+000  0.103846609911573E+001  0.303892518071277E+001  0.306525160253261E+000 -0.252804120266543E+003
  0.146464256877609E-105  0.501566033056911E+003  0.239383786460866E+000  0.102733946656290E+001  0.315937855301721E+001  0.306525160253261E+000 -0.248143959198840E+003
  0.285240236231806E-105  0.500171389057549E+003  0.262738689006103E+000  0.100228314637120E+001  0.301671427685858E+001  0.306525160253261E+000 -0.247446637199159E+003
  0.120987975513145E-102  0.488009616371475E+003  0.258952636451322E+000  0.102867757699135E+001  0.302409742922644E+001  0.306525160253261E+000 -0.241365750856122E+003
  0.274268624866055E-092  0.440259537506029E+003  0.243541115030502E+000  0.928551940302292E+000  0.317859297793770E+001  0.306525160253261E+000 -0.217490711423399E+003
  0.587607534394709E-092  0.438674091673322E+003  0.252311973864912E+000  0.938436442044328E+000  0.311339783104249E+001  0.306525160253261E+000 -0.216697988507046E+003
  0.726014446996936E-092  0.438189527060918E+003  0.258100413706994E+000  0.103005433912473E+001  0.303317959674175E+001  0.306525160253261E+000 -0.216455706200844E+003
  0.294194944199924E-091  0.435329468139518E+003  0.258920992618584E+000  0.101987530502344E+001  0.302846048396937E+001  0.306525160253261E+000 -0.215025676740143E+003
  0.842379329569368E-091  0.433163949222465E+003  0.241452425807457E+000  0.933074421699567E+000  0.319236789326161E+001  0.306525160253261E+000 -0.213942917281617E+003
  0.399129900893614E-090  0.429991122704977E+003  0.252357882490015E+000  0.932992842028327E+000  0.312380804963134E+001  0.306525160253261E+000 -0.212356504022873E+003
  0.145574573058993E-086  0.413526095533943E+003  0.234593528382365E+000  0.949228681798556E+000  0.321272794557555E+001  0.306525160253261E+000 -0.204123990437356E+003
  0.206303293846233E-086  0.412767234413980E+003  0.249810516087364E+000  0.104122377028983E+001  0.307729017547334E+001  0.306525160253261E+000 -0.203744559877375E+003
  0.120358312613523E-085  0.409178269218808E+003  0.253427549689172E+000  0.103417434544543E+001  0.306278031221383E+001  0.306525160253261E+000 -0.201950077279789E+003
  0.111428767937346E-083  0.400060560925500E+003  0.241064062614279E+000  0.103257100565479E+001  0.314160526877070E+001  0.306525160253261E+000 -0.197391223133135E+003
  0.181788664226508E-081  0.389809758650905E+003  0.240495320363720E+000  0.978994718335551E+000  0.315287919740324E+001  0.306525160253261E+000 -0.192265821995837E+003
  0.278347672457372E-081  0.388896163081858E+003  0.234842937765040E+000  0.100365907000521E+001  0.317698293647296E+001  0.306525160253261E+000 -0.191809024211314E+003
  0.152689206701899E-080  0.385430382430469E+003  0.230542614862917E+000  0.958318918744008E+000  0.323822901787664E+001  0.306525160253261E+000 -0.190076133885619E+003
  0.836445927152532E-073  0.349731133111501E+003  0.252266965139537E+000  0.103431570373744E+001  0.306382381974731E+001  0.306525160253261E+000 -0.172226509226135E+003
  0.416008734146356E-071  0.341856160664140E+003  0.255013374434416E+000  0.102286481809150E+001  0.306139995061721E+001  0.306525160253261E+000 -0.168289023002455E+003
  0.409515197075139E-071  0.341826081830178E+003  0.248259275553330E+000  0.103119663052750E+001  0.309717283358386E+001  0.306525160253261E+000 -0.168273983585474E+003
  0.577491866263828E-067  0.322656417080880E+003  0.253811140158518E+000  0.972815138599559E+000  0.310386336722467E+001  0.306525160253261E+000 -0.158689151210825E+003
  0.148624404343540E-063  0.306888737040961E+003  0.246245199857622E+000  0.103081446745448E+001  0.309633865645055E+001  0.306525160253261E+000 -0.150805311190865E+003
  0.101202331406729E-062  0.302990624643675E+003  0.256719261336728E+000  0.100801609006824E+001  0.304816062300744E+001  0.306525160253261E+000 -0.148856254992222E+003
  0.694584621349692E-062  0.299076696915213E+003  0.238052493642123E+000  0.102405100295976E+001  0.316330463761477E+001  0.306525160253261E+000 -0.146899291127991E+003
  0.609714862694057E-059  0.285460288220096E+003  0.247834950744732E+000  0.941021830729592E+000  0.314301196595899E+001  0.306525160253261E+000 -0.140091086780433E+003
  0.351633680105354E-057  0.277289207445753E+003  0.233818223065044E+000  0.956648102964594E+000  0.322091180007438E+001  0.306525160253261E+000 -0.136005546393261E+003
  0.170574447759261E-055  0.269464159970488E+003  0.238369062761264E+000  0.101321338128003E+001  0.315240098098996E+001  0.306525160253261E+000 -0.132093022655629E+003
  0.174972502784386E-055  0.269351702674236E+003  0.244638786731841E+000  0.952677348285068E+000  0.316617237634137E+001  0.306525160253261E+000 -0.132036794007503E+003
  0.778548154272058E-054  0.261699385151058E+003  0.233565026575733E+000  0.101449225992164E+001  0.318946150034453E+001  0.306525160253261E+000 -0.128210635245914E+003
  0.144728473306398E-052  0.255792644372807E+003  0.254856129464339E+000  0.100790536567236E+001  0.305894893587250E+001  0.306525160253261E+000 -0.125257264856788E+003
  0.440135156701223E-051  0.248901485939416E+003  0.242939421582068E+000  0.943451472443020E+000  0.317287101668938E+001  0.306525160253261E+000 -0.121811685640093E+003
  0.835891726989463E-051  0.247557108147159E+003  0.251234822246437E+000  0.102105133496195E+001  0.308422576125125E+001  0.306525160253261E+000 -0.121139496743964E+003
  0.103849844478871E-050  0.247061500721359E+003  0.246668279734570E+000  0.962376687555899E+000  0.315037352109498E+001  0.306525160253261E+000 -0.120891693031064E+003
  0.322105889569258E-048  0.235525748455422E+003  0.248349560205079E+000  0.950037910907447E+000  0.313184004540013E+001  0.306525160253261E+000 -0.115123816898096E+003
  0.520992091969874E-048  0.234502496094092E+003  0.236071428783063E+000  0.978798241068554E+000  0.320437528886392E+001  0.306525160253261E+000 -0.114612190717431E+003
  0.319197679205830E-046  0.226210460941156E+003  0.236643435364022E+000  0.101877417232023E+001  0.317148626734604E+001  0.306525160253261E+000 -0.110466173140963E+003
  0.328757562916112E-046  0.226089897637013E+003  0.249311848162606E+000  0.947347868088734E+000  0.313320085646441E+001  0.306525160253261E+000 -0.110405891488891E+003
  0.466545408031798E-044  0.216117944417816E+003  0.238664490238128E+000  0.101259738046996E+001  0.316718642895065E+001  0.306525160253261E+000 -0.105419914879293E+003
  0.233039540956304E-043  0.212839525335287E+003  0.241036114627349E+000  0.958043883361862E+000  0.318356815482585E+001  0.306525160253261E+000 -0.103780705338028E+003
  0.108632057888570E-041  0.205094124819097E+003  0.238805301803685E+000  0.952608370206603E+000  0.319126504358484E+001  0.306525160253261E+000 -0.999080050799331E+002
  0.133672400198590E-038  0.190802219992421E+003  0.252319067520769E+000  0.957826485405735E+000  0.310741808251760E+001  0.306525160253261E+000 -0.927620526665951E+002
  0.325612307151401E-037  0.184354875689463E+003  0.240419885078334E+000  0.994283811335785E+000  0.316955586694764E+001  0.306525160253261E+000 -0.895383805151161E+002
  0.393001006036086E-037  0.183917122892202E+003  0.236599511292302E+000  0.997821169444674E+000  0.317424197034448E+001  0.306525160253261E+000 -0.893195041164856E+002
  0.183596014272501E-035  0.176167388008010E+003  0.249256162630140E+000  0.100899304739605E+001  0.310519020858292E+001  0.306525160253261E+000 -0.854446366743897E+002
  0.139644010649257E-034  0.172047957236731E+003  0.255779036530467E+000  0.988915612086637E+000  0.307525422213561E+001  0.306525160253261E+000 -0.833849212887503E+002
  0.513720377662939E-034  0.169381248515550E+003  0.240345903218137E+000  0.101494550355684E+001  0.315322036263812E+001  0.306525160253261E+000 -0.820515669281596E+002
  0.293340273574493E-033  0.165835226665549E+003  0.250581857071682E+000  0.101686754019434E+001  0.308345984405485E+001  0.306525160253261E+000 -0.802785560031594E+002
  0.302532315569329E-033  0.165711973704903E+003  0.236192176776552E+000  0.966467717468218E+000  0.320432595272759E+001  0.306525160253261E+000 -0.802169295228364E+002
  0.331777009552771E-033  0.165465880417198E+003  0.250085085278043E+000  0.955423188640103E+000  0.312412357574832E+001  0.306525160253261E+000 -0.800938828789835E+002
  0.116629092563950E-031  0.158284925398039E+003  0.249941999897321E+000  0.101068609081869E+001  0.308732428917587E+001  0.306525160253261E+000 -0.765034053694042E+002
  0.681581361137919E-031  0.154692548322328E+003  0.235755261069554E+000  0.995443463115888E+000  0.318309286930183E+001  0.306525160253261E+000 -0.747072168315487E+002
  0.671208885121340E-031  0.154661675478318E+003  0.249048347223065E+000  0.956219554596505E+000  0.312759306426658E+001  0.306525160253261E+000 -0.746917804095436E+002
  0.206150777929094E-030  0.152355907094953E+003  0.238895500418988E+000  0.998499622081775E+000  0.317425130680647E+001  0.306525160253261E+000 -0.735388962178612E+002
  0.641701489615379E-030  0.150023332990902E+003  0.248282542118075E+000  0.975880731196859E+000  0.311470445694248E+001  0.306525160253261E+000 -0.723726091658356E+002
  0.185408564168364E-028  0.143234572063835E+003  0.247874010445038E+000  0.956327883753809E+000  0.313858163508780E+001  0.306525160253261E+000 -0.689782287023022E+002
  0.194680670501094E-028  0.143075431178325E+003  0.250412092339370E+000  0.959387298291417E+000  0.312105521561305E+001  0.306525160253261E+000 -0.688986582595473E+002
  0.302908729292748E-028  0.142129746045796E+003  0.247958391616644E+000  0.956043693000687E+000  0.313749859299656E+001  0.306525160253261E+000 -0.684258156932827E+002
  0.333073990931814E-028  0.141878336481236E+003  0.239441150883244E+000  0.993491092576596E+000  0.317410417973721E+001  0.306525160253261E+000 -0.683001109110030E+002
  0.458529903126163E-028  0.141177471466405E+003  0.238547835973394E+000  0.994523409698062E+000  0.316407773909555E+001  0.306525160253261E+000 -0.679496784035874E+002
  0.719894896058508E-028  0.140213768719832E+003  0.244266301060380E+000  0.979416481441553E+000  0.315395055538348E+001  0.306525160253261E+000 -0.674678270303009E+002
  0.358533404844545E-027  0.136941221993463E+003  0.246945597160940E+000  0.101342390349552E+001  0.311371297381261E+001  0.306525160253261E+000 -0.658315536671165E+002
  0.171841569661749E-026  0.133745406269072E+003  0.242183009945831E+000  0.100020621435154E+001  0.315347645970429E+001  0.306525160253261E+000 -0.642336458049207E+002
  0.347901463072228E-026  0.132273170267995E+003  0.238588136792214E+000  0.982242910478286E+000  0.318489942249919E+001  0.306525160253261E+000 -0.634975278043823E+002
  0.973694179388242E-026  0.130153270985561E+003  0.245059168292020E+000  0.992601098669284E+000  0.312396672248330E+001  0.306525160253261E+000 -0.624375781631654E+002
  0.981839496551390E-025  0.125469896323458E+003  0.239823527210771E+000  0.100627884797455E+001  0.316168943658390E+001  0.306525160253261E+000 -0.600958908321140E+002
  0.106174054687509E-024  0.125251878973562E+003  0.249970032765154E+000  0.962034939909906E+000  0.311910109996599E+001  0.306525160253261E+000 -0.599868821571657E+002
  0.513578294701149E-023  0.117432520035099E+003  0.240009075790816E+000  0.971236697357864E+000  0.316964664636837E+001  0.306525160253261E+000 -0.560772026879343E+002
  0.196638809543820E-022  0.114685874328928E+003  0.249801686899807E+000  0.984157506777034E+000  0.311630904722876E+001  0.306525160253261E+000 -0.547038798348489E+002
  0.382150181350084E-022  0.113295440842736E+003  0.248154810274063E+000  0.970428131514003E+000  0.313301225146820E+001  0.306525160253261E+000 -0.540086630917528E+002
  0.447276763544568E-022  0.112919169756220E+003  0.245146915873359E+000  0.968959168333451E+000  0.315203458000422E+001  0.306525160253261E+000 -0.538205275484946E+002
  0.208606514484017E-019  0.100567571459329E+003  0.250625565002140E+000  0.967611467196777E+000  0.311547517597728E+001  0.306525160253261E+000 -0.476447284000495E+002
  0.352461042686411E-019  0.994570474873666E+002  0.237078010350517E+000  0.999437378847878E+000  0.317790808189310E+001  0.306525160253261E+000 -0.470894664140681E+002
  0.431449302991680E-019  0.989910843410174E+002  0.237862787200977E+000  0.997080246970471E+000  0.317766392369948E+001  0.306525160253261E+000 -0.468564848408934E+002
  0.175195075441827E-018  0.961268707248009E+002  0.237206289358532E+000  0.983743513531582E+000  0.318233653568382E+001  0.306525160253261E+000 -0.454243780327852E+002
  0.186706254084401E-018  0.959380544512075E+002  0.250807497814430E+000  0.100424896973622E+001  0.309325062585920E+001  0.306525160253261E+000 -0.453299698959885E+002
  0.928775432113698E-018  0.926678502722885E+002  0.249173649644714E+000  0.968790568125168E+000  0.312539975889516E+001  0.306525160253261E+000 -0.436948678065290E+002
  0.742077481761014E-017  0.884499634054609E+002  0.242092951732290E+000  0.994995561721761E+000  0.314282456350191E+001  0.306525160253261E+000 -0.415859243731152E+002
  0.733174411492317E-017  0.884125601780926E+002  0.236851101420791E+000  0.981519933404092E+000  0.318895417154667E+001  0.306525160253261E+000 -0.415672227594311E+002
  0.819702535272002E-017  0.881279010667805E+002  0.251003468484390E+000  0.971368836026458E+000  0.311040193825824E+001  0.306525160253261E+000 -0.414248932037750E+002
  0.870100587137534E-017  0.879470231298789E+002  0.250385927844945E+000  0.100421930599188E+001  0.309527864103721E+001  0.306525160253261E+000 -0.413344542353242E+002
  0.128165487018108E-016  0.871108826788566E+002  0.250766778373727E+000  0.100098653068641E+001  0.309155954259350E+001  0.306525160253261E+000 -0.409163840098131E+002
  0.225615415128192E-016  0.859183202604367E+002  0.237602497965948E+000  0.984641837422258E+000  0.318579214917778E+001  0.306525160253261E+000 -0.403201028006031E+002
  0.243727401124294E-016  0.857023398521330E+002  0.244156423433228E+000  0.999431842002210E+000  0.312806655568877E+001  0.306525160253261E+000 -0.402121125964512E+002
  0.106030113913110E-014  0.780951106527403E+002  0.239708581403158E+000  0.974340011566876E+000  0.317895112605902E+001  0.306525160253261E+000 -0.364084979967549E+002
  0.152546597414575E-014  0.773060734175942E+002  0.249308296083516E+000  0.976516864734261E+000  0.312105471417467E+001  0.306525160253261E+000 -0.360139793791818E+002
  0.556146087906196E-014  0.746574082971013E+002  0.250588518203427E+000  0.986719138245905E+000  0.310718255306433E+001  0.306525160253261E+000 -0.346896468189354E+002
  0.633623608197852E-014  0.743350167948713E+002  0.248460533760443E+000  0.986788283765221E+000  0.311031375695541E+001  0.306525160253261E+000 -0.345284510678204E+002
  0.175455783809091E-013  0.722364393578785E+002  0.244355696764997E+000  0.964914578956655E+000  0.315387446894571E+001  0.306525160253261E+000 -0.334791623493240E+002
  0.203517125831606E-013  0.718781698591301E+002  0.249602740397885E+000  0.997117357345859E+000  0.310658956059619E+001  0.306525160253261E+000 -0.333000275999498E+002
  0.368896508557374E-013  0.706270945771437E+002  0.251490897660130E+000  0.980894516756783E+000  0.310176266961922E+001  0.306525160253261E+000 -0.326744899589566E+002
  0.452215279226872E-013  0.701582668441446E+002  0.248913496799104E+000  0.992157838807931E+000  0.310525530386263E+001  0.306525160253261E+000 -0.324400760924571E+002
  0.670690703719559E-013  0.693084240577635E+002  0.243816205682937E+000  0.996617726258094E+000  0.313229444800032E+001  0.306525160253261E+000 -0.320151546992665E+002
  0.771901390651410E-013  0.689657832862218E+002  0.245929887140124E+000  0.991621200483424E+000  0.313399222996280E+001  0.306525160253261E+000 -0.318438343134957E+002
  0.111206852118331E-012  0.681739994026248E+002  0.241882829240916E+000  0.967105628971848E+000  0.316611087187264E+001  0.306525160253261E+000 -0.314479423716971E+002
  0.121790355916452E-012  0.679306377397196E+002  0.248231918353728E+000  0.968554621539176E+000  0.312673144122054E+001  0.306525160253261E+000 -0.313262615402446E+002
  0.142526146485617E-012  0.675546458333579E+002  0.238586686549394E+000  0.991398763745820E+000  0.317016438623120E+001  0.306525160253261E+000 -0.311382655870637E+002
  0.271698833693889E-012  0.662027650024018E+002  0.242777387095078E+000  0.977696879936417E+000  0.316016473862792E+001  0.306525160253261E+000 -0.304623251715856E+002
  0.335271299664615E-012  0.657207300250275E+002  0.243587326462480E+000  0.982601413906782E+000  0.314147243321707E+001  0.306525160253261E+000 -0.302213076828985E+002
  0.518720526764149E-012  0.647863363072227E+002  0.241273603821905E+000  0.100215152906111E+001  0.314719752922497E+001  0.306525160253261E+000 -0.297541108239961E+002
  0.692563786072462E-012  0.641467228106550E+002  0.251218243071610E+000  0.989473806135806E+000  0.309709269173043E+001  0.306525160253261E+000 -0.294343040757123E+002
  0.713642564311611E-012  0.640252157270954E+002  0.248283789898833E+000  0.969850905814745E+000  0.312787567394758E+001  0.306525160253261E+000 -0.293735505339324E+002
  0.762571802937311E-012  0.638310435196618E+002  0.251124025633736E+000  0.989522292568960E+000  0.309991160975753E+001  0.306525160253261E+000 -0.292764644302156E+002
  0.930271183793083E-012  0.633719412677616E+002  0.244873952157852E+000  0.966850519481068E+000  0.314690936050062E+001  0.306525160253261E+000 -0.290469133042655E+002
  0.264115201191131E-011  0.612234092904488E+002  0.240008303656586E+000  0.972785634595839E+000  0.317432912618303E+001  0.306525160253261E+000 -0.279726473156091E+002
  0.348527611011128E-011  0.606072018149133E+002  0.243445617091439E+000  0.973668057469682E+000  0.315741429444130E+001  0.306525160253261E+000 -0.276645435778414E+002
  0.994843648719826E-011  0.584479222323165E+002  0.249532178459417E+000  0.978056768778056E+000  0.311203446772256E+001  0.306525160253261E+000 -0.265849037865430E+002
  0.139337992517118E-010  0.577125747398562E+002  0.242946220623886E+000  0.979718414672573E+000  0.315777819928646E+001  0.306525160253261E+000 -0.262172300403128E+002
  0.239603214049806E-010  0.565668680265888E+002  0.244647067738562E+000  0.100517906025567E+001  0.312588489884274E+001  0.306525160253261E+000 -0.256443766836791E+002
  0.442159577718164E-010  0.552799515650574E+002  0.243457243465105E+000  0.986763945917951E+000  0.314036942217922E+001  0.306525160253261E+000 -0.250009184529135E+002
  0.168681368997365E-009  0.525405566771208E+002  0.243572528744104E+000  0.100199691988460E+001  0.313909767421995E+001  0.306525160253261E+000 -0.236312210089451E+002
  0.372039610398570E-009  0.508970357930240E+002  0.249762065144704E+000  0.986886537231727E+000  0.310567326910103E+001  0.306525160253261E+000 -0.228094605668968E+002
  0.961443649818690E-009  0.489366212184747E+002  0.240250143979207E+000  0.982870230537225E+000  0.317040034063291E+001  0.306525160253261E+000 -0.218292532796221E+002
  0.181499159661338E-008  0.476042775812520E+002  0.247365454538446E+000  0.971624516055312E+000  0.313103311618499E+001  0.306525160253261E+000 -0.211630814610108E+002
  0.217451248267045E-008  0.471812869523654E+002  0.246622958785423E+000  0.995258405547570E+000  0.312573066674825E+001  0.306525160253261E+000 -0.209515861465675E+002
  0.275200784344642E-008  0.466486910817539E+002  0.246129504232843E+000  0.977844146193737E+000  0.313086422656593E+001  0.306525160253261E+000 -0.206852882112617E+002
  0.311653636385020E-008  0.463383648139972E+002  0.247311183650406E+000  0.100158640169728E+001  0.311482169470286E+001  0.306525160253261E+000 -0.205301250773833E+002
  0.617915292079280E-008  0.449079035989159E+002  0.245346814006251E+000  0.971560481355461E+000  0.314115702517139E+001  0.306525160253261E+000 -0.198148944698427E+002
  0.775711036469793E-008  0.443915028917409E+002  0.240572613729432E+000  0.996037847243702E+000  0.315621675924936E+001  0.306525160253261E+000 -0.195566941162552E+002
  0.154120996605592E-007  0.429568735663948E+002  0.240475641299865E+000  0.986178474065423E+000  0.316697974703375E+001  0.306525160253261E+000 -0.188393794535821E+002
  0.181486437858851E-007  0.425684443646431E+002  0.242820304331754E+000  0.100045176619508E+001  0.313962605198918E+001  0.306525160253261E+000 -0.186451648527063E+002
  0.204796935854571E-007  0.422652250412425E+002  0.241164666184679E+000  0.974977933945665E+000  0.316628835564942E+001  0.306525160253261E+000 -0.184935551910060E+002
  0.315181493515256E-007  0.413414223011342E+002  0.248798840250772E+000  0.985443166657843E+000  0.311720186730360E+001  0.306525160253261E+000 -0.180316538209518E+002
  0.309023183926876E-007  0.413193436634415E+002  0.239610337042719E+000  0.989047616009684E+000  0.316732926316190E+001  0.306525160253261E+000 -0.180206145021055E+002
  0.369586903981799E-007  0.408998611396734E+002  0.242587414350267E+000  0.981290805347366E+000  0.315030292430546E+001  0.306525160253261E+000 -0.178108732402214E+002
  0.490983053677803E-007  0.402702704081113E+002  0.248380006690204E+000  0.981324151612002E+000  0.312197572678860E+001  0.306525160253261E+000 -0.174960778744404E+002
  0.523117736400765E-007  0.400819332051248E+002  0.249470590535097E+000  0.990404433880408E+000  0.310730878685620E+001  0.306525160253261E+000 -0.174019092729471E+002
  0.514602068540036E-007  0.400532151609645E+002  0.246932621940616E+000  0.978869405422362E+000  0.312625554568844E+001  0.306525160253261E+000 -0.173875502508670E+002
  0.127279380677908E-006  0.381805204603443E+002  0.244000972491420E+000  0.976966580214120E+000  0.315120794519627E+001  0.306525160253261E+000 -0.164512029005569E+002
  0.188211865626971E-006  0.373366096331407E+002  0.241762514413901E+000  0.985124276595471E+000  0.316026753364504E+001  0.306525160253261E+000 -0.160292474869551E+002
  0.205329784066031E-006  0.371009680834178E+002  0.245073366723329E+000  0.100147465016481E+001  0.312669160855409E+001  0.306525160253261E+000 -0.159114267120937E+002
  0.201615056728093E-006  0.370759391056118E+002  0.242249797570305E+000  0.982383370809182E+000  0.315210849734901E+001  0.306525160253261E+000 -0.158989122231906E+002
  0.226366734212643E-006  0.367828034237105E+002  0.246363976863310E+000  0.996151516274603E+000  0.311994255163178E+001  0.306525160253261E+000 -0.157523443822400E+002
  0.231979947125214E-006  0.366722710438130E+002  0.242046421407563E+000  0.975731247488512E+000  0.315906899382449E+001  0.306525160253261E+000 -0.156970781922912E+002
  0.345742800304920E-006  0.358126392989005E+002  0.248878886054779E+000  0.985494689285626E+000  0.311570275659768E+001  0.306525160253261E+000 -0.152672623198350E+002
  0.382913838013779E-006  0.355468662796959E+002  0.243917764701925E+000  0.973057361922912E+000  0.315164343018323E+001  0.306525160253261E+000 -0.151343758102327E+002
  0.472315624042655E-006  0.350656480438348E+002  0.240709732548741E+000  0.979714811955757E+000  0.316614120945511E+001  0.306525160253261E+000 -0.148937666923022E+002
  0.177003112381319E-004  0.262527492745990E+002  0.240679613417244E+000  0.986010797644716E+000  0.316436547360700E+001  0.306525160253261E+000 -0.131263746372995E+002
  0.323155918466517E-004  0.250488140546649E+002  0.240556881203412E+000  0.986455582968806E+000  0.316407596512422E+001  0.306525160253261E+000 -0.125244070273324E+002
  0.744491361533663E-004  0.233796814095627E+002  0.240867676025730E+000  0.984117927059162E+000  0.316222830323994E+001  0.306525160253261E+000 -0.116898407047814E+002
  0.981229890812822E-004  0.228274703566931E+002  0.241607340357272E+000  0.984924702955489E+000  0.316008838462055E+001  0.306525160253261E+000 -0.114137351783465E+002
