  0.500741950862161E-313  0.153688819859807E+004  0.266951581527659E+000  0.957521616560508E+000  0.303181172741706E+001  0.807507427601150E+001 -0.766578594896130E+003
  0.428625797492518E-297  0.146351648887999E+004  0.271011734651048E+000  0.956705415694366E+000  0.306371270965596E+001  0.628974109087260E+001 -0.728107406851949E+003
  0.779759034822434E-296  0.145768350897918E+004  0.278968853539954E+000  0.956181472868482E+000  0.297812215883140E+001 -0.605880742211482E+001 -0.712842368388556E+003
  0.108670031441425E-294  0.145238349800580E+004  0.261719650762627E+000  0.959429592737434E+000  0.305858507940646E+001  0.943942782899410E+001 -0.725690598152977E+003
  0.197400473462514E-293  0.144655348250857E+004  0.262147194955845E+000  0.971303197113020E+000  0.304874932555285E+001  0.960162899035289E+001 -0.722937791565721E+003
  0.791611927044067E-293  0.144374480062523E+004  0.273368821296219E+000  0.952193545310732E+000  0.300584687235982E+001  0.694180585720048E-001 -0.712001239692270E+003
  0.163828880958107E-288  0.142383843893486E+004  0.262273345963707E+000  0.973191438844995E+000  0.304717646561838E+001  0.876273402229686E+001 -0.710741374810810E+003
  0.271961160767948E-283  0.139976790605084E+004  0.271325784044876E+000  0.954546268417514E+000  0.306206396911635E+001  0.511713661209236E+001 -0.695060510958595E+003
  0.347054126193696E-280  0.138543374414732E+004  0.258057123135882E+000  0.946747544783289E+000  0.308783727225585E+001 -0.399938885143229E+001 -0.678776904543309E+003
  0.227570299467828E-270  0.134019507701785E+004  0.271894077243617E+000  0.975332229180167E+000  0.304723480917989E+001  0.587897401398277E+001 -0.666035933843990E+003
  0.344458016730629E-260  0.129328334075197E+004  0.269833983889425E+000  0.945312689991257E+000  0.302976696471861E+001 -0.295739802319600E+001 -0.633743693673870E+003
  0.164191320254498E-258  0.128552387176885E+004  0.277993942259961E+000  0.978487184458118E+000  0.300835130890152E+001 -0.120620624755053E+001 -0.631615150957955E+003
  0.138398825058886E-248  0.123978294709813E+004  0.280099122514381E+000  0.974986317943727E+000  0.299653846661250E+001 -0.175414829669197E+001 -0.608196746573457E+003
  0.350901738644921E-244  0.121947052461370E+004  0.279084204897538E+000  0.980141232120575E+000  0.299941391837062E+001 -0.482644097039396E+001 -0.594968242657538E+003
  0.152918828263808E-239  0.119807486329270E+004  0.271944981671783E+000  0.970518900865580E+000  0.304766020104287E+001  0.824460531109992E+001 -0.597341458278533E+003
  0.957917474928123E-237  0.118516380577807E+004  0.266669607375127E+000  0.962329160339423E+000  0.308236008841349E+001  0.627239883420398E+001 -0.588913723044320E+003
  0.165366433066175E-227  0.114259429117144E+004  0.278330987138519E+000  0.978499771960650E+000  0.300360216982048E+001 -0.223305703372316E+001 -0.559123509873079E+003
  0.107209923522914E-213  0.107895765020151E+004  0.267702541859027E+000  0.958691238070963E+000  0.307661743564161E+001  0.611382536931362E+001 -0.535652071791151E+003
  0.609037299065696E-211  0.106624212006103E+004  0.276844083543470E+000  0.951643904812468E+000  0.302426708080973E+001  0.146761239987490E+001 -0.524648093751469E+003
  0.317514476695078E-210  0.106290865370009E+004  0.258360665430373E+000  0.962095234886450E+000  0.307992698287036E+001  0.773260819478471E+001 -0.529246356365913E+003
  0.777357750639027E-206  0.104266621006956E+004  0.278391912249985E+000  0.976785392317926E+000  0.300203204118967E+001 -0.122561010494152E+001 -0.510166916250921E+003
  0.471790206493020E-205  0.103902876403236E+004  0.280501466999512E+000  0.949906073890432E+000  0.299562986874443E+001 -0.610131030283582E+001 -0.503472493034427E+003
  0.660725820501766E-204  0.103371897637373E+004  0.265839359544430E+000  0.982631816441854E+000  0.302813045738214E+001  0.266021213203356E-001 -0.506945511629264E+003
  0.160074461033841E-201  0.102270785718340E+004  0.281635629762380E+000  0.958963717859792E+000  0.298232168681245E+001 -0.420882719997120E+001 -0.497204522712811E+003
  0.430738416075146E-200  0.101609195483604E+004  0.272968080348638E+000  0.982876368605440E+000  0.303147438238787E+001 -0.138577483877553E+001 -0.496719623900324E+003
  0.236894541345464E-197  0.100344120773243E+004  0.270391191964087E+000  0.951318253338367E+000  0.306273142738343E+001  0.281474913893485E+001 -0.494594774326229E+003
  0.308675150669993E-196  0.998275680447980E+003  0.276893441478587E+000  0.959839700287909E+000  0.301915386136573E+001  0.561525784881180E+001 -0.494812519393883E+003
  0.256615243563856E-189  0.966377903923424E+003  0.278136564707991E+000  0.963975128434835E+000  0.298655589159488E+001 -0.770564142781543E+000 -0.472477809140012E+003
  0.369196665429947E-180  0.924172860647755E+003  0.279792301203518E+000  0.964464167512864E+000  0.299418594580447E+001  0.861430939515595E+000 -0.453007282584474E+003
  0.118368800529444E-173  0.894180709556815E+003  0.271704211503698E+000  0.951751108751225E+000  0.305241935662722E+001  0.361690896425652E+001 -0.440766685063746E+003
  0.922846132499589E-172  0.885437216321278E+003  0.274791957634418E+000  0.947181493177376E+000  0.303359159096886E+001 -0.163290664772543E+001 -0.431145122833995E+003
  0.926619193340404E-171  0.880792877423070E+003  0.274324502631356E+000  0.976851387307726E+000  0.302415042591575E+001  0.328575934795622E+001 -0.433741619380573E+003
  0.128684082633762E-170  0.880105063379214E+003  0.263613001612639E+000  0.973305246321779E+000  0.309000102814874E+001  0.315820901294474E+001 -0.433270162023633E+003
  0.308611668186976E-169  0.873719438179378E+003  0.272749223269531E+000  0.965887003858012E+000  0.300890481147292E+001  0.588426984594675E+001 -0.432803410256717E+003
  0.936017085042587E-169  0.871469329845747E+003  0.276743988960032E+000  0.957013957430964E+000  0.300030859050029E+001  0.119953833321453E+001 -0.426993624577169E+003
  0.198931915585538E-168  0.869930493478915E+003  0.276680133404861E+000  0.947620915698365E+000  0.301822745055266E+001 -0.305360174544983E+001 -0.421971066315089E+003
  0.246168391652262E-167  0.864868208545415E+003  0.265527815289618E+000  0.968439688774959E+000  0.308122101681604E+001  0.652902101128066E+001 -0.429022546605069E+003
  0.494174087837595E-167  0.863443456094403E+003  0.279600859423017E+000  0.965702444528490E+000  0.298996654292084E+001 -0.205956706629780E+000 -0.421575192661653E+003
  0.671778281466861E-165  0.853588026373054E+003  0.276900592297635E+000  0.949863781547855E+000  0.300895799382142E+001 -0.227173613807669E+001 -0.414581698369532E+003
  0.695944780698609E-164  0.848881163871350E+003  0.274440754706343E+000  0.977577788797298E+000  0.302226672123202E+001  0.250304964563381E+001 -0.417003052902390E+003
  0.155604153379014E-162  0.842635725156412E+003  0.275828473237586E+000  0.956523190806218E+000  0.300484791383365E+001  0.214703102407269E+001 -0.413524314923360E+003
  0.350072395705409E-161  0.836377897249529E+003  0.255708006510385E+000  0.973368258023465E+000  0.309070583646154E+001  0.372235420248481E+001 -0.411970724148331E+003
  0.108453142212149E-158  0.824875021853054E+003  0.276852901562317E+000  0.959680489256000E+000  0.299955806205315E+001  0.211035020483868E+001 -0.404607282452447E+003
  0.155506055182120E-156  0.814912940187500E+003  0.255877401379737E+000  0.978072828521440E+000  0.308721858469518E+001  0.136029186908254E+001 -0.398876183283914E+003
  0.567544144787271E-151  0.789266813157362E+003  0.259468968170629E+000  0.985019698517437E+000  0.306374834954827E+001 -0.232931970689685E+001 -0.382363508192866E+003
  0.163911510260252E-149  0.782509448060079E+003  0.257240363052799E+000  0.965159410742081E+000  0.308827723635566E+001  0.637439673512123E+001 -0.387688542086242E+003
  0.171898935200941E-146  0.768567769114129E+003  0.269162288688207E+000  0.955128611337418E+000  0.306390392277249E+001  0.574678418567506E+001 -0.380090090063821E+003
  0.387548015171371E-143  0.753095384116771E+003  0.269983351559213E+000  0.958922905576278E+000  0.302892370687534E+001  0.790791241111831E+001 -0.374515025790585E+003
  0.750418074096332E-143  0.751742794279470E+003  0.262397016120899E+000  0.980779095679379E+000  0.309080586681688E+001 -0.249928510802335E+001 -0.363431533352793E+003
  0.143454168355523E-140  0.741205505115330E+003  0.256356126275754E+000  0.966524660660804E+000  0.309296612349999E+001  0.524733450326362E+001 -0.365909508382010E+003
  0.107829008483726E-139  0.737140264320734E+003  0.276136301686117E+000  0.958750648128485E+000  0.301432883983617E+001  0.475667056594658E+001 -0.363386224047395E+003
  0.120452848725738E-135  0.718467151880108E+003  0.275821787602101E+000  0.969898394470695E+000  0.299881588864889E+001  0.234669572985119E+001 -0.351639692990987E+003
  0.964785105800510E-134  0.709669679303491E+003  0.254144626404210E+000  0.955507727531676E+000  0.311362649329588E+001 -0.363006296509497E+001 -0.341264198007732E+003
  0.264679674707800E-132  0.703015100694662E+003  0.260398108369187E+000  0.981711142843863E+000  0.306211891332576E+001  0.153347614575106E+001 -0.343100447814163E+003
  0.901145819252807E-131  0.695928628603721E+003  0.277050870219420E+000  0.977585072688521E+000  0.299704820415184E+001 -0.259338700044347E+001 -0.335430348622499E+003
  0.105174891363652E-126  0.677167854279740E+003  0.257956974248891E+000  0.949613752917841E+000  0.309745620840557E+001 -0.336578220717149E+001 -0.325277566253780E+003
  0.353405445959097E-125  0.670107692973910E+003  0.255157545214033E+000  0.963239432592754E+000  0.310313670490141E+001  0.248734898547944E+001 -0.327600616793516E+003
  0.152692670121792E-122  0.657939551564275E+003  0.260011764040235E+000  0.971588340175227E+000  0.310811520718295E+001 -0.705740335886672E+000 -0.318323456767332E+003
  0.158343265058788E-121  0.653230696943543E+003  0.271309229975536E+000  0.955896935904346E+000  0.302871602538013E+001  0.618262348336650E+001 -0.322857393276219E+003
  0.150844495317106E-119  0.644086379730995E+003  0.264951499709646E+000  0.980641006151236E+000  0.304041698562720E+001  0.284299321171590E+001 -0.314945604398295E+003
  0.149509803083819E-118  0.639467976193312E+003  0.261408138785051E+000  0.958111885843127E+000  0.307345672504349E+001  0.729157719094766E+001 -0.317084986608685E+003
  0.428701657734641E-116  0.628119828893592E+003  0.271401895861163E+000  0.965846082139878E+000  0.304190530199677E+001  0.931474398838209E+001 -0.313434079756259E+003
  0.107908308900588E-115  0.626242609065768E+003  0.273661170249506E+000  0.959136089130483E+000  0.302771624689472E+001  0.708828309099586E+001 -0.310269008944961E+003
  0.110765499616209E-114  0.621554163555398E+003  0.272625392306081E+000  0.954703492260119E+000  0.303602643083229E+001  0.560371855115766E+001 -0.306440221649938E+003
  0.318275450010920E-114  0.619412151477662E+003  0.272304903128749E+000  0.959583615013777E+000  0.302314009527131E+001  0.712414175278634E+001 -0.306889638812699E+003
  0.408416563309869E-113  0.614277232040198E+003  0.268272386912597E+000  0.960235427240666E+000  0.306366322614314E+001  0.827336897470817E+001 -0.305471406315889E+003
  0.188928913915390E-110  0.601972546738351E+003  0.268701048603455E+000  0.981365599429866E+000  0.305004923275489E+001  0.142674091925005E+001 -0.292472435609507E+003
  0.475937616615601E-110  0.600093706443974E+003  0.268052314340572E+000  0.959114219415382E+000  0.304135878877305E+001  0.890871186921374E+001 -0.299014986412282E+003
  0.509494496310733E-110  0.599926433546194E+003  0.271781298300492E+000  0.961344490688781E+000  0.302424431810762E+001  0.785317277224978E+001 -0.297875810866428E+003
  0.102508486908146E-106  0.584681691341594E+003  0.259595835911343E+000  0.971265364210714E+000  0.310935498129709E+001 -0.944705099539840E+000 -0.281455561892338E+003
  0.179500698814959E-103  0.569714705396986E+003  0.272672953781342E+000  0.957677621841757E+000  0.302906620193365E+001  0.682373680594448E+001 -0.281740510825519E+003
  0.328362146924601E-103  0.568475821014426E+003  0.274164510841038E+000  0.981935567390866E+000  0.301108966682032E+001 -0.300700932681146E+001 -0.271290322501483E+003
  0.300183818045190E-100  0.554808746267293E+003  0.269344841896387E+000  0.949195914224383E+000  0.304746505724112E+001  0.193148455157721E+001 -0.269395279006305E+003
  0.311235565566808E-099  0.550100257593870E+003  0.257643544526094E+000  0.949178092773943E+000  0.310240724655749E+001 -0.517907127002499E+001 -0.259930478847991E+003
  0.224567960950306E-098  0.546116822411331E+003  0.268645367105846E+000  0.979846334731840E+000  0.302570918644734E+001  0.215888443768066E+001 -0.265276716964428E+003
  0.502089890219747E-098  0.544476612468078E+003  0.268237140749617E+000  0.945191006754424E+000  0.306298985794300E+001 -0.320677020001764E+001 -0.259090957355103E+003
  0.100878491153722E-097  0.543050158775302E+003  0.259887258641096E+000  0.965715901237273E+000  0.307800021569649E+001  0.818469094705678E+001 -0.269769191655789E+003
  0.177323912867205E-097  0.541891027718968E+003  0.268700213579241E+000  0.958314800648841E+000  0.305941188420149E+001  0.788746782117943E+001 -0.268892403001745E+003
  0.105206275951975E-093  0.524483448842886E+003  0.261741708613177E+000  0.954845083413081E+000  0.310266197444369E+001 -0.105203892514323E+001 -0.251249106817381E+003
  0.845263751758089E-093  0.520284988959714E+003  0.257449683887428E+000  0.975324151568338E+000  0.308530903885893E+001  0.367699137817863E+001 -0.253878907179117E+003
  0.328832488907087E-089  0.503721500326824E+003  0.269303248101029E+000  0.975203601026965E+000  0.302709601402312E+001  0.579294978930352E+001 -0.247713121273797E+003
  0.485500584176743E-089  0.502911227909486E+003  0.272829797134118E+000  0.984121063351069E+000  0.301601552268546E+001 -0.439073856036758E+001 -0.237124296715457E+003
  0.522316033955882E-086  0.488918524292969E+003  0.257607551077817E+000  0.954458232907468E+000  0.309980102755073E+001 -0.668891069596924E-001 -0.234451794360606E+003
  0.139721334615280E-084  0.482314421271431E+003  0.256582288890008E+000  0.983035483718714E+000  0.308626656172010E+001 -0.330037934353597E+001 -0.227916252613261E+003
  0.304777907069915E-084  0.480723546166648E+003  0.267589932310354E+000  0.966384700184750E+000  0.306156065252369E+001  0.924489149047442E+001 -0.239666085894880E+003
  0.455008332743638E-084  0.479891073004203E+003  0.270434588890180E+000  0.974897762743149E+000  0.302374882766267E+001  0.544302405309478E+001 -0.235447981876278E+003
  0.333582787891953E-083  0.475875743761943E+003  0.269088920454517E+000  0.964560559917586E+000  0.305227573975906E+001  0.963583047053779E+001 -0.237633123672591E+003
  0.868883900734658E-082  0.469324928320406E+003  0.256182516402815E+000  0.984438401244292E+000  0.308797241455441E+001 -0.529304648381111E+001 -0.219428838997473E+003
  0.254482893209645E-081  0.467144701559073E+003  0.266624731529554E+000  0.959479227229976E+000  0.305159383398588E+001  0.915703039171351E+001 -0.232788802492331E+003
  0.451245001955228E-081  0.465968139551790E+003  0.268171039989311E+000  0.965077608047340E+000  0.304048379335555E+001  0.995585168870153E+001 -0.232999342785678E+003
  0.504797498782347E-081  0.465712837333198E+003  0.268066709947828E+000  0.952202406961867E+000  0.306052173347333E+001  0.419206268565348E+001 -0.227107902673334E+003
  0.402516452656005E-077  0.447713990984491E+003  0.263827163838909E+000  0.958871186845410E+000  0.306553758129104E+001  0.832540247143860E+001 -0.222241819284766E+003
  0.842080602036551E-077  0.446206703082704E+003  0.263501051568731E+000  0.964851126332610E+000  0.306251751117946E+001  0.985168852315818E+001 -0.223014461385591E+003
  0.812522943914377E-076  0.441641987691796E+003  0.271661782185698E+000  0.984988923124281E+000  0.301896063039540E+001 -0.479322166567466E+001 -0.206087193501305E+003
  0.205194736551639E-075  0.439758178512405E+003  0.267628097351614E+000  0.968897087493754E+000  0.305883584990076E+001  0.904867570858901E+001 -0.218987186285873E+003
  0.278094835391308E-075  0.439119164684565E+003  0.264673039156788E+000  0.982605943997141E+000  0.304536162571866E+001  0.870753907581440E+000 -0.210489757570945E+003
  0.821906647187405E-075  0.436920827050113E+003  0.268730086719817E+000  0.982407093814940E+000  0.302739521879837E+001 -0.287897565868018E+000 -0.208231937280270E+003
  0.294991983618971E-074  0.434334005768875E+003  0.270914728209960E+000  0.983754783105272E+000  0.302739133590915E+001 -0.224424303892947E+001 -0.204982181166589E+003
  0.935134329158253E-074  0.431995513386361E+003  0.260731979837157E+000  0.971286514666540E+000  0.307231791430779E+001  0.778195400452262E+001 -0.213839132018785E+003
  0.490444245905171E-072  0.424044921805019E+003  0.271089762608565E+000  0.979937425527655E+000  0.302722531031832E+001  0.172408204724641E+001 -0.203805964270837E+003
  0.828384184572504E-072  0.422965582565669E+003  0.270536423682571E+000  0.979131263571941E+000  0.303258987755296E+001  0.295727627018309E+001 -0.204499488874099E+003
  0.106761404869018E-070  0.417821994929065E+003  0.267349524719666E+000  0.983847409830355E+000  0.305176264261679E+001 -0.112101434782903E+001 -0.197849404437785E+003
  0.587808049637035E-070  0.414379378626342E+003  0.265944235770947E+000  0.980790701362859E+000  0.306248579348289E+001  0.170360355586512E+001 -0.198952714190118E+003
  0.758205316267071E-070  0.413839262720581E+003  0.253029016161800E+000  0.977505698558500E+000  0.311127817189889E+001 -0.484144413736288E+001 -0.192137608544009E+003
  0.117440663183074E-069  0.412933126167336E+003  0.262141420703207E+000  0.980045626104938E+000  0.308605921543300E+001 -0.685344524084671E+000 -0.195840639880665E+003
  0.388054157205389E-069  0.410511694397336E+003  0.262929928259317E+000  0.952688091394085E+000  0.309254181270368E+001  0.546378312181757E-001 -0.195369906350968E+003
  0.107639297601627E-067  0.403835063872111E+003  0.256233550786295E+000  0.953458422087716E+000  0.311055235952787E+001 -0.401754480395009E+001 -0.187959408453187E+003
  0.317502661192767E-067  0.401640654699820E+003  0.270273246638111E+000  0.979988684837969E+000  0.302563301248023E+001  0.170226765197710E+001 -0.192582016322968E+003
  0.349015553146682E-067  0.401420385754563E+003  0.262240516181590E+000  0.969388298983732E+000  0.309077441368699E+001  0.470633654867959E+001 -0.195475950747042E+003
  0.541340559270982E-067  0.400511513192947E+003  0.256930628832653E+000  0.970273836059726E+000  0.309406614536398E+001  0.413474228749845E+001 -0.194449920205054E+003
  0.181044019229051E-066  0.398065951390914E+003  0.264157932559599E+000  0.951680487396063E+000  0.307282789626538E+001  0.297221453595973E+001 -0.192064611552498E+003
  0.983230152102950E-066  0.394650736971367E+003  0.265892863597448E+000  0.957690979678125E+000  0.305945789874254E+001  0.809660958380936E+001 -0.195481399390574E+003
  0.352430227722205E-065  0.392066539528257E+003  0.258806263917929E+000  0.945540457586896E+000  0.310526901327872E+001 -0.101590490056467E+002 -0.175933642079563E+003
  0.644287026201301E-063  0.381618607478106E+003  0.255290977516095E+000  0.981367468333572E+000  0.309672133170225E+001 -0.396380712192190E+001 -0.176904917938213E+003
  0.246156726380023E-062  0.378906780694037E+003  0.257436641129348E+000  0.946993689163936E+000  0.311131370442747E+001 -0.103291229944886E+002 -0.169183688673611E+003
  0.461390921540720E-062  0.377619217846022E+003  0.260669294205226E+000  0.985057597437482E+000  0.306557228556971E+001 -0.268990800591981E+001 -0.176179122238172E+003
  0.149160841497073E-061  0.375241480232522E+003  0.256697118742953E+000  0.957860142946354E+000  0.310516332864276E+001  0.277960881553964E+000 -0.177958122318896E+003
  0.202930658733678E-061  0.374594793576993E+003  0.259280585995582E+000  0.951226803331393E+000  0.309735647899194E+001 -0.198282283845519E+001 -0.175373995271123E+003
  0.435003662037348E-061  0.373038804981054E+003  0.257523476678016E+000  0.947174584712084E+000  0.311093527036435E+001 -0.100034590798965E+002 -0.166575364731712E+003
  0.430483767442340E-060  0.368423516087320E+003  0.263804732625917E+000  0.949225357985924E+000  0.308191242569889E+001 -0.757283187060548E+000 -0.173513896177681E+003
  0.123339398133769E-058  0.361682106796369E+003  0.261864274131190E+000  0.949815733749642E+000  0.308712397119108E+001 -0.101442592577120E+001 -0.169886048793494E+003
  0.234889844986849E-058  0.360362744883910E+003  0.261220541762927E+000  0.951576243873763E+000  0.308804917251732E+001  0.428026867777500E+000 -0.170668820630814E+003
  0.254169711650780E-058  0.360173965429848E+003  0.260862581132960E+000  0.948260126362615E+000  0.309377319511751E+001 -0.402826904202894E+001 -0.166118134993976E+003
  0.132009508977204E-055  0.347637702983430E+003  0.263889683440579E+000  0.957681558780167E+000  0.308282478918492E+001  0.515484301151291E+001 -0.169033115824309E+003
  0.284910742973359E-055  0.346068090628420E+003  0.258366717691071E+000  0.981288365364150E+000  0.310588418282168E+001 -0.677198093707432E+001 -0.156321485698217E+003
  0.719584788796205E-055  0.344184085425807E+003  0.254161298167514E+000  0.976642905210757E+000  0.310693950512808E+001 -0.278979691870499E+001 -0.159361667115280E+003
  0.913938596661426E-054  0.339069728817019E+003  0.267457253014032E+000  0.977768749611613E+000  0.305128608060759E+001  0.488427888653619E+001 -0.164478564616127E+003
  0.150734054779945E-053  0.338038042919744E+003  0.266068719258128E+000  0.978178325445411E+000  0.304502147238575E+001  0.491769983775560E+001 -0.163996142618709E+003
  0.306638772517837E-053  0.336586727825376E+003  0.262590777951776E+000  0.955373795716250E+000  0.307890154075071E+001  0.484268825657170E+001 -0.163195473490341E+003
  0.328984666913077E-053  0.336415037999315E+003  0.265924804423297E+000  0.983847713553673E+000  0.305795397189218E+001 -0.122733577736002E+001 -0.157039604543379E+003
  0.158581301460065E-052  0.333238346919813E+003  0.267565922971105E+000  0.978056059489772E+000  0.304999666371718E+001  0.467707402872246E+001 -0.161355668809710E+003
  0.236618192116478E-052  0.332406977679596E+003  0.264830035913854E+000  0.976048052961610E+000  0.305204529765413E+001  0.655938563314723E+001 -0.162822295794026E+003
  0.217301991224336E-051  0.327941118695824E+003  0.265062576002555E+000  0.983171680394144E+000  0.304681999929494E+001  0.164759239048962E+000 -0.154194739908042E+003
  0.257790718318174E-051  0.327568390251282E+003  0.267500877970484E+000  0.983354448273120E+000  0.303692557602193E+001 -0.548242680804846E+000 -0.153295373765917E+003
  0.574060014220451E-051  0.325936210160592E+003  0.261781332422019E+000  0.967133353890533E+000  0.307294752401168E+001  0.866463863852699E+001 -0.161692165039904E+003
  0.101019973061774E-050  0.324774862991267E+003  0.265364012000230E+000  0.971705014307744E+000  0.306779838618679E+001  0.760853205918016E+001 -0.160055384875895E+003
  0.251096462367016E-050  0.322922816763907E+003  0.255429309856930E+000  0.964938766952800E+000  0.310825900377378E+001  0.957285871901110E+000 -0.152478115574936E+003
  0.573488068384936E-050  0.321240008482990E+003  0.258550816001854E+000  0.973963333442428E+000  0.308492624801059E+001  0.448941263715163E+001 -0.155168838199728E+003
  0.259161474765480E-049  0.318192401542568E+003  0.267700159493941E+000  0.973877404331688E+000  0.304972319023182E+001  0.752571717364570E+001 -0.156681339266011E+003
  0.150500058971712E-048  0.314643198675704E+003  0.266326216630331E+000  0.971843483374548E+000  0.304954609083155E+001  0.876378003268127E+001 -0.156144800691614E+003
  0.321238296132182E-048  0.313095750848142E+003  0.267002817665660E+000  0.975800525414224E+000  0.304428516988636E+001  0.654747229378167E+001 -0.153154769038934E+003
  0.303454330796435E-047  0.308573476447543E+003  0.260221436146713E+000  0.958053496330011E+000  0.310397361434991E+001  0.432591874844793E+000 -0.144778751419698E+003
  0.316390672337641E-047  0.308458974812840E+003  0.265878995339040E+000  0.978977901595468E+000  0.305995832697768E+001  0.362245805675070E+001 -0.147911366784252E+003
  0.877390877054024E-047  0.306388016767536E+003  0.261613661110702E+000  0.970242319649438E+000  0.307217558929722E+001  0.808015514093135E+001 -0.151333584845781E+003
  0.138790762768564E-046  0.305439808400024E+003  0.264662190566997E+000  0.967821978120992E+000  0.305991931818917E+001  0.966826146615860E+001 -0.152447586987252E+003
  0.141320143630357E-046  0.305372679339673E+003  0.267834018502356E+000  0.977598575737286E+000  0.304536951015052E+001  0.508333933051850E+001 -0.147829100321436E+003
  0.350189365653271E-045  0.298921608352500E+003  0.265646719976905E+000  0.967009351288241E+000  0.305716051229165E+001  0.984640818229413E+001 -0.149366633679626E+003
  0.586132505473390E-045  0.297860456320076E+003  0.260348992740844E+000  0.950308980446326E+000  0.310040243060698E+001 -0.375695234753095E+001 -0.135232697133588E+003
  0.180109783829017E-044  0.295584236375895E+003  0.262458800129730E+000  0.955491199384984E+000  0.308218607126716E+001  0.431702783101082E+001 -0.142168567340040E+003
  0.570661835762680E-044  0.293246767547830E+003  0.266411619425128E+000  0.966612809544817E+000  0.305893936834896E+001  0.964117231819199E+001 -0.146323977413188E+003
  0.146948236004030E-043  0.291324021816552E+003  0.261570783948856E+000  0.959136584000322E+000  0.308211692379797E+001  0.618835702866875E+001 -0.141909789258026E+003
  0.293261447506520E-043  0.289911045174051E+003  0.254604403160371E+000  0.972987539982635E+000  0.310825103654865E+001 -0.992375505064462E+000 -0.134022568403042E+003
  0.134229035552199E-040  0.277627560167050E+003  0.261598025402818E+000  0.954066357090308E+000  0.309193288518341E+001  0.136904915537764E+001 -0.130242250559984E+003
  0.211011196821465E-040  0.276691824521701E+003  0.266983888996451E+000  0.983641290487902E+000  0.304333033664681E+001 -0.664196446631844E+000 -0.127741137135300E+003
  0.269687863371029E-040  0.276170108086465E+003  0.267089486247699E+000  0.979639255932394E+000  0.304628763948422E+001  0.346779131626859E+001 -0.131612266680582E+003
  0.371611525271192E-040  0.275497932127262E+003  0.262717886557081E+000  0.957581248624675E+000  0.308568287460194E+001  0.467755565228055E+001 -0.132485943036993E+003
  0.117995786246077E-039  0.273156153783545E+003  0.266786336836181E+000  0.974769751833667E+000  0.305075086116923E+001  0.713059581450443E+001 -0.133768094027358E+003
  0.403968103760430E-039  0.270663771391058E+003  0.254898802517757E+000  0.984352264662594E+000  0.310022983713964E+001 -0.825072250065089E+001 -0.117140584515960E+003
  0.735835641164139E-039  0.269433421305189E+003  0.258650798015731E+000  0.958495416854472E+000  0.309813333982925E+001  0.246659951310944E+001 -0.127242731486785E+003
  0.154904309672707E-038  0.267913641167788E+003  0.262080438274964E+000  0.977641376784274E+000  0.306630266144743E+001  0.464604102583048E+001 -0.128662282930806E+003
  0.213848526523406E-038  0.267237712044537E+003  0.258464469480891E+000  0.956741263901109E+000  0.311278104953654E+001 -0.291963378285373E+001 -0.120758643560496E+003
  0.316916933481329E-038  0.266419960160199E+003  0.260911438698180E+000  0.978915260273176E+000  0.307129500377311E+001  0.309158468093957E+001 -0.126360986082121E+003
  0.380127280724035E-038  0.266025218895401E+003  0.261251926703135E+000  0.962091473586279E+000  0.308211433651598E+001  0.703524989440903E+001 -0.130107280663191E+003
  0.540454052513870E-038  0.265290403565670E+003  0.262412127058899E+000  0.984551748604920E+000  0.306074070755907E+001 -0.179268259334312E+001 -0.120911940510573E+003
  0.220491888528348E-037  0.262447322440110E+003  0.258279874445843E+000  0.964667214273220E+000  0.309496580136669E+001  0.466596258508880E+001 -0.125949045126225E+003
  0.356524513778994E-037  0.261455229882332E+003  0.260424877587800E+000  0.960264166728021E+000  0.308801733293035E+001  0.545157709802032E+001 -0.126238613360268E+003
  0.541143162474524E-037  0.260589659769977E+003  0.263595251410494E+000  0.982170937592853E+000  0.307091635872201E+001 -0.347614869129003E+000 -0.120006636336941E+003
  0.998694067314017E-037  0.259333122150230E+003  0.265694140102249E+000  0.979677314950067E+000  0.305003271989776E+001  0.358215549855599E+001 -0.123308137894752E+003
  0.122793279340402E-036  0.258888836005381E+003  0.261518025493200E+000  0.974796557460756E+000  0.307123701190320E+001  0.608356030311391E+001 -0.125587399626886E+003
  0.275375949247884E-036  0.257242557699291E+003  0.262754650623603E+000  0.979554926627800E+000  0.306235745127621E+001  0.334524013755589E+001 -0.122025940308283E+003
  0.491754176974231E-036  0.256051865928003E+003  0.262922311202563E+000  0.962223174514028E+000  0.308308065067332E+001  0.666645510434654E+001 -0.124751809389430E+003
  0.130105414936885E-035  0.254074955259619E+003  0.263902955378444E+000  0.969130161081583E+000  0.307485838994065E+001  0.770979864782096E+001 -0.124806697598712E+003
  0.156107502064231E-035  0.253679547127110E+003  0.266239259774647E+000  0.984322989735920E+000  0.304852858466714E+001 -0.140043125027604E+001 -0.115498763634361E+003
  0.718991435784425E-035  0.250593929632742E+003  0.258371161838314E+000  0.970288292455632E+000  0.310871909476514E+001 -0.270912129749530E+000 -0.115085474007703E+003
  0.120395815074899E-034  0.249531880418895E+003  0.263037418581762E+000  0.967062366662910E+000  0.307055238293136E+001  0.885718118665074E+001 -0.123682542717179E+003
  0.524129938951358E-034  0.246558962335979E+003  0.259580520726297E+000  0.980450377634638E+000  0.307782516657116E+001  0.801034463441867E+000 -0.114139936952513E+003
  0.590161951132236E-034  0.246290639234908E+003  0.265963361507534E+000  0.984532722794283E+000  0.304939001307173E+001 -0.163247082641772E+001 -0.111572270112118E+003
  0.155393923843777E-033  0.244323327987074E+003  0.258924114461225E+000  0.980461919591615E+000  0.310010230480173E+001 -0.425990970455699E+001 -0.107961175610062E+003
  0.377626378545516E-033  0.242516435707597E+003  0.260023721250254E+000  0.969489358338689E+000  0.308305232277954E+001  0.661579525343513E+001 -0.117933434428315E+003
  0.906372872227703E-033  0.240734336354808E+003  0.258822937145562E+000  0.974987775700067E+000  0.310351859202031E+001 -0.904967016067381E+000 -0.109521622482418E+003
  0.214829013866977E-032  0.238977374501237E+003  0.264772579877588E+000  0.969838893525882E+000  0.306657663396929E+001  0.851538621250743E+001 -0.118063494784207E+003
  0.539158398930403E-032  0.237106032176323E+003  0.265278042536788E+000  0.982347758374262E+000  0.305185556598747E+001  0.909474758094261E+000 -0.109521912167337E+003
  0.630025600955030E-032  0.236763521699863E+003  0.261564505391050E+000  0.979614122242048E+000  0.306882329688604E+001  0.272375300496278E+001 -0.111164935175976E+003
  0.899832213336309E-032  0.236019617604149E+003  0.258809840976934E+000  0.957853437034589E+000  0.310000317430842E+001  0.165349742311104E+001 -0.109722727546267E+003
  0.153320630099570E-031  0.234922792977312E+003  0.263268293385704E+000  0.973839448211558E+000  0.306497436177658E+001  0.719427553603383E+001 -0.114715093345771E+003
  0.201240488630969E-031  0.234347845997211E+003  0.262466559908292E+000  0.960849429444423E+000  0.308249649784695E+001  0.654252464247439E+001 -0.113775868962161E+003
  0.762362925696414E-031  0.231652993486095E+003  0.263744750854612E+000  0.968561920464982E+000  0.306781505070105E+001  0.885061699161873E+001 -0.114736535055748E+003
  0.258669777498081E-030  0.229178555856814E+003  0.256296146259169E+000  0.975587885856203E+000  0.309899953409385E+001  0.220371202991177E+000 -0.104869070452480E+003
  0.153298743514721E-029  0.225588704634274E+003  0.260543132573020E+000  0.961052112115737E+000  0.308901567248359E+001  0.542625316808472E+001 -0.108280026806303E+003
  0.156078565278925E-029  0.225521754432275E+003  0.260198321892217E+000  0.980469862615964E+000  0.309174722601658E+001 -0.217597087026613E+001 -0.100644327666953E+003
  0.224363166042064E-029  0.224764933035361E+003  0.257391332816000E+000  0.966740716508795E+000  0.309956417143035E+001  0.339470190421106E+001 -0.105836589742973E+003
  0.230656164779648E-029  0.224678600419242E+003  0.263524704784812E+000  0.966632838107333E+000  0.307162189026882E+001  0.869425871135055E+001 -0.111092980242053E+003
  0.838212981534908E-029  0.222066903875639E+003  0.258444639218738E+000  0.975158535881909E+000  0.308797314548628E+001  0.312433465832311E+001 -0.104217207917224E+003
  0.116352062863881E-028  0.221380028523302E+003  0.260189073217184E+000  0.958103902859989E+000  0.309565924188492E+001  0.282544733684711E+001 -0.103574882919579E+003
  0.149725064879787E-028  0.220844659966087E+003  0.260442123536169E+000  0.969899523511272E+000  0.308164879948123E+001  0.672725893110634E+001 -0.107209010235231E+003
  0.189962765854826E-028  0.220337596848427E+003  0.264691346517466E+000  0.974719081292843E+000  0.306378658339283E+001  0.660869608046258E+001 -0.106836915825757E+003
  0.877376668103470E-028  0.217246371850312E+003  0.262099018061052E+000  0.967824865045934E+000  0.308503871483419E+001  0.636084391848024E+001 -0.105043451164718E+003
  0.275860994766935E-027  0.214924271890441E+003  0.262543196651618E+000  0.964261285657310E+000  0.308117669681545E+001  0.730901883477195E+001 -0.104830576101074E+003
  0.168980255619414E-026  0.211268323769890E+003  0.262058533530870E+000  0.969914115267130E+000  0.307472611577673E+001  0.774842722442678E+001 -0.103442010430453E+003
  0.329155042600449E-026  0.209903821363975E+003  0.261940481521478E+000  0.963820058060437E+000  0.308548404282200E+001  0.649201288130144E+001 -0.101503344884370E+003
  0.381863458875863E-026  0.209575744564207E+003  0.259056440133297E+000  0.969021548849603E+000  0.308976531097765E+001  0.537999657624155E+001 -0.100227290179427E+003
  0.452464590649499E-026  0.209205443390821E+003  0.257246094708407E+000  0.969919597882749E+000  0.309855260971349E+001  0.302785350761951E+001 -0.976899965241115E+002
  0.446461217237698E-026  0.209201148958381E+003  0.257086793963889E+000  0.973075774553093E+000  0.311344941555721E+001 -0.295480252065798E+001 -0.917051932796139E+002
  0.573842029926796E-026  0.208668137360905E+003  0.263204729658951E+000  0.983186057605027E+000  0.306995721221044E+001 -0.128752610869051E+001 -0.931059638928436E+002
  0.804379204366465E-026  0.207961695675924E+003  0.258753187082449E+000  0.971409977757787E+000  0.310429117518913E+001  0.698402804365974E+000 -0.947386719634095E+002
  0.944424331743275E-026  0.207609677775045E+003  0.258038961163195E+000  0.984793767349475E+000  0.308486919906549E+001 -0.518909686948755E+001 -0.886751633391162E+002
  0.957821711431091E-026  0.207550497228855E+003  0.263407413230039E+000  0.980688338968037E+000  0.306997957052128E+001  0.132656461651726E+001 -0.951612345520260E+002
  0.127431692610413E-025  0.206948481027533E+003  0.254668929426548E+000  0.969368119670244E+000  0.311334401965159E+001 -0.133356476105788E+001 -0.922000970737899E+002
  0.176194390774842E-025  0.206269457850923E+003  0.262197445985317E+000  0.983857033289402E+000  0.307618579246680E+001 -0.286015717434043E+001 -0.903339930722022E+002
  0.391741803400830E-025  0.204640419319034E+003  0.260228147952319E+000  0.964373623512314E+000  0.308844680449060E+001  0.606358971125355E+001 -0.984432206918519E+002
  0.753933363823648E-025  0.203300008887504E+003  0.259711675730216E+000  0.961156848914690E+000  0.309461726329277E+001  0.416938553485770E+001 -0.958788112996910E+002
  0.120172286577843E-024  0.202336585433663E+003  0.264301141258916E+000  0.978303095268022E+000  0.306252831189319E+001  0.420975343058756E+001 -0.954374674685002E+002
  0.500986378522125E-024  0.199450272105520E+003  0.259382583408492E+000  0.966353988370298E+000  0.309090851801297E+001  0.552777053176593E+001 -0.953123279056074E+002
  0.491805085953763E-023  0.194851086428260E+003  0.263585603941464E+000  0.975906001762154E+000  0.306575009247209E+001  0.579196560177390E+001 -0.932769301369851E+002
  0.519679117636116E-023  0.194709819918395E+003  0.261931610194176E+000  0.976357161704746E+000  0.308152315886820E+001  0.330410705927498E+001 -0.907184383395538E+002
  0.573772068819063E-023  0.194480770174974E+003  0.263671693927879E+000  0.982169925311938E+000  0.306569143038820E+001  0.290937994873931E+000 -0.875907444034424E+002
  0.645783452310964E-023  0.194213297782627E+003  0.263962292439211E+000  0.982954973309612E+000  0.306171342061672E+001 -0.211044533841719E+000 -0.869550256785533E+002
  0.294113029614509E-022  0.191150119396605E+003  0.260826012286801E+000  0.966340507096769E+000  0.308491589754369E+001  0.672565527674354E+001 -0.923601362961276E+002
  0.699663420817850E-022  0.189385840535374E+003  0.253964957434368E+000  0.975853772315981E+000  0.311354811580443E+001 -0.446061135909854E+001 -0.802917302296699E+002
  0.736514352807814E-022  0.189252173499171E+003  0.262490116903710E+000  0.970355267313479E+000  0.307480382238090E+001  0.754168240517083E+001 -0.922271904758377E+002
  0.917251969644476E-022  0.188782258152102E+003  0.259585030946442E+000  0.983039605399372E+000  0.307868718292366E+001 -0.205984516695766E+001 -0.823907052301750E+002
  0.999263130464422E-022  0.188579977924520E+003  0.261076172199141E+000  0.978790742449663E+000  0.308548928959755E+001  0.690610032838827E+000 -0.850400203161804E+002
  0.113649522897606E-021  0.188291596936525E+003  0.261270922336445E+000  0.980022459634565E+000  0.307237202477190E+001  0.189752386761604E+001 -0.861027436569599E+002
  0.381795052840327E-021  0.185837059360550E+003  0.262655901299618E+000  0.983609078112426E+000  0.307173425100880E+001 -0.194636763390483E+001 -0.810315833674516E+002
  0.890469598055624E-021  0.184112320971288E+003  0.258788659897564E+000  0.982482090273672E+000  0.308325377565891E+001 -0.222918552977524E+001 -0.798863962769503E+002
  0.192217731781453E-020  0.182542382837490E+003  0.258802750433384E+000  0.968582503933033E+000  0.310373941559640E+001  0.174592246802641E+001 -0.830765352078526E+002
  0.315233722471031E-020  0.181522003283242E+003  0.256914176724363E+000  0.959659003194557E+000  0.311280448433172E+001 -0.156863714420789E+001 -0.792517858184945E+002
  0.594147489964660E-020  0.180223368413472E+003  0.258768485040227E+000  0.968194535724853E+000  0.310392046566145E+001  0.177583136614623E+001 -0.819469368939635E+002
  0.889743891462057E-020  0.179384747898865E+003  0.257277803628635E+000  0.981118257103054E+000  0.309217775187246E+001 -0.266617549349765E+001 -0.770856197770164E+002
  0.131494849642263E-019  0.178572501288366E+003  0.258105554590462E+000  0.963917666700964E+000  0.310105700487621E+001  0.296855416519089E+001 -0.823142261304551E+002
  0.148830931894742E-019  0.178293806331693E+003  0.257923790417747E+000  0.973163320577056E+000  0.309400176078227E+001  0.286408713434493E+001 -0.820704116212729E+002
  0.245758599857508E-019  0.177259720405989E+003  0.261142020622069E+000  0.977969873256575E+000  0.308480074090164E+001  0.151430510962831E+001 -0.802035866337041E+002
  0.373010805867629E-019  0.176394196759657E+003  0.256757941548440E+000  0.984657104182383E+000  0.310772134350984E+001 -0.110230777452201E+002 -0.672334419556898E+002
  0.393081908345066E-019  0.176258367148674E+003  0.261485495292254E+000  0.969071988137196E+000  0.308114637767948E+001  0.694073734299127E+001 -0.851293422384098E+002
  0.459535163296081E-019  0.175914963864280E+003  0.259938970559491E+000  0.979597034459826E+000  0.309155363407110E+001 -0.128269163189070E+001 -0.767342116213306E+002
  0.109489006478725E-018  0.174147567939687E+003  0.259376615220701E+000  0.965109637283144E+000  0.309418969122513E+001  0.477249982136410E+001 -0.819057051122889E+002
  0.224535183894854E-018  0.172680143028062E+003  0.261556946422672E+000  0.980005512022171E+000  0.308060610999179E+001  0.515893989645028E+000 -0.769153868247576E+002
  0.847698725472510E-018  0.169992148894865E+003  0.255785721550384E+000  0.976054350956657E+000  0.310391954875217E+001 -0.150663005933079E+001 -0.735488657091831E+002
  0.864422139814451E-018  0.169922068639530E+003  0.258550692130933E+000  0.962786516463985E+000  0.310424736943127E+001  0.186027719977861E+001 -0.768807328406252E+002
  0.171313270403569E-017  0.168523024812697E+003  0.258569621078543E+000  0.963286288177946E+000  0.310425385358197E+001  0.191799802839886E+001 -0.762389317558290E+002
  0.189117014875060E-017  0.168294272282257E+003  0.259221801123337E+000  0.966232503535408E+000  0.310046382278314E+001  0.303276499344326E+001 -0.772393224556529E+002
  0.244844504548964E-017  0.167746749141305E+003  0.257205742415432E+000  0.976277372511890E+000  0.310943482835050E+001 -0.351819484175346E+001 -0.704146010499806E+002
  0.242104009064803E-017  0.167738252589024E+003  0.258211333466947E+000  0.962444295622642E+000  0.310573960451425E+001  0.137334476767314E+001 -0.753018923832664E+002
  0.251089019343900E-017  0.167634363992655E+003  0.256797056964605E+000  0.963013255681810E+000  0.310977292268772E+001  0.248253376084826E+000 -0.741248566934938E+002
  0.512896311859323E-017  0.166174823282356E+003  0.261003640322362E+000  0.968704157164319E+000  0.308724510314133E+001  0.583357595097886E+001 -0.789804089132381E+002
  0.779890296247782E-017  0.165305655788591E+003  0.257441007302244E+000  0.983375251630166E+000  0.309068461625928E+001 -0.474971809949606E+001 -0.679625311158809E+002
  0.797673110158017E-017  0.165229556189166E+003  0.262406876144243E+000  0.976288676316838E+000  0.307449322823129E+001  0.451450833794296E+001 -0.771887077536075E+002
  0.878418071383631E-017  0.165005700283134E+003  0.261199344946821E+000  0.974861367524015E+000  0.307789876962564E+001  0.504098615971572E+001 -0.776032576223643E+002
  0.912388910497491E-017  0.164898804525037E+003  0.256513491689547E+000  0.962711047986047E+000  0.311198402407920E+001 -0.527718934708349E+000 -0.719811046488917E+002
  0.935715130086755E-017  0.164817306660303E+003  0.259137403752976E+000  0.966858910850286E+000  0.309421665321889E+001  0.468012735339692E+001 -0.771482020046296E+002
  0.127015812161217E-016  0.164175127097326E+003  0.262159829624505E+000  0.982542034492447E+000  0.307380646899714E+001 -0.983528592202616E+000 -0.711634562775415E+002
  0.128238710383761E-016  0.164124954988125E+003  0.260695405744701E+000  0.983520049832750E+000  0.307455360854645E+001 -0.203338896037057E+001 -0.700885098547731E+002
  0.165869335997898E-016  0.163579332827287E+003  0.260911438424832E+000  0.972945145998894E+000  0.308079462928716E+001  0.561686340922036E+001 -0.774659511439452E+002
  0.211529442074672E-016  0.163061996756290E+003  0.258564735333319E+000  0.963917432747817E+000  0.310361548842426E+001  0.216877349110598E+001 -0.737591931903322E+002
  0.215645224327109E-015  0.158387277432143E+003  0.257823653003084E+000  0.967890632598355E+000  0.310828508299732E+001  0.529073076627323E+000 -0.697821331137804E+002
  0.251438929333997E-015  0.158049137945121E+003  0.261724033224840E+000  0.976847396020174E+000  0.307941453054366E+001  0.336551224656074E+001 -0.724495025402028E+002
  0.268754639768947E-015  0.157884932153637E+003  0.259628711013905E+000  0.977939828836439E+000  0.308326145725569E+001  0.201017791594425E+001 -0.710120653138441E+002
  0.292913100403385E-015  0.157681769508918E+003  0.257179291975341E+000  0.965374983384930E+000  0.310597972178711E+001  0.157669918418078E+001 -0.704770052597212E+002
  0.380231552495871E-015  0.157128952262959E+003  0.262070930982620E+000  0.979521517120263E+000  0.307263631886393E+001  0.222821411376411E+001 -0.708521115663251E+002
  0.480298303295274E-015  0.156630689969378E+003  0.262025230744446E+000  0.982424096009402E+000  0.307108163351859E+001 -0.442946284524127E+000 -0.679318200212463E+002
  0.983878720244173E-015  0.155165491073104E+003  0.261851820087495E+000  0.980897824130835E+000  0.307597869185782E+001  0.429267702842965E+000 -0.680714345604766E+002
  0.187163933391659E-014  0.153848348025437E+003  0.256439111357987E+000  0.983683976181618E+000  0.310912850707728E+001 -0.102986105030937E+002 -0.566849848307063E+002
  0.262326635638909E-014  0.153142128559943E+003  0.257803613198779E+000  0.980489551832424E+000  0.309107595758321E+001 -0.181709580852566E+001 -0.648133897925270E+002
  0.544687220900207E-014  0.151649877596623E+003  0.257834484997837E+000  0.976896434292558E+000  0.309328895975409E+001  0.711503832325168E+000 -0.665958639517179E+002
  0.243630014860538E-013  0.148622821000267E+003  0.255790122715053E+000  0.965568308975534E+000  0.311400414478757E+001 -0.104068744838633E+001 -0.633301443728283E+002
  0.357849059365646E-013  0.147822891559893E+003  0.258416190488757E+000  0.966263379793534E+000  0.310052631331710E+001  0.308339124550731E+001 -0.670542583465352E+002
  0.475923662325733E-013  0.147221590801830E+003  0.259161091139585E+000  0.979152333968296E+000  0.309493482128662E+001 -0.165838705096436E+001 -0.620118296710321E+002
  0.637327039610831E-013  0.146606531505355E+003  0.261276154202078E+000  0.978065214541828E+000  0.307743904148320E+001  0.281591226382417E+001 -0.661785993375828E+002
  0.778697712384942E-013  0.146174843142211E+003  0.257902663415384E+000  0.978000718749247E+000  0.310325023752239E+001 -0.291116937541250E+001 -0.602356735167745E+002
  0.949774892349328E-013  0.145746630616635E+003  0.258094863223563E+000  0.977033695194383E+000  0.310253352835163E+001 -0.195466712156870E+001 -0.609780695078304E+002
  0.129595171249916E-012  0.145094071011064E+003  0.261522500044975E+000  0.980711820828893E+000  0.307586159656244E+001  0.670560077735921E+000 -0.632770169043495E+002
  0.276395723492648E-012  0.143548226447482E+003  0.257995605459528E+000  0.981345131964190E+000  0.309014474154411E+001 -0.246197200325286E+001 -0.593715625415693E+002
  0.343975122729074E-012  0.143079746639400E+003  0.258184151491142E+000  0.972084818248535E+000  0.309569173122711E+001  0.291861296158357E+001 -0.645179076023649E+002
  0.343964477174725E-012  0.143048800164520E+003  0.258275054556718E+000  0.971317690752817E+000  0.309591289282554E+001  0.317397432675807E+001 -0.647577957300994E+002
  0.985000898968350E-012  0.140913583459817E+003  0.258145877694036E+000  0.966692901750067E+000  0.310296291422808E+001  0.234823497591912E+001 -0.628644480269089E+002
  0.111812255748728E-011  0.140629047654827E+003  0.261229122186007E+000  0.982272377897490E+000  0.307645673712459E+001 -0.100226880627307E+001 -0.593716763422220E+002
  0.121651384169940E-011  0.140429362740419E+003  0.258974661548345E+000  0.968606300091537E+000  0.309835012570952E+001  0.329382050271102E+001 -0.635679231940020E+002
  0.141403718513259E-011  0.140097435160378E+003  0.261158730446363E+000  0.979243439364029E+000  0.307965103075252E+001  0.143372900541489E+001 -0.615418679066853E+002
  0.153066413380861E-011  0.139907921086013E+003  0.257207509106771E+000  0.982568091452177E+000  0.310450154664457E+001 -0.760400976199760E+001 -0.524093721020901E+002
  0.263418819790204E-011  0.138791166043677E+003  0.258503593151664E+000  0.970646516153481E+000  0.310170635303293E+001  0.178565260741547E+001 -0.612406569503352E+002
  0.318542168654620E-011  0.138380138415241E+003  0.256588500965265E+000  0.974109043403334E+000  0.310265469580509E+001  0.520506353766947E-001 -0.593015411640784E+002
  0.503121974383462E-011  0.137434974500971E+003  0.257357909962232E+000  0.981493428213695E+000  0.309373866239665E+001 -0.344427492883472E+001 -0.553326336427322E+002
  0.753820832754336E-011  0.136595321962054E+003  0.258600342530141E+000  0.983797464212145E+000  0.308623286504528E+001 -0.432337463931283E+001 -0.540337076627955E+002
  0.105797293212299E-010  0.135886402967669E+003  0.258959574637148E+000  0.982053985043160E+000  0.308550062197421E+001 -0.224518321013976E+001 -0.557574395947760E+002
  0.123919717951677E-010  0.135539176624672E+003  0.257852220912600E+000  0.967310979351841E+000  0.310413483868267E+001  0.193833503996155E+001 -0.597673446733791E+002
  0.235112646454376E-010  0.134227306599892E+003  0.260200809095823E+000  0.979887562929887E+000  0.308153270980768E+001  0.598362177909851E+000 -0.577714367989372E+002
  0.251217517727264E-010  0.134063789381961E+003  0.260713263293122E+000  0.981231187221463E+000  0.307922939766125E+001 -0.334312166311928E+000 -0.567570038457501E+002
  0.283964319348631E-010  0.133787722157221E+003  0.254764739723848E+000  0.972585924224063E+000  0.311425328919104E+001 -0.286394455463425E+001 -0.540893378450578E+002
  0.407422698469029E-010  0.133034708537138E+003  0.259460161487423E+000  0.983949808069868E+000  0.308245064611812E+001 -0.380224733341625E+001 -0.527745282562342E+002
  0.100114203268824E-009  0.131205609279327E+003  0.260457476155265E+000  0.978697821682430E+000  0.308432926532743E+001  0.107916572284065E+001 -0.567413916835857E+002
  0.110316039046054E-009  0.130980525383128E+003  0.259938085303657E+000  0.983874602963794E+000  0.308075497925750E+001 -0.343439282546628E+001 -0.521152911871790E+002
  0.134543181642365E-009  0.130552445266053E+003  0.259740604851980E+000  0.975109013822928E+000  0.308750608266162E+001  0.314209308423256E+001 -0.584777370383403E+002
  0.167906324770356E-009  0.130078394827739E+003  0.260421146199654E+000  0.983423653631078E+000  0.308157330013297E+001 -0.311311756242012E+001 -0.519855011725309E+002
  0.183411978073871E-009  0.129870729183369E+003  0.256977132701892E+000  0.971561083375149E+000  0.311024965215598E+001 -0.114660310626800E+001 -0.538481828064977E+002
  0.209820785738065E-009  0.129570683017842E+003  0.257153309106569E+000  0.971174123903645E+000  0.310286605172087E+001  0.135159371500425E+001 -0.561963565450065E+002
  0.261272616500801E-009  0.129101053435262E+003  0.255347896503471E+000  0.969451435806798E+000  0.311421161281074E+001 -0.169940429312805E+001 -0.529105437455842E+002
  0.275096250732195E-009  0.128966931723745E+003  0.255191227492154E+000  0.978094118931542E+000  0.310814042301809E+001 -0.434911152533580E+001 -0.501937756576181E+002
  0.307069656348102E-009  0.128716016197872E+003  0.257776426052694E+000  0.979513825002280E+000  0.310206412114376E+001 -0.384731570412273E+001 -0.505701137158949E+002
  0.419421760974341E-009  0.128061403049610E+003  0.256856709947579E+000  0.978571933456246E+000  0.310808507429821E+001 -0.482950437519609E+001 -0.492606184706900E+002
  0.470603727892278E-009  0.127800115887044E+003  0.258658417103016E+000  0.972097399462543E+000  0.309903657316088E+001  0.196241077340852E+001 -0.559218900380120E+002
  0.475739770675978E-009  0.127747398300691E+003  0.259939483992217E+000  0.979809231857414E+000  0.308348013893740E+001  0.314776625976972E+000 -0.542478970974036E+002
  0.521941587203941E-009  0.127531020577144E+003  0.257213049397607E+000  0.974492687340648E+000  0.309989084636079E+001  0.593557125821803E+000 -0.544184887354753E+002
  0.614661435276516E-009  0.127172980354551E+003  0.260202194171314E+000  0.981119350792185E+000  0.308448525592237E+001 -0.118297148341318E+001 -0.524629400149436E+002
  0.663781176207795E-009  0.126988210107911E+003  0.259903242886724E+000  0.977316458020556E+000  0.308564295589698E+001  0.198385353266874E+001 -0.555373799077056E+002
  0.815381074937074E-009  0.126545795656213E+003  0.257932770506745E+000  0.978125912983682E+000  0.309368435418692E+001 -0.357463818479979E+000 -0.529748553307077E+002
  0.931348885556652E-009  0.126248830544504E+003  0.256289408360869E+000  0.972593064300892E+000  0.310639674821372E+001 -0.293002869110250E+000 -0.528908337242233E+002
  0.115211068878364E-008  0.125792388229903E+003  0.258169732865118E+000  0.971847359080384E+000  0.310212673441782E+001  0.122041641035391E+001 -0.541760318463869E+002
  0.222049888796179E-008  0.124449107350285E+003  0.259451280444466E+000  0.978913644928859E+000  0.309102870413501E+001 -0.499881724700285E+000 -0.517840932715237E+002
  0.236024561760654E-008  0.124296031389344E+003  0.258649252755071E+000  0.975621177600381E+000  0.309233711170439E+001  0.177877251414816E+001 -0.539862095299017E+002
  0.309170586895019E-008  0.123725108394573E+003  0.259182490495888E+000  0.973293774089026E+000  0.309369275594546E+001  0.276792552646325E+001 -0.546899010448310E+002
  0.329213756397872E-008  0.123568471882361E+003  0.256245615200800E+000  0.977124116969486E+000  0.310335911407525E+001 -0.213862591999908E+001 -0.497050313422630E+002
  0.512363077674933E-008  0.122652811000253E+003  0.257141680925519E+000  0.973016717576999E+000  0.310194236180048E+001  0.810542973161228E+000 -0.521963697943688E+002
  0.630579932020327E-008  0.122206589800837E+003  0.257194833950760E+000  0.974407200745434E+000  0.310053016531063E+001  0.462010385678063E+000 -0.516247266071781E+002
  0.787458959789098E-008  0.121731238764143E+003  0.258648664880205E+000  0.975203772840990E+000  0.309768756789717E+001  0.657914508963959E+000 -0.515829552121166E+002
  0.138011963223701E-007  0.120578001971806E+003  0.257602662922791E+000  0.970520503057482E+000  0.310480901409929E+001  0.964136973971511E+000 -0.513125592809557E+002
  0.154162231536797E-007  0.120325663342666E+003  0.257529171730350E+000  0.980820999589729E+000  0.310220085110751E+001 -0.510810065270699E+001 -0.451141523397073E+002
  0.152057261448604E-007  0.120322151628592E+003  0.258068529526928E+000  0.979524126826590E+000  0.309264380535765E+001 -0.131546301653559E+001 -0.489050341188416E+002
  0.161844322845064E-007  0.120166387789218E+003  0.257365564872658E+000  0.974827848691328E+000  0.309952876282096E+001  0.482996867766969E+000 -0.506256120834575E+002
  0.175827263530702E-007  0.119969645110608E+003  0.258002248031017E+000  0.971252187402934E+000  0.310065124312651E+001  0.190962445966479E+001 -0.519538683360500E+002
  0.176621577456300E-007  0.119929621922583E+003  0.258136338381424E+000  0.980986362212238E+000  0.309145039016610E+001 -0.242257786503039E+001 -0.476016544173427E+002
  0.176721692140556E-007  0.119897480207568E+003  0.259159485444435E+000  0.976824517080910E+000  0.309325097956386E+001  0.661776872788240E+000 -0.506699382976538E+002
  0.177943192374635E-007  0.119852695392371E+003  0.256691105746830E+000  0.979393682613888E+000  0.310804024174813E+001 -0.552178051224873E+001 -0.444639885050183E+002
  0.188851031269379E-007  0.119702698710225E+003  0.256801544324562E+000  0.983917978586180E+000  0.310469295156947E+001 -0.917387783286706E+001 -0.407368928433268E+002
  0.198382721726962E-007  0.119573211151034E+003  0.257417279146636E+000  0.978801976528774E+000  0.310390876207562E+001 -0.374528630239054E+001 -0.461007405942080E+002
  0.282013950232896E-007  0.118838685906689E+003  0.256798414752829E+000  0.982508524941231E+000  0.309741469589526E+001 -0.545060987541846E+001 -0.440281543990072E+002
  0.315284500465227E-007  0.118584639796292E+003  0.256865480437997E+000  0.969716324817521E+000  0.310877446929267E+001  0.432546909090625E-002 -0.493560666883185E+002
  0.335036053346398E-007  0.118432105941868E+003  0.258070243911179E+000  0.983376627161855E+000  0.309058835062948E+001 -0.477719356447706E+001 -0.444982807275384E+002
  0.698511729039199E-005  0.106738152518118E+003  0.257736649285294E+000  0.973007889125914E+000  0.310190254455838E+001  0.782470208516045E+000 -0.466797189982220E+002
  0.142803289358200E-004  0.105307950104024E+003  0.256173766777577E+000  0.972790604468461E+000  0.311257130155707E+001 -0.244369361051183E+001 -0.427384539721473E+002
  0.163358595721753E-004  0.105038990756425E+003  0.257048368568245E+000  0.972299241371294E+000  0.310550210959209E+001  0.758906741345609E-001 -0.451235585829942E+002
  0.264341526757505E-004  0.104076402414653E+003  0.255563463460024E+000  0.973159188656602E+000  0.311171700202854E+001 -0.229457311359119E+001 -0.422718006243825E+002
  0.474098866826212E-004  0.102908054513252E+003  0.256658787029736E+000  0.972425589657846E+000  0.310865515060731E+001 -0.970290725790511E+000 -0.430119090614826E+002
  0.476961784323392E-004  0.102896013530834E+003  0.257093895290693E+000  0.972958295138000E+000  0.310522022008280E+001 -0.153313758590176E+000 -0.438228655374740E+002
  0.932523846649930E-004  0.101555096824735E+003  0.256595259617255E+000  0.972620763323060E+000  0.310832675602152E+001 -0.949797651071741E+000 -0.423559232919429E+002
  0.139090557331942E-003  0.100755465661561E+003  0.256276320722497E+000  0.973379872799276E+000  0.311104133969296E+001 -0.221855983209760E+001 -0.406873455293301E+002
