  0.111562728526754E-308  0.144474162045182E+004  0.264913322695131E+000  0.113499017626604E+001  0.312418989853220E+001  0.571516861242425E+000  0.529668711567471E+000 -0.720129044515666E+003
  0.199429896649814E-299  0.140207179394271E+004  0.258703959316749E+000  0.968534183864178E+000  0.322806291396073E+001  0.488151360850852E+000  0.529668711567471E+000 -0.698794131261107E+003
  0.108886064530265E-298  0.139861540188605E+004  0.267193899308069E+000  0.104187813173528E+001  0.315216317805401E+001  0.556980464934188E+000  0.529668711567471E+000 -0.697065935232778E+003
  0.409585102418365E-295  0.138208866271873E+004  0.265254020039693E+000  0.108948816593366E+001  0.313343564834273E+001  0.556968888265786E+000  0.529668711567471E+000 -0.688802565649119E+003
  0.473595559629877E-284  0.133107982934407E+004  0.245099287235503E+000  0.977258396965704E+000  0.338039796049009E+001  0.662157254636086E+000  0.529668711567471E+000 -0.663298148961789E+003
  0.228424763605374E-278  0.130484555853831E+004  0.218627707587836E+000  0.103703158572738E+001  0.347136657261609E+001  0.486963953722015E+000  0.529668711567471E+000 -0.650181013558907E+003
  0.970764804768782E-276  0.129267992019828E+004  0.281900119418767E+000  0.104461851268042E+001  0.301569232745996E+001  0.335868894370457E+000  0.529668711567471E+000 -0.644098194388895E+003
  0.292432477598926E-274  0.128580773735926E+004  0.256666737997196E+000  0.116102117654650E+001  0.321847079796530E+001  0.755621680796374E+000  0.529668711567471E+000 -0.640662102969385E+003
  0.872381829105357E-263  0.123290333517351E+004  0.270791484089519E+000  0.103924419294785E+001  0.316839368829849E+001  0.643263960589864E+000  0.529668711567471E+000 -0.614209901876508E+003
  0.414699170586242E-261  0.122511879916073E+004  0.261112775660975E+000  0.101005528374014E+001  0.324138209119142E+001  0.636959499188958E+000  0.529668711567471E+000 -0.610317633870119E+003
  0.110819134641636E-255  0.120006554255245E+004  0.259049775077611E+000  0.104707729267779E+001  0.316957004599105E+001  0.480549244990827E+000  0.529668711567471E+000 -0.597791005565980E+003
  0.548948402498070E-254  0.119219861905344E+004  0.269167363789979E+000  0.108973311997546E+001  0.313926152273432E+001  0.631290903011129E+000  0.529668711567471E+000 -0.593857543816472E+003
  0.501189880174362E-247  0.116008292327608E+004  0.236349385923304E+000  0.959870614774572E+000  0.319380068619788E+001  0.812964422552255E-001  0.529668711567471E+000 -0.577799695927794E+003
  0.102899688608719E-243  0.114476716004468E+004  0.269385831751732E+000  0.105936099903374E+001  0.319183686381594E+001  0.731916056459424E+000  0.529668711567471E+000 -0.570141814312095E+003
  0.296867771307353E-243  0.114258655231029E+004  0.241984737633820E+000  0.960553014664572E+000  0.331846719915921E+001  0.342571577624270E+000  0.529668711567471E+000 -0.569051510444898E+003
  0.134665525671418E-239  0.112568531366638E+004  0.271666578995101E+000  0.967618483195186E+000  0.309389143209994E+001  0.236812926796787E+000  0.529668711567471E+000 -0.560600891122946E+003
  0.384263385096347E-232  0.109129051084786E+004  0.278739937301951E+000  0.101863523280553E+001  0.303895723510614E+001  0.348017144017277E+000  0.529668711567471E+000 -0.543403489713686E+003
  0.994165877007788E-227  0.106630196489088E+004  0.252879522288152E+000  0.115465335156540E+001  0.326110693783001E+001  0.766060796351412E+000  0.529668711567471E+000 -0.530909216735193E+003
  0.678499048496285E-222  0.104397861263181E+004  0.243680414256687E+000  0.113389941719258E+001  0.328540789616642E+001  0.617082814768238E+000  0.529668711567471E+000 -0.519747540605657E+003
  0.371353577806528E-216  0.101749150505504E+004  0.259818556600565E+000  0.930901970423940E+000  0.320457773524667E+001  0.341995952669764E+000  0.529668711567471E+000 -0.506503986817273E+003
  0.421426228261648E-211  0.994151130624679E+003  0.273310789746214E+000  0.104058695261611E+001  0.317228596331632E+001  0.625132721456317E+000  0.529668711567471E+000 -0.494833799602094E+003
  0.260272027838330E-208  0.981237911539828E+003  0.258347635022200E+000  0.110700220865059E+001  0.321105260385597E+001  0.587318030793265E+000  0.529668711567471E+000 -0.488377190059668E+003
  0.938777578577932E-205  0.964795155193244E+003  0.251906200104384E+000  0.112185267571505E+001  0.321568151151746E+001  0.578765422899038E+000  0.529668711567471E+000 -0.480155811886376E+003
  0.193353005967657E-194  0.917236861861891E+003  0.248657256980287E+000  0.951325819008151E+000  0.326270597516596E+001  0.377270517493844E+000  0.529668711567471E+000 -0.456376665220700E+003
  0.152200278000848E-187  0.885417767828092E+003  0.272284062507193E+000  0.915861803609865E+000  0.305414293079807E+001  0.121714018725885E+000  0.529668711567471E+000 -0.440467118203800E+003
  0.511357735586777E-187  0.882932480224888E+003  0.231405011513575E+000  0.104891995238719E+001  0.347410837681401E+001  0.790326024673697E+000  0.529668711567471E+000 -0.439224474402198E+003
  0.191827933918976E-183  0.866411197407993E+003  0.258838387891458E+000  0.111572311558521E+001  0.325743901252404E+001  0.754861397911518E+000  0.529668711567471E+000 -0.430963832993750E+003
  0.680705831249331E-182  0.859211420996171E+003  0.259027239998277E+000  0.105321371816276E+001  0.310413704670652E+001  0.304976145606628E+000  0.529668711567471E+000 -0.427363944787840E+003
  0.101634018132325E-174  0.826112020078383E+003  0.273493001463767E+000  0.104293102930540E+001  0.310978771874349E+001  0.492804546044230E+000  0.529668711567471E+000 -0.410814244328945E+003
  0.221993321609207E-171  0.810672428212409E+003  0.271912147674863E+000  0.103667690141538E+001  0.307523015222618E+001  0.321496908206814E+000  0.529668711567471E+000 -0.403094448395959E+003
  0.264453614957752E-171  0.810260847757953E+003  0.266864782779538E+000  0.100925301313095E+001  0.305945734128411E+001  0.240453864764675E+000  0.529668711567471E+000 -0.402888658168731E+003
  0.119886504519086E-170  0.807002352235810E+003  0.236016975500839E+000  0.967695671167642E+000  0.336919205162018E+001  0.411989321712622E+000  0.529668711567471E+000 -0.401664875515767E+003
  0.168757458208205E-159  0.755416441493747E+003  0.228495088998297E+000  0.997121461874986E+000  0.327922471708611E+001  0.156962179831786E+000  0.529668711567471E+000 -0.375871920144736E+003
  0.731250536042665E-151  0.715564051367475E+003  0.250881605651913E+000  0.106132549926380E+001  0.318600689183149E+001  0.393853298703870E+000  0.529668711567471E+000 -0.355945725081600E+003
  0.155003809964101E-144  0.686352031508382E+003  0.262945411167138E+000  0.105425278266203E+001  0.311487474661740E+001  0.380458438050187E+000  0.529668711567471E+000 -0.341339715152053E+003
  0.144395369089982E-142  0.677205038792300E+003  0.243066106160482E+000  0.100518682001066E+001  0.328882396955936E+001  0.441407228739431E+000  0.529668711567471E+000 -0.336766218794012E+003
  0.212683589706887E-142  0.676352096543984E+003  0.237194005639774E+000  0.936296446248138E+000  0.319371560415095E+001  0.271818347388553E-001  0.529668711567471E+000 -0.336339747669854E+003
  0.298771713781471E-142  0.675593906686111E+003  0.235427943868279E+000  0.977686405131327E+000  0.329469555128357E+001  0.288515169522290E+000  0.529668711567471E+000 -0.335960652740918E+003
  0.656413609547462E-141  0.669414513880320E+003  0.277533015893292E+000  0.988059831844037E+000  0.297983007939436E+001  0.130705723377405E+000  0.529668711567471E+000 -0.332870956338022E+003
  0.623667610413054E-140  0.664830046788876E+003  0.262923973415721E+000  0.978504370199355E+000  0.315422408285157E+001  0.355918655413274E+000  0.529668711567471E+000 -0.330578722792300E+003
  0.328693408145433E-131  0.624428933293025E+003  0.269143846534199E+000  0.103215299045911E+001  0.298513812431582E+001  0.106367184291433E+000  0.529668711567471E+000 -0.310378166044374E+003
  0.110003291106282E-130  0.621937512734386E+003  0.250311646082346E+000  0.938823967664880E+000  0.313638936408817E+001  0.101806839700316E+000  0.529668711567471E+000 -0.309132455765055E+003
  0.177929834025406E-129  0.616295103897998E+003  0.235547243803726E+000  0.105453062578658E+001  0.326643485746494E+001  0.298624138158865E+000  0.529668711567471E+000 -0.306311251346861E+003
  0.181957370583087E-129  0.616174856941301E+003  0.270972485740031E+000  0.103581774144149E+001  0.311470252463787E+001  0.442118478988749E+000  0.529668711567471E+000 -0.306251127868512E+003
  0.383438464012776E-122  0.582372371549500E+003  0.279433460554512E+000  0.969296961582274E+000  0.295590779161698E+001  0.558937029800944E-001  0.529668711567471E+000 -0.289349885172612E+003
  0.688367640738014E-118  0.562705922334150E+003  0.255664033952150E+000  0.105955126041504E+001  0.311918338459244E+001  0.248041710847774E+000  0.529668711567471E+000 -0.279516660564937E+003
  0.412312689607002E-116  0.554445183386019E+003  0.245977923885291E+000  0.945418670435118E+000  0.325627206785111E+001  0.293120473828875E+000  0.529668711567471E+000 -0.275386291090872E+003
  0.938283763980769E-115  0.548119991730773E+003  0.260587988349079E+000  0.921405144167531E+000  0.312221093975121E+001  0.137867811862090E+000  0.529668711567471E+000 -0.272223695263249E+003
  0.706706519616543E-107  0.511697288199361E+003  0.264419108928440E+000  0.103157934664681E+001  0.298708057065447E+001  0.207330708955353E-001  0.529668711567471E+000 -0.254012343497542E+003
  0.187552215983686E-103  0.495856988529476E+003  0.235513121355877E+000  0.100320117717273E+001  0.322658666517935E+001  0.132484307741647E+000  0.529668711567471E+000 -0.246092193662600E+003
  0.572739993655287E-101  0.484341163751974E+003  0.262112171208793E+000  0.971335567356934E+000  0.315737142755486E+001  0.285575747728173E+000  0.529668711567471E+000 -0.240334281273849E+003
  0.175808220995768E-099  0.477420164297612E+003  0.262370058619505E+000  0.974051727691921E+000  0.304295839908114E+001  0.766976970487760E-002  0.529668711567471E+000 -0.236873781546668E+003
  0.276180407575859E-099  0.476444107898637E+003  0.238642666855388E+000  0.102315417771077E+001  0.322603420584845E+001  0.192805631437720E+000  0.529668711567471E+000 -0.236385753347180E+003
  0.463450975724005E-097  0.466125739624617E+003  0.255561942452278E+000  0.992439286946664E+000  0.311315527944194E+001  0.112382648085162E+000  0.529668711567471E+000 -0.231226569210171E+003
  0.100907375609303E-096  0.464569564612172E+003  0.268534906775885E+000  0.102358420118477E+001  0.295785354725746E+001  0.523728813001599E-003  0.529668711567471E+000 -0.230448481703948E+003
  0.749674359278526E-096  0.460410476864429E+003  0.260518352523661E+000  0.104864653085134E+001  0.314025754807183E+001  0.341494310383702E+000  0.529668711567471E+000 -0.228368937830076E+003
  0.145238811069873E-093  0.449804750146265E+003  0.245157513391074E+000  0.973666369410429E+000  0.313636185821247E+001  0.720367861172748E-002  0.529668711567471E+000 -0.223066074470995E+003
  0.637832349632821E-092  0.442167452445136E+003  0.237622002027858E+000  0.985516340875609E+000  0.323643940305199E+001  0.151769310803867E+000  0.529668711567471E+000 -0.219247425620430E+003
  0.963300875210154E-091  0.436664966322058E+003  0.266796396758919E+000  0.974711153968267E+000  0.311039374981569E+001  0.251612783197206E+000  0.529668711567471E+000 -0.216496182558891E+003
  0.653284825139341E-088  0.423626160933600E+003  0.257782213037430E+000  0.934489542445035E+000  0.308770407280447E+001  0.726507129424741E-001  0.529668711567471E+000 -0.209976779864662E+003
  0.742391087603022E-085  0.409479443793689E+003  0.250425396130636E+000  0.945973857192596E+000  0.315215555752887E+001  0.830435566386393E-001  0.529668711567471E+000 -0.202903421294707E+003
  0.442931455140775E-083  0.401226545060314E+003  0.269750253071193E+000  0.969691921759841E+000  0.299750552718166E+001  0.606126781399955E-001  0.529668711567471E+000 -0.198776971928019E+003
  0.149579533830020E-073  0.357270536102545E+003  0.240944800695789E+000  0.105208694191572E+001  0.324764752208401E+001  0.338522119777395E+000  0.529668711567471E+000 -0.176798967449135E+003
  0.389140534322743E-068  0.332184244630505E+003  0.263141118376056E+000  0.103377404151800E+001  0.308745170191289E+001  0.249349550101278E+000  0.529668711567471E+000 -0.164255821713115E+003
  0.917069533342736E-068  0.330397023847692E+003  0.255216037508308E+000  0.105150057861205E+001  0.314839860065950E+001  0.322811756571382E+000  0.529668711567471E+000 -0.163362211321708E+003
  0.238933512864293E-067  0.328271128574362E+003  0.243220758446737E+000  0.103491021406509E+001  0.321986177039913E+001  0.261790941347998E+000  0.529668711567471E+000 -0.162299263685043E+003
  0.141426910571428E-063  0.310831449274673E+003  0.249025710482528E+000  0.103526467157879E+001  0.313621761602661E+001  0.169850224023436E+000  0.529668711567471E+000 -0.153579424035199E+003
  0.698319755547789E-063  0.307569858071723E+003  0.247236381622759E+000  0.101243920047700E+001  0.320787865976603E+001  0.307058544249030E+000  0.529668711567471E+000 -0.151948628433724E+003
  0.490230684846411E-061  0.299067119769044E+003  0.258178649242198E+000  0.101602559219769E+001  0.308064695808777E+001  0.165732290340158E+000  0.529668711567471E+000 -0.147697259282384E+003
  0.715721769989194E-061  0.298310288896406E+003  0.251796476181515E+000  0.969824967474272E+000  0.321534747311038E+001  0.280425164221552E+000  0.529668711567471E+000 -0.147318843846065E+003
  0.176042237976383E-059  0.291832348330672E+003  0.245339583226150E+000  0.100920165086540E+001  0.321178535323019E+001  0.228685790952940E+000  0.529668711567471E+000 -0.144079873563198E+003
  0.192725895805636E-059  0.291578523050951E+003  0.258683021545420E+000  0.100367473762256E+001  0.312466308203347E+001  0.205278850648117E+000  0.529668711567471E+000 -0.143952960923338E+003
  0.147635947009787E-057  0.282828486439625E+003  0.256172457380829E+000  0.102265363067706E+001  0.306112772310332E+001  0.952930951058016E-001  0.529668711567471E+000 -0.139577942617675E+003
  0.168928666512572E-055  0.273205773923216E+003  0.265133468903628E+000  0.976489182842260E+000  0.303577652315153E+001  0.499771752159816E-001  0.529668711567471E+000 -0.134766586359470E+003
  0.418227625859288E-055  0.271392675304011E+003  0.264932746184816E+000  0.998236492755296E+000  0.301647504602333E+001  0.377363438002806E-001  0.529668711567471E+000 -0.133860037049868E+003
  0.906549632463502E-053  0.260492177130730E+003  0.264279851254944E+000  0.101251441136966E+001  0.302110616297335E+001  0.753793726331502E-001  0.529668711567471E+000 -0.128409787963227E+003
  0.231329245548262E-052  0.258548431863732E+003  0.258052852765308E+000  0.972359637290761E+000  0.311925118298620E+001  0.191423123082694E+000  0.529668711567471E+000 -0.127437915329728E+003
  0.238794257083158E-052  0.258414728562066E+003  0.256397989623849E+000  0.951489875251613E+000  0.309811469485017E+001  0.479791201858612E-001  0.529668711567471E+000 -0.127371063678895E+003
  0.264369306788587E-052  0.258141056556846E+003  0.269519312072891E+000  0.990650411689794E+000  0.300511303486788E+001  0.737927153522957E-001  0.529668711567471E+000 -0.127234227676285E+003
  0.416067022064092E-051  0.252490901941779E+003  0.246876027379269E+000  0.962414797019267E+000  0.317563905144750E+001  0.156065937388588E+000  0.529668711567471E+000 -0.124409150368751E+003
  0.792080932117256E-047  0.232585706621009E+003  0.245826645399933E+000  0.106269664971646E+001  0.325411498837313E+001  0.446197288966513E+000  0.529668711567471E+000 -0.114456552708367E+003
  0.258177068585868E-044  0.220948734489906E+003  0.250064500409831E+000  0.935789411356505E+000  0.311930464922807E+001  0.195505292495541E-001  0.529668711567471E+000 -0.108638066642815E+003
  0.278625122704976E-044  0.220732793952806E+003  0.260328358098856E+000  0.102468716568874E+001  0.315712730981547E+001  0.352137217559251E+000  0.529668711567471E+000 -0.108530096374265E+003
  0.176877233169589E-043  0.216972949046367E+003  0.263291436111386E+000  0.101271125654886E+001  0.310719799306031E+001  0.266654713731630E+000  0.529668711567471E+000 -0.106650173921046E+003
  0.974494345921336E-043  0.213496526003961E+003  0.261488093164900E+000  0.100911144126185E+001  0.304048293795374E+001  0.983494905043549E-001  0.529668711567471E+000 -0.104911962399842E+003
  0.104472091496224E-042  0.213293855917715E+003  0.243024580246707E+000  0.994627494246910E+000  0.315431271785379E+001  0.866399686283151E-001  0.529668711567471E+000 -0.104810627356720E+003
  0.238664212580334E-042  0.211578083267005E+003  0.256449352666335E+000  0.936995709448708E+000  0.307436137111187E+001  0.131775938406543E-001  0.529668711567471E+000 -0.103952741031365E+003
  0.756102196630170E-042  0.209208347966343E+003  0.246959309144609E+000  0.105051552017340E+001  0.328652757347272E+001  0.504934228682028E+000  0.529668711567471E+000 -0.102767873381034E+003
  0.786334291205263E-042  0.209066439647479E+003  0.247070671889054E+000  0.949183227262898E+000  0.315222297976805E+001  0.820662297050262E-001  0.529668711567471E+000 -0.102696919221602E+003
  0.124071342653747E-040  0.203485652408371E+003  0.257453557845084E+000  0.101885270515032E+001  0.314170537583742E+001  0.294914016857446E+000  0.529668711567471E+000 -0.999065256020478E+002
  0.160074078558893E-040  0.202912595101863E+003  0.248414693623813E+000  0.101819924006193E+001  0.312991486323530E+001  0.124498926534384E+000  0.529668711567471E+000 -0.996199969487935E+002
  0.185730890581126E-039  0.197946603314967E+003  0.239139753968538E+000  0.994035384863075E+000  0.324792605193434E+001  0.231308864685628E+000  0.529668711567471E+000 -0.971370010553457E+002
  0.129272202419625E-038  0.194002692779765E+003  0.251171619928320E+000  0.991780355097751E+000  0.323903055918891E+001  0.390769248638850E+000  0.529668711567471E+000 -0.951650457877444E+002
  0.236440697209288E-038  0.192731641088697E+003  0.254152448976916E+000  0.100676624435613E+001  0.321897011115002E+001  0.377799655126416E+000  0.529668711567471E+000 -0.945295199422106E+002
  0.119227842875655E-037  0.189432295738487E+003  0.254890822894765E+000  0.996921197439289E+000  0.322526147067316E+001  0.404743276294225E+000  0.529668711567471E+000 -0.928798472671057E+002
  0.872356060170511E-036  0.180783305440023E+003  0.256789076254592E+000  0.994523691208164E+000  0.320029569919016E+001  0.372446350081828E+000  0.529668711567471E+000 -0.885553521178738E+002
  0.315645232789629E-035  0.178147795386581E+003  0.250845922873813E+000  0.950722164052106E+000  0.315538075671783E+001  0.117732115772287E+000  0.529668711567471E+000 -0.872375970911525E+002
  0.899657390975324E-035  0.175989507765369E+003  0.253810717737679E+000  0.100681685280251E+001  0.307552069923470E+001  0.770952562896609E-001  0.529668711567471E+000 -0.861584532805464E+002
  0.832544243552133E-033  0.166870725293371E+003  0.252321180036988E+000  0.969045546933498E+000  0.314805544710489E+001  0.134337548123460E+000  0.529668711567471E+000 -0.815990620445478E+002
  0.596588272780590E-031  0.158263405826200E+003  0.251328121841542E+000  0.988601367840429E+000  0.317753680203842E+001  0.252195357887929E+000  0.529668711567471E+000 -0.772954023109621E+002
  0.131324036391919E-029  0.152016686829401E+003  0.248575343847444E+000  0.953974590197126E+000  0.316945947981353E+001  0.138165095678560E+000  0.529668711567471E+000 -0.741720428125627E+002
  0.327603656945049E-029  0.150124916061727E+003  0.252798655931394E+000  0.941070586076903E+000  0.310371041206792E+001  0.173524223208014E-001  0.529668711567471E+000 -0.732261574287258E+002
  0.372330727880792E-029  0.149805462669119E+003  0.243787417405763E+000  0.101666587759056E+001  0.330297549242356E+001  0.469115209198355E+000  0.529668711567471E+000 -0.730664307324215E+002
  0.802648368005488E-029  0.148205696857643E+003  0.254135294077687E+000  0.102753150453474E+001  0.313839995070733E+001  0.234694454377458E+000  0.529668711567471E+000 -0.722665478266837E+002
  0.732177555603681E-028  0.143659273304327E+003  0.242659637585538E+000  0.981925412263297E+000  0.324353208290994E+001  0.252731484405395E+000  0.529668711567471E+000 -0.699933360500258E+002
  0.123424394470116E-025  0.133343007966570E+003  0.241550840551981E+000  0.101522063108308E+001  0.325223456651387E+001  0.304320955022472E+000  0.529668711567471E+000 -0.648352033811473E+002
  0.404911395670138E-025  0.130905385671295E+003  0.267025240287977E+000  0.965749114954746E+000  0.300414252093221E+001  0.165751106582291E-001  0.529668711567471E+000 -0.636163922335097E+002
  0.568688898236157E-025  0.130164511822416E+003  0.262320563008382E+000  0.997137695800157E+000  0.307816824908351E+001  0.160999585824709E+000  0.529668711567471E+000 -0.632459553090701E+002
  0.592308743883015E-025  0.130021579519194E+003  0.254065138624622E+000  0.995914339844723E+000  0.315837698370671E+001  0.253472690238087E+000  0.529668711567471E+000 -0.631744891574590E+002
  0.709717378419574E-025  0.129598358588941E+003  0.265150315123320E+000  0.975154257922272E+000  0.304365506704972E+001  0.921135489621591E-001  0.529668711567471E+000 -0.629628786923328E+002
  0.266692150189878E-024  0.126889188754778E+003  0.248595457058261E+000  0.104723812513146E+001  0.325135029715007E+001  0.467597372483323E+000  0.529668711567471E+000 -0.616082937752511E+002
  0.287296665831877E-024  0.126678804711260E+003  0.257009209959172E+000  0.972956591608315E+000  0.307826804190555E+001  0.839695212807607E-001  0.529668711567471E+000 -0.615031017534921E+002
  0.473982701168807E-024  0.125615950464194E+003  0.246696894818428E+000  0.104632315684101E+001  0.327376296041676E+001  0.493665009056471E+000  0.529668711567471E+000 -0.609716746299589E+002
  0.622334360727889E-024  0.125009793786575E+003  0.260158148459376E+000  0.969929445347348E+000  0.309994885596166E+001  0.137784111177121E+000  0.529668711567471E+000 -0.606685962911495E+002
  0.104670550488597E-022  0.119303229502498E+003  0.260384576545134E+000  0.962013540759753E+000  0.306347838399741E+001  0.415921810926646E-001  0.529668711567471E+000 -0.578153141491113E+002
  0.187185733978128E-021  0.113473948897923E+003  0.260255819365812E+000  0.958230851312615E+000  0.306536963949216E+001  0.409553954965052E-001  0.529668711567471E+000 -0.549006738468234E+002
  0.409868228509472E-020  0.107239766673795E+003  0.254123844330192E+000  0.955480782598331E+000  0.311026594524514E+001  0.883341413698988E-001  0.529668711567471E+000 -0.517835827347594E+002
  0.483442195493650E-020  0.106848031277900E+003  0.243047612981152E+000  0.102904473810274E+001  0.327200769302807E+001  0.392322244917016E+000  0.529668711567471E+000 -0.515877150368122E+002
  0.712012830294197E-020  0.106012159604798E+003  0.252232877463166E+000  0.100551147327315E+001  0.321476341789617E+001  0.367802060955011E+000  0.529668711567471E+000 -0.511697792002611E+002
  0.984304287116331E-020  0.105302937981869E+003  0.246886847314083E+000  0.102979080734521E+001  0.326201443355418E+001  0.414652700938569E+000  0.529668711567471E+000 -0.508151683887968E+002
  0.104588550189860E-019  0.105120026481140E+003  0.244973183269160E+000  0.983235272447200E+000  0.316767059394807E+001  0.125670780908842E+000  0.529668711567471E+000 -0.507237126384320E+002
  0.470077071624891E-019  0.102052758002579E+003  0.251023744500256E+000  0.980146000059110E+000  0.320496152405210E+001  0.273529567376065E+000  0.529668711567471E+000 -0.491900783991514E+002
  0.844169019274725E-019  0.100820302543426E+003  0.246274588372310E+000  0.101034338734715E+001  0.318931883865332E+001  0.211702278914214E+000  0.529668711567471E+000 -0.485738506695750E+002
  0.139868025791581E-018  0.997488958986128E+002  0.253760906450510E+000  0.965642193853677E+000  0.308440778457543E+001  0.303201169464524E-002  0.529668711567471E+000 -0.480381473471685E+002
  0.200861664908455E-018  0.989635183178105E+002  0.253435000870145E+000  0.102908252149336E+001  0.323059926079685E+001  0.444756629839942E+000  0.529668711567471E+000 -0.476454585567674E+002
  0.516156748406632E-018  0.970143868834731E+002  0.252592694628793E+000  0.995714345135711E+000  0.309705996485368E+001  0.930633334715102E-001  0.529668711567471E+000 -0.466708928395987E+002
  0.123360608895714E-017  0.952102706793614E+002  0.256071295010103E+000  0.100197322519381E+001  0.313397591210861E+001  0.227886391298366E+000  0.529668711567471E+000 -0.457688347375428E+002
  0.391144538100663E-017  0.928407967448066E+002  0.253722374721173E+000  0.971435079879706E+000  0.307707647774378E+001  0.322308559320305E-001  0.529668711567471E+000 -0.445840977702654E+002
  0.134060186220484E-016  0.903156598501381E+002  0.251612099721847E+000  0.968552025703208E+000  0.309633041334561E+001  0.132616718910725E-001  0.529668711567471E+000 -0.433215293229312E+002
  0.166170484879698E-016  0.898246656754633E+002  0.251242815233685E+000  0.996508975908820E+000  0.322542419202583E+001  0.354610032636801E+000  0.529668711567471E+000 -0.430760322355938E+002
  0.207306514876080E-016  0.893207540230302E+002  0.246429185022405E+000  0.977193915810749E+000  0.320685381547702E+001  0.219282834745854E+000  0.529668711567471E+000 -0.428240764093772E+002
  0.321717750572714E-016  0.883802583778965E+002  0.250785645407314E+000  0.977834657715685E+000  0.319717094876031E+001  0.250191387774563E+000  0.529668711567471E+000 -0.423538285868104E+002
  0.324494711565998E-016  0.883015258031597E+002  0.252547944557112E+000  0.967795099931355E+000  0.313719175427210E+001  0.118876664037277E+000  0.529668711567471E+000 -0.423144622994420E+002
  0.886662008562505E-016  0.862295932443087E+002  0.250477282440034E+000  0.969422486342002E+000  0.316412025864531E+001  0.174711987810796E+000  0.529668711567471E+000 -0.412784960200165E+002
  0.932388713958038E-016  0.860674780405685E+002  0.258343130619674E+000  0.963964446412135E+000  0.310186021020622E+001  0.127763346088343E+000  0.529668711567471E+000 -0.411974384181464E+002
  0.241870383257231E-015  0.840994601902529E+002  0.246263722501349E+000  0.987688954902891E+000  0.319248136870373E+001  0.205682007876921E+000  0.529668711567471E+000 -0.402134294929886E+002
  0.543072449305661E-014  0.778150651691791E+002  0.253506446166009E+000  0.100716806876617E+001  0.314591464086272E+001  0.226427598562891E+000  0.529668711567471E+000 -0.370712319824517E+002
  0.745876568505065E-014  0.771188870646921E+002  0.253945519370191E+000  0.981792404953252E+000  0.309422063125101E+001  0.878215307622618E-001  0.529668711567471E+000 -0.367231429302082E+002
  0.109599720391028E-013  0.762876241721949E+002  0.249194445565689E+000  0.970438602353616E+000  0.317712520985466E+001  0.173693813337638E+000  0.529668711567471E+000 -0.363075114839596E+002
  0.354080539793236E-013  0.738807016999358E+002  0.253775554499089E+000  0.101004182102050E+001  0.313645973599521E+001  0.195458179692938E+000  0.529668711567471E+000 -0.351040502478300E+002
  0.666401102587888E-013  0.725544236934059E+002  0.255731369520279E+000  0.998048010787132E+000  0.316896918504427E+001  0.289574863884879E+000  0.529668711567471E+000 -0.344409112445651E+002
  0.880515757405590E-013  0.719356482193608E+002  0.260642792249873E+000  0.991828318881600E+000  0.302289946128476E+001  0.591375216822231E-002  0.529668711567471E+000 -0.341315235075425E+002
  0.866491989203877E-013  0.719062148213112E+002  0.247052158063455E+000  0.987473239299352E+000  0.315028959100370E+001  0.110962285805475E+000  0.529668711567471E+000 -0.341168068085177E+002
  0.168320320130242E-012  0.705166693832831E+002  0.247713301051146E+000  0.101033310495930E+001  0.318867205831253E+001  0.230834212180548E+000  0.529668711567471E+000 -0.334220340895037E+002
  0.176455487242975E-012  0.703607264335882E+002  0.257063207501272E+000  0.971618156273118E+000  0.312600638202414E+001  0.170111797747605E+000  0.529668711567471E+000 -0.333440626146562E+002
  0.187018686971915E-012  0.701829033271541E+002  0.247623777088425E+000  0.102060527956419E+001  0.324539263969046E+001  0.374719906407080E+000  0.529668711567471E+000 -0.332551510614392E+002
  0.122749332530858E-011  0.663583182501598E+002  0.260040478900038E+000  0.952801183923121E+000  0.306285703358489E+001  0.376648938857528E-001  0.529668711567471E+000 -0.313428585229420E+002
  0.325536911321165E-011  0.643461118827738E+002  0.254177903748315E+000  0.101088893774772E+001  0.313494996720331E+001  0.204162959684274E+000  0.529668711567471E+000 -0.303367553392490E+002
  0.354669309498126E-011  0.641131486079551E+002  0.248694430031060E+000  0.102387105993689E+001  0.325831510711969E+001  0.434790764016072E+000  0.529668711567471E+000 -0.302202737018397E+002
  0.350877869577585E-011  0.640731005302263E+002  0.249573694373478E+000  0.102657355080426E+001  0.321415125360449E+001  0.343888363744924E+000  0.529668711567471E+000 -0.302002496629753E+002
  0.512623202830957E-011  0.632533514831048E+002  0.249117814194231E+000  0.101417608936567E+001  0.323663070376209E+001  0.382355744411211E+000  0.529668711567471E+000 -0.297903751394145E+002
  0.588564182268145E-011  0.629155183584867E+002  0.256354163602006E+000  0.966403794761129E+000  0.311616782235527E+001  0.136516611299143E+000  0.529668711567471E+000 -0.296214585771055E+002
  0.874269656252301E-011  0.620625692857160E+002  0.259821081984336E+000  0.982755525397701E+000  0.304400654578110E+001  0.456244726026748E-001  0.529668711567471E+000 -0.291949840407202E+002
  0.194963484133748E-010  0.603970089405445E+002  0.251763771943037E+000  0.964140392936118E+000  0.309775670577346E+001  0.192404935924312E-001  0.529668711567471E+000 -0.283622038681344E+002
  0.248969306893775E-010  0.598464309368022E+002  0.250140882248785E+000  0.979118942139006E+000  0.318909871425536E+001  0.226023217110010E+000  0.529668711567471E+000 -0.280869148662633E+002
  0.327729172022834E-010  0.592351717217131E+002  0.245697636979615E+000  0.999371022362877E+000  0.321311185098871E+001  0.245258724398337E+000  0.529668711567471E+000 -0.277812852587187E+002
  0.457697470177925E-010  0.585055867081056E+002  0.262127436788417E+000  0.967750929892477E+000  0.304064625879409E+001  0.428324990348221E-001  0.529668711567471E+000 -0.274164927519149E+002
  0.529870082679129E-010  0.581511965326076E+002  0.258371495865674E+000  0.986245024526754E+000  0.310773258457092E+001  0.159303852593308E+000  0.529668711567471E+000 -0.272392976641659E+002
  0.918436149083899E-010  0.569895721427744E+002  0.246861466780646E+000  0.997967370428500E+000  0.317506463406286E+001  0.177869268111039E+000  0.529668711567471E+000 -0.266584854692493E+002
  0.125033363828971E-009  0.563110421862672E+002  0.246929363144767E+000  0.994663269225935E+000  0.316887295218432E+001  0.164169892359100E+000  0.529668711567471E+000 -0.263192204909957E+002
  0.804160401629423E-009  0.525270625859836E+002  0.251303818163866E+000  0.977907721957257E+000  0.317002955766829E+001  0.194165011331035E+000  0.529668711567471E+000 -0.244272306908539E+002
  0.136720345848443E-008  0.514040714534209E+002  0.246548899059795E+000  0.101326842458428E+001  0.323443952586416E+001  0.327267957001518E+000  0.529668711567471E+000 -0.238657351245726E+002
  0.204799318208928E-008  0.505343421447144E+002  0.253937648951416E+000  0.101131444027325E+001  0.316663334122036E+001  0.272190004323948E+000  0.529668711567471E+000 -0.234308704702193E+002
  0.298405802389374E-008  0.497199513292943E+002  0.257023988782728E+000  0.956862999726781E+000  0.308029899806475E+001  0.405298495548043E-001  0.529668711567471E+000 -0.230236750625093E+002
  0.307375823078846E-008  0.495991742816502E+002  0.254717377389323E+000  0.997239414661021E+000  0.312930369223805E+001  0.172409994336408E+000  0.529668711567471E+000 -0.229632865386872E+002
  0.306594674889466E-008  0.495427201248770E+002  0.257963813740967E+000  0.969219892137030E+000  0.310076208585405E+001  0.122666985942231E+000  0.529668711567471E+000 -0.229350594603006E+002
  0.342494713071932E-008  0.492597175609905E+002  0.258165966829517E+000  0.990722970300941E+000  0.308768338085093E+001  0.118347410654377E+000  0.529668711567471E+000 -0.227935581783574E+002
  0.457309047968469E-008  0.486199678540546E+002  0.247839989148670E+000  0.989683103701140E+000  0.318873194790025E+001  0.217755150342776E+000  0.529668711567471E+000 -0.224736833248894E+002
  0.577114070931605E-008  0.480930634818025E+002  0.261001853758886E+000  0.983682656479297E+000  0.304863314615558E+001  0.648859667683020E-001  0.529668711567471E+000 -0.222102311387634E+002
  0.127225591579932E-007  0.464505062209238E+002  0.254812211002198E+000  0.965105663547126E+000  0.311615196018661E+001  0.104978528931515E+000  0.529668711567471E+000 -0.213889525083240E+002
  0.176592179785055E-007  0.457332005380389E+002  0.251524154479714E+000  0.998573078131805E+000  0.312775268487415E+001  0.142949543532209E+000  0.529668711567471E+000 -0.210302996668816E+002
  0.454361963016303E-007  0.437815549194235E+002  0.252900430329301E+000  0.100766978590147E+001  0.319262604046858E+001  0.315173394546019E+000  0.529668711567471E+000 -0.200544768575739E+002
  0.446923291289093E-007  0.437530259695292E+002  0.249117872000338E+000  0.980037863772021E+000  0.316763837999438E+001  0.163596932535100E+000  0.529668711567471E+000 -0.200402123826267E+002
  0.485103607420737E-007  0.435275316129192E+002  0.254190305194973E+000  0.990277186401948E+000  0.315317242584983E+001  0.210259343229241E+000  0.529668711567471E+000 -0.199274652043217E+002
  0.515793797270743E-007  0.433432991430864E+002  0.249027601512389E+000  0.992966962628120E+000  0.315253093846201E+001  0.157915931240943E+000  0.529668711567471E+000 -0.198353489694053E+002
  0.511241331548066E-007  0.432994864579823E+002  0.255806642142024E+000  0.985477353176542E+000  0.314162989066070E+001  0.205920220803805E+000  0.529668711567471E+000 -0.198134426268533E+002
  0.634014634613934E-007  0.428074825699448E+002  0.252564748263893E+000  0.983919684902477E+000  0.308631179932814E+001  0.345474985362722E-001  0.529668711567471E+000 -0.195674406828345E+002
  0.889118827946649E-007  0.420696215443005E+002  0.255517808865700E+000  0.982439455741207E+000  0.314094490124601E+001  0.195080748824577E+000  0.529668711567471E+000 -0.191985101700124E+002
  0.109380631603095E-006  0.415937021590161E+002  0.261718809922982E+000  0.973959982434845E+000  0.304667829440350E+001  0.512962334518861E-001  0.529668711567471E+000 -0.189605504773702E+002
  0.116567809856053E-006  0.414048801812214E+002  0.251454337400281E+000  0.969951928531153E+000  0.311343727832430E+001  0.752801452881992E-001  0.529668711567471E+000 -0.188661394884728E+002
  0.127906159363907E-006  0.411576894587809E+002  0.257360935798679E+000  0.966181720709486E+000  0.308615466152170E+001  0.842632519219658E-001  0.529668711567471E+000 -0.187425441272526E+002
  0.217967444295829E-006  0.400300484445163E+002  0.250962386043677E+000  0.100021189476244E+001  0.315253304482883E+001  0.193464091665231E+000  0.529668711567471E+000 -0.181787236201203E+002
  0.249150919202291E-006  0.397010789261247E+002  0.253222537673651E+000  0.974678196231288E+000  0.312401582535482E+001  0.128701651787347E+000  0.529668711567471E+000 -0.180142388609245E+002
  0.242419757716743E-006  0.396943117177264E+002  0.251020219343355E+000  0.989260338004387E+000  0.312205893894266E+001  0.101043167909589E+000  0.529668711567471E+000 -0.180108552567253E+002
  0.311861414293612E-006  0.391289921112573E+002  0.256890485448045E+000  0.989654744178540E+000  0.312198046378878E+001  0.182623911916327E+000  0.529668711567471E+000 -0.177281954534908E+002
  0.332891821183225E-006  0.389369314504914E+002  0.250069643707201E+000  0.990420493049982E+000  0.315442021624894E+001  0.158872421820272E+000  0.529668711567471E+000 -0.176321651231078E+002
  0.371781155621483E-006  0.386544125052942E+002  0.250234620549908E+000  0.977772247843740E+000  0.312322531369986E+001  0.901000899311364E-001  0.529668711567471E+000 -0.174909056505092E+002
  0.380870417110022E-006  0.385445615581979E+002  0.250723185309025E+000  0.982707708593917E+000  0.314486319845319E+001  0.152252069922070E+000  0.529668711567471E+000 -0.174359801769611E+002
  0.453973973572725E-006  0.381318569113392E+002  0.259916558845158E+000  0.973184992132228E+000  0.306963811324746E+001  0.785556162603840E-001  0.529668711567471E+000 -0.172296278535317E+002
  0.466405946530663E-006  0.380162805633246E+002  0.249071856213347E+000  0.993317113710533E+000  0.316571218093641E+001  0.175985968256287E+000  0.529668711567471E+000 -0.171718396795244E+002
  0.500088618777335E-006  0.378152793750595E+002  0.248404382666653E+000  0.985339618757748E+000  0.317977756544441E+001  0.189713426279291E+000  0.529668711567471E+000 -0.170713390853919E+002
  0.567844721637102E-006  0.374996106903757E+002  0.247709479058536E+000  0.988839170705783E+000  0.318786189168602E+001  0.204932679163070E+000  0.529668711567471E+000 -0.169135047430500E+002
  0.670966895816090E-006  0.371043237806165E+002  0.248231089747983E+000  0.100387117142365E+001  0.318757055073504E+001  0.234669108915594E+000  0.529668711567471E+000 -0.167158612881704E+002
  0.763696244791884E-006  0.367838798140881E+002  0.250182948108511E+000  0.983456711970269E+000  0.312777223480352E+001  0.106724363651683E+000  0.529668711567471E+000 -0.165556393049062E+002
  0.157891632794387E-005  0.352696887016383E+002  0.252077160666998E+000  0.100766459177403E+001  0.318922073057721E+001  0.297290330322087E+000  0.529668711567471E+000 -0.157985437486813E+002
  0.228357055321037E-005  0.344701423707188E+002  0.252943122736239E+000  0.100547878311690E+001  0.317667376477557E+001  0.274342202879929E+000  0.529668711567471E+000 -0.153987705832215E+002
  0.338331273928280E-005  0.336223688938591E+002  0.255540622430453E+000  0.966949416993983E+000  0.307060360569358E+001  0.333112051054320E-002  0.529668711567471E+000 -0.149748838447917E+002
  0.414458744211577E-005  0.331549297319492E+002  0.256206241830369E+000  0.963878162396350E+000  0.307637325974768E+001  0.273980856061292E-001  0.529668711567471E+000 -0.147411642638367E+002
  0.428633634679767E-005  0.330261281796513E+002  0.250627735134567E+000  0.100999627985006E+001  0.318868859695342E+001  0.278319310776500E+000  0.529668711567471E+000 -0.146767634876878E+002
  0.495695752831221E-005  0.326738652996796E+002  0.251588969408568E+000  0.100793484191930E+001  0.318988518331747E+001  0.292078727703052E+000  0.529668711567471E+000 -0.145006320477019E+002
  0.511993656016230E-005  0.325476221875417E+002  0.257195350341663E+000  0.988265630187013E+000  0.307661300862794E+001  0.789437981145866E-001  0.529668711567471E+000 -0.144375104916330E+002
  0.891427047882747E-005  0.313770561325455E+002  0.252892546879777E+000  0.991080660260832E+000  0.316178500105572E+001  0.215128183647387E+000  0.529668711567471E+000 -0.138522274641349E+002
  0.872756519506629E-005  0.313578467895522E+002  0.255051314895914E+000  0.986996428378608E+000  0.313722760636153E+001  0.184450401521842E+000  0.529668711567471E+000 -0.138426227926382E+002
  0.947653562856332E-005  0.311316387133990E+002  0.252008685057095E+000  0.982981075305182E+000  0.311276826734859E+001  0.979841953931982E-001  0.529668711567471E+000 -0.137295187545616E+002
  0.111993380656115E-004  0.307360236644308E+002  0.255790043794071E+000  0.990959160300816E+000  0.313080674562490E+001  0.188948490598630E+000  0.529668711567471E+000 -0.135317112300775E+002
  0.113263132982243E-004  0.306519324392992E+002  0.259051851995880E+000  0.977229109910846E+000  0.305765890698810E+001  0.408986517964487E-001  0.529668711567471E+000 -0.134896656175117E+002
  0.201134943073668E-004  0.294418644835431E+002  0.252670907692668E+000  0.995016350447231E+000  0.313942476724818E+001  0.179531489713060E+000  0.529668711567471E+000 -0.128846316396337E+002
  0.202251551732203E-004  0.293692487924454E+002  0.251602053171540E+000  0.991964979301254E+000  0.312427762169076E+001  0.126727451338494E+000  0.529668711567471E+000 -0.128483237940848E+002
  0.222051797784858E-004  0.291209085756008E+002  0.255937059228675E+000  0.989432656427695E+000  0.307450522110923E+001  0.628563271187208E-001  0.529668711567471E+000 -0.127241536856625E+002
  0.229864662704786E-004  0.289902051888675E+002  0.258102460083045E+000  0.985683509134736E+000  0.305924921594791E+001  0.558276802115087E-001  0.529668711567471E+000 -0.126588019922959E+002
  0.232133256484407E-004  0.289090201206160E+002  0.251408722541047E+000  0.983538148860793E+000  0.314341245031540E+001  0.143822260692136E+000  0.529668711567471E+000 -0.126182094581701E+002
  0.233157300687736E-004  0.288386733075658E+002  0.256702084613007E+000  0.966222797793946E+000  0.306591688876047E+001  0.881178650498726E-002  0.529668711567471E+000 -0.125830360516450E+002
  0.238298129994863E-004  0.287335115886885E+002  0.255972833309005E+000  0.979491123726582E+000  0.310795021241317E+001  0.119336864837400E+000  0.529668711567471E+000 -0.125304551922064E+002
  0.241300242542139E-004  0.286469293894006E+002  0.251399500977529E+000  0.100117684498929E+001  0.316191003856199E+001  0.210926489503852E+000  0.529668711567471E+000 -0.124871640925624E+002
  0.238158375069416E-004  0.286115982399602E+002  0.257949224058796E+000  0.987476862919121E+000  0.306934758266125E+001  0.769028932798583E-001  0.529668711567471E+000 -0.124694985178423E+002
  0.233375279961166E-004  0.285906311073289E+002  0.256079875263873E+000  0.978000158967599E+000  0.306367073785795E+001  0.141787208738147E-001  0.529668711567471E+000 -0.124590149515266E+002
  0.235942657799781E-004  0.285072057928012E+002  0.252462048512997E+000  0.999408579413607E+000  0.313942372597303E+001  0.174320528474706E+000  0.529668711567471E+000 -0.124173022942627E+002
  0.283845569484504E-004  0.280759794339345E+002  0.250961018588299E+000  0.992256989513891E+000  0.318246959352111E+001  0.245256775438191E+000  0.529668711567471E+000 -0.122016891148294E+002
  0.362772553748039E-004  0.275237446299121E+002  0.253228546238264E+000  0.100105296733782E+001  0.314583178463575E+001  0.203225012031230E+000  0.529668711567471E+000 -0.119255717128182E+002
  0.530403667324268E-004  0.267024767347375E+002  0.251474487206625E+000  0.100430386756905E+001  0.317153200990431E+001  0.240919898567773E+000  0.529668711567471E+000 -0.115149377652309E+002
  0.773559582545872E-004  0.258862047299409E+002  0.254330053546534E+000  0.993115639701847E+000  0.314118135183341E+001  0.192917757091101E+000  0.529668711567471E+000 -0.111068017628326E+002
  0.116139807757606E-003  0.250119072109443E+002  0.257930948666893E+000  0.963754629925628E+000  0.306552946202321E+001  0.394144766899826E-001  0.529668711567471E+000 -0.106696530033343E+002
  0.138929176340517E-003  0.245920247418678E+002  0.254411499544915E+000  0.962301756105707E+000  0.309025552182413E+001  0.413900015360703E-001  0.529668711567471E+000 -0.104597117687960E+002
  0.134855738851285E-003  0.245899987736826E+002  0.252697539528119E+000  0.976690316819240E+000  0.313995867521393E+001  0.154090852243058E+000  0.529668711567471E+000 -0.104586987847034E+002
  0.140485491590186E-003  0.244466582268232E+002  0.260555143761630E+000  0.977142916503732E+000  0.304480571883614E+001  0.385183307275938E-001  0.529668711567471E+000 -0.103870285112737E+002
  0.146351443640456E-003  0.243033015961863E+002  0.253320929882940E+000  0.976380716842121E+000  0.309124255936806E+001  0.571739740496268E-001  0.529668711567471E+000 -0.103153501959553E+002
  0.148593538750615E-003  0.242113507325903E+002  0.253410239731715E+000  0.965297337280111E+000  0.309351478024305E+001  0.391572569355737E-001  0.529668711567471E+000 -0.102693747641573E+002
  0.148861296842429E-003  0.241462067588600E+002  0.254641823156074E+000  0.966584980173496E+000  0.308594116985790E+001  0.486516303752043E-001  0.529668711567471E+000 -0.102368027772921E+002
  0.178229089390942E-003  0.237245539152798E+002  0.254118024219984E+000  0.996240134940938E+000  0.312858987262172E+001  0.169730032403904E+000  0.529668711567471E+000 -0.100259763555020E+002
  0.235488083837491E-003  0.231058294561126E+002  0.249530544885332E+000  0.993796619289320E+000  0.316793604416950E+001  0.191797634794023E+000  0.529668711567471E+000 -0.971661412591841E+001
  0.245216403940346E-003  0.229633245601584E+002  0.255216625010432E+000  0.962273831610796E+000  0.308983743717302E+001  0.532913778500553E-001  0.529668711567471E+000 -0.964536167794132E+001
  0.239868423016238E-003  0.229458823758206E+002  0.252042383945309E+000  0.996631476422278E+000  0.314182911978472E+001  0.170379962084063E+000  0.529668711567471E+000 -0.963664058577245E+001
  0.249607929636287E-003  0.228047373188987E+002  0.257066247603576E+000  0.982304010679690E+000  0.309300515530241E+001  0.106452758762354E+000  0.529668711567471E+000 -0.956606805731148E+001
  0.257072179277113E-003  0.226842630149354E+002  0.254840553769931E+000  0.981175162549399E+000  0.307010156134715E+001  0.236904069653293E-001  0.529668711567471E+000 -0.950583090532983E+001
  0.285253062410668E-003  0.224146800458298E+002  0.249786245690913E+000  0.994691106759626E+000  0.318264819707394E+001  0.231113846904316E+000  0.529668711567471E+000 -0.937103942077705E+001
  0.450940210049449E-003  0.214372206601081E+002  0.252251988266294E+000  0.987170996667527E+000  0.316060122635894E+001  0.202210288222198E+000  0.529668711567471E+000 -0.888230972791620E+001
  0.573667930993138E-003  0.208942454373378E+002  0.254890310461254E+000  0.992098564747966E+000  0.311347945321016E+001  0.139814263374285E+000  0.529668711567471E+000 -0.861082211653102E+001
  0.598610799033590E-003  0.207475802714854E+002  0.258980354376740E+000  0.970312708960849E+000  0.306664166867531E+001  0.610435777833186E-001  0.529668711567471E+000 -0.853748953360485E+001
  0.594483800444884E-003  0.206998732921949E+002  0.256154561049261E+000  0.980085568603166E+000  0.310320208001272E+001  0.113925872629786E+000  0.529668711567471E+000 -0.851363604395958E+001
  0.625697346217388E-003  0.205359833449109E+002  0.251565989209739E+000  0.995678292074892E+000  0.315792371129102E+001  0.203952644115046E+000  0.529668711567471E+000 -0.843169107031759E+001
  0.649592165192202E-003  0.203994841353599E+002  0.250021666885864E+000  0.988276363254041E+000  0.316936256693845E+001  0.195563545620426E+000  0.529668711567471E+000 -0.836344146554210E+001
  0.726693152705461E-003  0.201136216433747E+002  0.254813514911712E+000  0.978698305512998E+000  0.306854656317401E+001  0.226094525666905E-001  0.529668711567471E+000 -0.822051021954946E+001
  0.707956030440888E-003  0.201043229805609E+002  0.258108021986480E+000  0.974810943650729E+000  0.304559413491426E+001  0.605186315405989E-002  0.529668711567471E+000 -0.821586088814259E+001
  0.126560128516994E-002  0.188809384140120E+002  0.256440830380773E+000  0.964099901076574E+000  0.306518907301112E+001  0.158150438173157E-003  0.529668711567471E+000 -0.760416860486813E+001
  0.126176902805255E-002  0.188254603100496E+002  0.250830339939514E+000  0.996737447503813E+000  0.316846267169580E+001  0.216019181778487E+000  0.529668711567471E+000 -0.757642955288695E+001
  0.132808652982316E-002  0.186614680324706E+002  0.256716942149867E+000  0.964452026504718E+000  0.306412763369502E+001  0.283214876743328E-002  0.529668711567471E+000 -0.749443341409742E+001
  0.130872578303067E-002  0.186292951707211E+002  0.251383461779450E+000  0.987983039968825E+000  0.315281285297883E+001  0.172920807104580E+000  0.529668711567471E+000 -0.747834698322269E+001
  0.128723787198112E-002  0.186008623351658E+002  0.259230370480621E+000  0.958934881417447E+000  0.305127209068852E+001  0.525382621330609E-002  0.529668711567471E+000 -0.746413056544503E+001
  0.128803452454259E-002  0.185380816301479E+002  0.254311635313553E+000  0.978871557878767E+000  0.311502974642718E+001  0.124802306549152E+000  0.529668711567471E+000 -0.743274021293607E+001
  0.126067273911806E-002  0.185194821801707E+002  0.251392958686056E+000  0.980205329431895E+000  0.314088414650386E+001  0.143830982953348E+000  0.529668711567471E+000 -0.742344048794750E+001
  0.124077981547457E-002  0.184897497288652E+002  0.253851240756086E+000  0.968019336107087E+000  0.309818176602864E+001  0.657384299449345E-001  0.529668711567471E+000 -0.740857426229473E+001
  0.127830031797363E-002  0.183686239044532E+002  0.252464819128776E+000  0.994181597863058E+000  0.313609205590991E+001  0.161024663061763E+000  0.529668711567471E+000 -0.734801135008875E+001
  0.137266280236165E-002  0.181646382154927E+002  0.254654729242075E+000  0.979694286865417E+000  0.310321496249993E+001  0.105039527361001E+000  0.529668711567471E+000 -0.724601850560847E+001
  0.168078887944986E-002  0.176980733990598E+002  0.250875513807351E+000  0.986891608657649E+000  0.313756384842522E+001  0.134121781328250E+000  0.529668711567471E+000 -0.701273609739205E+001
  0.163418657073833E-002  0.176927662497346E+002  0.251220988379488E+000  0.985908812436631E+000  0.314975677577771E+001  0.161867306499025E+000  0.529668711567471E+000 -0.701008252272942E+001
  0.164925559774871E-002  0.176128652065317E+002  0.255163905120541E+000  0.975033570200468E+000  0.306516490011391E+001  0.388825314538850E-002  0.529668711567471E+000 -0.697013200112797E+001
  0.175205609924294E-002  0.174303899314290E+002  0.254968093197679E+000  0.975215833693580E+000  0.310994310273483E+001  0.115638534872247E+000  0.529668711567471E+000 -0.687889436357665E+001
  0.186707936496719E-002  0.172416758923067E+002  0.252817150579248E+000  0.983883093074681E+000  0.314255842670357E+001  0.170334466899172E+000  0.529668711567471E+000 -0.678453734401546E+001
  0.201708825631861E-002  0.170255732925046E+002  0.255118436427068E+000  0.970103659474063E+000  0.309810496342151E+001  0.848307189567418E-001  0.529668711567471E+000 -0.667648604411441E+001
  0.203752371450531E-002  0.169438695934910E+002  0.251411182040738E+000  0.981017971746443E+000  0.314825025000400E+001  0.157530262156706E+000  0.529668711567471E+000 -0.663563419460763E+001
  0.232954287194308E-002  0.166144525742693E+002  0.256212259380108E+000  0.984144204473282E+000  0.310329221264829E+001  0.124634345175948E+000  0.529668711567471E+000 -0.647092568499676E+001
  0.234904595679558E-002  0.165362348292085E+002  0.257721128128153E+000  0.978615857601539E+000  0.308077241598525E+001  0.850003917798674E-001  0.529668711567471E+000 -0.643181681246638E+001
  0.229248654422976E-002  0.165234359403492E+002  0.255399895327875E+000  0.988351910704551E+000  0.310533585461445E+001  0.124147561877874E+000  0.529668711567471E+000 -0.642541736803675E+001
  0.227100387484537E-002  0.164807227956280E+002  0.253172037135339E+000  0.974972376292736E+000  0.309253333816774E+001  0.531088215595934E-001  0.529668711567471E+000 -0.640406079567611E+001
  0.232855812204575E-002  0.163691249284314E+002  0.254435162859213E+000  0.987353240737277E+000  0.309538945023427E+001  0.902890311497599E-001  0.529668711567471E+000 -0.634826186207782E+001
  0.233747678048332E-002  0.162999360023657E+002  0.254496524737836E+000  0.969691758474987E+000  0.307231876300950E+001  0.887933799603159E-002  0.529668711567471E+000 -0.631366739904496E+001
  0.252900540900966E-002  0.160808845693700E+002  0.255529986748041E+000  0.974895041395435E+000  0.306245787337791E+001  0.112209944575234E-002  0.529668711567471E+000 -0.620414168254711E+001
  0.366381924330548E-002  0.152779812401233E+002  0.255640022934262E+000  0.967722328117833E+000  0.306971927854952E+001  0.226758889884204E-001  0.529668711567471E+000 -0.580269001792378E+001
  0.393595488741075E-002  0.150731431124767E+002  0.255791700855389E+000  0.975151218607206E+000  0.306064812415730E+001  0.363112191282800E-003  0.529668711567471E+000 -0.570027095410050E+001
  0.420467152669131E-002  0.148795144794540E+002  0.257126561771291E+000  0.975292396956508E+000  0.308841622627433E+001  0.910928352677584E-001  0.529668711567471E+000 -0.560345663758913E+001
  0.453906858841395E-002  0.146649198444573E+002  0.254658095123069E+000  0.973908169380171E+000  0.307257506671497E+001  0.167189977776984E-001  0.529668711567471E+000 -0.549615932009077E+001
  0.990862820182992E-002  0.127137510087684E+002  0.260173411688696E+000  0.971552696456825E+000  0.304447758800674E+001  0.214880680517183E-001  0.529668711567471E+000 -0.500315731369893E+001
  0.101652016870730E-001  0.126626222585753E+002  0.258032693873161E+000  0.977722529109152E+000  0.304947033045613E+001  0.903455852344520E-002  0.529668711567471E+000 -0.497759293860236E+001
  0.116233916877371E-001  0.123945236500725E+002  0.256652601422594E+000  0.975958187145141E+000  0.305416299960008E+001  0.226323103928797E-003  0.529668711567471E+000 -0.484354363435099E+001
  0.118426426175092E-001  0.121752056813853E+002  0.260086691619402E+000  0.970803782548559E+000  0.304534498058572E+001  0.228976970489491E-001  0.529668711567471E+000 -0.473388465000738E+001
  0.121224658915192E-001  0.120395949207546E+002  0.254369923023438E+000  0.970869263655850E+000  0.308576792097863E+001  0.405172754547928E-001  0.529668711567471E+000 -0.466607926969201E+001
  0.131497946893933E-001  0.117879999372423E+002  0.255572759318976E+000  0.966254935886619E+000  0.308060569717998E+001  0.441431835153059E-001  0.529668711567471E+000 -0.454028177793588E+001
  0.142562183470548E-001  0.115375223296315E+002  0.256408364022465E+000  0.975218984697313E+000  0.305763531797955E+001  0.131404217924825E-002  0.529668711567471E+000 -0.441504297413045E+001
  0.150703646291639E-001  0.113375447619282E+002  0.257333548036321E+000  0.967724689204456E+000  0.307136124155045E+001  0.479348246288861E-001  0.529668711567471E+000 -0.431505419027885E+001
  0.148747462237805E-001  0.112747718714734E+002  0.256643199739021E+000  0.965026181057711E+000  0.306559718664372E+001  0.207092790009135E-001  0.529668711567471E+000 -0.428366774505140E+001
  0.155588697900375E-001  0.110959363667107E+002  0.254651030583569E+000  0.976486052952600E+000  0.307437200413987E+001  0.285041456291219E-001  0.529668711567471E+000 -0.419424999267009E+001
  0.188249961633475E-001  0.105408042339930E+002  0.258037464774192E+000  0.977220860020037E+000  0.305641795691030E+001  0.283379287031767E-001  0.529668711567471E+000 -0.391668392631122E+001
  0.191660774513441E-001  0.105048915397651E+002  0.256201347110699E+000  0.968908545079222E+000  0.306574448036452E+001  0.107291864830807E-001  0.529668711567471E+000 -0.389872757919726E+001
  0.215775705271181E-001  0.100938438724623E+002  0.255580263676952E+000  0.965789599832386E+000  0.307415182715770E+001  0.233721950877211E-001  0.529668711567471E+000 -0.369320374554585E+001
  0.219920639457714E-001  0.100557893026891E+002  0.259251748008883E+000  0.969565764077775E+000  0.305351775768716E+001  0.302545909843192E-001  0.529668711567471E+000 -0.367417646065925E+001
  0.219075933658658E-001  0.997458248310985E+001  0.255440293381033E+000  0.970878644474456E+000  0.308358092335927E+001  0.491396982863784E-001  0.529668711567471E+000 -0.363357305086965E+001
  0.224158747361715E-001  0.983980676661905E+001  0.255578275789901E+000  0.971376638447812E+000  0.306688973438643E+001  0.178111433532667E-001  0.529668711567471E+000 -0.356618519262425E+001
  0.218550455774389E-001  0.980157841682840E+001  0.257109313380613E+000  0.972062122798246E+000  0.305888854084550E+001  0.101542666850856E-001  0.529668711567471E+000 -0.354707101772892E+001
  0.220591857111376E-001  0.969408031783783E+001  0.258237802692898E+000  0.976545004950283E+000  0.305335195919312E+001  0.290326099474055E-001  0.529668711567471E+000 -0.349332196823364E+001
  0.211071087382099E-001  0.969341521253326E+001  0.257294706389515E+000  0.967238328814673E+000  0.305497862431477E+001  0.333951767657229E-002  0.529668711567471E+000 -0.349298941558135E+001
  0.208458109548464E-001  0.962942543967836E+001  0.255613147103756E+000  0.970456516625568E+000  0.308039239422675E+001  0.433511911191050E-001  0.529668711567471E+000 -0.346099452915390E+001
  0.202028894017669E-001  0.960317667604267E+001  0.260547184778866E+000  0.970278635024126E+000  0.303754845961100E+001  0.505120749446144E-002  0.529668711567471E+000 -0.344787014733606E+001
  0.202919085120552E-001  0.950547999639540E+001  0.259374146989576E+000  0.973567020633733E+000  0.304579151344135E+001  0.140179477157483E-001  0.529668711567471E+000 -0.339902180751242E+001
  0.213979987686579E-001  0.939932961429642E+001  0.255856811633101E+000  0.970641433660305E+000  0.307110499956898E+001  0.237470496679642E-001  0.529668711567471E+000 -0.334594661646293E+001
  0.229883367830964E-001  0.907400688037797E+001  0.256549609071225E+000  0.967141919155575E+000  0.305978309235486E+001  0.363277840173095E-002  0.529668711567471E+000 -0.318328524950371E+001
  0.234109613521474E-001  0.894866864401621E+001  0.255873061551318E+000  0.971546258676221E+000  0.306217774222307E+001  0.330558130851982E-002  0.529668711567471E+000 -0.312061613132283E+001
  0.310491832386298E-001  0.829502880530600E+001  0.257409612545393E+000  0.965713115432875E+000  0.306456518686504E+001  0.240765497237975E-001  0.529668711567471E+000 -0.279379621196772E+001
  0.317823197343755E-001  0.815944998285448E+001  0.256910236996908E+000  0.964346879313381E+000  0.306136763646589E+001  0.850223903656691E-002  0.529668711567471E+000 -0.272600680074196E+001
  0.378419859987980E-001  0.781043183296646E+001  0.258928938865923E+000  0.968052182166673E+000  0.305081387304389E+001  0.112709810112080E-001  0.529668711567471E+000 -0.255149772579795E+001
  0.349037389964842E-001  0.779013881431261E+001  0.258638055874053E+000  0.972394207086557E+000  0.305777556974130E+001  0.357344603075098E-001  0.529668711567471E+000 -0.254135121647103E+001
  0.423512479028994E-001  0.731442743108175E+001  0.257715613646646E+000  0.967191775669912E+000  0.306282172422905E+001  0.261082179528731E-001  0.529668711567471E+000 -0.230349552485560E+001
  0.408075583928903E-001  0.729978504214797E+001  0.258452814032727E+000  0.975617583680704E+000  0.304572103399064E+001  0.586863502338603E-002  0.529668711567471E+000 -0.229617433038871E+001
  0.394597147403146E-001  0.727805561199975E+001  0.257825166521332E+000  0.975858674271665E+000  0.305601423035428E+001  0.283937534659769E-001  0.529668711567471E+000 -0.228530961531460E+001
  0.407649888084789E-001  0.721296896381219E+001  0.258477625798100E+000  0.967703058652242E+000  0.304826510417632E+001  0.254507223494564E-002  0.529668711567471E+000 -0.225276629122082E+001
  0.393291790386218E-001  0.719164269858216E+001  0.255106736428348E+000  0.969081060936553E+000  0.308112576269279E+001  0.403163507341691E-001  0.529668711567471E+000 -0.224210315860580E+001
  0.401449579636841E-001  0.705754238737933E+001  0.256648710952485E+000  0.967051824947758E+000  0.305971286937071E+001  0.318036656821004E-002  0.529668711567471E+000 -0.217505300300439E+001
  0.392471116680996E-001  0.700974035426394E+001  0.255667126450845E+000  0.974167263407993E+000  0.306894745275340E+001  0.232289731701356E-001  0.529668711567471E+000 -0.215115198644669E+001
  0.449006156513619E-001  0.674059304862585E+001  0.256694528387505E+000  0.975165378142748E+000  0.306128434151987E+001  0.189756309058957E-001  0.529668711567471E+000 -0.201657833362765E+001
  0.447246583124811E-001  0.638380296832499E+001  0.257315110738831E+000  0.970622996436452E+000  0.307112065544334E+001  0.477632969460796E-001  0.529668711567471E+000 -0.183818329347722E+001
  0.458711766265369E-001  0.616641581047002E+001  0.258040093170965E+000  0.973433527404584E+000  0.305446240073383E+001  0.174773332222586E-001  0.529668711567471E+000 -0.172948971454973E+001
  0.448162441377298E-001  0.597738232625822E+001  0.256737429564326E+000  0.970783884802317E+000  0.307622482591736E+001  0.534141104599204E-001  0.529668711567471E+000 -0.163497297244383E+001
  0.445848861969141E-001  0.583951785989844E+001  0.255067338854587E+000  0.973588858760924E+000  0.307772140114021E+001  0.393795686933293E-001  0.529668711567471E+000 -0.156604073926394E+001
  0.454853656599885E-001  0.572679114497906E+001  0.255888076069744E+000  0.975175086388704E+000  0.307205984702204E+001  0.404083032234293E-001  0.529668711567471E+000 -0.150967738180425E+001
  0.441298777540819E-001  0.571456303109624E+001  0.259470157715356E+000  0.970879407090107E+000  0.304353739652571E+001  0.406091460594241E-002  0.529668711567471E+000 -0.150356332486284E+001
  0.431433709717725E-001  0.568704429266529E+001  0.256538842735715E+000  0.971444682849929E+000  0.305882229874801E+001  0.465177564542626E-002  0.529668711567471E+000 -0.148980395564737E+001
  0.424669334450834E-001  0.564591508767120E+001  0.256857537119642E+000  0.972313577150156E+000  0.307160606399039E+001  0.481117217984724E-001  0.529668711567471E+000 -0.146923935315032E+001
  0.429803501740827E-001  0.554914519525462E+001  0.255460812149163E+000  0.974816425447864E+000  0.307373151515558E+001  0.370260464553920E-001  0.529668711567471E+000 -0.142085440694203E+001
  0.409231789054530E-001  0.550432009654317E+001  0.258452406268646E+000  0.965636027833669E+000  0.305269379706554E+001  0.649245824470106E-002  0.529668711567471E+000 -0.139844185758631E+001
  0.414227532823387E-001  0.540987005267503E+001  0.256474242244574E+000  0.967708079853501E+000  0.306314165572376E+001  0.102778535671691E-001  0.529668711567471E+000 -0.135121683565224E+001
  0.419182524616048E-001  0.531590536178894E+001  0.257490071813630E+000  0.975322319725934E+000  0.305587748432823E+001  0.181327396139816E-001  0.529668711567471E+000 -0.130423449020919E+001
  0.411289666372192E-001  0.528374011029288E+001  0.259616789569602E+000  0.969772031091288E+000  0.304285527308675E+001  0.253202205277209E-002  0.529668711567471E+000 -0.128815186446116E+001
  0.397199846374426E-001  0.528327388109699E+001  0.256968640401014E+000  0.966608009767499E+000  0.305986598972477E+001  0.543952143568965E-002  0.529668711567471E+000 -0.128791874986322E+001
  0.384044105712044E-001  0.528045552303948E+001  0.254896336399905E+000  0.972581935846436E+000  0.308478918016630E+001  0.518357201743554E-001  0.529668711567471E+000 -0.128650957083446E+001
  0.401583105431869E-001  0.505315559060999E+001  0.258835516558954E+000  0.969871094386465E+000  0.304850653667359E+001  0.123619551392207E-001  0.529668711567471E+000 -0.117285960461972E+001
  0.406296306642624E-001  0.502981916383992E+001  0.258199001521731E+000  0.970764073347490E+000  0.305788569450578E+001  0.288260555419342E-001  0.529668711567471E+000 -0.116119139123468E+001
  0.397289399121540E-001  0.500447198935146E+001  0.256982210593032E+000  0.972307460334467E+000  0.305704595854350E+001  0.663433401962142E-002  0.529668711567471E+000 -0.114851780399045E+001
  0.387827083182824E-001  0.498250015328159E+001  0.256624889086423E+000  0.968120324570326E+000  0.306701410249211E+001  0.236565417828335E-001  0.529668711567471E+000 -0.113753188595552E+001
  0.374554649114640E-001  0.491415813137893E+001  0.257473993656794E+000  0.967475050528122E+000  0.305849428315883E+001  0.104969803400022E-001  0.529668711567471E+000 -0.110336087500419E+001
  0.366107750485171E-001  0.489197508311579E+001  0.257545411365592E+000  0.968534367549050E+000  0.306331277284858E+001  0.291198811290201E-001  0.529668711567471E+000 -0.109226935087262E+001
  0.359331751579373E-001  0.486153523862118E+001  0.255932139183014E+000  0.972529115666845E+000  0.306852765134053E+001  0.272924755567192E-001  0.529668711567471E+000 -0.107704942862531E+001
  0.348584552400675E-001  0.478888297367478E+001  0.256674244873496E+000  0.970288745855649E+000  0.305908341627731E+001  0.530109380795466E-002  0.529668711567471E+000 -0.104072329615211E+001
  0.340286263450484E-001  0.477149053634883E+001  0.259048315594500E+000  0.972529820646053E+000  0.304390421544517E+001  0.117343433936674E-002  0.529668711567471E+000 -0.103202707748914E+001
  0.329982555998379E-001  0.476740573518402E+001  0.255904959187867E+000  0.971770318839920E+000  0.306904484033589E+001  0.268834837789847E-001  0.529668711567471E+000 -0.102998467690673E+001
  0.339391848985234E-001  0.464559500132719E+001  0.256104670789986E+000  0.970012368887275E+000  0.307010365713415E+001  0.298267818574340E-001  0.529668711567471E+000 -0.969079309978319E+000
  0.328902738613288E-001  0.464280186930927E+001  0.255488932582521E+000  0.971873201538264E+000  0.307546189924007E+001  0.355389786404272E-001  0.529668711567471E+000 -0.967682743969358E+000
  0.324117247052890E-001  0.454303833861789E+001  0.255679801633417E+000  0.973136523782853E+000  0.307212590684145E+001  0.315073178370256E-001  0.529668711567471E+000 -0.917800978623665E+000
  0.322457610295504E-001  0.448980821658744E+001  0.258758225626274E+000  0.967881598370626E+000  0.305012092702424E+001  0.106202447266649E-001  0.529668711567471E+000 -0.891185917608444E+000
  0.101055583290904E+000  0.156998749575069E+001  0.256100237319039E+000  0.970567418192465E+000  0.307554705667079E+001  0.424114542410156E-001  0.529668711567471E+000 -0.784993747875347E+000
  0.102290624325530E+000  0.135507248642722E+001  0.256187035741806E+000  0.974973563769910E+000  0.306882679384842E+001  0.337336849737172E-001  0.529668711567471E+000 -0.677536243213609E+000
  0.105966000327915E+000  0.128447194422513E+001  0.256226144064367E+000  0.970414634714921E+000  0.307289003915978E+001  0.374175284497004E-001  0.529668711567471E+000 -0.642235972112567E+000
  0.109580273867493E+000  0.121739377559035E+001  0.256069115241842E+000  0.971273168591391E+000  0.307167158368057E+001  0.327559554123633E-001  0.529668711567471E+000 -0.608696887795175E+000
  0.979837033831319E-001  0.120554010931867E+001  0.256381748960805E+000  0.971345104030385E+000  0.307399986789228E+001  0.432531392844763E-001  0.529668711567471E+000 -0.602770054659334E+000
  0.100411985681735E+000  0.115657929612072E+001  0.256533692340312E+000  0.970129386318725E+000  0.307041305313751E+001  0.353162744057041E-001  0.529668711567471E+000 -0.578289648060361E+000
  0.100652750241540E+000  0.115178950195269E+001  0.257007172581471E+000  0.974573264069199E+000  0.306380591219729E+001  0.329199201031315E-001  0.529668711567471E+000 -0.575894750976343E+000
  0.908679051357024E-001  0.104802737528893E+001  0.256874765936252E+000  0.972808680954851E+000  0.306450769087644E+001  0.310578209632092E-001  0.529668711567471E+000 -0.524013687644465E+000
  0.910259221198366E-001  0.104455244650723E+001  0.256638950412614E+000  0.975078014433885E+000  0.306742005998022E+001  0.366853298347172E-001  0.529668711567471E+000 -0.522276223253616E+000
  0.911951465112894E-001  0.104083774015911E+001  0.257074590882897E+000  0.971753999569621E+000  0.306633395558222E+001  0.338282076140520E-001  0.529668711567471E+000 -0.520418870079556E+000
  0.933072995963923E-001  0.995044409938829E+000  0.255990293523444E+000  0.972265684357193E+000  0.307142749519718E+001  0.340815916690280E-001  0.529668711567471E+000 -0.497522204969415E+000
  0.970666153561343E-001  0.916046097245428E+000  0.256853579080378E+000  0.973735040445453E+000  0.306948513950459E+001  0.423229365961245E-001  0.529668711567471E+000 -0.458023048622714E+000
  0.977797510128415E-001  0.901406073840375E+000  0.256830325789225E+000  0.971062306166838E+000  0.306844290501140E+001  0.366028361250623E-001  0.529668711567471E+000 -0.450703036920187E+000
