#        weight    minuslogpost         omega_c             n_s            lnas            m_nu   minuslogprior minuslogprior__0            chi2 chi2__likelihood_CAMB
 2.9643939e-323       753.70042      0.25822264       1.0071488       2.8915537      0.14606685      -1.2228159       -1.2228159       1509.8465             1509.8465
 2.6284292e-321       749.27536      0.30976946      0.91291812        2.645462     0.072771886      -1.2228159       -1.2228159       1500.9963             1500.9963
 3.1916641e-321       749.04048      0.27471921      0.83397951       2.9713366      0.31759441      -1.2228159       -1.2228159       1500.5266             1500.5266
 1.1412973e-316       738.51524       0.2872807       1.0075397       2.7421599      0.20392302      -1.2228159       -1.2228159       1479.4761             1479.4761
 1.1113732e-307       717.77772      0.30500583      0.93045024       2.6878392      0.14907289      -1.2228159       -1.2228159       1438.0011             1438.0011
  1.224262e-304       710.73241      0.25222753      0.99921151       2.9442046       0.1687279      -1.2228159       -1.2228159       1423.9104             1423.9104
 2.4545998e-300       700.78562      0.30556991      0.84604827       2.7039356       0.0873845      -1.2228159       -1.2228159       1404.0169             1404.0169
 1.9574192e-290       677.94528      0.30131165      0.85857283       2.7417679       0.1136338      -1.2228159       -1.2228159       1358.3362             1358.3362
 8.8011242e-283       660.32393      0.26694055      0.96603425       2.8990169      0.31308593      -1.2228159       -1.2228159       1323.0935             1323.0935
 1.6163414e-274       641.25282        0.298725      0.92094968       2.7039011      0.14683828      -1.2228159       -1.2228159       1284.9513             1284.9513
 1.4684901e-255       597.55708      0.24201314      0.91184374       3.1010077      0.34511797      -1.2228159       -1.2228159       1197.5598             1197.5598
 7.7291404e-242       565.87933      0.23376066       1.0005472       3.1244173      0.33889948      -1.2228159       -1.2228159       1134.2043             1134.2043
 4.5449829e-238       557.11992      0.25211295      0.99323832       2.9125525       0.1164559      -1.2228159       -1.2228159       1116.6855             1116.6855
 1.2735961e-233       546.83995      0.29942813      0.91439672       2.7035974       0.0831154      -1.2228159       -1.2228159       1096.1255             1096.1255
 4.0823527e-214       501.84904      0.25808604      0.83482182         2.94719     0.048672814      -1.2228159       -1.2228159       1006.1437             1006.1437
 8.9726933e-211       494.11603      0.26526706      0.92322037       2.8790299     0.069580418      -1.2228159       -1.2228159        990.6777              990.6777
 1.7290392e-210       493.42233      0.24319978      0.95626007        2.976615     0.085039943      -1.2228159       -1.2228159       989.29029             989.29029
 3.1161191e-208        488.1904      0.28844396      0.98102771       2.7849711      0.27719705      -1.2228159       -1.2228159       978.82642             978.82642
 1.5455737e-188       442.69679       0.2687962      0.97514666       2.8705835      0.18271071      -1.2228159       -1.2228159        887.8392              887.8392
 2.2645163e-188       442.28092      0.28703927      0.87893558       2.8544295      0.29057066      -1.2228159       -1.2228159       887.00747             887.00747
 1.0150235e-176       415.41845       0.2802115      0.96687204        2.827322      0.22040835      -1.2228159       -1.2228159       833.28252             833.28252
 2.3954762e-175       412.22329      0.27297783      0.82192807       2.8731142     0.091901481      -1.2228159       -1.2228159       826.89221             826.89221
 2.6994608e-169       398.25441      0.29692482      0.91757623       2.6951874      0.07027698      -1.2228159       -1.2228159       798.95444             798.95444
 1.9366846e-166       391.64482      0.25483195      0.88002086       3.0672084      0.33062659      -1.2228159       -1.2228159       785.73528             785.73528
 5.5338251e-166       390.56102      0.26945641       1.0011632        2.905053      0.38793801      -1.2228159       -1.2228159       783.56767             783.56767
 1.5518564e-159       375.68045      0.26396441       0.8858532       2.8831535     0.018492246      -1.2228159       -1.2228159       753.80653             753.80653
 1.5354616e-158       373.35459      0.28579696      0.89776142       2.7700404     0.041922728      -1.2228159       -1.2228159        749.1548              749.1548
 1.2396754e-153       362.02174      0.29342268      0.89021629       2.7026278     0.028870171      -1.2228159       -1.2228159       726.48911             726.48911
 4.3105447e-145       342.32094      0.27976869      0.87857965       2.9059307      0.28590348      -1.2228159       -1.2228159       687.08752             687.08752
 2.7716694e-144       340.42607      0.26713291       0.9800624       2.8372238      0.14538289      -1.2228159       -1.2228159       683.29777             683.29777
 1.3807676e-140       331.87864      0.28556162      0.96046626       2.8226844      0.29044321      -1.2228159       -1.2228159       666.20291             666.20291
 5.1301051e-138       325.96098      0.27502531      0.91983185       2.8598552      0.23656168      -1.2228159       -1.2228159        654.3676              654.3676
 1.1553691e-123       292.84392      0.27530301      0.97742757       2.8841885      0.31580172      -1.2228159       -1.2228159       588.13347             588.13347
  2.490401e-116        275.9239       0.2407585      0.95363192       3.1014216      0.35448569      -1.2228159       -1.2228159       554.29343             554.29343
 3.8750132e-116       275.44789      0.26147074       0.9695945       2.9634914      0.37261181      -1.2228159       -1.2228159       553.34141             553.34141
 6.2419893e-116       274.93724        0.272688      0.96190139       2.7844007     0.052271195      -1.2228159       -1.2228159       552.32011             552.32011
  2.683642e-114       271.14229      0.25387446      0.96563016       2.9545547      0.22842573      -1.2228159       -1.2228159       544.73022             544.73022
 8.4209849e-109       258.45191      0.26930333      0.92404172        2.956481       0.3943162      -1.2228159       -1.2228159       519.34946             519.34946
  2.070759e-107       255.21565      0.27785291       0.9756377       2.8683403      0.35226283      -1.2228159       -1.2228159       512.87694             512.87694
 4.3446148e-102       242.96171       0.2670635      0.90251695       2.9109768      0.22662003      -1.2228159       -1.2228159       488.36904             488.36904
  1.6514883e-99       237.02121      0.25822843      0.93630335       2.9252934       0.1246142      -1.2228159       -1.2228159       476.48805             476.48805
  6.9559229e-98       233.28071       0.2904036      0.88830943       2.7330179      0.01111543      -1.2228159       -1.2228159       469.00705             469.00705
  5.0805082e-97       231.25457      0.26680441      0.88188139       2.8797612      0.12418703      -1.2228159       -1.2228159       464.95476             464.95476
  7.7566107e-95       226.18852       0.2609324      0.93581563       2.9174358      0.20556983      -1.2228159       -1.2228159       454.82267             454.82267
  6.6364198e-92         219.399      0.26445708      0.90981833        2.863012     0.023350798      -1.2228159       -1.2228159       441.24363             441.24363
  2.3484592e-89       213.45595       0.2541692      0.95314732       2.9690743      0.19677737      -1.2228159       -1.2228159       429.35753             429.35753
  8.5291666e-89       212.12985      0.26393329      0.94677883       2.9612563      0.36485751      -1.2228159       -1.2228159       426.70533             426.70533
  6.3080256e-86       205.48739      0.28165957      0.93397289       2.8781751      0.34202342      -1.2228159       -1.2228159       413.42042             413.42042
  3.2611743e-85       203.80818      0.25344722      0.96976043       2.9607897      0.22705526      -1.2228159       -1.2228159       410.06199             410.06199
  2.7597102e-84       201.60109      0.26888683      0.87184307       2.8764955      0.12286675      -1.2228159       -1.2228159       405.64782             405.64782
  5.3123672e-83        198.5746      0.25868292       0.9496005       2.9121669      0.17308296      -1.2228159       -1.2228159       399.59484             399.59484
  5.8750036e-83       198.44003      0.25021766       0.9402568       3.0654268      0.33760048      -1.2228159       -1.2228159        399.3257              399.3257
  1.2167918e-82       197.67804      0.27367519      0.95888656       2.9042201      0.36722824      -1.2228159       -1.2228159        397.8017              397.8017
  4.0137238e-80       191.84546      0.26126988      0.96316418       2.8852364      0.14374276      -1.2228159       -1.2228159       386.13656             386.13656
  6.4660675e-77       184.42696      0.26890834      0.92645496       2.7996606    0.0093911715      -1.2228159       -1.2228159       371.29955             371.29955
  2.4694317e-75       180.75047      0.25961251      0.92682609       3.0014433      0.29791802      -1.2228159       -1.2228159       363.94656             363.94656
  2.5048364e-64       155.77936      0.26737605      0.94964862       2.9364111      0.34826119      -1.2228159       -1.2228159       314.00435             314.00435
  7.3141869e-59       143.19484      0.27512169      0.96779346       2.9072025      0.37703034      -1.2228159       -1.2228159       288.83531             288.83531
  2.7562953e-58       141.81412      0.25101333      0.98174437        3.036214       0.3580412      -1.2228159       -1.2228159       286.07386             286.07386
  7.2587067e-57       138.54322      0.25157166      0.94009954        3.002517       0.2252454      -1.2228159       -1.2228159       279.53207             279.53207
  3.7260217e-54       132.24516      0.27576224       0.9174188       2.9058193       0.2949491      -1.2228159       -1.2228159       266.93596             266.93596
  2.2293122e-50       123.49131      0.27059244      0.88191869       2.9113475        0.217088      -1.2228159       -1.2228159       249.42826             249.42826
  5.6145929e-49       120.20789      0.27394595      0.90111236       2.9065881      0.27336794      -1.2228159       -1.2228159       242.86142             242.86142
  2.1548258e-46       114.20064      0.26089498       0.8928629       2.9903602      0.26485486      -1.2228159       -1.2228159       230.84691             230.84691
   3.104043e-46       113.77848      0.26478416      0.92429516       2.9606174      0.27620213      -1.2228159       -1.2228159        230.0026              230.0026
  1.0732194e-45       112.48078      0.27067826      0.91113128       2.9387185      0.29338384      -1.2228159       -1.2228159        227.4072              227.4072
  2.6286744e-44       109.28238      0.26319414      0.96867828       2.9249195      0.26707781      -1.2228159       -1.2228159        221.0104              221.0104
  4.6753453e-42       104.04076       0.2521774      0.90984787       3.0466974      0.31980555      -1.2228159       -1.2228159       210.52716             210.52716
  2.0304972e-41       102.51158      0.27422905      0.95271767       2.9276267       0.3965961      -1.2228159       -1.2228159       207.46878             207.46878
   3.223153e-41        102.0495       0.2726884      0.90652077       2.8858242      0.22392519      -1.2228159       -1.2228159       206.54463             206.54463
  9.7502511e-38       94.796949       0.2730347      0.92699809       2.9388151      0.36372178      -1.2228159       -1.2228159       192.03953             192.03953
  2.5977286e-32       82.016412      0.25904902      0.97900089       2.9929422      0.39629771      -1.2228159       -1.2228159       166.47846             166.47846
  9.0100202e-31       78.470127      0.25741141      0.91619177        3.025932      0.35921468      -1.2228159       -1.2228159       159.38589             159.38589
  7.4431693e-29       73.768315      0.26122889      0.93591804       3.0191989      0.39109841      -1.2228159       -1.2228159       149.98226             149.98226
  4.8101628e-22       57.547789      0.27069689      0.94388312       2.9461215      0.38101275      -1.2228159       -1.2228159       117.54121             117.54121
   1.065489e-20       54.282862      0.25057895      0.95235435       3.0628123      0.39515001      -1.2228159       -1.2228159       111.01136             111.01136
  2.0030034e-20       53.651648      0.25519521      0.92475929       3.0484991      0.38535245      -1.2228159       -1.2228159       109.74893             109.74893
  8.6380003e-19       49.800528      0.26853026      0.93703618       2.9553078      0.37008856      -1.2228159       -1.2228159       102.04669             102.04669
  1.4577909e-18       49.277192      0.25638634      0.95088368       3.0377039      0.39033924      -1.2228159       -1.2228159       101.00002             101.00002
  6.0473925e-18       47.854487      0.25971411      0.97546528       2.9981009      0.38987613      -1.2228159       -1.2228159       98.154605             98.154605
  1.6509382e-15       42.245015      0.25893361      0.92608248       3.0255239      0.37014819      -1.2228159       -1.2228159       86.935662             86.935662
  7.0094462e-15       40.575956      0.26897668      0.94693536       2.9535034        0.375985      -1.2228159       -1.2228159       83.597545             83.597545
  8.5936297e-15       40.372194      0.26597757      0.93051971       2.9873103      0.39284233      -1.2228159       -1.2228159        83.19002              83.19002
  1.8208847e-14       39.503524      0.25176679      0.94098736       3.0623301      0.38788257      -1.2228159       -1.2228159       81.452681             81.452681
  2.6714819e-11       32.094675      0.26008341      0.92569191       3.0187963      0.38178932      -1.2228159       -1.2228159       66.634982             66.634982
  3.1559609e-11       31.928016      0.25457185      0.94145238       3.0524333      0.39465468      -1.2228159       -1.2228159       66.301663             66.301663
  5.4615225e-11        31.24605      0.26498757      0.95056426       2.9709151      0.38061419      -1.2228159       -1.2228159       64.937731             64.937731
  4.9418761e-11       31.212501      0.26350628      0.94572034       2.9866081      0.39291269      -1.2228159       -1.2228159       64.870634             64.870634
  1.2210493e-09       27.243225      0.25559981      0.93201937       3.0408385      0.37600518      -1.2228159       -1.2228159       56.932082             56.932082
  1.8785891e-09       26.743422      0.25504566      0.93841927       3.0515981      0.39955482      -1.2228159       -1.2228159       55.932475             55.932475
   2.590974e-09       26.288378      0.26628655      0.94353924       2.9669515       0.3740358      -1.2228159       -1.2228159       55.022387             55.022387
  4.9476751e-08       23.338909      0.25397934      0.95289265       3.0431301      0.38250258      -1.2228159       -1.2228159       49.123449             49.123449
  6.6527877e-07       20.606674      0.25970391      0.96339666       2.9977389      0.38525492      -1.2228159       -1.2228159        43.65898              43.65898
  6.6766909e-07       20.538549      0.26555915      0.94531811        2.971848      0.37735259      -1.2228159       -1.2228159       43.522729             43.522729
  9.0060553e-07       20.239274      0.25900274      0.95576373        3.002993      0.38003232      -1.2228159       -1.2228159        42.92418              42.92418
  2.6788629e-06       19.080201      0.26093723      0.93529991       3.0128564      0.39715491      -1.2228159       -1.2228159       40.606034             40.606034
  2.5062057e-05       16.650082       0.2598683      0.96392461       3.0007306      0.38443768      -1.2228159       -1.2228159       35.745796             35.745796
  3.4989581e-05       16.144537      0.25851363       0.9585473       3.0068476      0.36923211      -1.2228159       -1.2228159       34.734705             34.734705
  4.7205708e-05       15.739712      0.25500272      0.94447147       3.0437943      0.39724093      -1.2228159       -1.2228159       33.925055             33.925055
  7.4849369e-05       15.178665      0.25671229      0.93766376       3.0361388      0.39055252      -1.2228159       -1.2228159       32.802963             32.802963
  0.00014503993       14.468344      0.25934616      0.96243489       3.0100493      0.39477761      -1.2228159       -1.2228159       31.382319             31.382319
  0.00014736669       14.452429       0.2593633      0.93643222       3.0204234      0.39321799      -1.2228159       -1.2228159        31.35049              31.35049
  0.00029338408        13.76387      0.26106023      0.96289841       2.9959078       0.3894732      -1.2228159       -1.2228159       29.973372             29.973372
   0.0003103146       13.602406      0.25452696        0.948646       3.0463226      0.39834567      -1.2228159       -1.2228159       29.650443             29.650443
  0.00031250369       13.544083      0.25958539      0.95186258       3.0028898       0.3812023      -1.2228159       -1.2228159       29.533797             29.533797
  0.00058776461       12.861079      0.26344839      0.95513084       2.9825276      0.37883689      -1.2228159       -1.2228159        28.16779              28.16779
  0.00083741047       12.507091      0.25500982      0.94645948       3.0398717      0.38725283      -1.2228159       -1.2228159       27.459815             27.459815
  0.00080326377       12.494655      0.26364579      0.95693279       2.9823471       0.3883354      -1.2228159       -1.2228159       27.434943             27.434943
  0.00091961131        12.30532      0.25526264      0.94486631       3.0362383      0.37938473      -1.2228159       -1.2228159       27.056272             27.056272
   0.0013333516        11.93382      0.26107241      0.93784871       3.0113066      0.39611693      -1.2228159       -1.2228159       26.313272             26.313272
   0.0014832897       11.770095      0.26293633      0.95459435       2.9873059      0.38107047      -1.2228159       -1.2228159       25.985822             25.985822
   0.0018929717       11.414984      0.25692486      0.94098547       3.0310253      0.38958043      -1.2228159       -1.2228159         25.2756               25.2756
    0.001902264       11.410087      0.26002207      0.95737223       3.0025886      0.37912238      -1.2228159       -1.2228159       25.265806             25.265806
   0.0027220787       10.840427      0.26197504      0.93969417       3.0071041      0.39930031      -1.2228159       -1.2228159       24.126486             24.126486
   0.0028550366       10.743948      0.25546532      0.95535329       3.0350623      0.39874453      -1.2228159       -1.2228159       23.933528             23.933528
   0.0037291836       10.476843      0.25906763      0.94879323        3.008436      0.38168922      -1.2228159       -1.2228159       23.399319             23.399319
   0.0037433546       10.372967      0.25826471      0.94280236       3.0180473      0.36909362      -1.2228159       -1.2228159       23.191566             23.191566
   0.0040832978       10.237254      0.26155769      0.93970599       3.0093516      0.39599451      -1.2228159       -1.2228159        22.92014              22.92014
   0.0072278038       9.6174338      0.26114036      0.95560121       3.0035919      0.39467545      -1.2228159       -1.2228159       21.680499             21.680499
    0.012865053       8.9455443      0.25745816      0.95944968       3.0170203      0.38803353      -1.2228159       -1.2228159        20.33672              20.33672
    0.016153383       8.6269576       0.2570697      0.94238333       3.0316344      0.38896239      -1.2228159       -1.2228159       19.699547             19.699547
    0.019488696       8.4392524      0.26279746      0.94487296       2.9859045      0.37118127      -1.2228159       -1.2228159       19.324137             19.324137
    0.018680695       8.4350764      0.26024747      0.95082421        3.000525       0.3673246      -1.2228159       -1.2228159       19.315785             19.315785
        0.02741       7.9606873      0.26361923      0.94489204       2.9817453      0.36934093      -1.2228159       -1.2228159       18.367006             18.367006
    0.040976406       7.5141471      0.25795474      0.94354955       3.0207179       0.3741316      -1.2228159       -1.2228159       17.473926             17.473926
    0.051089279       7.2935688      0.26031949      0.95968775       3.0004448      0.38909307      -1.2228159       -1.2228159       17.032769             17.032769
    0.062294169       7.0043039      0.25930897      0.94007161       3.0150725      0.37599906      -1.2228159       -1.2228159        16.45424              16.45424
    0.073945411       6.7883928      0.25700839      0.95275189       3.0187134      0.37404165      -1.2228159       -1.2228159       16.022417             16.022417
    0.085431107       6.5161763      0.25802447      0.94220189       3.0274747      0.39565277      -1.2228159       -1.2228159       15.477984             15.477984
     0.11307328       6.1950284      0.26205886      0.94754324       2.9871592      0.35854939      -1.2228159       -1.2228159       14.835689             14.835689
     0.11012661       6.1806119      0.26219451       0.9493906       2.9983387      0.39044666      -1.2228159       -1.2228159       14.806856             14.806856
     0.10592694        6.178671      0.25793625      0.94473402       3.0189392      0.38101941      -1.2228159       -1.2228159       14.802974             14.802974
     0.12221187       5.9178814      0.25794051      0.94919111       3.0080545      0.35837464      -1.2228159       -1.2228159       14.281395             14.281395
     0.23401892       5.2304953      0.26129605      0.95161137       3.0020192      0.39940126      -1.2228159       -1.2228159       12.906622             12.906622
      0.2468481       5.1771241       0.2612209      0.95564867       2.9963462      0.38384683      -1.2228159       -1.2228159        12.79988              12.79988
     0.25265804       5.1538603      0.25980313      0.94365955       3.0149553      0.38815311      -1.2228159       -1.2228159       12.753352             12.753352
     0.24823365       5.1307048      0.25876333      0.94721475       3.0118859      0.38017748      -1.2228159       -1.2228159       12.707041             12.707041
     0.24918305       5.1268875      0.26155602      0.94714717       3.0026574      0.39706986      -1.2228159       -1.2228159       12.699407             12.699407
     0.24099098       5.1177561      0.25972952      0.95146111        2.997896      0.36391122      -1.2228159       -1.2228159       12.681144             12.681144
     0.23219623       5.1123732      0.25969512      0.94210088       3.0070763      0.37365854      -1.2228159       -1.2228159       12.670378             12.670378
     0.24537471       5.0146099      0.25857036      0.94228249       3.0184678       0.3779651      -1.2228159       -1.2228159       12.474852             12.474852
     0.25431148       4.9788366      0.25794502      0.95658297       3.0168728       0.3877813      -1.2228159       -1.2228159       12.403305             12.403305
     0.25637034       4.9707734      0.25931932       0.9534402       3.0021213      0.37014043      -1.2228159       -1.2228159       12.387179             12.387179
     0.25746831       4.9199798      0.26142619      0.93964001       2.9984925      0.36764615      -1.2228159       -1.2228159       12.285591             12.285591
     0.29306222       4.7904915      0.26016489      0.95361919       2.9989306      0.37599834      -1.2228159       -1.2228159       12.026615             12.026615
     0.28316946       4.7760407      0.26221547      0.94921914       2.9885344      0.36901632      -1.2228159       -1.2228159       11.997713             11.997713
        0.27084       4.7717678      0.26232156      0.95006824       2.9928909        0.386453      -1.2228159       -1.2228159       11.989167             11.989167
     0.27321937       4.7142309      0.26149161      0.95271921       2.9969436      0.38986288      -1.2228159       -1.2228159       11.874093             11.874093
     0.37839028       4.3885797      0.25977136      0.94770335        3.008979      0.37798931      -1.2228159       -1.2228159       11.222791             11.222791
     0.39929507       4.2835119       0.2620116      0.94767591       2.9907456      0.37350994      -1.2228159       -1.2228159       11.012656             11.012656
     0.45069757       4.1624161      0.25858896      0.94423633       3.0234671      0.39800278      -1.2228159       -1.2228159       10.770464             10.770464
     0.57662141       3.8106662      0.25905201      0.94236351       3.0156175      0.38280152      -1.2228159       -1.2228159       10.066964             10.066964
     0.56615614       3.7288987      0.26049881      0.95019551       3.0073633      0.38889087      -1.2228159       -1.2228159       9.9034292             9.9034292
     0.61777795       3.5928494      0.25944713      0.95059945       3.0079545      0.37626542      -1.2228159       -1.2228159       9.6313305             9.6313305
     0.67881804       3.3588634      0.25979534      0.94164208        3.006583       0.3711149      -1.2228159       -1.2228159       9.1633586             9.1633586
      0.7275239       3.2451179      0.25923303      0.95535384       3.0088971      0.38846994      -1.2228159       -1.2228159       8.9358676             8.9358676
     0.72416541       3.2052932      0.26122519      0.95216317       2.9960558      0.37878331      -1.2228159       -1.2228159       8.8562181             8.8562181
     0.67709072       3.1854963      0.25856206       0.9471639       3.0114048      0.37364266      -1.2228159       -1.2228159       8.8166245             8.8166245
     0.67485044       3.1462509      0.26177636      0.95268673       2.9989056      0.39516878      -1.2228159       -1.2228159       8.7381336             8.7381336
     0.67513569       3.0624467      0.25971495      0.94503054       3.0159168      0.39303473      -1.2228159       -1.2228159       8.5705252             8.5705252
     0.61575644       3.0003582      0.26039538      0.95028972       3.0021181      0.38295627      -1.2228159       -1.2228159       8.4463482             8.4463482
     0.61256367       2.9691892      0.26184886      0.94736289       2.9938197      0.37509998      -1.2228159       -1.2228159       8.3840102             8.3840102
     0.64551991        2.845327      0.25870564      0.94891623       3.0077071      0.36730349      -1.2228159       -1.2228159       8.1362859             8.1362859
     0.66230905       2.7506579      0.26156317      0.94634058       2.9971988      0.37974397      -1.2228159       -1.2228159       7.9469477             7.9469477
     0.64499884       2.7432402      0.25841447      0.94748912       3.0107748      0.36722907      -1.2228159       -1.2228159       7.9321121             7.9321121
     0.64562242       2.7083723      0.25849983      0.95596379       3.0165356      0.39422533      -1.2228159       -1.2228159       7.8623763             7.8623763
     0.67657103       2.6276481      0.25870982      0.95442252       3.0171318      0.39464843      -1.2228159       -1.2228159        7.700928              7.700928
     0.79759112       2.3963981      0.26048521      0.94782112       3.0025423      0.37493016      -1.2228159       -1.2228159        7.238428              7.238428
      0.7931318        2.369215      0.25850926      0.95299143        3.014988      0.38942821      -1.2228159       -1.2228159       7.1840617             7.1840617
     0.79664923       2.3320001      0.25897272      0.94949417       3.0076576      0.37012042      -1.2228159       -1.2228159        7.109632              7.109632
      0.7714655       2.3313328      0.25901697      0.95306447       3.0115278      0.38893075      -1.2228159       -1.2228159       7.1082973             7.1082973
     0.74714617       2.3305741      0.26115039      0.94781987        2.994466      0.36869689      -1.2228159       -1.2228159       7.1067799             7.1067799
     0.72385772       2.3294502      0.25879383      0.94460794       3.0163633      0.38290542      -1.2228159       -1.2228159       7.1045323             7.1045323
     0.72880604       2.2898476      0.25946968      0.95700957       3.0113288      0.39818086      -1.2228159       -1.2228159        7.025327              7.025327
     0.75768898       2.1556721      0.26009965      0.94411947       3.0055218      0.37207149      -1.2228159       -1.2228159        6.756976              6.756976
      0.7756626       2.1014558      0.26059136      0.94914347       3.0078786      0.39760749      -1.2228159       -1.2228159       6.6485434             6.6485434
     0.75569969       2.0967577       0.2578274      0.95042091       3.0219964      0.39094909      -1.2228159       -1.2228159       6.6391472             6.6391472
     0.73746689       2.0904089      0.25959404      0.94285056       3.0028504      0.35800123      -1.2228159       -1.2228159       6.6264496             6.6264496
     0.73089247       2.0685921      0.26063629      0.94374392       2.9965619      0.36093629      -1.2228159       -1.2228159        6.582816              6.582816
     0.70936194       2.0677209       0.2599756      0.94296407       3.0067324      0.37353967      -1.2228159       -1.2228159       6.5810736             6.5810736
     0.70795225       2.0389385      0.25855533      0.94891469         3.01642      0.38791524      -1.2228159       -1.2228159       6.5235088             6.5235088
     0.68655958       2.0388505      0.25996489      0.94528992       3.0086522      0.38381356      -1.2228159       -1.2228159       6.5233327             6.5233327
     0.72186559       1.9579329      0.26102882      0.94555931       2.9954191      0.36568312      -1.2228159       -1.2228159       6.3614975             6.3614975
      0.7087087       1.9455556      0.25913536      0.95642572       3.0136341      0.39800066      -1.2228159       -1.2228159       6.3367429             6.3367429
     0.72058441       1.8981659      0.25957375      0.94463828       3.0024391      0.35928961      -1.2228159       -1.2228159       6.2419637             6.2419637
     0.71720373       1.8720969      0.25819234      0.95218972       3.0220035       0.3964996      -1.2228159       -1.2228159       6.1898256             6.1898256
     0.71182124       1.8488584      0.25939236       0.9534299        3.009438      0.38893578      -1.2228159       -1.2228159       6.1433485             6.1433485
     0.71275632       1.8167739      0.25931309      0.95142164       3.0075091      0.37880047      -1.2228159       -1.2228159       6.0791796             6.0791796
     0.70170706       1.8016258      0.25785415      0.95171872       3.0242638      0.39749743      -1.2228159       -1.2228159       6.0488835             6.0488835
     0.72739258       1.7349039      0.26032823      0.94735994       3.0073072      0.38433213      -1.2228159       -1.2228159       5.9154395             5.9154395
     0.72222181       1.7112662      0.25995777      0.94657578         3.00022      0.36262473      -1.2228159       -1.2228159       5.8681643             5.8681643
     0.71310947       1.6931919       0.2588371      0.94989071       3.0194983       0.3958663      -1.2228159       -1.2228159       5.8320157             5.8320157
     0.69199598       1.6924751      0.25970897      0.95022006       3.0150369      0.39781407      -1.2228159       -1.2228159        5.830582              5.830582
     0.67269299       1.6899945      0.26064621       0.9459124       3.0006925      0.37437206      -1.2228159       -1.2228159       5.8256208             5.8256208
     0.65254953       1.6896249      0.25973457      0.94982961       3.0067446      0.38274812      -1.2228159       -1.2228159       5.8248815             5.8248815
     0.63480835       1.6864171      0.26035464      0.94505162       3.0013376      0.37047822      -1.2228159       -1.2228159        5.818466              5.818466
     0.62016882       1.6789769       0.2593067      0.94484067       3.0075734       0.3691925      -1.2228159       -1.2228159       5.8035855             5.8035855
     0.61055291        1.663832      0.26034749      0.94782187        2.999056      0.36757497      -1.2228159       -1.2228159       5.7732957             5.7732957
     0.59731651       1.6549781      0.26048265      0.94963567        3.003262       0.3805387      -1.2228159       -1.2228159       5.7555881             5.7555881
     0.59343664       1.6307232      0.25987762       0.9530223       3.0071619      0.38710975      -1.2228159       -1.2228159       5.7070781             5.7070781
     0.59375697       1.5994119      0.25897116      0.94992827       3.0133453      0.38350007      -1.2228159       -1.2228159       5.6444555             5.6444555
     0.57637303       1.5983552       0.2610889      0.95008929       3.0054359      0.39663488      -1.2228159       -1.2228159       5.6423423             5.6423423
     0.56299095       1.5910751      0.26012258      0.94704811       3.0012701      0.36981567      -1.2228159       -1.2228159       5.6277819             5.6277819
     0.54962787       1.5843255      0.25987402      0.94807303       3.0054574      0.37464127      -1.2228159       -1.2228159       5.6142829             5.6142829
     0.54273464       1.5661748      0.25999447      0.94574684       3.0006197      0.36332094      -1.2228159       -1.2228159       5.5779814             5.5779814
     0.53294893       1.5535981      0.26008585      0.95018979       3.0048322      0.38332388      -1.2228159       -1.2228159       5.5528279             5.5528279
     0.52309778       1.5414836      0.25807071      0.95178011        3.022458      0.39634261      -1.2228159       -1.2228159        5.528599              5.528599
     0.51221186        1.531742      0.25966741      0.94555613       3.0108141      0.38413808      -1.2228159       -1.2228159       5.5091158             5.5091158
     0.49856782       1.5279691      0.26056719      0.94792892       2.9993111      0.37142431      -1.2228159       -1.2228159       5.5015699             5.5015699
     0.49025863        1.514004      0.25905284      0.94583152       3.0124114      0.37841535      -1.2228159       -1.2228159       5.4736397             5.4736397
     0.47686537       1.5109312       0.2594446      0.94719902       3.0053536      0.36883861      -1.2228159       -1.2228159       5.4674941             5.4674941
     0.46431883       1.5068223      0.25803769      0.95106513       3.0222923      0.39514451      -1.2228159       -1.2228159       5.4592763             5.4592763
     0.46211518       1.4808079      0.25945986      0.94942864       3.0071243      0.37808668      -1.2228159       -1.2228159       5.4072476             5.4072476
     0.47408023       1.4244738      0.25989129      0.95144524       3.0056068      0.38318309      -1.2228159       -1.2228159       5.2945794             5.2945794
     0.46234191        1.418774      0.25914083      0.94704489       3.0098086      0.37439644      -1.2228159       -1.2228159       5.2831799             5.2831799
     0.44944609       1.4162912      0.26038533      0.94594906       3.0027729      0.37539747      -1.2228159       -1.2228159       5.2782141             5.2782141
      0.4362016       1.4154309      0.26063854      0.94644661       3.0036409      0.38006437      -1.2228159       -1.2228159       5.2764936             5.2764936
     0.43584521       1.3854766      0.25993704      0.94535779       3.0028842      0.36739547      -1.2228159       -1.2228159        5.216585              5.216585
     0.42369445       1.3829796      0.25874212      0.94933587       3.0176351      0.39385689      -1.2228159       -1.2228159       5.2115909             5.2115909
     0.41100116       1.3826244      0.25933498      0.94583531       3.0086215      0.37322636      -1.2228159       -1.2228159       5.2108806             5.2108806
     0.40463118       1.3674728      0.25963122      0.94895557       3.0057493      0.37439025      -1.2228159       -1.2228159       5.1805774             5.1805774
     0.41708463        1.306388      0.25873499      0.95186601       3.0161506       0.3936743      -1.2228159       -1.2228159       5.0584077             5.0584077
     0.41065408       1.2911543      0.25896239      0.94951412        3.016011       0.3893525      -1.2228159       -1.2228159       5.0279403             5.0279403
     0.40401628       1.2766786      0.25848452      0.94897296       3.0185336      0.38993675      -1.2228159       -1.2228159        4.998989              4.998989
     0.39502758       1.2684066      0.26017943      0.95240439       3.0058671      0.38918039      -1.2228159       -1.2228159       4.9824449             4.9824449
     0.39181058        1.245812      0.25942405      0.94894682       3.0079431      0.37845322      -1.2228159       -1.2228159       4.9372557             4.9372557
     0.38510983       1.2322903      0.25872429      0.95095461       3.0147752      0.38675307      -1.2228159       -1.2228159       4.9102123             4.9102123
     0.37812977       1.2198097      0.26071129      0.94920286        3.003694      0.38556451      -1.2228159       -1.2228159       4.8852512             4.8852512
     0.38552059       1.1696809      0.25902144      0.94796645       3.0131978      0.38392649      -1.2228159       -1.2228159       4.7849936             4.7849936
     0.38174121       1.1487609      0.25996908      0.95281424        3.008914      0.39532921      -1.2228159       -1.2228159       4.7431537             4.7431537
     0.37095528       1.1466507      0.25919571      0.95433325       3.0134618      0.39549369      -1.2228159       -1.2228159       4.7389331             4.7389331
     0.36047472       1.1445387      0.26027987      0.94770699       3.0108081      0.39479985      -1.2228159       -1.2228159       4.7347092             4.7347092
     0.35471488       1.1298746      0.25972447      0.94792376       3.0121036       0.3922261      -1.2228159       -1.2228159       4.7053809             4.7053809
     0.34477981       1.1275112      0.25909942       0.9505728       3.0180224      0.39756878      -1.2228159       -1.2228159       4.7006543             4.7006543
     0.33977408       1.1113646      0.25982388      0.95207826        3.011351      0.39426611      -1.2228159       -1.2228159       4.6683611             4.6683611
     0.33738222       1.0876574      0.26050412      0.94932175       3.0041778      0.38519481      -1.2228159       -1.2228159       4.6209466             4.6209466
     0.32919677       1.0814466       0.2592396      0.94873681       3.0101324      0.38031412      -1.2228159       -1.2228159       4.6085249             4.6085249
     0.32502583       1.0634259      0.26002309      0.94692395       3.0102464      0.38856779      -1.2228159       -1.2228159       4.5724836             4.5724836
     0.31526714       1.0631386      0.26004774      0.95202498       3.0068654      0.38843296      -1.2228159       -1.2228159        4.571909              4.571909
     0.31865533       1.0524489      0.25944748      0.95098612       3.0132728      0.39185482      -1.2228159       -1.2228159       4.5505295             4.5505295
     0.32341611       1.0376192      0.25996977      0.94709068       3.0054062      0.37682965      -1.2228159       -1.2228159       4.5208701             4.5208701
     0.32563522       1.0307811       0.2583603      0.95015248       3.0224109      0.39912182      -1.2228159       -1.2228159       4.5071941             4.5071941
     0.32702724       1.0265155      0.25974814      0.94820342       3.0062572      0.37688589      -1.2228159       -1.2228159       4.4986627             4.4986627
     0.32767457        1.024538      0.25846882      0.94977925       3.0223794      0.39969464      -1.2228159       -1.2228159       4.4947078             4.4947078
     0.32829478        1.022647      0.26009968       0.9529447         3.00778      0.39330773      -1.2228159       -1.2228159       4.4909258             4.4909258
     0.33033613       1.0164482      0.26055715      0.95098631       3.0079025      0.39824197      -1.2228159       -1.2228159       4.4785282             4.4785282
     0.34298534      0.97887122      0.25940027      0.94803312       3.0132304      0.38749038      -1.2228159       -1.2228159       4.4033742             4.4033742
     0.34599243      0.97014203      0.26013231      0.95267074       3.0076614      0.39276781      -1.2228159       -1.2228159       4.3859158             4.3859158
     0.36468117      0.91753546      0.25995065      0.94959079       3.0138763      0.39911474      -1.2228159       -1.2228159       4.2807027             4.2807027
     0.37128382      0.89959214      0.25992195       0.9512247       3.0074917       0.3871622      -1.2228159       -1.2228159       4.2448161             4.2448161
     0.38881673      0.85345082      0.25990585      0.94780496       3.0074151      0.38134616      -1.2228159       -1.2228159       4.1525334             4.1525334
     0.38923972      0.85236352      0.26036228      0.95214553       3.0077068      0.39511927      -1.2228159       -1.2228159       4.1503588             4.1503588
      0.4083206      0.80450628      0.25993773      0.94797111       3.0083012       0.3840327      -1.2228159       -1.2228159       4.0546443             4.0546443
     0.41068601      0.79872998       0.2600481      0.95193752       3.0106769      0.39954298      -1.2228159       -1.2228159       4.0430917             4.0430917
      0.4119327      0.79569895      0.26025968      0.94928047       3.0086327      0.39268256      -1.2228159       -1.2228159       4.0370297             4.0370297
     0.41931946      0.77792586      0.25945002      0.94958244       3.0119341      0.38983906      -1.2228159       -1.2228159       4.0014835             4.0014835
     0.44339714      0.72209308      0.26002862      0.95131479       3.0089192      0.39317752      -1.2228159       -1.2228159        3.889818              3.889818
     0.44404482      0.72063342      0.26038899      0.95041859       3.0102121      0.39891912      -1.2228159       -1.2228159       3.8868986             3.8868986
     0.48569906      0.63096971      0.26017991      0.94982565       3.0094867      0.39328784      -1.2228159       -1.2228159       3.7075712             3.7075712
      0.4901566        0.621834      0.26001252      0.95172113       3.0102809       0.3951617      -1.2228159       -1.2228159       3.6892998             3.6892998
     0.51686619       0.5687749      0.25868221      0.95227125       3.0193378      0.39992317      -1.2228159       -1.2228159       3.5831816             3.5831816
     0.52364017      0.55575419      0.25948962      0.95109134        3.014819      0.39715035      -1.2228159       -1.2228159       3.5571402             3.5571402
     0.52493859      0.55327765      0.25992053      0.94943735       3.0111924      0.39309179      -1.2228159       -1.2228159       3.5521871             3.5521871
     0.53171709      0.54044737       0.2597433      0.95072293       3.0107559      0.39226873      -1.2228159       -1.2228159       3.5265265             3.5265265
     0.55620983      0.49541332      0.25941281      0.94941719       3.0152716      0.39601302      -1.2228159       -1.2228159       3.4364584             3.4364584
     0.56593254      0.47808404      0.25906309      0.95010739       3.0184533      0.39951584      -1.2228159       -1.2228159       3.4017999             3.4017999
     0.59581809      0.42662353      0.25969516      0.95011999        3.014976      0.39993187      -1.2228159       -1.2228159       3.2988788             3.2988788
     0.60089895      0.41813215      0.25976792      0.94998387       3.0142357      0.39977811      -1.2228159       -1.2228159       3.2818961             3.2818961
      0.6877189      0.28317875      0.25969534      0.95174811       3.0133665      0.39908545      -1.2228159       -1.2228159       3.0119893             3.0119893
     0.69929909       0.2664804      0.25930903      0.95109406       3.0162925      0.39966665      -1.2228159       -1.2228159       2.9785926             2.9785926
