#        weight    minuslogpost         omega_c             n_s            lnas            m_nu   minuslogprior minuslogprior__0            chi2 chi2__likelihood_CAMB
 1.5540694e-303       705.47451      0.29805836      0.87732214       2.7729566      0.16745832      -1.2228159       -1.2228159       1413.3946             1413.3946
 2.6063979e-246       573.50939      0.29088398      0.83978127       2.8166468      0.15379448      -1.2228159       -1.2228159       1149.4644             1149.4644
 9.0219706e-245       569.96511      0.29797755       0.8915039       2.7651666      0.22287521      -1.2228159       -1.2228159       1142.3759             1142.3759
 5.9507601e-241       561.17092      0.27775962      0.81775623        2.890296      0.15123147      -1.2228159       -1.2228159       1124.7875             1124.7875
 1.1120597e-223       521.40169      0.29139229      0.87945035       2.7890725      0.20185972      -1.2228159       -1.2228159        1045.249              1045.249
 6.2187712e-197       459.81312      0.29398268      0.87259771       2.7761009      0.17362031      -1.2228159       -1.2228159       922.07187             922.07187
 8.6392089e-197       459.48438      0.29363934      0.85516808       2.7824886      0.14521895      -1.2228159       -1.2228159       921.41439             921.41439
 7.5692012e-190       443.49851      0.28065305      0.84128843       2.8772428      0.21007203      -1.2228159       -1.2228159       889.44265             889.44265
 4.8160616e-137       321.69049       0.2496108      0.87915179       3.0646557      0.26134822      -1.2228159       -1.2228159        645.8266              645.8266
  1.5862283e-91       216.32255      0.25527004      0.87737057       3.0176932      0.23279778      -1.2228159       -1.2228159       435.09074             435.09074
  2.1189261e-85       202.21749      0.26115489      0.86931092       2.9652168      0.21193831      -1.2228159       -1.2228159       406.88062             406.88062
  9.8853308e-85       200.67735      0.28212759      0.87911716       2.8399719      0.17875826      -1.2228159       -1.2228159       403.80033             403.80033
   2.742094e-75       178.93383      0.24803631      0.89862409       3.0463502      0.24814055      -1.2228159       -1.2228159       360.31329             360.31329
  6.4128758e-70       166.57132      0.25536575      0.88304091       3.0116496      0.25180675      -1.2228159       -1.2228159       335.58827             335.58827
  2.0902446e-56       135.45615      0.26747294       0.8662711       2.9101874      0.15393333      -1.2228159       -1.2228159       273.35794             273.35794
