  0.494065645841247E-323  0.157023651660527E+004  0.245149753954630E+000  0.100325067555996E+001  0.318698005084186E+001  0.306525160253261E+000 -0.781738501252212E+003
  0.296439387504748E-322  0.156595654059577E+004  0.230604995168733E+000  0.962809761290946E+000  0.324621515843653E+001  0.306525160253261E+000 -0.779598513247458E+003
  0.172428910398595E-320  0.155778994056275E+004  0.219982540987476E+000  0.100099758997809E+001  0.331164151655858E+001  0.306525160253261E+000 -0.775515213230951E+003
  0.788627583891798E-319  0.155011533656905E+004  0.232111829555719E+000  0.103478751110460E+001  0.323961069836200E+001  0.306525160253261E+000 -0.771677911234099E+003
  0.163599957307412E-318  0.154862497069290E+004  0.233514998263084E+000  0.934238268885504E+000  0.324485233937500E+001  0.306525160253261E+000 -0.770932728296024E+003
  0.602655889481613E-316  0.153677575540417E+004  0.259540191111803E+000  0.107805631691435E+001  0.304311652136566E+001  0.306525160253261E+000 -0.765008120651663E+003
  0.152644472851252E-313  0.152567570626911E+004  0.237521895829894E+000  0.959153558911136E+000  0.320134993764202E+001  0.306525160253261E+000 -0.759458096084132E+003
  0.100951208687764E-311  0.151726130590942E+004  0.289492676551063E+000  0.986866966474507E+000  0.291608287969575E+001  0.306525160253261E+000 -0.755250895904286E+003
  0.154079140830759E-311  0.151638463942816E+004  0.228794323552568E+000  0.106246042069855E+001  0.322180349924847E+001  0.306525160253261E+000 -0.754812562663658E+003
  0.806444971702073E-310  0.150843812228444E+004  0.250431486364068E+000  0.921499097686368E+000  0.319506216096245E+001  0.306525160253261E+000 -0.750839304091797E+003
  0.210651247895193E-309  0.150648680722901E+004  0.280061220961578E+000  0.936778216662582E+000  0.301951241108977E+001  0.306525160253261E+000 -0.749863646564079E+003
  0.723165204209466E-306  0.149017342073429E+004  0.266114368214561E+000  0.924419182140919E+000  0.310550651615803E+001  0.306525160253261E+000 -0.741706953316719E+003
  0.222685949033683E-305  0.148789299260662E+004  0.286717634792953E+000  0.974032547271780E+000  0.296043984894730E+001  0.306525160253261E+000 -0.740566739252885E+003
  0.314874839306499E-303  0.147795881837006E+004  0.262882101029007E+000  0.960430532705395E+000  0.310860226461906E+001  0.306525160253261E+000 -0.735599652134605E+003
  0.336096869182747E-297  0.145016634049062E+004  0.284024677685854E+000  0.102071097380718E+001  0.294547799893648E+001  0.306525160253261E+000 -0.721703413194885E+003
  0.871958527724237E-296  0.144362347704500E+004  0.265684858086445E+000  0.101281005247260E+001  0.300528108699325E+001  0.306525160253261E+000 -0.718431981472078E+003
  0.300657239710754E-291  0.142269615971287E+004  0.250447860807478E+000  0.969553568762431E+000  0.311555266193645E+001  0.306525160253261E+000 -0.707968322806009E+003
  0.428277734496587E-290  0.141735237911358E+004  0.250905989734790E+000  0.104071598342295E+001  0.307355051995257E+001  0.306525160253261E+000 -0.705296432506366E+003
  0.473665749148985E-289  0.141251474054478E+004  0.270451502769082E+000  0.100126863875319E+001  0.298827066063110E+001  0.306525160253261E+000 -0.702877613221966E+003
  0.277590401662010E-284  0.139052659174274E+004  0.245191277043414E+000  0.903927336823276E+000  0.322547936682435E+001  0.306525160253261E+000 -0.691883538820944E+003
  0.737479093726658E-280  0.137012072044885E+004  0.255720290187935E+000  0.995163271745211E+000  0.312910641737447E+001  0.306525160253261E+000 -0.681680603173999E+003
  0.249886044728439E-279  0.136764900738472E+004  0.222984229501990E+000  0.965714562688571E+000  0.330967531055883E+001  0.306525160253261E+000 -0.680444746641934E+003
  0.406064448586034E-277  0.135743664485066E+004  0.260891424906547E+000  0.105299880620884E+001  0.305649094812708E+001  0.306525160253261E+000 -0.675338565374904E+003
  0.498490097202164E-276  0.135239032261830E+004  0.232788519536857E+000  0.106526357015721E+001  0.319192982064758E+001  0.306525160253261E+000 -0.672815404258724E+003
  0.516829825435817E-275  0.134768188418214E+004  0.222379160352110E+000  0.101115054859422E+001  0.329906141290458E+001  0.306525160253261E+000 -0.670461185040648E+003
  0.120707630766640E-268  0.131832336913820E+004  0.251165640711129E+000  0.887401709307748E+000  0.317943851425203E+001  0.306525160253261E+000 -0.655781927518675E+003
  0.152024796841802E-265  0.130401550561192E+004  0.279163210723661E+000  0.103398170586298E+001  0.296216522363394E+001  0.306525160253261E+000 -0.648627995755537E+003
  0.687142769728259E-265  0.130096750035451E+004  0.277716911388793E+000  0.101907010648721E+001  0.294564941909327E+001  0.306525160253261E+000 -0.647103993126829E+003
  0.786673811443692E-265  0.130066594877179E+004  0.243728163429853E+000  0.105165648384205E+001  0.315643452140195E+001  0.306525160253261E+000 -0.646953217335469E+003
  0.751951624359619E-264  0.129612005361089E+004  0.264044253791881E+000  0.894348418967544E+000  0.311754273150250E+001  0.306525160253261E+000 -0.644680269755022E+003
  0.246380248367667E-255  0.125687410541387E+004  0.259639540655544E+000  0.104510350351199E+001  0.306921338557126E+001  0.306525160253261E+000 -0.625057295656510E+003
  0.498005203093065E-255  0.125543562812610E+004  0.263570628027613E+000  0.915305622447326E+000  0.311890032390070E+001  0.306525160253261E+000 -0.624338057012627E+003
  0.769113412686162E-250  0.123150951299425E+004  0.284751522865305E+000  0.102898465100249E+001  0.292112016729895E+001  0.306525160253261E+000 -0.612374999446701E+003
  0.536280504864627E-249  0.122759449660562E+004  0.252212671414130E+000  0.895188260952848E+000  0.318329435941833E+001  0.306525160253261E+000 -0.610417491252386E+003
  0.694644037345991E-249  0.122704600386510E+004  0.258325208416476E+000  0.108588511686531E+001  0.303121154684456E+001  0.306525160253261E+000 -0.610143244882126E+003
  0.917314520289387E-240  0.118501236209035E+004  0.272926123864113E+000  0.916758315251683E+000  0.306062179667667E+001  0.306525160253261E+000 -0.589126423994751E+003
  0.342110768736512E-238  0.117774364500921E+004  0.223687178714027E+000  0.979771182042394E+000  0.330370454597619E+001  0.306525160253261E+000 -0.585492065454179E+003
  0.115295670035534E-237  0.117528273584444E+004  0.271887571781337E+000  0.101047603025327E+001  0.302276693059348E+001  0.306525160253261E+000 -0.584261610871795E+003
  0.335704238806628E-236  0.116850909596937E+004  0.245385573976580E+000  0.970182191612794E+000  0.314877900056489E+001  0.306525160253261E+000 -0.580874790934260E+003
  0.147399168055402E-226  0.112407255812655E+004  0.246697878371941E+000  0.900835730058507E+000  0.319558312765016E+001  0.306525160253261E+000 -0.558656522012849E+003
  0.263280868584823E-226  0.112288139561725E+004  0.247718002151265E+000  0.921548259109008E+000  0.316877062440691E+001  0.306525160253261E+000 -0.558060940758203E+003
  0.176127174309118E-225  0.111904924723483E+004  0.284433292833667E+000  0.970834773538847E+000  0.295754654038682E+001  0.306525160253261E+000 -0.556144866566990E+003
  0.250207103396864E-223  0.110910573314358E+004  0.275339695074809E+000  0.942524459870564E+000  0.301037224691683E+001  0.306525160253261E+000 -0.551173109521365E+003
  0.115123574898260E-219  0.109220660977203E+004  0.234800434213496E+000  0.982536829414007E+000  0.325175767001179E+001  0.306525160253261E+000 -0.542723547835593E+003
  0.127517321113925E-218  0.108736593903001E+004  0.269127256488846E+000  0.917080295916077E+000  0.308180410166872E+001  0.306525160253261E+000 -0.540303212464582E+003
  0.447969359849973E-218  0.108482198539766E+004  0.260713845307285E+000  0.959226704121571E+000  0.311680703444651E+001  0.306525160253261E+000 -0.539031235648408E+003
  0.417031432207681E-217  0.108032893332046E+004  0.263509879567076E+000  0.988476985958593E+000  0.303564474653669E+001  0.306525160253261E+000 -0.536784709609807E+003
  0.417250822323866E-210  0.104806068177067E+004  0.263536345175376E+000  0.105523753629556E+001  0.300176929870948E+001  0.306525160253261E+000 -0.520650583834909E+003
  0.191112853461315E-208  0.104038097987358E+004  0.263175672595114E+000  0.990710882202358E+000  0.308494746208632E+001  0.306525160253261E+000 -0.516810732886365E+003
  0.818762027387349E-207  0.103283494257971E+004  0.275983776167509E+000  0.952690686903267E+000  0.300141254311908E+001  0.306525160253261E+000 -0.513037714239433E+003
  0.664785559429917E-202  0.101019474118700E+004  0.268331861759828E+000  0.915795171137566E+000  0.308420627971221E+001  0.306525160253261E+000 -0.501717613543078E+003
  0.627834692496987E-200  0.100106776767860E+004  0.243224022890701E+000  0.963027708732904E+000  0.321313101763670E+001  0.306525160253261E+000 -0.497154126788874E+003
  0.670554473172579E-199  0.996299933042084E+003  0.241578914456609E+000  0.106155354297336E+001  0.313430953191276E+001  0.306525160253261E+000 -0.494770209470617E+003
  0.640576412715471E-196  0.982544887163350E+003  0.243966211442048E+000  0.971113897825768E+000  0.315963036637847E+001  0.306525160253261E+000 -0.487892686531251E+003
  0.122677379397318E-194  0.976609159294609E+003  0.265745890942998E+000  0.907738519672900E+000  0.309517621132395E+001  0.306525160253261E+000 -0.484924822596880E+003
  0.170217518356363E-192  0.966712772227211E+003  0.282783489112629E+000  0.986829046439317E+000  0.295746592074594E+001  0.306525160253261E+000 -0.479976629063181E+003
  0.298593232767523E-192  0.965557753688660E+003  0.249814370048637E+000  0.966353514857703E+000  0.312711791536792E+001  0.306525160253261E+000 -0.479399119793906E+003
  0.298398230425142E-189  0.951712541324711E+003  0.244058062026880E+000  0.908086921060251E+000  0.321469355463709E+001  0.306525160253261E+000 -0.472476513611931E+003
  0.612861163625509E-183  0.922611092864835E+003  0.268273424662044E+000  0.103565387706520E+001  0.298834642927070E+001  0.306525160253261E+000 -0.457925789381993E+003
  0.219928610687324E-178  0.901603904415269E+003  0.248789716773213E+000  0.106818123246326E+001  0.308880833634710E+001  0.306525160253261E+000 -0.447422195157210E+003
  0.206969993578389E-175  0.887878843829466E+003  0.265464949433830E+000  0.106513420736045E+001  0.299754428503210E+001  0.306525160253261E+000 -0.440559664864309E+003
  0.959952653829804E-174  0.880174044990168E+003  0.268874779274595E+000  0.100775797651490E+001  0.300036982013203E+001  0.306525160253261E+000 -0.436707265444660E+003
  0.836111499638225E-170  0.861998599847852E+003  0.255312175961391E+000  0.913067804578363E+000  0.313868071716198E+001  0.306525160253261E+000 -0.427619542873502E+003
  0.248539438860187E-169  0.859788742161459E+003  0.261372092700088E+000  0.909455343623450E+000  0.311426832027402E+001  0.306525160253261E+000 -0.426514614030305E+003
  0.305210043288371E-169  0.859346936457439E+003  0.261471654871543E+000  0.991825803624144E+000  0.309164401431593E+001  0.306525160253261E+000 -0.426293711178295E+003
  0.329645475719195E-169  0.859161892974643E+003  0.242724576033434E+000  0.914942689237914E+000  0.322055832079809E+001  0.306525160253261E+000 -0.426201189436897E+003
  0.751044073755187E-163  0.829852970333976E+003  0.260060291364643E+000  0.974685645872944E+000  0.310921875450884E+001  0.306525160253261E+000 -0.411546728116564E+003
  0.144832201202311E-161  0.823903398584085E+003  0.246563264904099E+000  0.105785136260764E+001  0.310566922518138E+001  0.306525160253261E+000 -0.408571942241618E+003
  0.312742352021487E-155  0.794701761383368E+003  0.249605830652042E+000  0.944975211439525E+000  0.314550415667256E+001  0.306525160253261E+000 -0.393971123641260E+003
  0.195628964627537E-154  0.791003902559356E+003  0.229892148503625E+000  0.100701366418159E+001  0.325284805112264E+001  0.306525160253261E+000 -0.392122194229254E+003
  0.160500779993710E-153  0.786763566050743E+003  0.260273642227490E+000  0.942076555006675E+000  0.312181274193165E+001  0.306525160253261E+000 -0.390002025974947E+003
  0.210509013652878E-153  0.786190098337517E+003  0.277360894025412E+000  0.960670225413873E+000  0.299928857155784E+001  0.306525160253261E+000 -0.389715292118334E+003
  0.568816623634115E-151  0.774960690329567E+003  0.251192190079488E+000  0.940977124746948E+000  0.317364895847742E+001  0.306525160253261E+000 -0.384100588114359E+003
  0.170542564183832E-150  0.772733658160478E+003  0.262236101546207E+000  0.103694145830385E+001  0.302146018626060E+001  0.306525160253261E+000 -0.382987072029815E+003
  0.143617926277338E-149  0.768441136451921E+003  0.276470789101245E+000  0.102615314387178E+001  0.296771023937441E+001  0.306525160253261E+000 -0.380840811175536E+003
  0.314071554993230E-149  0.766845199361914E+003  0.239119021706673E+000  0.974932912482677E+000  0.319243807225847E+001  0.306525160253261E+000 -0.380042842630532E+003
  0.639138665999836E-149  0.765393189801964E+003  0.246379289737070E+000  0.978985502943701E+000  0.318416480963450E+001  0.306525160253261E+000 -0.379316837850558E+003
  0.379910744793867E-147  0.757192211241956E+003  0.241529156252607E+000  0.972207475314971E+000  0.317824561064318E+001  0.306525160253261E+000 -0.375216348570554E+003
  0.490034490131500E-146  0.752046953815614E+003  0.250067466676230E+000  0.106312911246160E+001  0.308739352159541E+001  0.306525160253261E+000 -0.372643719857383E+003
  0.830390403340359E-145  0.746355934898508E+003  0.250520309663438E+000  0.101451319588038E+001  0.309849153344725E+001  0.306525160253261E+000 -0.369798210398830E+003
  0.347026510818616E-143  0.738859575710643E+003  0.274826039258586E+000  0.956610529310836E+000  0.302569179955228E+001  0.306525160253261E+000 -0.366050030804897E+003
  0.207396913423724E-142  0.735252930678855E+003  0.266602153593725E+000  0.105326221618334E+001  0.300574494716957E+001  0.306525160253261E+000 -0.364246708289003E+003
  0.792858644475751E-142  0.732539901229442E+003  0.255486108954629E+000  0.106374172063519E+001  0.306008681875490E+001  0.306525160253261E+000 -0.362890193564297E+003
  0.396234343022648E-140  0.724685830764559E+003  0.236002269469559E+000  0.102996920816526E+001  0.318959492675011E+001  0.306525160253261E+000 -0.358963158331855E+003
  0.775214637721190E-140  0.723312554128740E+003  0.246580486025524E+000  0.923247216522782E+000  0.320047517551809E+001  0.306525160253261E+000 -0.358276520013946E+003
  0.310174958953467E-139  0.720508382411505E+003  0.264316402600679E+000  0.942000547287568E+000  0.306940695624041E+001  0.306525160253261E+000 -0.356874434155328E+003
  0.902426767770366E-138  0.713736301810096E+003  0.241922962218537E+000  0.104676651658138E+001  0.314278343143074E+001  0.306525160253261E+000 -0.353488393854623E+003
  0.132086366840612E-137  0.712943386331623E+003  0.276940025993350E+000  0.993580078905228E+000  0.299188448029790E+001  0.306525160253261E+000 -0.353091936115387E+003
  0.125769466713312E-135  0.703800048388575E+003  0.240678197214359E+000  0.104846196672722E+001  0.315969059762419E+001  0.306525160253261E+000 -0.348520267143863E+003
  0.578636222286193E-135  0.700716593231432E+003  0.247797222291020E+000  0.101436763429041E+001  0.315330211081204E+001  0.306525160253261E+000 -0.346978539565292E+003
  0.349140216433753E-133  0.692485645258604E+003  0.238915635398438E+000  0.103846127317268E+001  0.316683993651356E+001  0.306525160253261E+000 -0.342863065578878E+003
  0.805531661098113E-133  0.690782579085160E+003  0.265237000139888E+000  0.105215950306080E+001  0.300608576209082E+001  0.306525160253261E+000 -0.342011532492156E+003
  0.902026053245264E-133  0.690525288921045E+003  0.259525761698572E+000  0.978935586921325E+000  0.310785008105868E+001  0.306525160253261E+000 -0.341882887410098E+003
  0.517041898236582E-131  0.682396979158413E+003  0.271898834748171E+000  0.960865083766017E+000  0.304223197308881E+001  0.306525160253261E+000 -0.337818732528782E+003
  0.692811789675849E-127  0.663360021116923E+003  0.251319212390350E+000  0.991386859722470E+000  0.310765254210472E+001  0.306525160253261E+000 -0.328300253508037E+003
  0.487922141351121E-122  0.641004366869553E+003  0.238820487341971E+000  0.100830329128418E+001  0.320624166877520E+001  0.306525160253261E+000 -0.317122426384352E+003
  0.782206621170431E-121  0.635424262149738E+003  0.264174630920026E+000  0.975070066513567E+000  0.308173327158853E+001  0.306525160253261E+000 -0.314332374024445E+003
  0.153744480630657E-120  0.634041737429449E+003  0.262192279909864E+000  0.102373573125623E+001  0.303050828178733E+001  0.306525160253261E+000 -0.313641111664300E+003
  0.272068234555559E-120  0.632869207277443E+003  0.263082317911717E+000  0.951952093097159E+000  0.309869602596912E+001  0.306525160253261E+000 -0.313054846588297E+003
  0.112275835297712E-119  0.630003217195338E+003  0.242475546935779E+000  0.932442268513418E+000  0.320614613512052E+001  0.306525160253261E+000 -0.311621851547245E+003
  0.158298373718937E-119  0.629285162752810E+003  0.261603176646511E+000  0.957595955914939E+000  0.310509117407404E+001  0.306525160253261E+000 -0.311262824325980E+003
  0.230948452439284E-119  0.628498728694569E+003  0.244493259748321E+000  0.103376731675038E+001  0.315500068038651E+001  0.306525160253261E+000 -0.310869607296860E+003
  0.611022582572982E-119  0.626521841556491E+003  0.238320882746935E+000  0.103508431089578E+001  0.318434076246922E+001  0.306525160253261E+000 -0.309881163727821E+003
  0.616386459894925E-119  0.626473352746882E+003  0.246185627801447E+000  0.102571548927048E+001  0.312230925923951E+001  0.306525160253261E+000 -0.309856919323017E+003
  0.395939461068583E-117  0.618117229628434E+003  0.248636808095841E+000  0.101163686650655E+001  0.311362523930123E+001  0.306525160253261E+000 -0.305678857763793E+003
  0.511173114426599E-115  0.608364986913107E+003  0.233704808352692E+000  0.977258468346556E+000  0.324855396687169E+001  0.306525160253261E+000 -0.300802736406129E+003
  0.433417461592446E-114  0.604058822215133E+003  0.275257707455352E+000  0.100254378919272E+001  0.298487997855408E+001  0.306525160253261E+000 -0.298649654057142E+003
  0.135478848143853E-112  0.597143245174484E+003  0.243868375427743E+000  0.998269908608254E+000  0.315091341746518E+001  0.306525160253261E+000 -0.295191865536818E+003
  0.755426731387050E-112  0.593675302259733E+003  0.271176774303893E+000  0.103099404619460E+001  0.299338429916393E+001  0.306525160253261E+000 -0.293457894079442E+003
  0.870344237100799E-110  0.584150741491678E+003  0.239602934565025E+000  0.101472967488305E+001  0.319601382515964E+001  0.306525160253261E+000 -0.288695613695414E+003
  0.552627194068143E-109  0.580422973304246E+003  0.241094100832241E+000  0.938606072315696E+000  0.321174187474410E+001  0.306525160253261E+000 -0.286831729601699E+003
  0.182441037032679E-108  0.578003307917861E+003  0.256254110093691E+000  0.985239082805687E+000  0.308450206464195E+001  0.306525160253261E+000 -0.285621896908506E+003
  0.127050955096818E-106  0.569485636790495E+003  0.245377450488995E+000  0.947167140256731E+000  0.317469611484107E+001  0.306525160253261E+000 -0.281363061344823E+003
  0.136621161844748E-105  0.564704210978937E+003  0.252103151973748E+000  0.994621345150184E+000  0.313947313465823E+001  0.306525160253261E+000 -0.278972348439044E+003
  0.255806555447126E-105  0.563418783280708E+003  0.256572325512893E+000  0.100339715832281E+001  0.310800588926318E+001  0.306525160253261E+000 -0.278329634589930E+003
  0.341961081508787E-105  0.562807224072084E+003  0.256675143044417E+000  0.103920775710867E+001  0.305586956427999E+001  0.306525160253261E+000 -0.278023854985618E+003
  0.186148516542130E-104  0.559387349718415E+003  0.237657634011279E+000  0.997588970694340E+000  0.321739249038246E+001  0.306525160253261E+000 -0.276313917808783E+003
  0.548982539356714E-102  0.547982957362528E+003  0.250090389270565E+000  0.101055462492813E+001  0.310668778888660E+001  0.306525160253261E+000 -0.270611721630840E+003
  0.137679675966703E-101  0.546113052479823E+003  0.233882530982947E+000  0.997248899565094E+000  0.323373894328711E+001  0.306525160253261E+000 -0.269676769189487E+003
  0.663650431630113E-101  0.542936392598582E+003  0.234399965436246E+000  0.100967294925238E+001  0.321985469285887E+001  0.306525160253261E+000 -0.268088439248867E+003
  0.197945139100497E-099  0.536114575124350E+003  0.243509174075368E+000  0.986107459560864E+000  0.316124747031374E+001  0.306525160253261E+000 -0.264677530511751E+003
  0.623008873561661E-099  0.533790425061456E+003  0.240601173766257E+000  0.102221417904582E+001  0.316360363226953E+001  0.306525160253261E+000 -0.263515455480304E+003
  0.112055844056476E-097  0.527980203130977E+003  0.234603361451075E+000  0.993268954873239E+000  0.322176682241069E+001  0.306525160253261E+000 -0.260610344515064E+003
  0.188905858997617E-097  0.526904691886413E+003  0.271355436253854E+000  0.102263596372530E+001  0.299607033572871E+001  0.306525160253261E+000 -0.260072588892782E+003
  0.264269323866932E-097  0.526202243595604E+003  0.261552507549143E+000  0.944233201783152E+000  0.308635774383571E+001  0.306525160253261E+000 -0.259721364747378E+003
  0.260628013900641E-097  0.526198984407892E+003  0.259562365830905E+000  0.995857029412281E+000  0.309475984199290E+001  0.306525160253261E+000 -0.259719735153522E+003
  0.119463604745148E-095  0.518517800451709E+003  0.243925539268519E+000  0.934192176978092E+000  0.320139525075512E+001  0.306525160253261E+000 -0.255879143175430E+003
  0.236476264197242E-095  0.517121119922813E+003  0.269679601906196E+000  0.100876706303020E+001  0.302368648498823E+001  0.306525160253261E+000 -0.255180802910982E+003
  0.466075067365575E-095  0.515733113810087E+003  0.272411298329151E+000  0.986584589778210E+000  0.302034737467818E+001  0.306525160253261E+000 -0.254486799854619E+003
  0.197821621131317E-094  0.512810897228346E+003  0.264051342155300E+000  0.104247953850861E+001  0.302153602009469E+001  0.306525160253261E+000 -0.253025691563749E+003
  0.243284303799337E-093  0.507760988643933E+003  0.239557481212451E+000  0.102622005815552E+001  0.318333482062766E+001  0.306525160253261E+000 -0.250500737271542E+003
  0.665425480317285E-093  0.505717588426566E+003  0.264364956915114E+000  0.936164030717894E+000  0.308670279673128E+001  0.306525160253261E+000 -0.249479037162859E+003
  0.838823978959000E-092  0.500618261407999E+003  0.270054791688866E+000  0.958755421452741E+000  0.303774908611949E+001  0.306525160253261E+000 -0.246929373653575E+003
  0.962548703483913E-092  0.500312085474795E+003  0.241737165009742E+000  0.974472947785932E+000  0.320712570357669E+001  0.306525160253261E+000 -0.246776285686973E+003
  0.135999740017023E-091  0.499589770299353E+003  0.235148468654868E+000  0.100091507882854E+001  0.322403632609978E+001  0.306525160253261E+000 -0.246415128099252E+003
  0.410061847853552E-091  0.497351451880980E+003  0.240329269471863E+000  0.103063908725465E+001  0.317398339659273E+001  0.306525160253261E+000 -0.245295968890066E+003
  0.110021597997245E-090  0.495346535931513E+003  0.249661144521016E+000  0.104791882708591E+001  0.310391513323520E+001  0.306525160253261E+000 -0.244293510915332E+003
  0.117062060536349E-090  0.495191472490133E+003  0.242680598094530E+000  0.103538685117961E+001  0.315770894613985E+001  0.306525160253261E+000 -0.244215979194642E+003
  0.375760823636961E-089  0.488222796716000E+003  0.254390179897424E+000  0.928171961862632E+000  0.314362314024278E+001  0.306525160253261E+000 -0.240731641307576E+003
  0.170434386804469E-088  0.485167823035155E+003  0.244578488420771E+000  0.102246544912389E+001  0.316060108211643E+001  0.306525160253261E+000 -0.239204154467153E+003
  0.262294418111680E-088  0.484274580238954E+003  0.249605104632516E+000  0.102652156225169E+001  0.310392905599160E+001  0.306525160253261E+000 -0.238757533069053E+003
  0.559955378696874E-087  0.478121622692775E+003  0.238048192789352E+000  0.964048554304318E+000  0.322888848979391E+001  0.306525160253261E+000 -0.235681054295963E+003
  0.557630676327843E-087  0.478098934773278E+003  0.243195391734339E+000  0.953407450472159E+000  0.318665944451629E+001  0.306525160253261E+000 -0.235669710336215E+003
  0.588520852294406E-086  0.473354925241898E+003  0.242127944798309E+000  0.941807520644307E+000  0.320734445076332E+001  0.306525160253261E+000 -0.233297705570525E+003
  0.230088814901100E-084  0.465991870442647E+003  0.240149410111059E+000  0.960521131173198E+000  0.321965712231933E+001  0.306525160253261E+000 -0.229616178170899E+003
  0.314268478309578E-084  0.465337297547745E+003  0.255737616627963E+000  0.953280827377221E+000  0.311110559848352E+001  0.306525160253261E+000 -0.229288891723448E+003
  0.121956260824075E-082  0.457989119171557E+003  0.269585016517424E+000  0.969375312384310E+000  0.304602825480610E+001  0.306525160253261E+000 -0.225614802535354E+003
  0.610847111785196E-079  0.440920231762452E+003  0.260100301939942E+000  0.940290448787286E+000  0.311371502940228E+001  0.306525160253261E+000 -0.217080358830802E+003
  0.406113163253414E-078  0.437100482910711E+003  0.248193723516479E+000  0.102366138036449E+001  0.313836135433066E+001  0.306525160253261E+000 -0.215170484404931E+003
  0.777749062578543E-078  0.435769930372663E+003  0.263611198025034E+000  0.970501699789348E+000  0.305839928172931E+001  0.306525160253261E+000 -0.214505208135907E+003
  0.228839189590728E-076  0.428975350432541E+003  0.260315141603490E+000  0.104091548848331E+001  0.304332367808939E+001  0.306525160253261E+000 -0.211107918165846E+003
  0.192019245797354E-075  0.424690019718446E+003  0.249538359570418E+000  0.959287546771163E+000  0.314336629013673E+001  0.306525160253261E+000 -0.208965252808799E+003
  0.488543268287362E-075  0.422791346473775E+003  0.237862574037259E+000  0.100736059137317E+001  0.319395659212833E+001  0.306525160253261E+000 -0.208015916186463E+003
  0.669583663700408E-075  0.422129881939815E+003  0.247606936064412E+000  0.936139778026366E+000  0.318115156209829E+001  0.306525160253261E+000 -0.207685183919483E+003
  0.135919866333547E-074  0.420682884636420E+003  0.245282319425834E+000  0.103576163069449E+001  0.313310693899042E+001  0.306525160253261E+000 -0.206961685267786E+003
  0.839930016207657E-074  0.417009370102578E+003  0.256434298119092E+000  0.984984127923538E+000  0.308686226480134E+001  0.306525160253261E+000 -0.205124928000865E+003
  0.165137600016539E-071  0.406415930188477E+003  0.268417485005892E+000  0.959616293164042E+000  0.304905293094038E+001  0.306525160253261E+000 -0.199828208043814E+003
  0.228519451532109E-071  0.405735237279594E+003  0.269366848399469E+000  0.972986868612333E+000  0.303275312768298E+001  0.306525160253261E+000 -0.199487861589372E+003
  0.143129964796039E-069  0.397429625077602E+003  0.269301966648736E+000  0.980953255555723E+000  0.303991108864462E+001  0.306525160253261E+000 -0.195335055488377E+003
  0.299954159183521E-068  0.391313693322500E+003  0.268636211889343E+000  0.973889852470294E+000  0.303535390771886E+001  0.306525160253261E+000 -0.192277089610826E+003
  0.295793387247339E-068  0.391310621880864E+003  0.260378410221578E+000  0.950589158232420E+000  0.309115293655056E+001  0.306525160253261E+000 -0.192275553890008E+003
  0.116452992971526E-067  0.388538790315339E+003  0.255128453949333E+000  0.101598797221873E+001  0.310366849233295E+001  0.306525160253261E+000 -0.190889638107245E+003
  0.111382449181754E-065  0.379386477431156E+003  0.246498162377394E+000  0.986945035009671E+000  0.314516050437227E+001  0.306525160253261E+000 -0.186313481665154E+003
  0.649597678659268E-065  0.375828702162069E+003  0.237147134414048E+000  0.990729357479144E+000  0.321037988557703E+001  0.306525160253261E+000 -0.184534594030610E+003
  0.159979616732756E-064  0.373995137210310E+003  0.247660281828307E+000  0.103684996939521E+001  0.312071527594267E+001  0.306525160253261E+000 -0.183617811554731E+003
  0.109351269647668E-063  0.370119920758813E+003  0.249300858653786E+000  0.992130544165734E+000  0.315308839745444E+001  0.306525160253261E+000 -0.181680203328982E+003
  0.645768655886809E-062  0.361931990271944E+003  0.237463716756331E+000  0.979592933685002E+000  0.321690967949756E+001  0.306525160253261E+000 -0.177586238085548E+003
  0.471525101498051E-060  0.353319579494154E+003  0.264051859964636E+000  0.101023012021066E+001  0.303514254757485E+001  0.306525160253261E+000 -0.173280032696653E+003
  0.720052347542027E-060  0.352441867968893E+003  0.244010855859977E+000  0.102798279933822E+001  0.315152690014230E+001  0.306525160253261E+000 -0.172841176934022E+003
  0.183110300629152E-059  0.350544159824511E+003  0.256479754383350E+000  0.100917700624246E+001  0.307479621354449E+001  0.306525160253261E+000 -0.171892322861831E+003
  0.454540291084225E-058  0.344089585561469E+003  0.252381595676110E+000  0.995694614859667E+000  0.313279178697393E+001  0.306525160253261E+000 -0.168665035730310E+003
  0.873194788797473E-057  0.338147662806844E+003  0.258512692788172E+000  0.100498527039191E+001  0.306615970931871E+001  0.306525160253261E+000 -0.165694074352998E+003
  0.241793072686072E-056  0.336079636983567E+003  0.250650694595003E+000  0.942002882375279E+000  0.316285864556557E+001  0.306525160253261E+000 -0.164660061441359E+003
  0.330214138145225E-056  0.335425310493186E+003  0.263925435470344E+000  0.986435044082043E+000  0.306979831237332E+001  0.306525160253261E+000 -0.164332898196169E+003
  0.163456235347716E-055  0.332195524067510E+003  0.262364592887105E+000  0.101619961268423E+001  0.305816132756998E+001  0.306525160253261E+000 -0.162718004983331E+003
  0.671760743533893E-055  0.329337801774584E+003  0.239491212053514E+000  0.998202756136353E+000  0.318928711244518E+001  0.306525160253261E+000 -0.161289143836868E+003
  0.130155449713563E-053  0.323378798504728E+003  0.247020495885859E+000  0.946059647680406E+000  0.318064665299950E+001  0.306525160253261E+000 -0.158309642201940E+003
  0.267987520063277E-052  0.317298198126917E+003  0.257193961475064E+000  0.101669400777048E+001  0.306845645069850E+001  0.306525160253261E+000 -0.155269342013034E+003
  0.186293199804484E-051  0.313389256841607E+003  0.240369724416682E+000  0.972084294876149E+000  0.320813811330308E+001  0.306525160253261E+000 -0.153314871370379E+003
  0.627487921272659E-051  0.310929443176076E+003  0.265164474821249E+000  0.960464183487495E+000  0.306536367992354E+001  0.306525160253261E+000 -0.152084964537614E+003
  0.126310217727302E-049  0.304894061421658E+003  0.267455068554001E+000  0.972949761403002E+000  0.304672695502731E+001  0.306525160253261E+000 -0.149067273660405E+003
  0.331168263592128E-049  0.302935281710797E+003  0.248126111020184E+000  0.962473767052126E+000  0.315320793788469E+001  0.306525160253261E+000 -0.148087883804974E+003
  0.167082458149900E-048  0.299667381438735E+003  0.247384212205689E+000  0.960470610564668E+000  0.315958648019714E+001  0.306525160253261E+000 -0.146453933668943E+003
  0.111749249820817E-047  0.295835662742625E+003  0.252587282285935E+000  0.951029616475842E+000  0.315052490170419E+001  0.306525160253261E+000 -0.144538074320888E+003
  0.133248239460929E-047  0.295452741709154E+003  0.264163360069574E+000  0.965215433502755E+000  0.306509818733620E+001  0.306525160253261E+000 -0.144346613804153E+003
  0.283132420596485E-043  0.273499392382920E+003  0.252252644940428E+000  0.946810354758466E+000  0.314374853709943E+001  0.306525160253261E+000 -0.136749696191460E+003
  0.662861475327666E-041  0.262587749357560E+003  0.254898092458586E+000  0.950162185326686E+000  0.313602694226521E+001  0.306525160253261E+000 -0.131293874678780E+003
  0.567196286242781E-039  0.253689130194641E+003  0.256768303115009E+000  0.950404389975636E+000  0.312420660138607E+001  0.306525160253261E+000 -0.126844565097320E+003
  0.214675015986125E-032  0.223396099086013E+003  0.255468719856195E+000  0.950250766153624E+000  0.312869778792265E+001  0.306525160253261E+000 -0.111698049543006E+003
  0.121242981444240E-030  0.215328416089795E+003  0.253851789382105E+000  0.951044019430180E+000  0.313815923399846E+001  0.306525160253261E+000 -0.107664208044897E+003
