  0.173688909216952E-313  0.148650457788802E+004  0.266244922210855E+000  0.961727624629846E+000  0.302148884548252E+001 -0.104599893437593E+001 -0.102570469233313E+000  0.105284943820515E+002  0.000000000000000E+000 -0.746194749914797E+003
  0.557475592557682E-300  0.142424351635048E+004  0.270234481620742E+000  0.982595842721111E+000  0.298673494512615E+001 -0.633340417488416E+000 -0.939528310680080E+000 -0.241313467379620E+002  0.000000000000000E+000 -0.680404378026014E+003
  0.158053873514441E-299  0.142209776839854E+004  0.253230562909959E+000  0.960578553312883E+000  0.306634057604630E+001 -0.108921664876745E+001 -0.891204262788509E+000  0.145030330112245E+001  0.000000000000000E+000 -0.704913154089128E+003
  0.142847296297380E-290  0.138079201289709E+004  0.271141056477138E+000  0.965585342694724E+000  0.297497339936797E+001 -0.100529081778401E+001 -0.854306799081519E+000 -0.981194446808861E+001  0.000000000000000E+000 -0.672998028569190E+003
  0.373097998184459E-258  0.123144489380170E+004  0.269595032312326E+000  0.970366760517384E+000  0.307002997223269E+001 -0.718807436804813E+000 -0.408965474472562E+000  0.312017636722146E+001  0.000000000000000E+000 -0.611256589856804E+003
  0.130600169567731E-255  0.121966724112567E+004  0.262166252829527E+000  0.980659494422574E+000  0.309491174644852E+001 -0.115161677200711E+001  0.355817571670234E+000 -0.403476591900431E+001  0.000000000000000E+000 -0.598212821232566E+003
  0.276863491064023E-251  0.119968224894947E+004  0.268251588826680E+000  0.968651540600662E+000  0.304590467448720E+001 -0.963541149085950E+000 -0.381568802585013E+000  0.973472593778706E+001  0.000000000000000E+000 -0.601989817001259E+003
  0.111515757232547E-235  0.112775669999890E+004  0.261380673722793E+000  0.969468670323555E+000  0.308232591927968E+001 -0.925996292110075E+000 -0.469419762694649E+000  0.566563228046325E+001  0.000000000000000E+000 -0.561957948868649E+003
  0.229213912280999E-220  0.105717662432991E+004  0.265643727934019E+000  0.960568060317855E+000  0.305213952221417E+001 -0.785733618215917E+000 -0.862910927440333E+000  0.103008255663587E+000  0.000000000000000E+000 -0.521105287009354E+003
  0.332831453381243E-211  0.101492258827161E+004  0.255892098237543E+000  0.948289326935067E+000  0.311199518050660E+001 -0.999407918603600E+000 -0.471278121300212E+000 -0.975793301761203E+001  0.000000000000000E+000 -0.490117327706927E+003
  0.645636144700107E-210  0.100893067499677E+004  0.283896116911118E+000  0.966667558013898E+000  0.304057617259827E+001 -0.992867277345176E+000  0.428775969085839E+000  0.555046849613871E+001  0.000000000000000E+000 -0.502429772583257E+003
  0.157077278693241E-204  0.984065106956265E+003  0.266774973856800E+000  0.960835546368243E+000  0.307657307820417E+001 -0.929870415303450E+000 -0.192763761226556E+000  0.834667432201392E+001  0.000000000000000E+000 -0.492793194388881E+003
  0.392607136165485E-199  0.959145569602718E+003  0.252653878622102E+000  0.951187948357456E+000  0.311351191495724E+001 -0.103880130798706E+001 -0.646461713422489E+000 -0.990968309344178E+001  0.000000000000000E+000 -0.462077068296652E+003
  0.302867389818404E-197  0.950392714725439E+003  0.261419971782790E+000  0.984264183474906E+000  0.308434188394443E+001 -0.112966790312452E+001  0.215532493117425E+000 -0.410963780141741E+001  0.000000000000000E+000 -0.463500686150036E+003
  0.942789258518405E-191  0.920429054841213E+003  0.253970228757386E+000  0.979188171160212E+000  0.308930698995884E+001 -0.100326259287055E+001 -0.843688481022300E+000 -0.679160998521002E+001  0.000000000000000E+000 -0.445836884024131E+003
  0.137816594069770E-188  0.910397838976097E+003  0.268002095087870E+000  0.971052792806999E+000  0.305153141114549E+001 -0.940298544084750E+000  0.115312383349337E+000  0.104582734700806E+002  0.000000000000000E+000 -0.458071159546863E+003
  0.598345929991745E-183  0.884373954144407E+003  0.282489429909951E+000  0.967777403418460E+000  0.298500725441200E+001 -0.735348641466243E+000 -0.574271527295509E+000 -0.830850030737156E+001  0.000000000000000E+000 -0.426292443353566E+003
  0.201530139333626E-175  0.849647509578939E+003  0.262209667325900E+000  0.948698790058031E+000  0.303110231284522E+001 -0.972195320369603E+000 -0.723736034091755E+000 -0.234720685784854E+001  0.000000000000000E+000 -0.414890514520355E+003
  0.464115167306467E-165  0.801865876838181E+003  0.254131026867088E+000  0.951864591345973E+000  0.309834516822716E+001 -0.109990007002690E+001 -0.288789080705394E+000 -0.840177212198247E+000  0.000000000000000E+000 -0.392506727795626E+003
  0.224454231467632E-158  0.771021064037277E+003  0.257472301022559E+000  0.947053495034414E+000  0.309936100631929E+001 -0.756153250119779E+000 -0.770042036781478E+000 -0.148350176282626E+002  0.000000000000000E+000 -0.363089480979110E+003
  0.872812126634749E-158  0.768243423698524E+003  0.254815512186920E+000  0.971486262284529E+000  0.305918332614833E+001 -0.104734026951742E+001 -0.871788827155259E+000  0.208162871834189E+001  0.000000000000000E+000 -0.378617307156338E+003
  0.118460401321657E-147  0.721519291514721E+003  0.258690830351438E+000  0.951891908456484E+000  0.310036160374347E+001 -0.753093890532106E+000 -0.583282610688439E+000 -0.743894557916069E+001  0.000000000000000E+000 -0.345734666766934E+003
  0.130145166960567E-146  0.716664434495989E+003  0.250489492640100E+000  0.974838974162385E+000  0.310115698600744E+001 -0.112040522127167E+001 -0.467449909530539E+000 -0.110392862384734E+001  0.000000000000000E+000 -0.349642255212882E+003
  0.973198304403762E-134  0.657316974202306E+003  0.264973995581974E+000  0.959143073635849E+000  0.307664441025980E+001 -0.101355927137358E+001  0.206356820515427E+000  0.825957360418694E+001  0.000000000000000E+000 -0.329332027294074E+003
  0.372864948708771E-133  0.654569003863668E+003  0.279802151628077E+000  0.968868411922488E+000  0.297660203392821E+001 -0.644136012086950E+000 -0.808323577914837E+000 -0.172830964382773E+002  0.000000000000000E+000 -0.302415372082291E+003
  0.855881780913471E-133  0.652845628598498E+003  0.249307658256696E+000  0.969390431855400E+000  0.309126026624117E+001 -0.106294812691463E+001 -0.754500202241478E+000  0.960981458464207E-001  0.000000000000000E+000 -0.318932879033830E+003
  0.859240889350836E-132  0.648171080990269E+003  0.264337564054129E+000  0.969265077296636E+000  0.304039614263632E+001 -0.711967646154365E+000 -0.920109643837241E+000 -0.264742037183621E+001  0.000000000000000E+000 -0.313852086712032E+003
  0.267479511371380E-131  0.645838380171448E+003  0.271696596732969E+000  0.960653798630628E+000  0.304619481243791E+001 -0.694873821057749E+000 -0.489475767186477E+000  0.310643240366620E+001  0.000000000000000E+000 -0.318439589078124E+003
  0.368472207678829E-131  0.645136192217618E+003  0.260327086486520E+000  0.952604065829121E+000  0.304379309797695E+001 -0.759261799788859E+000 -0.924156889716386E+000 -0.519611140029761E+001  0.000000000000000E+000 -0.309785951297246E+003
  0.677396992706622E-131  0.643856864475759E+003  0.273885413039998E+000  0.965723506194902E+000  0.308119956059719E+001 -0.903704715990889E+000  0.303634594890954E+000  0.569755208765791E+001  0.000000000000000E+000 -0.320039950914272E+003
  0.873589706904330E-124  0.611050423213264E+003  0.265848598030899E+000  0.957508422410245E+000  0.301311863766706E+001 -0.963697892012261E+000 -0.764612121075645E+000  0.896311637722033E+000  0.000000000000000E+000 -0.298835489833088E+003
  0.307271123691846E-121  0.599263129989208E+003  0.273814414326984E+000  0.955013067501034E+000  0.300283951892609E+001 -0.703051050362204E+000 -0.635058351509673E+000 -0.601188423759331E+001  0.000000000000000E+000 -0.286033647345745E+003
  0.597577385878487E-117  0.579450599338676E+003  0.263371476972117E+000  0.983930505580740E+000  0.303116960368367E+001 -0.104800522634832E+001 -0.335081518110791E+000 -0.318865878948331E+000  0.000000000000000E+000 -0.281820400379124E+003
  0.679610950888928E-116  0.574526612411632E+003  0.249123843552135E+000  0.983786940551014E+000  0.310297831508880E+001 -0.102896698467732E+001 -0.929398827188225E+000 -0.170336465344651E+002  0.000000000000000E+000 -0.262643626260085E+003
  0.643778718548036E-115  0.569968229790461E+003  0.258333062769972E+000  0.968022188220838E+000  0.306868816561453E+001 -0.805440532636935E+000 -0.558202171311756E+000  0.573763289891149E+001  0.000000000000000E+000 -0.283135714382876E+003
  0.696682308859807E-115  0.569748737579872E+003  0.246386092295962E+000  0.966587074783752E+000  0.310873465961283E+001 -0.906937291746430E+000 -0.772220290489227E+000 -0.500868584114832E+001  0.000000000000000E+000 -0.272279649537522E+003
  0.224996185292350E-112  0.558132175826860E+003  0.274006360032516E+000  0.984701408562288E+000  0.298192808490422E+001 -0.699416302646238E+000 -0.788040165929578E+000 -0.234074176115174E+002  0.000000000000000E+000 -0.248072636890647E+003
  0.729182915566937E-107  0.532693099248152E+003  0.261146052145716E+000  0.974097606669686E+000  0.304476688911806E+001 -0.100628768767906E+001 -0.694167528450237E+000  0.447820150444500E+001  0.000000000000000E+000 -0.263238717717255E+003
  0.398011081136697E-106  0.529237275277976E+003  0.270786152796182E+000  0.956752137825343E+000  0.303303671274739E+001 -0.767856708073954E+000 -0.364387058208439E+000  0.476562170054909E+001  0.000000000000000E+000 -0.261798225928271E+003
  0.627712328611365E-104  0.519054187310444E+003  0.252177189714415E+000  0.968222540528384E+000  0.310510688301743E+001 -0.966706700317710E+000 -0.779440888155149E+000 -0.381072947661070E+001  0.000000000000000E+000 -0.248130330767346E+003
  0.228522016997538E-099  0.497987691914955E+003  0.251689790699628E+000  0.964504621003111E+000  0.309527731462338E+001 -0.905801920091154E+000 -0.515388400904891E+000  0.321917604768061E+001  0.000000000000000E+000 -0.244626988593892E+003
  0.162313038049446E-094  0.475584509179384E+003  0.250884479293811E+000  0.960676743812675E+000  0.309274788875139E+001 -0.102481242723809E+001 -0.907001532194538E+000 -0.325139602812324E+001  0.000000000000000E+000 -0.226954825150303E+003
  0.138082241270608E-092  0.466635980180936E+003  0.247359899424235E+000  0.981921274791323E+000  0.310702901896906E+001 -0.106125993789578E+001 -0.869045027697808E+000 -0.150324488308507E+002  0.000000000000000E+000 -0.210699507848352E+003
  0.118812766353927E-087  0.443849187127339E+003  0.267861440105592E+000  0.956067545165238E+000  0.305103342601791E+001 -0.991697760278981E+000 -0.136147972019243E+000  0.926275938703608E+001  0.000000000000000E+000 -0.223601319539440E+003
  0.113131995714421E-086  0.439280460866756E+003  0.276326134741744E+000  0.970855408256458E+000  0.299523437882197E+001 -0.956209533843939E+000 -0.143920289031249E+000  0.275456231055621E+001  0.000000000000000E+000 -0.214808759332668E+003
  0.176658320916763E-086  0.438327593077440E+003  0.285997965733545E+000  0.965615823920185E+000  0.300341290107148E+001 -0.683486264477656E+000 -0.227108793921196E+000 -0.263456486599007E+001  0.000000000000000E+000 -0.208943198261464E+003
  0.311533850372281E-084  0.427921128338957E+003  0.272975892953643E+000  0.954711706693628E+000  0.304330977072026E+001 -0.966745685395081E+000  0.103711199879996E+000  0.757446252649238E+001  0.000000000000000E+000 -0.213948993284705E+003
  0.615875890685521E-082  0.417286169718009E+003  0.252872224983814E+000  0.966073792003901E+000  0.310469971210935E+001 -0.102186327414564E+001 -0.527969170787451E+000  0.727965616214967E+000  0.000000000000000E+000 -0.201785017063954E+003
  0.434740917324093E-080  0.408710876440259E+003  0.282402489610156E+000  0.955935023083147E+000  0.298358849784510E+001 -0.897369064396970E+000 -0.131317875887943E+000 -0.415716447037111E+001  0.000000000000000E+000 -0.192612240338493E+003
  0.231668203999179E-075  0.386882370329890E+003  0.276164988111515E+000  0.974275092326329E+000  0.305026860185119E+001 -0.876290557309580E+000  0.177227510992177E+000  0.634320759391777E+001  0.000000000000000E+000 -0.192198359347597E+003
  0.436732613268169E-075  0.385552797120489E+003  0.289600936885608E+000  0.967072085544683E+000  0.299800736444115E+001 -0.841318272802267E+000  0.130709205403517E+000 -0.113147136154805E+001  0.000000000000000E+000 -0.184058893787431E+003
  0.108617422810874E-074  0.383669062243576E+003  0.258842597708827E+000  0.969597290637567E+000  0.305396267667269E+001 -0.101497351993521E+001 -0.581750254411985E+000  0.816640179433513E+001  0.000000000000000E+000 -0.192414899504857E+003
  0.282738643276915E-074  0.381694136679697E+003  0.273589583371258E+000  0.970943116467431E+000  0.301269951798116E+001 -0.885798224506906E+000 -0.401347497936316E+000  0.466166127016991E+001  0.000000000000000E+000 -0.187922696198753E+003
  0.253387196145376E-073  0.377246631597512E+003  0.262428109808974E+000  0.972787616071700E+000  0.302607114553647E+001 -0.930612666665331E+000 -0.605817704675851E+000  0.539672370444255E+001  0.000000000000000E+000 -0.186434006091933E+003
  0.757054430757180E-072  0.370390885262746E+003  0.262221786355184E+000  0.976724163573005E+000  0.305973397511179E+001 -0.807299764196340E+000 -0.616026557626731E+000  0.143849524403674E+001  0.000000000000000E+000 -0.179047904464144E+003
  0.140677244163659E-071  0.369090105631587E+003  0.280457601115762E+000  0.971543687928208E+000  0.304851145529164E+001 -0.741596219119124E+000 -0.501915442273752E-001  0.431417460856712E+001  0.000000000000000E+000 -0.181273194013095E+003
  0.382454940062789E-067  0.348607596321196E+003  0.250722256178554E+000  0.967885370284974E+000  0.310677012661718E+001 -0.930110131934439E+000 -0.921446592508718E+000 -0.745889082573497E+001  0.000000000000000E+000 -0.159258873923597E+003
  0.124135382607855E-066  0.346191358972504E+003  0.273670062940062E+000  0.972160125240316E+000  0.298172506248010E+001 -0.843690593669632E+000 -0.934844421558138E+000 -0.127298990467381E+002  0.000000000000000E+000 -0.152779747028248E+003
  0.819492895139753E-066  0.342355189728888E+003  0.269341773811242E+000  0.974886626422413E+000  0.300565910324294E+001 -0.951909556587884E+000 -0.382609732322525E+000  0.309202085214960E+001  0.000000000000000E+000 -0.166683582305328E+003
  0.149846208299748E-064  0.336481458516095E+003  0.256510662506941E+000  0.952525987691391E+000  0.310428588169776E+001 -0.892472799155900E+000 -0.255448519996841E+000 -0.202699100105615E+001  0.000000000000000E+000 -0.158627704845726E+003
  0.740136001164186E-063  0.328620296083711E+003  0.258748115537587E+000  0.974982776078482E+000  0.305748558839624E+001 -0.983081281791206E+000 -0.724491657650875E+000  0.317642190593229E+001  0.000000000000000E+000 -0.159900536536522E+003
  0.165410524915291E-062  0.326950389662390E+003  0.258911204341958E+000  0.968514663719826E+000  0.306904326138371E+001 -0.826770052522453E+000 -0.838071089084987E+000  0.104970399251910E+001  0.000000000000000E+000 -0.156938865412448E+003
  0.719081428321410E-062  0.323949757965405E+003  0.277464247326938E+000  0.958635932684855E+000  0.299989508826472E+001 -0.873916020147168E+000 -0.174405851919949E+000  0.253813649614771E+001  0.000000000000000E+000 -0.156926982067585E+003
  0.245962230636756E-061  0.321428637688776E+003  0.261403994107997E+000  0.953021644005398E+000  0.305140359290297E+001 -0.966181915807872E+000 -0.657781915243396E+000  0.297314654703859E+001  0.000000000000000E+000 -0.156101431980161E+003
  0.514225942570347E-061  0.319892124860029E+003  0.248938189999858E+000  0.965073640739518E+000  0.310910734564447E+001 -0.102607599249812E+001 -0.781932137728282E+000 -0.478355843759747E+001  0.000000000000000E+000 -0.147576470581151E+003
  0.131691602467872E-060  0.317949811160149E+003  0.289137707164973E+000  0.955555581922671E+000  0.298805210866016E+001 -0.718205388348356E+000 -0.264187073806165E+000 -0.956151251421401E+001  0.000000000000000E+000 -0.141827359654595E+003
  0.187402082535091E-059  0.312577510380049E+003  0.277494623526780E+000  0.956581717949277E+000  0.298964974565770E+001 -0.715949388067179E+000 -0.596652404508979E+000 -0.830147150762790E+001  0.000000000000000E+000 -0.140401250271131E+003
  0.557328224876312E-058  0.305731001163688E+003  0.252248116981502E+000  0.982064759105842E+000  0.308906975548391E+001 -0.912924074461644E+000 -0.948628635821270E+000 -0.122224568397763E+002  0.000000000000000E+000 -0.133057010330802E+003
  0.668520624984469E-057  0.300700461841056E+003  0.277703907790175E+000  0.955252973435247E+000  0.301987580609223E+001 -0.764984088176620E+000 -0.239546816784594E+000  0.194269346615517E+001  0.000000000000000E+000 -0.144706890975417E+003
  0.144911561976582E-055  0.294486465371258E+003  0.262444455177189E+000  0.980055431600404E+000  0.308194727059166E+001 -0.974280016341540E+000 -0.550190313779572E-001  0.211065185895307E+001  0.000000000000000E+000 -0.141767851133316E+003
  0.125445347594528E-054  0.290108258773041E+003  0.276524319535428E+000  0.956218880335315E+000  0.298517322818697E+001 -0.887629562924809E+000 -0.530983474684259E+000 -0.519834745520964E+001  0.000000000000000E+000 -0.132269748520045E+003
  0.633970708221022E-052  0.277596109952859E+003  0.292780176040438E+000  0.953705387316440E+000  0.298114112287157E+001 -0.702090012851790E+000 -0.181631373105537E+000 -0.143541488829675E+002  0.000000000000000E+000 -0.116857872682197E+003
  0.951436785767292E-050  0.267512285270939E+003  0.288955385800581E+000  0.954138890929038E+000  0.300786886478823E+001 -0.722893401909355E+000 -0.126878030141790E+000 -0.493219748578235E+001  0.000000000000000E+000 -0.121237911738421E+003
  0.192036025791593E-049  0.266046152286364E+003  0.269545075125678E+000  0.960500765013967E+000  0.303801309777089E+001 -0.962881157257451E+000 -0.114833933379668E+000  0.108448501784936E+002  0.000000000000000E+000 -0.136281892910410E+003
  0.569979763696655E-049  0.263808773230723E+003  0.274675602298909E+000  0.953456439190277E+000  0.303225259584258E+001 -0.906195309206166E+000 -0.292787361463119E-001  0.570132530850616E+001  0.000000000000000E+000 -0.130019678512602E+003
  0.653830327420464E-048  0.258867565684020E+003  0.268121566575031E+000  0.946664007319691E+000  0.302647458686963E+001 -0.744847126867951E+000 -0.783550103391754E+000 -0.101488707616373E+002  0.000000000000000E+000 -0.111698878669107E+003
  0.510711751620774E-046  0.250089767065517E+003  0.291138882241663E+000  0.949208539349183E+000  0.299112216141853E+001 -0.718343410681956E+000 -0.173829555878061E+000 -0.140192500374694E+002  0.000000000000000E+000 -0.103439600084023E+003
  0.205947923664293E-043  0.238029077200448E+003  0.258600230039771E+000  0.971396647089012E+000  0.307176128560358E+001 -0.828402817112777E+000 -0.546548926057746E+000  0.489191084394036E+001  0.000000000000000E+000 -0.116320416032898E+003
  0.879639214063784E-039  0.216643076138556E+003  0.259718625362769E+000  0.951343751917660E+000  0.306654022856260E+001 -0.857645427318696E+000 -0.577968876920329E+000  0.927573471109580E+000  0.000000000000000E+000 -0.101663078129122E+003
  0.270887212085593E-037  0.209726811042658E+003  0.257550635264644E+000  0.955984367246979E+000  0.310139921951580E+001 -0.983481135235115E+000 -0.216197282790033E+000  0.188486697817158E+001  0.000000000000000E+000 -0.991622390882347E+002
  0.684463418056844E-037  0.207811402410700E+003  0.262387239741549E+000  0.946815281831538E+000  0.304399214876351E+001 -0.879147124115584E+000 -0.733574297833409E+000 -0.484534503227442E+001  0.000000000000000E+000 -0.914743227618098E+002
  0.425424535547266E-034  0.194885443780353E+003  0.270421334683844E+000  0.958567759785031E+000  0.299719622424348E+001 -0.869993701618925E+000 -0.905592392936645E+000 -0.634997391802676E+001  0.000000000000000E+000 -0.835067145608839E+002
  0.360986422365413E-032  0.185942054553182E+003  0.273301729125249E+000  0.951086670095070E+000  0.301124998350139E+001 -0.807251288076394E+000 -0.691470245966594E+000 -0.562196556005582E+001  0.000000000000000E+000 -0.797630283052693E+002
  0.806036316446268E-032  0.184273934330513E+003  0.272539172824549E+000  0.965571805316755E+000  0.297868653123696E+001 -0.848995948618011E+000 -0.894235343549002E+000 -0.108557198761443E+002  0.000000000000000E+000 -0.736952138778463E+002
  0.300537389717435E-030  0.176975163896934E+003  0.273054307260052E+000  0.968041750511305E+000  0.306367306494938E+001 -0.912712925285821E+000  0.144582041539416E+000  0.913644991517914E+001  0.000000000000000E+000 -0.900379984523805E+002
  0.165753686942958E-029  0.173498588990479E+003  0.261618970279805E+000  0.974248518434488E+000  0.305010897128270E+001 -0.981598417658029E+000 -0.347710536225453E+000  0.874126887011992E+001  0.000000000000000E+000 -0.879045299540938E+002
  0.320246459618792E-029  0.172119869647460E+003  0.252648126831452E+000  0.947200168885773E+000  0.310045777680232E+001 -0.924652540532116E+000 -0.817275187414595E+000 -0.129878896962905E+002  0.000000000000000E+000 -0.654860117161737E+002
  0.669372662885311E-029  0.170583826202033E+003  0.267123575614303E+000  0.961091107453299E+000  0.305689493011961E+001 -0.861045687684239E+000 -0.348317161265767E+000  0.886293535735132E+001  0.000000000000000E+000 -0.865688150471019E+002
  0.651611840699240E-029  0.170576066687530E+003  0.254583975230087E+000  0.982968248607282E+000  0.306701122131837E+001 -0.991598844433369E+000 -0.724393361644765E+000 -0.439537359501475E+001  0.000000000000000E+000 -0.733066263374844E+002
  0.834647617489917E-029  0.170019402225191E+003  0.272902517146186E+000  0.981259227489826E+000  0.300299721287564E+001 -0.874608488633400E+000 -0.409982795170044E+000 -0.434736807790456E+001  0.000000000000000E+000 -0.730762996234252E+002
  0.669099075011366E-028  0.165794843676759E+003  0.265846242675752E+000  0.967637714299384E+000  0.304243150410474E+001 -0.848285273856581E+000 -0.596998602721459E+000  0.662748381539592E+001  0.000000000000000E+000 -0.819388722425095E+002
  0.888629937353554E-028  0.165165802885314E+003  0.270551148626209E+000  0.961353965244811E+000  0.302258708763249E+001 -0.787985466116096E+000 -0.491053938039323E+000  0.475412849259290E+001  0.000000000000000E+000 -0.797509965239840E+002
  0.823009486803513E-027  0.160652515687383E+003  0.263058828857774E+000  0.967125717506302E+000  0.307769297357915E+001 -0.886152177315141E+000 -0.129751408635086E+000  0.896431617966166E+001  0.000000000000000E+000 -0.817045406120876E+002
  0.743225561699947E-026  0.156189738477454E+003  0.268222084956619E+000  0.955675746407887E+000  0.300824923617965E+001 -0.869708927652816E+000 -0.924998916843831E+000 -0.546906926088961E+001  0.000000000000000E+000 -0.650397665665717E+002
  0.702092253482147E-025  0.151636894514945E+003  0.269393480671180E+000  0.966885495233161E+000  0.303834243560666E+001 -0.846353088606223E+000 -0.400663647391306E+000  0.845236349786505E+001  0.000000000000000E+000 -0.766847773440719E+002
  0.351685128574426E-024  0.148352838124480E+003  0.270829834459587E+000  0.962444365340008E+000  0.302217632767983E+001 -0.813498093151840E+000 -0.595625543923507E+000  0.395039550332501E+001  0.000000000000000E+000 -0.705407811542994E+002
  0.108046558295307E-023  0.146046472670406E+003  0.261969487704223E+000  0.955241684307966E+000  0.308083921684237E+001 -0.848851872926823E+000 -0.337044190716150E+000  0.399620994207831E+001  0.000000000000000E+000 -0.694334128660157E+002
  0.172739941631137E-022  0.140441309154293E+003  0.258526846261755E+000  0.970261743160192E+000  0.309822589693139E+001 -0.883677479495072E+000 -0.239112463601382E+000  0.359156453397074E+001  0.000000000000000E+000 -0.662261856998516E+002
  0.290741776664007E-022  0.139338469293236E+003  0.250163875332996E+000  0.980992219097622E+000  0.310896730475812E+001 -0.907902453674856E+000 -0.554534887927878E+000 -0.931487669031340E+001  0.000000000000000E+000 -0.527683245450387E+002
  0.228539610054204E-020  0.130548037532615E+003  0.261929417172276E+000  0.967873441155202E+000  0.303970624597577E+001 -0.928699451405084E+000 -0.769440616237926E+000  0.504137804674635E+001  0.000000000000000E+000 -0.627293634017879E+002
  0.733659938834346E-020  0.128153822056885E+003  0.260723134024473E+000  0.976872711469101E+000  0.307393428789694E+001 -0.961588194245688E+000 -0.242585350770138E+000  0.563745104612715E+001  0.000000000000000E+000 -0.621283286633038E+002
  0.221197731083317E-019  0.125885085774325E+003  0.253595403082155E+000  0.970770825410873E+000  0.308190578774513E+001 -0.942102034857151E+000 -0.897659505442178E+000 -0.129812256971352E+001  0.000000000000000E+000 -0.540583869061832E+002
  0.310259025121649E-019  0.125146841454570E+003  0.271128074455872E+000  0.945184873989291E+000  0.301962297434119E+001 -0.810886699948792E+000 -0.731875791508362E+000 -0.107889298224779E+002  0.000000000000000E+000 -0.441984574935413E+002
  0.960594024525733E-019  0.122825009426938E+003  0.248196784847729E+000  0.972455238208917E+000  0.310279130415883E+001 -0.983561751302634E+000 -0.891932005664916E+000 -0.681567758097603E+001  0.000000000000000E+000 -0.470107937212272E+002
  0.257483309891698E-018  0.120791489856813E+003  0.266135360677952E+000  0.977449519551257E+000  0.304681497770222E+001 -0.930213285218776E+000 -0.130271990083828E+000  0.709159707859643E+001  0.000000000000000E+000 -0.599013085957372E+002
  0.120946375514719E-017  0.117635991617988E+003  0.257322478710090E+000  0.953066073286911E+000  0.307894304023256E+001 -0.908206890240972E+000 -0.736485521540174E+000 -0.132228772443656E+001  0.000000000000000E+000 -0.499096746732917E+002
  0.335278325991327E-017  0.115535220818782E+003  0.263695081907781E+000  0.979875410182536E+000  0.302094344409018E+001 -0.861261703967945E+000 -0.731927479946749E+000 -0.315507238425114E+001  0.000000000000000E+000 -0.470265046138740E+002
  0.924259063234965E-017  0.113445614715299E+003  0.260437738720590E+000  0.961283159134750E+000  0.304513294877224E+001 -0.900775715886654E+000 -0.978236460516645E+000  0.278832124418086E+000  0.000000000000000E+000 -0.494156060708017E+002
  0.513723192805093E-016  0.109953516849611E+003  0.269736863815888E+000  0.967035043716812E+000  0.301803359343456E+001 -0.821001077923769E+000 -0.663619423716234E+000  0.280857023239360E+001  0.000000000000000E+000 -0.501992952459336E+002
  0.749976668460940E-016  0.109135258507611E+003  0.268631708083636E+000  0.977210358596759E+000  0.301124438677870E+001 -0.822968149351003E+000 -0.728128259858221E+000 -0.361341029374598E+001  0.000000000000000E+000 -0.433681855487938E+002
  0.113127839604188E-015  0.108251592192588E+003  0.266892753970237E+000  0.970682888141077E+000  0.306073768601886E+001 -0.858526365767524E+000 -0.222527739288998E+000  0.894221755750548E+001  0.000000000000000E+000 -0.554819802425336E+002
  0.110002028757957E-015  0.108246088263858E+003  0.250818368281443E+000  0.979419691377664E+000  0.311301155398691E+001 -0.928573036184174E+000 -0.448533168619700E+000 -0.770776517639011E+001  0.000000000000000E+000 -0.388292455442733E+002
  0.853630859419767E-015  0.104086544861440E+003  0.262890798926017E+000  0.977428850523097E+000  0.302676884418604E+001 -0.867106144278144E+000 -0.982387911130723E+000 -0.564963363760438E+001  0.000000000000000E+000 -0.388076053818497E+002
  0.183743845065860E-014  0.102491743778373E+003  0.249943287677751E+000  0.968075688477967E+000  0.310664835916102E+001 -0.932577744124131E+000 -0.596667306556032E+000 -0.127270178942724E+001  0.000000000000000E+000 -0.423871366884934E+002
  0.147572672420030E-012  0.936583038740087E+002  0.259507218833560E+000  0.978749354302218E+000  0.310175334624748E+001 -0.978834978296782E+000  0.738804788734559E-001 -0.124635034677005E+001  0.000000000000000E+000 -0.379967681789685E+002
  0.313617555332826E-012  0.920890535204634E+002  0.261046901370605E+000  0.967004655675860E+000  0.305850870369688E+001 -0.838195462482783E+000 -0.594399738013830E+000  0.671448695137189E+001  0.000000000000000E+000 -0.451729803003378E+002
  0.330585584811920E-012  0.919221275743265E+002  0.269172585872892E+000  0.972203253167738E+000  0.304126012322863E+001 -0.888729424770391E+000 -0.148314032634528E+000  0.934008437393114E+001  0.000000000000000E+000 -0.477151147498286E+002
  0.469890709591347E-012  0.911573151498864E+002  0.253858485612624E+000  0.979155084138960E+000  0.307833588312250E+001 -0.930022162715423E+000 -0.574872333381728E+000 -0.658559442519735E-002  0.000000000000000E+000 -0.379860385692523E+002
  0.885464255332903E-012  0.898285479227929E+002  0.260023858717296E+000  0.972336009101886E+000  0.306155385993801E+001 -0.958193573478354E+000 -0.467478635939858E+000  0.792332987503179E+001  0.000000000000000E+000 -0.452515704251625E+002
  0.351445525867916E-011  0.870099491528970E+002  0.263080279512990E+000  0.958742823964798E+000  0.307241684556454E+001 -0.900127992296508E+000 -0.223881049973145E+000  0.844843537385619E+001  0.000000000000000E+000 -0.443673765390389E+002
  0.680979948698301E-011  0.856254495580424E+002  0.259863825268277E+000  0.961868179307941E+000  0.307781769491968E+001 -0.863191079982144E+000 -0.470577335089359E+000  0.629836283826593E+001  0.000000000000000E+000 -0.415250542060214E+002
  0.303111622494832E-010  0.825775995208516E+002  0.254755981262225E+000  0.957839846519647E+000  0.307254710563151E+001 -0.862262966718076E+000 -0.981170561605867E+000 -0.306374801374527E+001  0.000000000000000E+000 -0.306390183354148E+002
  0.311499787711811E-010  0.824614611475538E+002  0.272016972358156E+000  0.960948782740904E+000  0.298889262732527E+001 -0.825369719951079E+000 -0.899011127630731E+000 -0.859850781946246E+001  0.000000000000000E+000 -0.250461893430487E+002
  0.351483692747802E-010  0.821583885099610E+002  0.257943629589633E+000  0.964686808057692E+000  0.306098793151746E+001 -0.850010207440341E+000 -0.785999964967136E+000  0.381059313148226E+001  0.000000000000000E+000 -0.373037539751970E+002
  0.464463782034612E-010  0.815394046597843E+002  0.258989864855344E+000  0.970334808996821E+000  0.306769344011161E+001 -0.967345552612680E+000 -0.381609513843352E+000  0.911346223551869E+001  0.000000000000000E+000 -0.422971311541451E+002
  0.253771084737502E-009  0.780815930840825E+002  0.266569621106965E+000  0.960266034499011E+000  0.304953480657515E+001 -0.912743246082569E+000 -0.253015258188677E+000  0.103805275176526E+002  0.000000000000000E+000 -0.418352906484282E+002
  0.631776721021436E-009  0.761958429212755E+002  0.269571416054735E+000  0.954620247256114E+000  0.302584607644547E+001 -0.795012636709335E+000 -0.607273200857321E+000  0.879128565905134E+000  0.000000000000000E+000 -0.313910166152771E+002
  0.106508387271332E-008  0.750897540308186E+002  0.261792416115031E+000  0.959394027126966E+000  0.307082187571326E+001 -0.937274563220180E+000 -0.292124653788403E+000  0.893659090751265E+001  0.000000000000000E+000 -0.388954345116562E+002
  0.213772860423529E-008  0.736348300821290E+002  0.257873723430809E+000  0.981163437807104E+000  0.308139224924516E+001 -0.962034571613233E+000 -0.178920105194344E+000  0.119939900782425E+001  0.000000000000000E+000 -0.304307806376230E+002
  0.798567494449659E-008  0.709374758864271E+002  0.256126757957734E+000  0.973372427488023E+000  0.309285859628347E+001 -0.984797949290889E+000 -0.191616729983358E+000  0.477420805248475E+001  0.000000000000000E+000 -0.326569125844325E+002
  0.985780893266050E-008  0.704547033261067E+002  0.251921255862737E+000  0.969656126742514E+000  0.309281452205557E+001 -0.968262738155328E+000 -0.703007672527173E+000  0.709890080456751E+000  0.000000000000000E+000 -0.283512083322443E+002
  0.312594475632267E-007  0.680850445560172E+002  0.255028503965870E+000  0.974050563170423E+000  0.308816638216184E+001 -0.906754980869539E+000 -0.460386872004342E+000  0.296607864749109E+001  0.000000000000000E+000 -0.294225675142340E+002
  0.478757089925910E-007  0.671709280304431E+002  0.267363399605576E+000  0.978390883597355E+000  0.302663930323792E+001 -0.901328496041065E+000 -0.374812398632147E+000  0.358988437714073E+001  0.000000000000000E+000 -0.295893149810965E+002
  0.465037967860548E-007  0.671675333052353E+002  0.248641940618521E+000  0.975153006936930E+000  0.309945766825282E+001 -0.922662586510592E+000 -0.860625450163670E+000 -0.692122739945042E+001  0.000000000000000E+000 -0.190765058419015E+002
  0.522461231813655E-007  0.668731265278352E+002  0.258560679155201E+000  0.975528956277655E+000  0.308709729620236E+001 -0.919165881181845E+000 -0.208927521000525E+000  0.427134391473382E+001  0.000000000000000E+000 -0.301218737673857E+002
  0.532737470352609E-007  0.667726272739232E+002  0.259248814542110E+000  0.974472066613149E+000  0.308805715809707E+001 -0.974416312368593E+000 -0.953468908140641E-001  0.538322572777982E+001  0.000000000000000E+000 -0.311835059534757E+002
  0.722170136408378E-007  0.661026199461136E+002  0.259364123954003E+000  0.981074631024498E+000  0.304524685810123E+001 -0.918670874456045E+000 -0.791635235353336E+000 -0.296884638813641E+001  0.000000000000000E+000 -0.224964301736547E+002
  0.721036017918706E-007  0.660442199599521E+002  0.258365394365699E+000  0.975144659234507E+000  0.306438041890644E+001 -0.940158870543343E+000 -0.600537032553194E+000  0.439999157883102E+001  0.000000000000000E+000 -0.298360681475413E+002
  0.788852086844402E-007  0.658028971574497E+002  0.261392149475195E+000  0.955465395549961E+000  0.303984204653241E+001 -0.861828376484951E+000 -0.959123108975419E+000 -0.227477988601480E+001  0.000000000000000E+000 -0.230406352814443E+002
  0.359262493913760E-006  0.622858050071510E+002  0.270487656616991E+000  0.949009629182011E+000  0.301473564523054E+001 -0.820627268879282E+000 -0.748569408104201E+000 -0.717431566228262E+001  0.000000000000000E+000 -0.172004040890880E+002
  0.371521274651780E-006  0.622186993525713E+002  0.272970041650235E+000  0.948853031761583E+000  0.299917219175901E+001 -0.775323673979150E+000 -0.855709496631839E+000 -0.138764129009385E+002  0.000000000000000E+000 -0.104647540231423E+002
  0.388045379842924E-006  0.621316670291147E+002  0.271191069143036E+000  0.963597186974563E+000  0.300282280389032E+001 -0.833134033318183E+000 -0.627768052312031E+000  0.762072375472737E+000  0.000000000000000E+000 -0.250597231378252E+002
  0.153294281939852E-004  0.546497752263941E+002  0.267846759521755E+000  0.969400115231026E+000  0.301718241994386E+001 -0.810520900888023E+000 -0.733685212739286E+000  0.115665274415286E+001  0.000000000000000E+000 -0.217133576051451E+002
  0.218222261270519E-004  0.539434660161150E+002  0.268174444656334E+000  0.954554927441570E+000  0.304232723476716E+001 -0.850796283824792E+000 -0.396520399941387E+000  0.556616563944571E+001  0.000000000000000E+000 -0.257697158952984E+002
  0.167529735772225E-003  0.498670022861449E+002  0.266430222000374E+000  0.962920969115387E+000  0.302597269542719E+001 -0.805080712830128E+000 -0.792850547146507E+000  0.164145799450224E+001  0.000000000000000E+000 -0.198067763853698E+002
  0.208014831113324E-003  0.491479035627008E+002  0.260943732584114E+000  0.958868913346369E+000  0.305657580993718E+001 -0.891157025056679E+000 -0.716186759496534E+000  0.453180898419798E+001  0.000000000000000E+000 -0.223375780133435E+002
  0.236575533412478E-003  0.488905872496372E+002  0.266140340397715E+000  0.965802873874024E+000  0.302237375044585E+001 -0.805668753710097E+000 -0.859312564812071E+000  0.784061378796999E-001  0.000000000000000E+000 -0.177555170104934E+002
  0.384362064640954E-003  0.477717364095152E+002  0.257650144095015E+000  0.958751681705838E+000  0.306823195837908E+001 -0.901601593485039E+000 -0.702735089433196E+000  0.404499159918119E+001  0.000000000000000E+000 -0.211626770517339E+002
  0.129093572368959E-002  0.448121332031710E+002  0.272346207192944E+000  0.956351640727827E+000  0.301037791461144E+001 -0.818684377441328E+000 -0.563746339030258E+000  0.378399077704566E+000  0.000000000000000E+000 -0.160162829270852E+002
  0.303927790450561E-002  0.429783786932035E+002  0.258378354694334E+000  0.967032147273293E+000  0.305615934574788E+001 -0.910065125569271E+000 -0.847862879977022E+000  0.346514960481402E+001  0.000000000000000E+000 -0.181861561992109E+002
  0.404336231682680E-002  0.424074653998248E+002  0.258290235594151E+000  0.958957777982577E+000  0.305988746482593E+001 -0.880389828408421E+000 -0.939250597175690E+000 -0.158502301587241E+000  0.000000000000000E+000 -0.142770476461203E+002
  0.750164914977097E-002  0.411713728387707E+002  0.260846565997744E+000  0.962034407135960E+000  0.306074343695458E+001 -0.854506603109924E+000 -0.622033197288311E+000  0.623944120637098E+001  0.000000000000000E+000 -0.200569448735515E+002
  0.111631477972688E-001  0.401093198637980E+002  0.268348211561152E+000  0.971400463110014E+000  0.301248666554923E+001 -0.853963653269467E+000 -0.640525576459202E+000  0.202105290957937E+001  0.000000000000000E+000 -0.153075300892735E+002
  0.155889487564498E-001  0.391911050332988E+002  0.266793752915481E+000  0.967910979194354E+000  0.302536922599624E+001 -0.832907008641649E+000 -0.703010097455352E+000  0.357843528317030E+001  0.000000000000000E+000 -0.164058050476148E+002
  0.214752350589548E-001  0.384291794629693E+002  0.268781347928636E+000  0.968500478288359E+000  0.302693623158519E+001 -0.875799477241005E+000 -0.399812983115799E+000  0.805384214338912E+001  0.000000000000000E+000 -0.205002491226689E+002
  0.231657094793873E-001  0.381563847551366E+002  0.267854266102506E+000  0.962871313815652E+000  0.303298887107533E+001 -0.867158064660656E+000 -0.492967507811392E+000  0.774782262104043E+001  0.000000000000000E+000 -0.200578322464039E+002
  0.259772761125853E-001  0.378060374823392E+002  0.260771456339167E+000  0.968606751853377E+000  0.304569620364331E+001 -0.835248668775320E+000 -0.878941606164623E+000  0.170479848940123E+001  0.000000000000000E+000 -0.138396344783660E+002
  0.375307282373898E-001  0.369489125248977E+002  0.264967912404444E+000  0.968652631369092E+000  0.303962244723002E+001 -0.850368447371703E+000 -0.529763736292954E+000  0.749905335760123E+001  0.000000000000000E+000 -0.192053268678452E+002
  0.114924009697005E+000  0.344751242383731E+002  0.262422348444974E+000  0.961612272547367E+000  0.304498049983306E+001 -0.830953717520662E+000 -0.791525151860872E+000  0.331975329160231E+001  0.000000000000000E+000 -0.137891326585840E+002
  0.160187848609733E+000  0.336966552993384E+002  0.263818268334986E+000  0.970340087962184E+000  0.303018079578734E+001 -0.846693963006962E+000 -0.859981742374029E+000  0.959880921287359E+000  0.000000000000000E+000 -0.110400258187517E+002
  0.187713181599993E+000  0.333795193239342E+002  0.268097957551600E+000  0.968737045837351E+000  0.302594626198643E+001 -0.856274581712489E+000 -0.479685262057049E+000  0.689800953898108E+001  0.000000000000000E+000 -0.168195864487433E+002
  0.201010160641472E+000  0.332426387456302E+002  0.267910315344733E+000  0.968736807553154E+000  0.301202012171151E+001 -0.826240326560246E+000 -0.763849549558458E+000  0.260487191204108E+000  0.000000000000000E+000 -0.101136238118144E+002
  0.273901941318791E+000  0.326238093322318E+002  0.261540648654948E+000  0.955093675906357E+000  0.304630811633036E+001 -0.840947385792357E+000 -0.891201841101233E+000 -0.122648627977371E+001  0.000000000000000E+000 -0.831723563413733E+001
  0.473741062638556E+000  0.312609650927026E+002  0.259144780402530E+000  0.960517738675786E+000  0.306129563131247E+001 -0.888763976097412E+000 -0.685256296623234E+000  0.541520662443059E+001  0.000000000000000E+000 -0.142775064185770E+002
  0.608838862663833E+000  0.307591795961105E+002  0.267869090998774E+000  0.965204043405685E+000  0.302616092382159E+001 -0.831585842263586E+000 -0.599183495047839E+000  0.539709113162807E+001  0.000000000000000E+000 -0.140084981774785E+002
  0.573401189084194E+000  0.306120528352251E+002  0.257657023210627E+000  0.961850045115968E+000  0.307758715566064E+001 -0.898950379024403E+000 -0.582266752817413E+000  0.548315815548922E+001  0.000000000000000E+000 -0.140210018208969E+002
