  0.100000000000000E+001  0.106941196064036E+009  0.689884110531484E+000  0.910752507778018E+000  0.373748014872013E+001  0.360784338161642E+000  0.122281589212742E+001 -0.534705980320182E+008
  0.100000000000000E+001  0.212709676430788E+005  0.219247737384981E+000  0.111420403596011E+001  0.294531447840453E+001  0.129328865083870E+000  0.122281589212742E+001 -0.106354838215394E+005
  0.100000000000000E+001  0.383765148632461E+006  0.461579200873751E+000  0.869299563757065E+000  0.255806151493908E+001  0.172869612277196E+000  0.122281589212742E+001 -0.191882574316230E+006
  0.100000000000000E+001  0.354124400995810E+008  0.605018083710990E+000  0.117945330163424E+001  0.306570650905484E+001  0.353655647902896E+000  0.122281589212742E+001 -0.177062200497905E+008
  0.100000000000000E+001  0.190527595904533E+009  0.741744576958026E+000  0.101619703494439E+001  0.360836241416963E+001  0.993895176789929E-001  0.122281589212742E+001 -0.952637979522663E+008
  0.100000000000000E+001  0.322241858823050E+006  0.588410954887572E+000  0.882301749959709E+000  0.216761177530086E+001  0.108587781055854E+000  0.122281589212742E+001 -0.161120929411525E+006
  0.100000000000000E+001  0.899976604000841E+005  0.402089383831525E+000  0.104616078625161E+001  0.242984902660804E+001  0.252512976218692E+000  0.122281589212742E+001 -0.449988302000420E+005
  0.100000000000000E+001  0.885274406585020E+006  0.485272322743183E+000  0.107077570724922E+001  0.242020598069764E+001  0.738500800103044E-002  0.122281589212742E+001 -0.442637203292510E+006
  0.100000000000000E+001  0.521536605138099E+009  0.883000030682584E+000  0.110238569016441E+001  0.348787651577589E+001  0.264860497896681E+000  0.122281589212742E+001 -0.260768302569050E+009
  0.100000000000000E+001  0.752109317946415E+006  0.192655686566245E+000  0.110351679540321E+001  0.171461128487552E+001  0.384859898046179E+000  0.122281589212742E+001 -0.376054658973207E+006
  0.100000000000000E+001  0.101681715504452E+008  0.382684957718862E+000  0.110169605537028E+001  0.343851317833774E+001  0.154410994682105E+000  0.122281589212742E+001 -0.508408577522260E+007
  0.100000000000000E+001  0.120047133681865E+006  0.651510145980741E+000  0.850424752592246E+000  0.192016897299565E+001  0.217111219919381E+000  0.122281589212742E+001 -0.600235668409327E+005
  0.100000000000000E+001  0.323286994131646E+006  0.185925875343652E+000  0.105041350257696E+001  0.272137240845412E+001  0.188560947678205E+000  0.122281589212742E+001 -0.161643497065823E+006
  0.100000000000000E+001  0.118012329054655E+008  0.339308345617744E+000  0.119429075373447E+001  0.358405560932447E+001  0.179004274252965E+000  0.122281589212742E+001 -0.590061645273273E+007
  0.100000000000000E+001  0.289770522213129E+007  0.224631508706608E+000  0.115780869073083E+001  0.386118083624356E+001  0.359434239205794E+000  0.122281589212742E+001 -0.144885261106564E+007
  0.100000000000000E+001  0.444600599349591E+009  0.837623327331358E+000  0.119546948088642E+001  0.329864783588092E+001  0.363869647636460E+000  0.122281589212742E+001 -0.222300299674796E+009
  0.100000000000000E+001  0.101637514119037E+009  0.779384734060866E+000  0.116981734831951E+001  0.295512994734928E+001  0.184365815615898E+000  0.122281589212742E+001 -0.508187570595185E+008
  0.100000000000000E+001  0.720638222128988E+006  0.161848545711772E+000  0.115476796093181E+001  0.192888970618454E+001  0.782929308248248E-001  0.122281589212742E+001 -0.360319111064494E+006
  0.100000000000000E+001  0.615195656106845E+004  0.298255079701550E+000  0.930172644465941E+000  0.274950703903269E+001  0.384241520334206E+000  0.122281589212742E+001 -0.307597828053423E+004
  0.100000000000000E+001  0.316668550186511E+006  0.555963127696038E+000  0.111711291904371E+001  0.199017905214644E+001  0.926961308906397E-001  0.122281589212742E+001 -0.158334275093256E+006
  0.100000000000000E+001  0.264646795381650E+007  0.226837746158739E+000  0.999931070066782E+000  0.377416710730244E+001  0.283043046084396E-001  0.122281589212742E+001 -0.132323397690825E+007
  0.100000000000000E+001  0.294287406617095E+006  0.607999715958334E+000  0.100594408632308E+001  0.202178001054109E+001  0.297587429040169E+000  0.122281589212742E+001 -0.147143703308548E+006
  0.100000000000000E+001  0.686039559261771E+008  0.637838146055842E+000  0.800139719893939E+000  0.376134464598929E+001  0.388552552516337E-001  0.122281589212742E+001 -0.343019779630886E+008
  0.100000000000000E+001  0.490355087533464E+009  0.762402412469106E+000  0.112105147832535E+001  0.369048981828946E+001  0.801017368906872E-001  0.122281589212742E+001 -0.245177543766732E+009
  0.100000000000000E+001  0.894879544986487E+006  0.126481266991587E+000  0.964604020888744E+000  0.173773329620334E+001  0.227278357667998E+000  0.122281589212742E+001 -0.447439772493244E+006
  0.100000000000000E+001  0.233224509298026E+008  0.389531815050018E+000  0.118688953040239E+001  0.362038174048487E+001  0.111476080240602E+000  0.122281589212742E+001 -0.116612254649013E+008
  0.100000000000000E+001  0.661514312700295E+006  0.242718708633488E+000  0.103568928477719E+001  0.163189485321520E+001  0.359624139744043E+000  0.122281589212742E+001 -0.330757156350148E+006
  0.100000000000000E+001  0.248076121670322E+006  0.221499752180633E+000  0.109880265016085E+001  0.258458787841218E+001  0.324023739825348E+000  0.122281589212742E+001 -0.124038060835161E+006
  0.100000000000000E+001  0.961080588835379E+007  0.366881764784322E+000  0.112691562067489E+001  0.351756867602644E+001  0.375823305743079E+000  0.122281589212742E+001 -0.480540294417690E+007
  0.100000000000000E+001  0.428698050721368E+007  0.666327823367618E+000  0.101690561007496E+001  0.250341636101720E+001  0.334984830137117E+000  0.122281589212742E+001 -0.214349025360684E+007
  0.100000000000000E+001  0.681615214581243E+007  0.260573003690207E+000  0.114948964349343E+001  0.386529373612561E+001  0.321729192505055E+000  0.122281589212742E+001 -0.340807607290621E+007
  0.100000000000000E+001  0.332604592897355E+009  0.866445398235099E+000  0.118499077202603E+001  0.314778648729694E+001  0.313848798139974E+000  0.122281589212742E+001 -0.166302296448678E+009
  0.100000000000000E+001  0.331568317684919E+006  0.566323040488293E+000  0.982894153627974E+000  0.210653881566871E+001  0.313940538505532E-001  0.122281589212742E+001 -0.165784158842460E+006
  0.100000000000000E+001  0.377076219411201E+007  0.436039272654030E+000  0.110762339317955E+001  0.297049402831564E+001  0.279917062290184E+000  0.122281589212742E+001 -0.188538109705601E+007
  0.100000000000000E+001  0.209318451930032E+006  0.298878633904144E+000  0.800542246436909E+000  0.229101535441653E+001  0.167150249804405E+000  0.122281589212742E+001 -0.104659225965016E+006
  0.100000000000000E+001  0.316822399222077E+006  0.566341549289440E+000  0.118765381570784E+001  0.192394415710500E+001  0.323374874973590E+000  0.122281589212742E+001 -0.158411199611038E+006
  0.100000000000000E+001  0.427090749699153E+006  0.125022564224650E+000  0.103721443467793E+001  0.314062708464772E+001  0.190196698503371E-001  0.122281589212742E+001 -0.213545374849577E+006
  0.100000000000000E+001  0.222162507731188E+009  0.711958726204243E+000  0.106824698317534E+001  0.362897763101794E+001  0.697188596746293E-001  0.122281589212742E+001 -0.111081253865594E+009
  0.100000000000000E+001  0.224662818052234E+009  0.739280430223258E+000  0.963454950177478E+000  0.381127474361952E+001  0.358429889730573E+000  0.122281589212742E+001 -0.112331409026117E+009
  0.100000000000000E+001  0.112476851868733E+009  0.753079916360526E+000  0.107186982024319E+001  0.326601415096967E+001  0.424566715102348E-001  0.122281589212742E+001 -0.562384259343665E+008
  0.100000000000000E+001  0.326992410325084E+006  0.229831138965549E+000  0.984251377013522E+000  0.237849689120713E+001  0.150511228064775E+000  0.122281589212742E+001 -0.163496205162542E+006
  0.100000000000000E+001  0.283196288175323E+008  0.430131556438147E+000  0.843181699621231E+000  0.385178767526324E+001  0.139063955533598E+000  0.122281589212742E+001 -0.141598144087661E+008
  0.100000000000000E+001  0.218725926007557E+006  0.437164499613209E+000  0.109518726840821E+001  0.230883811308655E+001  0.671142447881420E-001  0.122281589212742E+001 -0.109362963003779E+006
  0.100000000000000E+001  0.911580088212907E+005  0.421598712814197E+000  0.113269536867212E+001  0.182474378451806E+001  0.380088450053011E+000  0.122281589212742E+001 -0.455790044106454E+005
  0.100000000000000E+001  0.122718752133593E+008  0.385409556274851E+000  0.103000965108639E+001  0.356153039374028E+001  0.182596711594652E+000  0.122281589212742E+001 -0.613593760667967E+007
  0.100000000000000E+001  0.461681257596163E+005  0.452220529240841E+000  0.103331428524831E+001  0.184994659240850E+001  0.982407074121880E-001  0.122281589212742E+001 -0.230840628798082E+005
  0.100000000000000E+001  0.234612228604221E+009  0.705867296727493E+000  0.107004378468115E+001  0.366473633472336E+001  0.114895844112634E+000  0.122281589212742E+001 -0.117306114302111E+009
  0.100000000000000E+001  0.239398771902257E+006  0.342267756406814E+000  0.818136974177225E+000  0.208616087522614E+001  0.309864576064862E+000  0.122281589212742E+001 -0.119699385951129E+006
  0.100000000000000E+001  0.336881226203784E+006  0.251310167626240E+000  0.832640342959108E+000  0.334216651691191E+001  0.718887003326005E-001  0.122281589212742E+001 -0.168440613101892E+006
  0.100000000000000E+001  0.218602353211214E+009  0.836737690092541E+000  0.849182527002771E+000  0.381015887146420E+001  0.320475657953697E+000  0.122281589212742E+001 -0.109301176605607E+009
  0.100000000000000E+001  0.253750657071578E+007  0.335966760687537E+000  0.910640449022223E+000  0.340996512059247E+001  0.335420727294962E+000  0.122281589212742E+001 -0.126875328535789E+007
  0.100000000000000E+001  0.338584830931125E+005  0.528028475183191E+000  0.105318658912323E+001  0.186026090930619E+001  0.314871269529460E+000  0.122281589212742E+001 -0.169292415465562E+005
  0.100000000000000E+001  0.723022770782733E+005  0.596496278689490E+000  0.101637125236826E+001  0.178841700016797E+001  0.164791240640535E+000  0.122281589212742E+001 -0.361511385391367E+005
  0.100000000000000E+001  0.945872936369420E+007  0.676503004298253E+000  0.102502699247953E+001  0.270150591111458E+001  0.276883842978404E+000  0.122281589212742E+001 -0.472936468184710E+007
  0.100000000000000E+001  0.587530698134866E+006  0.175102675098533E+000  0.938445534906591E+000  0.235047324007504E+001  0.142061973377938E+000  0.122281589212742E+001 -0.293765349067433E+006
  0.100000000000000E+001  0.232045302609197E+008  0.542578125751774E+000  0.115239947573397E+001  0.316660266173150E+001  0.348490775706783E+000  0.122281589212742E+001 -0.116022651304598E+008
  0.100000000000000E+001  0.177380930861611E+008  0.696360516651695E+000  0.112074520592168E+001  0.267368429212408E+001  0.859542618385959E-001  0.122281589212742E+001 -0.886904654308057E+007
  0.100000000000000E+001  0.377369525921023E+008  0.433334528763011E+000  0.108646260900739E+001  0.377610356836147E+001  0.186649538932150E+000  0.122281589212742E+001 -0.188684762960512E+008
  0.100000000000000E+001  0.175473377727812E+007  0.350227496048215E+000  0.116066113260777E+001  0.306318373591090E+001  0.347733650292792E+000  0.122281589212742E+001 -0.877366888639060E+006
  0.100000000000000E+001  0.841964506747470E+006  0.140388161949606E+000  0.858509332075863E+000  0.201408488384417E+001  0.310037614381756E+000  0.122281589212742E+001 -0.420982253373735E+006
  0.100000000000000E+001  0.795324940955036E+007  0.567964760887280E+000  0.116712776107060E+001  0.270390987193471E+001  0.264910050076059E+000  0.122281589212742E+001 -0.397662470477518E+007
  0.100000000000000E+001  0.567301453923760E+007  0.265656703984239E+000  0.972355595804809E+000  0.388412438801418E+001  0.285054379296499E+000  0.122281589212742E+001 -0.283650726961880E+007
  0.100000000000000E+001  0.394395619415904E+006  0.227038007698870E+000  0.894243088169139E+000  0.350621307641697E+001  0.133607286688651E+000  0.122281589212742E+001 -0.197197809707952E+006
  0.100000000000000E+001  0.177589156370010E+008  0.881805530220745E+000  0.101870321561210E+001  0.250539674511987E+001  0.302896169410524E+000  0.122281589212742E+001 -0.887945781850051E+007
  0.100000000000000E+001  0.440060803094867E+008  0.812611172269010E+000  0.105152563272044E+001  0.287309934471247E+001  0.338269183919308E+000  0.122281589212742E+001 -0.220030401547434E+008
  0.100000000000000E+001  0.222799312280723E+008  0.507069165180413E+000  0.836879926988030E+000  0.355404721443015E+001  0.738108764109817E-001  0.122281589212742E+001 -0.111399656140361E+008
  0.100000000000000E+001  0.460081564881744E+008  0.745184135176188E+000  0.118636205756871E+001  0.274834765470226E+001  0.342797805674979E+000  0.122281589212742E+001 -0.230040782440872E+008
  0.100000000000000E+001  0.122895090258049E+006  0.601940051895902E+000  0.105235389287076E+001  0.186376886807947E+001  0.384180270058344E+000  0.122281589212742E+001 -0.614475451290243E+005
  0.100000000000000E+001  0.547187673508163E+007  0.705754406525692E+000  0.106804582065676E+001  0.238697479291017E+001  0.165715809700458E+000  0.122281589212742E+001 -0.273593836754081E+007
  0.100000000000000E+001  0.182392232215314E+007  0.876266866164227E+000  0.954829946887927E+000  0.192398246408297E+001  0.849323868028418E-001  0.122281589212742E+001 -0.911961161076570E+006
  0.100000000000000E+001  0.178430858127039E+007  0.487591414939883E+000  0.110899953998142E+001  0.261316181112719E+001  0.320082837899907E+000  0.122281589212742E+001 -0.892154290635193E+006
  0.100000000000000E+001  0.745069439329687E+009  0.839820634160081E+000  0.107661334678077E+001  0.378181633365595E+001  0.381098987650951E-001  0.122281589212742E+001 -0.372534719664844E+009
  0.100000000000000E+001  0.340035093431831E+005  0.486778341836498E+000  0.100567147174439E+001  0.201968093240880E+001  0.129670082058948E+000  0.122281589212742E+001 -0.170017546715916E+005
  0.100000000000000E+001  0.674329657869954E+007  0.579238765015465E+000  0.115219205872283E+001  0.266863511436810E+001  0.398740614599725E+000  0.122281589212742E+001 -0.337164828934977E+007
  0.100000000000000E+001  0.109966567353936E+008  0.685212021587958E+000  0.978162328781641E+000  0.275632466515269E+001  0.113678888819977E-001  0.122281589212742E+001 -0.549832836769680E+007
  0.100000000000000E+001  0.217542033175585E+008  0.665485940647425E+000  0.841986766701545E+000  0.321329244610807E+001  0.980880177752217E-001  0.122281589212742E+001 -0.108771016587792E+008
  0.100000000000000E+001  0.116125146004863E+006  0.791580284080678E+000  0.830542363870820E+000  0.166198317257570E+001  0.269781849790784E+000  0.122281589212742E+001 -0.580625730024314E+005
  0.100000000000000E+001  0.173554474608226E+008  0.675793322039858E+000  0.104431502469585E+001  0.284297572169041E+001  0.683806286326848E-001  0.122281589212742E+001 -0.867772373041130E+007
  0.100000000000000E+001  0.497385360083495E+008  0.499912270380450E+000  0.105335229497736E+001  0.368807046542417E+001  0.688784394874534E-001  0.122281589212742E+001 -0.248692680041748E+008
  0.100000000000000E+001  0.195871889137738E+008  0.626403879107179E+000  0.949189215984167E+000  0.315488168712218E+001  0.219029097287930E+000  0.122281589212742E+001 -0.979359445688690E+007
  0.100000000000000E+001  0.145807658226203E+008  0.861296724661545E+000  0.902375459485300E+000  0.266249930141196E+001  0.185350492485874E+000  0.122281589212742E+001 -0.729038291131014E+007
  0.100000000000000E+001  0.448206007498116E+006  0.725534619347478E+000  0.847560932001917E+000  0.197281634919427E+001  0.550553368786643E-001  0.122281589212742E+001 -0.224103003749058E+006
  0.100000000000000E+001  0.441165537531451E+007  0.580788384088483E+000  0.800143927245814E+000  0.293831402133784E+001  0.345006242660285E+000  0.122281589212742E+001 -0.220582768765725E+007
  0.100000000000000E+001  0.177782291958990E+007  0.651937276183611E+000  0.102543989522954E+001  0.225677581509362E+001  0.195922555943356E+000  0.122281589212742E+001 -0.888911459794951E+006
  0.100000000000000E+001  0.541395431333127E+006  0.204802757321939E+000  0.983730460451230E+000  0.209668105260543E+001  0.272504696527010E-001  0.122281589212742E+001 -0.270697715666564E+006
  0.100000000000000E+001  0.110163722086198E+008  0.696475797209655E+000  0.114732191842558E+001  0.247255181236828E+001  0.569549864131263E-001  0.122281589212742E+001 -0.550818610430990E+007
  0.100000000000000E+001  0.174331966685137E+007  0.283817220356260E+000  0.118722524069354E+001  0.326821316225478E+001  0.111225250065479E+000  0.122281589212742E+001 -0.871659833425685E+006
  0.100000000000000E+001  0.189524031151648E+006  0.308280299391080E+000  0.896147615721820E+000  0.218223950005117E+001  0.758720133234769E-001  0.122281589212742E+001 -0.947620155758242E+005
  0.100000000000000E+001  0.123444570565418E+005  0.181789672216951E+000  0.892697698040828E+000  0.344050289178048E+001  0.177985866477205E+000  0.122281589212742E+001 -0.617222852827089E+004
  0.100000000000000E+001  0.304121245866736E+005  0.304874180619846E+000  0.118974641652147E+001  0.267514439319883E+001  0.369597484379594E+000  0.122281589212742E+001 -0.152060622933368E+005
  0.100000000000000E+001  0.419074322614760E+007  0.653604554928978E+000  0.106647615814617E+001  0.240745199771004E+001  0.518664422291473E-001  0.122281589212742E+001 -0.209537161307380E+007
  0.100000000000000E+001  0.241576070349414E+006  0.630131353963496E+000  0.954224666549470E+000  0.193799364154664E+001  0.595407714138751E-001  0.122281589212742E+001 -0.120788035174707E+006
  0.100000000000000E+001  0.984087860168134E+005  0.300693254344960E+000  0.119453634144861E+001  0.215155447594165E+001  0.493863087453741E-001  0.122281589212742E+001 -0.492043930084067E+005
  0.100000000000000E+001  0.471394359735600E+007  0.759772973172730E+000  0.910691423389646E+000  0.247982045379009E+001  0.304269969010232E+000  0.122281589212742E+001 -0.235697179867800E+007
  0.100000000000000E+001  0.625317539679266E+006  0.105966416957504E+000  0.109104573353049E+001  0.303768162614312E+001  0.773267803401440E-001  0.122281589212742E+001 -0.312658769839633E+006
  0.100000000000000E+001  0.499573458314502E+008  0.660877971160153E+000  0.825906356746773E+000  0.359889153459159E+001  0.280043561114043E+000  0.122281589212742E+001 -0.249786729157251E+008
  0.100000000000000E+001  0.202134986569247E+008  0.402317510159204E+000  0.808531568327671E+000  0.388551551566748E+001  0.352816529871002E+000  0.122281589212742E+001 -0.101067493284623E+008
  0.100000000000000E+001  0.207921176780999E+006  0.162767197481284E+000  0.966217970938918E+000  0.311477904007452E+001  0.718972234957231E-001  0.122281589212742E+001 -0.103960588390500E+006
  0.100000000000000E+001  0.187781859526773E+008  0.650778092798156E+000  0.119983732303197E+001  0.265247635215217E+001  0.139080783217322E-001  0.122281589212742E+001 -0.938909297633864E+007
  0.100000000000000E+001  0.509545333160826E+006  0.206251015416092E+000  0.116245189952820E+001  0.209742281346079E+001  0.161211234107069E+000  0.122281589212742E+001 -0.254772666580413E+006
  0.100000000000000E+001  0.185526175266925E+007  0.766338198779709E+000  0.877202815045129E+000  0.223608175593035E+001  0.250305484702015E+000  0.122281589212742E+001 -0.927630876334625E+006
  0.100000000000000E+001  0.777949983808758E+004  0.255112478039148E+000  0.115042774783333E+001  0.273977621506524E+001  0.536893654262616E-001  0.122281589212742E+001 -0.388974991904379E+004
  0.100000000000000E+001  0.176343590246826E+005  0.409831281304329E+000  0.913806351756148E+000  0.236978205983481E+001  0.280495446297400E+000  0.122281589212742E+001 -0.881717951234131E+004
  0.100000000000000E+001  0.694658075352099E+006  0.133508043999635E+000  0.119457932515744E+001  0.245607047993658E+001  0.231216315738126E+000  0.122281589212742E+001 -0.347329037676050E+006
  0.100000000000000E+001  0.753277071350588E+006  0.146294449786286E+000  0.108249385694684E+001  0.216476720653263E+001  0.248014239299865E+000  0.122281589212742E+001 -0.376638535675294E+006
  0.100000000000000E+001  0.157366378070279E+006  0.180959514810183E+000  0.888573876574826E+000  0.384345532813450E+001  0.384195723042386E+000  0.122281589212742E+001 -0.786831890351395E+005
  0.100000000000000E+001  0.180186619491742E+008  0.803486906759732E+000  0.114237760307755E+001  0.240086275492446E+001  0.150513877031555E+000  0.122281589212742E+001 -0.900933097458710E+007
  0.100000000000000E+001  0.435172544347153E+005  0.482108911357247E+000  0.954221321256623E+000  0.213391393105283E+001  0.188145910378058E+000  0.122281589212742E+001 -0.217586272173577E+005
  0.100000000000000E+001  0.216130006486435E+009  0.772476560376485E+000  0.959562642581984E+000  0.370515297362015E+001  0.142552795358557E+000  0.122281589212742E+001 -0.108065003243217E+009
  0.100000000000000E+001  0.113848187405201E+007  0.534318340990737E+000  0.913775510614039E+000  0.250295829681939E+001  0.325852914589336E-001  0.122281589212742E+001 -0.569240937026006E+006
  0.100000000000000E+001  0.321658360439937E+006  0.376200047879626E+000  0.967389949389597E+000  0.162899201415868E+001  0.136649879342527E+000  0.122281589212742E+001 -0.160829180219968E+006
  0.100000000000000E+001  0.469650808028860E+006  0.255803497160053E+000  0.115258859697796E+001  0.183344915360776E+001  0.198536581363170E+000  0.122281589212742E+001 -0.234825404014430E+006
  0.100000000000000E+001  0.243114499228945E+008  0.622399755233092E+000  0.111713152228932E+001  0.298424631882822E+001  0.183641368628923E+000  0.122281589212742E+001 -0.121557249614473E+008
  0.100000000000000E+001  0.324386621660381E+005  0.430638626132342E+000  0.824913956829278E+000  0.213804878333842E+001  0.121658023080656E+000  0.122281589212742E+001 -0.162193310830191E+005
  0.100000000000000E+001  0.469683801921828E+006  0.411440137955529E+000  0.108900563400274E+001  0.255996802058601E+001  0.169012206661831E+000  0.122281589212742E+001 -0.234841900960914E+006
  0.100000000000000E+001  0.304232436228045E+005  0.411099357734181E+000  0.812273922807779E+000  0.248760829088484E+001  0.280681559991377E+000  0.122281589212742E+001 -0.152116218114023E+005
  0.100000000000000E+001  0.794380723601833E+006  0.148598947539347E+000  0.107285769699226E+001  0.200610645383348E+001  0.299938879518908E+000  0.122281589212742E+001 -0.397190361800916E+006
  0.100000000000000E+001  0.309519947369201E+007  0.760418428500539E+000  0.954913551696884E+000  0.231025059416520E+001  0.371618065594658E+000  0.122281589212742E+001 -0.154759973684601E+007
  0.100000000000000E+001  0.459497365810881E+006  0.246922449028738E+000  0.108482472378061E+001  0.193271221765925E+001  0.126209553590002E+000  0.122281589212742E+001 -0.229748682905440E+006
  0.100000000000000E+001  0.248574093109348E+009  0.637390363510121E+000  0.112722970805939E+001  0.375291877150230E+001  0.639365070200141E-001  0.122281589212742E+001 -0.124287046554674E+009
  0.100000000000000E+001  0.619627553988093E+005  0.611957954147494E+000  0.826224980344926E+000  0.169313972312532E+001  0.268553816703477E+000  0.122281589212742E+001 -0.309813776994046E+005
  0.100000000000000E+001  0.474616072065236E+007  0.513557626838073E+000  0.823772194066592E+000  0.310515659926167E+001  0.382894412364973E+000  0.122281589212742E+001 -0.237308036032618E+007
  0.100000000000000E+001  0.149344165610178E+005  0.264337279635387E+000  0.982670432903091E+000  0.273219986292016E+001  0.966006927920218E-001  0.122281589212742E+001 -0.746720828050891E+004
  0.100000000000000E+001  0.740111282125348E+005  0.423783890539386E+000  0.873981758944640E+000  0.249559633496197E+001  0.317560584798656E+000  0.122281589212742E+001 -0.370055641062674E+005
  0.100000000000000E+001  0.754041823517537E+006  0.824941281973856E+000  0.980539417132412E+000  0.176052772347953E+001  0.946504998957864E-001  0.122281589212742E+001 -0.377020911758769E+006
  0.100000000000000E+001  0.664273488634806E+006  0.169709072750411E+000  0.840362209360533E+000  0.231319594293362E+001  0.219234902024239E+000  0.122281589212742E+001 -0.332136744317403E+006
  0.100000000000000E+001  0.896150669693422E+007  0.566292809277988E+000  0.116339629582333E+001  0.275036558112462E+001  0.258958407481413E+000  0.122281589212742E+001 -0.448075334846711E+007
  0.100000000000000E+001  0.733702901086672E+006  0.211859998632987E+000  0.826906520331761E+000  0.162443520428265E+001  0.301991708154611E-001  0.122281589212742E+001 -0.366851450543336E+006
  0.100000000000000E+001  0.877802416726268E+006  0.120664535430544E+000  0.911528718630442E+000  0.182844861217113E+001  0.106492369677436E-001  0.122281589212742E+001 -0.438901208363134E+006
  0.100000000000000E+001  0.257981450541678E+006  0.281652191538655E+000  0.964713684544774E+000  0.226820548520570E+001  0.344018580522957E+000  0.122281589212742E+001 -0.128990725270839E+006
  0.100000000000000E+001  0.213423727873239E+008  0.594531721898100E+000  0.105847330182549E+001  0.312201578189819E+001  0.262958793310618E+000  0.122281589212742E+001 -0.106711863936619E+008
  0.100000000000000E+001  0.493179931197154E+008  0.824954425471693E+000  0.990534353182540E+000  0.298480955022435E+001  0.793949103778922E-001  0.122281589212742E+001 -0.246589965598577E+008
  0.100000000000000E+001  0.614422050141371E+006  0.122372508071728E+000  0.115928353918377E+001  0.273557195631160E+001  0.517876379695146E-001  0.122281589212742E+001 -0.307211025070685E+006
  0.100000000000000E+001  0.295135240370427E+008  0.470445469725661E+000  0.106549978890125E+001  0.356466812748086E+001  0.114708204452375E+000  0.122281589212742E+001 -0.147567620185214E+008
  0.100000000000000E+001  0.140505198020516E+006  0.317193850115568E+000  0.836500214241051E+000  0.234834427891421E+001  0.281432935334866E+000  0.122281589212742E+001 -0.702525990102582E+005
  0.100000000000000E+001  0.387059460279433E+007  0.469391471354518E+000  0.888464614193188E+000  0.309945655975210E+001  0.348023800688043E+000  0.122281589212742E+001 -0.193529730139716E+007
  0.100000000000000E+001  0.445287863815764E+006  0.255888961418143E+000  0.100529167381793E+001  0.196323951272746E+001  0.130129260659904E+000  0.122281589212742E+001 -0.222643931907882E+006
  0.100000000000000E+001  0.505983170532057E+005  0.292036810572409E+000  0.117266549133915E+001  0.242495334720505E+001  0.298414540151292E+000  0.122281589212742E+001 -0.252991585266028E+005
  0.100000000000000E+001  0.809114416819004E+005  0.420394722717944E+000  0.981657958042980E+000  0.239548692611781E+001  0.209470919660741E+000  0.122281589212742E+001 -0.404557208409502E+005
  0.100000000000000E+001  0.102392174214580E+007  0.704394756417051E+000  0.102823000980709E+001  0.204505734660801E+001  0.385715900639246E+000  0.122281589212742E+001 -0.511960871072899E+006
  0.100000000000000E+001  0.662269521977829E+006  0.407039163721486E+000  0.109829295529633E+001  0.260964487212542E+001  0.101380510639929E+000  0.122281589212742E+001 -0.331134760988914E+006
  0.100000000000000E+001  0.187565582676464E+006  0.629605062981613E+000  0.116087371107064E+001  0.170725285214678E+001  0.340998420865143E+000  0.122281589212742E+001 -0.937827913382322E+005
  0.100000000000000E+001  0.971239016680846E+005  0.454093084124178E+000  0.857984199094636E+000  0.185851029466755E+001  0.782272561702017E-001  0.122281589212742E+001 -0.485619508340423E+005
  0.100000000000000E+001  0.112021337353062E+007  0.720778349045281E+000  0.118296686074002E+001  0.179318037341537E+001  0.365969437978474E+000  0.122281589212742E+001 -0.560106686765312E+006
  0.100000000000000E+001  0.861584885358816E+007  0.557989126053566E+000  0.100680614626485E+001  0.299866995128376E+001  0.378409220469202E+000  0.122281589212742E+001 -0.430792442679408E+007
  0.100000000000000E+001  0.141890528545791E+007  0.244179147779543E+000  0.111328456741222E+001  0.346774515419713E+001  0.457596085422404E-001  0.122281589212742E+001 -0.709452642728956E+006
  0.100000000000000E+001  0.576644622477015E+005  0.530062701660943E+000  0.106857457683671E+001  0.186994021363320E+001  0.900321653878659E-001  0.122281589212742E+001 -0.288322311238508E+005
  0.100000000000000E+001  0.108725157447108E+006  0.127544094627186E+000  0.112274037752110E+001  0.375222495407534E+001  0.241928556648472E+000  0.122281589212742E+001 -0.543625787235539E+005
  0.100000000000000E+001  0.139878099183736E+006  0.167745529202389E+000  0.858870169864614E+000  0.330197331500880E+001  0.200406494659742E+000  0.122281589212742E+001 -0.699390495918682E+005
  0.100000000000000E+001  0.376580457938067E+007  0.471930996549617E+000  0.842693602635738E+000  0.311814597902160E+001  0.335895230285245E+000  0.122281589212742E+001 -0.188290228969033E+007
  0.100000000000000E+001  0.216649089800523E+007  0.227428158879911E+000  0.118747222962237E+001  0.369985454491199E+001  0.236898404937109E+000  0.122281589212742E+001 -0.108324544900262E+007
  0.100000000000000E+001  0.757394847239758E+005  0.330488197026643E+000  0.110723186109089E+001  0.267298713671875E+001  0.286669975442403E+000  0.122281589212742E+001 -0.378697423619879E+005
  0.100000000000000E+001  0.110231154829809E+008  0.691394120773787E+000  0.974866347020239E+000  0.276936346629682E+001  0.151350122558785E+000  0.122281589212742E+001 -0.551155774149044E+007
  0.100000000000000E+001  0.333384391327188E+006  0.292364201193863E+000  0.867861657207004E+000  0.211556018205158E+001  0.275890011284963E+000  0.122281589212742E+001 -0.166692195663594E+006
  0.100000000000000E+001  0.326435623763146E+008  0.522343943020153E+000  0.848474039685904E+000  0.369541357323731E+001  0.225534448076749E+000  0.122281589212742E+001 -0.163217811881573E+008
  0.100000000000000E+001  0.749284922219391E+008  0.801352769108643E+000  0.817601690987592E+000  0.347949103414508E+001  0.872742182557660E-001  0.122281589212742E+001 -0.374642461109696E+008
  0.100000000000000E+001  0.163337713972407E+007  0.225182800856870E+000  0.853194320173693E+000  0.386167520249313E+001  0.289213735241596E+000  0.122281589212742E+001 -0.816688569862037E+006
  0.100000000000000E+001  0.304077818088686E+005  0.161188196361751E+000  0.101756766597639E+001  0.370558100732294E+001  0.171995831642849E+000  0.122281589212742E+001 -0.152038909044343E+005
  0.100000000000000E+001  0.522900934962344E+006  0.867274183778768E+000  0.968439646501686E+000  0.166392033961341E+001  0.305744034769367E+000  0.122281589212742E+001 -0.261450467481172E+006
  0.100000000000000E+001  0.539909909460106E+005  0.397381450879859E+000  0.806607985163732E+000  0.219528698332495E+001  0.159576094600948E+000  0.122281589212742E+001 -0.269954954730053E+005
  0.100000000000000E+001  0.117320791176918E+008  0.523646077232227E+000  0.104930002456058E+001  0.313699059636712E+001  0.346925578609964E+000  0.122281589212742E+001 -0.586603955884591E+007
  0.100000000000000E+001  0.159699136914208E+009  0.784735054993424E+000  0.977775415784718E+000  0.351826573477981E+001  0.945437094149182E-002  0.122281589212742E+001 -0.798495684571040E+008
  0.100000000000000E+001  0.223571092464845E+007  0.526505083427261E+000  0.118506019837425E+001  0.243983926511296E+001  0.251399892552102E+000  0.122281589212742E+001 -0.111785546232423E+007
  0.100000000000000E+001  0.322488238671910E+006  0.525788455038443E+000  0.115734039885669E+001  0.201756173955254E+001  0.365492971440384E-001  0.122281589212742E+001 -0.161244119335955E+006
  0.100000000000000E+001  0.774397313200204E+007  0.442763874093434E+000  0.113918459602637E+001  0.309476311627767E+001  0.127515534924397E+000  0.122281589212742E+001 -0.387198656600102E+007
  0.100000000000000E+001  0.790733155651820E+005  0.539597483029960E+000  0.994241906874034E+000  0.197089306205627E+001  0.113811402822312E+000  0.122281589212742E+001 -0.395366577825910E+005
  0.100000000000000E+001  0.126012282279146E+008  0.799051928824676E+000  0.945429099274226E+000  0.264463736675194E+001  0.115065996789765E+000  0.122281589212742E+001 -0.630061411395732E+007
  0.100000000000000E+001  0.131158828886556E+006  0.158597445816570E+000  0.109303818399009E+001  0.390008880793313E+001  0.306641671896827E+000  0.122281589212742E+001 -0.655794144432778E+005
  0.100000000000000E+001  0.548108349897978E+006  0.714322397361771E+000  0.850970938684087E+000  0.208236799041456E+001  0.296435395736966E+000  0.122281589212742E+001 -0.274054174948989E+006
  0.100000000000000E+001  0.474701499263287E+007  0.791440368800062E+000  0.880477233625789E+000  0.243547741458519E+001  0.136054671689446E+000  0.122281589212742E+001 -0.237350749631643E+007
  0.100000000000000E+001  0.632476786831106E+006  0.175162397253362E+000  0.891059907350673E+000  0.238616919095405E+001  0.347976702672986E+000  0.122281589212742E+001 -0.316238393415553E+006
  0.100000000000000E+001  0.127711583731727E+009  0.713291602532936E+000  0.839680095422288E+000  0.382303864321918E+001  0.120613093655850E-001  0.122281589212742E+001 -0.638557918658635E+008
  0.100000000000000E+001  0.268178675301464E+007  0.442395545759823E+000  0.102628666390609E+001  0.287944093372532E+001  0.800460847778465E-001  0.122281589212742E+001 -0.134089337650732E+007
  0.100000000000000E+001  0.246425845477141E+009  0.798620941501601E+000  0.118671444916572E+001  0.319036860318831E+001  0.385061532466118E+000  0.122281589212742E+001 -0.123212922738571E+009
  0.100000000000000E+001  0.190218981448643E+007  0.552444415959858E+000  0.846747716475815E+000  0.268869776250464E+001  0.197033567897743E+000  0.122281589212742E+001 -0.951094907243217E+006
  0.100000000000000E+001  0.490832583968445E+004  0.289688814567391E+000  0.106029478885949E+001  0.275337282423271E+001  0.269204338874627E+000  0.122281589212742E+001 -0.245416291984223E+004
  0.100000000000000E+001  0.964716597045487E+004  0.385595767502306E+000  0.854002470430204E+000  0.232118710588242E+001  0.411700398744603E-002  0.122281589212742E+001 -0.482358298522743E+004
  0.100000000000000E+001  0.551461557672766E+009  0.881926028316294E+000  0.118768415581486E+001  0.330476927971887E+001  0.289470199389295E+000  0.122281589212742E+001 -0.275730778836383E+009
  0.100000000000000E+001  0.176242830612772E+007  0.368198876264937E+000  0.885188747056155E+000  0.322733156949137E+001  0.376517189782796E+000  0.122281589212742E+001 -0.881214153063861E+006
  0.100000000000000E+001  0.822366487843449E+005  0.388810026968840E+000  0.912656396612461E+000  0.214517416224562E+001  0.350321113460573E+000  0.122281589212742E+001 -0.411183243921724E+005
  0.100000000000000E+001  0.322766464867466E+006  0.614672956144209E+000  0.101012187986291E+001  0.201338323781560E+001  0.281968343874591E+000  0.122281589212742E+001 -0.161383232433733E+006
  0.100000000000000E+001  0.542290948742531E+006  0.249348491532475E+000  0.993652295434036E+000  0.177187890518671E+001  0.445590054386543E-001  0.122281589212742E+001 -0.271145474371266E+006
  0.100000000000000E+001  0.238832329018028E+007  0.519060010279717E+000  0.104352832902322E+001  0.259884481507654E+001  0.287071802921816E-001  0.122281589212742E+001 -0.119416164509014E+007
  0.100000000000000E+001  0.362019826872261E+006  0.103465228999853E+000  0.883661682183895E+000  0.383554780100064E+001  0.244843504272365E+000  0.122281589212742E+001 -0.181009913436131E+006
  0.100000000000000E+001  0.750190002405236E+006  0.238137535777895E+000  0.915653955885475E+000  0.361108685426076E+001  0.304035367759495E+000  0.122281589212742E+001 -0.375095001202618E+006
  0.100000000000000E+001  0.522697344219155E+006  0.446852087327433E+000  0.105667034170925E+001  0.245304398450129E+001  0.422435358249323E-001  0.122281589212742E+001 -0.261348672109578E+006
  0.100000000000000E+001  0.212925675482276E+009  0.899294524229819E+000  0.111742429551517E+001  0.308037961337191E+001  0.316588894983795E+000  0.122281589212742E+001 -0.106462837741138E+009
  0.100000000000000E+001  0.154571782636963E+007  0.791517163779370E+000  0.951831424720367E+000  0.202001602682846E+001  0.660275814752707E-001  0.122281589212742E+001 -0.772858913184815E+006
  0.100000000000000E+001  0.249029469157610E+008  0.513489099730094E+000  0.900790143924575E+000  0.351711323873932E+001  0.696347233269150E-002  0.122281589212742E+001 -0.124514734578805E+008
  0.100000000000000E+001  0.171205903289689E+005  0.398239997939135E+000  0.107251048814285E+001  0.209647465852215E+001  0.824293760263351E-001  0.122281589212742E+001 -0.856029516448444E+004
  0.100000000000000E+001  0.827430857453823E+007  0.573864182061535E+000  0.962806891336222E+000  0.295893876755552E+001  0.204794109013663E+000  0.122281589212742E+001 -0.413715428726912E+007
  0.100000000000000E+001  0.640860418973169E+006  0.114219042772501E+000  0.114315318676366E+001  0.305776504691932E+001  0.373563029678948E+000  0.122281589212742E+001 -0.320430209486585E+006
  0.100000000000000E+001  0.373362591988551E+006  0.126612199583620E+000  0.965347100037829E+000  0.328050419224909E+001  0.703904459981104E-001  0.122281589212742E+001 -0.186681295994275E+006
  0.100000000000000E+001  0.455364177298348E+006  0.153398353545788E+000  0.824842216109785E+000  0.296666193836252E+001  0.221694212667159E+000  0.122281589212742E+001 -0.227682088649174E+006
  0.100000000000000E+001  0.711617171579635E+005  0.428230935934596E+000  0.858726101046527E+000  0.250813547112725E+001  0.390653652563745E+000  0.122281589212742E+001 -0.355808585789818E+005
  0.100000000000000E+001  0.138883999383548E+007  0.734082789340776E+000  0.102962880472686E+001  0.200415255858132E+001  0.111395307011987E+000  0.122281589212742E+001 -0.694419996917742E+006
  0.100000000000000E+001  0.481494265286842E+008  0.627763056663447E+000  0.115995264502721E+001  0.313559399224488E+001  0.301914882163863E+000  0.122281589212742E+001 -0.240747132643421E+008
  0.100000000000000E+001  0.137412432173993E+007  0.589168846574062E+000  0.108919106198467E+001  0.224171340765621E+001  0.104725716160024E+000  0.122281589212742E+001 -0.687062160869963E+006
  0.100000000000000E+001  0.308284473982925E+005  0.255579409355652E+000  0.800600339027829E+000  0.286437409915971E+001  0.163247210371870E+000  0.122281589212742E+001 -0.154142236991462E+005
  0.100000000000000E+001  0.113201736290345E+009  0.860630023780055E+000  0.890570858144152E+000  0.344048892448871E+001  0.399195265819802E+000  0.122281589212742E+001 -0.566008681451727E+008
  0.100000000000000E+001  0.353029538402184E+006  0.211738624173907E+000  0.837650012831867E+000  0.252172198776131E+001  0.903044748046672E-001  0.122281589212742E+001 -0.176514769201092E+006
  0.100000000000000E+001  0.109151391367259E+007  0.663283980154191E+000  0.809187963317405E+000  0.235986156301963E+001  0.230281314193525E+000  0.122281589212742E+001 -0.545756956836296E+006
  0.100000000000000E+001  0.689557028518997E+008  0.454104015836680E+000  0.115565295848471E+001  0.383950363729612E+001  0.105058808105939E+000  0.122281589212742E+001 -0.344778514259498E+008
  0.100000000000000E+001  0.140113076903851E+006  0.318375047214424E+000  0.106698710052712E+001  0.219822765400613E+001  0.330256414384831E+000  0.122281589212742E+001 -0.700565384519254E+005
  0.100000000000000E+001  0.339371074198155E+008  0.410382813421992E+000  0.105614243444990E+001  0.384121971463776E+001  0.188977471835831E+000  0.122281589212742E+001 -0.169685537099078E+008
  0.100000000000000E+001  0.124721623419197E+008  0.589758051867361E+000  0.911400828169889E+000  0.314807775552111E+001  0.353271732857290E+000  0.122281589212742E+001 -0.623608117095985E+007
  0.100000000000000E+001  0.220748217134042E+008  0.760681471666048E+000  0.100359044728411E+001  0.283509145814992E+001  0.278796181060960E+000  0.122281589212742E+001 -0.110374108567021E+008
  0.100000000000000E+001  0.269075830392779E+008  0.387595372324871E+000  0.984872290347206E+000  0.384563598391981E+001  0.703376915688521E-001  0.122281589212742E+001 -0.134537915196390E+008
  0.100000000000000E+001  0.386186242660790E+007  0.717866875515220E+000  0.118161799000323E+001  0.207579254618561E+001  0.186297007524208E+000  0.122281589212742E+001 -0.193093121330395E+007
  0.100000000000000E+001  0.720183592144159E+005  0.126764866043920E+000  0.117631040838450E+001  0.371931504924543E+001  0.999594353168530E-001  0.122281589212742E+001 -0.360091796072079E+005
  0.100000000000000E+001  0.158186611703363E+007  0.365048328002742E+000  0.815210296052969E+000  0.317810790995172E+001  0.140255725487180E+000  0.122281589212742E+001 -0.790933058516814E+006
  0.100000000000000E+001  0.277878166178442E+006  0.269659414803024E+000  0.115078166165902E+001  0.209773538803513E+001  0.189386604552853E+000  0.122281589212742E+001 -0.138939083089221E+006
  0.100000000000000E+001  0.339508177566286E+008  0.569233788677090E+000  0.867879070033039E+000  0.361369271441842E+001  0.365299616808597E+000  0.122281589212742E+001 -0.169754088783143E+008
  0.100000000000000E+001  0.365834611141198E+008  0.545557871171046E+000  0.832835986245355E+000  0.371023743157307E+001  0.268893569162276E+000  0.122281589212742E+001 -0.182917305570599E+008
  0.100000000000000E+001  0.119625577934921E+007  0.327201983094232E+000  0.101479357445318E+001  0.317285614020830E+001  0.262260121236941E+000  0.122281589212742E+001 -0.598127889674605E+006
  0.100000000000000E+001  0.332201765331426E+006  0.168753124187911E+000  0.101782626623256E+001  0.280797515177808E+001  0.454361685391234E-001  0.122281589212742E+001 -0.166100882665713E+006
  0.100000000000000E+001  0.170159369505983E+005  0.400200924890755E+000  0.115549158048988E+001  0.214428619949309E+001  0.272885020366205E+000  0.122281589212742E+001 -0.850796847529916E+004
  0.100000000000000E+001  0.354267493665147E+007  0.560975758051739E+000  0.879864400069362E+000  0.277403737254369E+001  0.602917403153231E-001  0.122281589212742E+001 -0.177133746832574E+007
  0.100000000000000E+001  0.404626568024778E+005  0.509517429361589E+000  0.104481353963820E+001  0.179410613893557E+001  0.362999413730978E+000  0.122281589212742E+001 -0.202313284012389E+005
  0.100000000000000E+001  0.626420997559350E+006  0.128600003653950E+000  0.111737121072983E+001  0.264547888722293E+001  0.605112337386304E-001  0.122281589212742E+001 -0.313210498779675E+006
  0.100000000000000E+001  0.598074451453873E+007  0.370711487686187E+000  0.933103449926427E+000  0.349225153014297E+001  0.308931532545448E+000  0.122281589212742E+001 -0.299037225726936E+007
  0.100000000000000E+001  0.788293086415222E+007  0.438918323876877E+000  0.102804941305659E+001  0.326847020960781E+001  0.292496859458223E+000  0.122281589212742E+001 -0.394146543207611E+007
  0.100000000000000E+001  0.123142977135329E+007  0.408017110779502E+000  0.859856480367675E+000  0.295885148355134E+001  0.169771700340942E+000  0.122281589212742E+001 -0.615714885676646E+006
  0.100000000000000E+001  0.483820347789507E+005  0.387135672567192E+000  0.892531666373961E+000  0.256724982144839E+001  0.287373905180395E+000  0.122281589212742E+001 -0.241910173894753E+005
  0.100000000000000E+001  0.576016675827348E+006  0.243229631408951E+000  0.957269198486650E+000  0.176237692197935E+001  0.481393052964711E-001  0.122281589212742E+001 -0.288008337913674E+006
  0.100000000000000E+001  0.424388017236532E+006  0.889820075133238E+000  0.809706214029776E+000  0.175846510757266E+001  0.154023538301900E+000  0.122281589212742E+001 -0.212194008618266E+006
  0.100000000000000E+001  0.699598410539258E+007  0.882711647228799E+000  0.846839089331566E+000  0.246830273379653E+001  0.194146580681220E+000  0.122281589212742E+001 -0.349799205269629E+007
  0.100000000000000E+001  0.404578862525283E+006  0.171930503591563E+000  0.119812288013894E+001  0.273690121111855E+001  0.384500651343781E+000  0.122281589212742E+001 -0.202289431262642E+006
  0.100000000000000E+001  0.359314473289287E+009  0.873836321245857E+000  0.112267429150533E+001  0.330991387763951E+001  0.848232900324870E-001  0.122281589212742E+001 -0.179657236644644E+009
  0.100000000000000E+001  0.901691399745554E+006  0.450417054958686E+000  0.953313290816901E+000  0.269770677180272E+001  0.215314174394867E+000  0.122281589212742E+001 -0.450845699872777E+006
  0.100000000000000E+001  0.365591385272484E+007  0.667346967464723E+000  0.103248305274501E+001  0.240768715254474E+001  0.190738296000573E+000  0.122281589212742E+001 -0.182795692636242E+007
  0.100000000000000E+001  0.771305483255793E+006  0.170604462569496E+000  0.834302697640476E+000  0.203751346640782E+001  0.372219533070966E+000  0.122281589212742E+001 -0.385652741627897E+006
  0.100000000000000E+001  0.717164590867445E+007  0.452746175270845E+000  0.802516633280338E+000  0.329909177577431E+001  0.100588627465903E-001  0.122281589212742E+001 -0.358582295433722E+007
  0.100000000000000E+001  0.145681992781914E+009  0.802071127810236E+000  0.103681621312705E+001  0.334480469372781E+001  0.347660606898571E+000  0.122281589212742E+001 -0.728409963909569E+008
  0.100000000000000E+001  0.569364200687547E+007  0.873336323451978E+000  0.118189741026066E+001  0.184162821769283E+001  0.142297522485245E-001  0.122281589212742E+001 -0.284682100343774E+007
  0.100000000000000E+001  0.732260044375028E+006  0.183763943994205E+000  0.969069544472960E+000  0.193183855428185E+001  0.315468100377353E+000  0.122281589212742E+001 -0.366130022187514E+006
  0.100000000000000E+001  0.572758067586554E+007  0.397567778013226E+000  0.992534811194034E+000  0.327413954101421E+001  0.920312278038709E-001  0.122281589212742E+001 -0.286379033793277E+007
  0.100000000000000E+001  0.450347153637754E+006  0.159348688141961E+000  0.996481538507002E+000  0.281046581369899E+001  0.206076158355997E+000  0.122281589212742E+001 -0.225173576818877E+006
  0.100000000000000E+001  0.146435826151425E+006  0.391401847859262E+000  0.903344118071136E+000  0.261488780183806E+001  0.156541703406647E+000  0.122281589212742E+001 -0.732179130757125E+005
  0.100000000000000E+001  0.129032399467636E+006  0.340347137111249E+000  0.111759192682339E+001  0.267314513449778E+001  0.286717875489345E+000  0.122281589212742E+001 -0.645161997338181E+005
  0.100000000000000E+001  0.707472513522664E+007  0.716246218275755E+000  0.915194696106516E+000  0.268572588302773E+001  0.333604078203762E+000  0.122281589212742E+001 -0.353736256761332E+007
  0.100000000000000E+001  0.181202808698748E+007  0.437976225679262E+000  0.118193850992917E+001  0.269422158323575E+001  0.311361284120443E+000  0.122281589212742E+001 -0.906014043493741E+006
  0.100000000000000E+001  0.175900145820473E+008  0.621523797175815E+000  0.895194000872847E+000  0.319781423456774E+001  0.258990642778461E+000  0.122281589212742E+001 -0.879500729102363E+007
  0.100000000000000E+001  0.607007711133831E+008  0.709837675924358E+000  0.944648143950315E+000  0.337997737738060E+001  0.817935250025972E-001  0.122281589212742E+001 -0.303503855566915E+008
  0.100000000000000E+001  0.155950386675122E+007  0.599900310462587E+000  0.949077963982951E+000  0.246893155695366E+001  0.370681096022495E+000  0.122281589212742E+001 -0.779751933375610E+006
  0.100000000000000E+001  0.166158841965211E+008  0.615394776125174E+000  0.104040270208814E+001  0.298828096675759E+001  0.147189319694733E+000  0.122281589212742E+001 -0.830794209826054E+007
  0.100000000000000E+001  0.137720935398885E+010  0.874357162974655E+000  0.114290358751098E+001  0.381934495203886E+001  0.350422659337411E+000  0.122281589212742E+001 -0.688604676994423E+009
  0.100000000000000E+001  0.373371737924997E+006  0.198247221656322E+000  0.113546775636535E+001  0.356327903672554E+001  0.141549674160114E+000  0.122281589212742E+001 -0.186685868962499E+006
  0.100000000000000E+001  0.858248875762938E+006  0.157259051413938E+000  0.863715550343258E+000  0.172102957847620E+001  0.338638638310374E+000  0.122281589212742E+001 -0.429124437881469E+006
  0.100000000000000E+001  0.858081990150972E+006  0.453649145659404E+000  0.105859839827567E+001  0.262517011625928E+001  0.383642480533727E+000  0.122281589212742E+001 -0.429040995075486E+006
  0.100000000000000E+001  0.674625433393440E+008  0.542349460597429E+000  0.115623877771218E+001  0.350586237283725E+001  0.749711430688524E-001  0.122281589212742E+001 -0.337312716696720E+008
  0.100000000000000E+001  0.204030905602571E+009  0.769448348620432E+000  0.117926850189705E+001  0.321312838585173E+001  0.395823668263458E+000  0.122281589212742E+001 -0.102015452801286E+009
  0.100000000000000E+001  0.998768357659890E+007  0.321845358089540E+000  0.119946862331237E+001  0.362082723817038E+001  0.254401851526108E+000  0.122281589212742E+001 -0.499384178829945E+007
  0.100000000000000E+001  0.116971208147934E+009  0.802535041542672E+000  0.106828594975698E+001  0.318092455316214E+001  0.161419726356110E+000  0.122281589212742E+001 -0.584856040739670E+008
  0.100000000000000E+001  0.114632243162346E+007  0.368829989700191E+000  0.889963635251436E+000  0.312242146991338E+001  0.370210196219654E+000  0.122281589212742E+001 -0.573161215811731E+006
  0.100000000000000E+001  0.433039846780381E+007  0.374371532785433E+000  0.113849553172868E+001  0.323752302051030E+001  0.399897890712836E+000  0.122281589212742E+001 -0.216519923390190E+007
  0.100000000000000E+001  0.682749916381023E+006  0.373098352344524E+000  0.113717247328849E+001  0.267865328891198E+001  0.956839056791177E-002  0.122281589212742E+001 -0.341374958190511E+006
  0.100000000000000E+001  0.129708074925759E+008  0.838543509858503E+000  0.104950961581296E+001  0.242412475261096E+001  0.257402571123331E+000  0.122281589212742E+001 -0.648540374628796E+007
  0.100000000000000E+001  0.668405399187073E+006  0.282292699412150E+000  0.114646590338419E+001  0.307263108308192E+001  0.196528971876263E-001  0.122281589212742E+001 -0.334202699593537E+006
  0.100000000000000E+001  0.471404472442827E+006  0.128521881367672E+000  0.100387546710262E+001  0.322711640141868E+001  0.302557206639788E+000  0.122281589212742E+001 -0.235702236221414E+006
  0.100000000000000E+001  0.692616486621600E+006  0.229273204409380E+000  0.910673466393931E+000  0.166026761018446E+001  0.216464408574093E+000  0.122281589212742E+001 -0.346308243310800E+006
  0.100000000000000E+001  0.456083355135905E+005  0.511153172176365E+000  0.835696044188479E+000  0.192329702775565E+001  0.225746353462547E+000  0.122281589212742E+001 -0.228041677567953E+005
  0.100000000000000E+001  0.178948059824649E+009  0.706115900981063E+000  0.107148646930540E+001  0.356748560598631E+001  0.216110343342826E+000  0.122281589212742E+001 -0.894740299123244E+008
  0.100000000000000E+001  0.141263112961834E+006  0.456304803208932E+000  0.113734094660738E+001  0.218336465047555E+001  0.224534142937423E+000  0.122281589212742E+001 -0.706315564809168E+005
  0.100000000000000E+001  0.144094660190963E+008  0.394995247472726E+000  0.103909074384347E+001  0.358807053251203E+001  0.218950892748907E+000  0.122281589212742E+001 -0.720473300954813E+007
  0.100000000000000E+001  0.367217536664358E+006  0.278126781025038E+000  0.112291104263172E+001  0.196522623456007E+001  0.313539666005543E+000  0.122281589212742E+001 -0.183608768332179E+006
  0.100000000000000E+001  0.677377755521025E+008  0.849332252088499E+000  0.902177853558273E+000  0.321391070766237E+001  0.399867760783164E-001  0.122281589212742E+001 -0.338688877760513E+008
  0.100000000000000E+001  0.295926361701524E+006  0.138818939174374E+000  0.985325394905601E+000  0.338638557369478E+001  0.292726614334050E+000  0.122281589212742E+001 -0.147963180850762E+006
  0.100000000000000E+001  0.288720543705475E+006  0.294148554658188E+000  0.108682361531079E+001  0.193840709921365E+001  0.709047468201173E-001  0.122281589212742E+001 -0.144360271852738E+006
  0.100000000000000E+001  0.202940085615670E+009  0.594050952937122E+000  0.116330712026833E+001  0.375745140990119E+001  0.309519516282234E+000  0.122281589212742E+001 -0.101470042807835E+009
  0.100000000000000E+001  0.366955857233712E+007  0.840005001507513E+000  0.114288767627865E+001  0.188117980181051E+001  0.213691256272659E+000  0.122281589212742E+001 -0.183477928616856E+007
  0.100000000000000E+001  0.915912889848559E+007  0.455533030937537E+000  0.118541762233305E+001  0.303475934171920E+001  0.407938106002786E-001  0.122281589212742E+001 -0.457956444924279E+007
  0.100000000000000E+001  0.731812116032416E+005  0.561186110747520E+000  0.899806699169006E+000  0.204244459711453E+001  0.305906857380379E+000  0.122281589212742E+001 -0.365906058016208E+005
  0.100000000000000E+001  0.158419045550719E+007  0.679891443436728E+000  0.895956312404744E+000  0.233317380372302E+001  0.251342641794126E+000  0.122281589212742E+001 -0.792095227753594E+006
  0.100000000000000E+001  0.740380394765398E+008  0.771447133294061E+000  0.849668077774188E+000  0.348756451678679E+001  0.137767263595569E+000  0.122281589212742E+001 -0.370190197382699E+008
  0.100000000000000E+001  0.522304548042200E+006  0.276468667693456E+000  0.974920893217590E+000  0.177166181210491E+001  0.288666159100229E+000  0.122281589212742E+001 -0.261152274021100E+006
  0.100000000000000E+001  0.290222820060664E+006  0.230072427854625E+000  0.935133493659209E+000  0.246189664984196E+001  0.134773476758751E+000  0.122281589212742E+001 -0.145111410030332E+006
  0.100000000000000E+001  0.318221413350225E+008  0.477479569246031E+000  0.945155630875788E+000  0.371785054263317E+001  0.227462981714186E+000  0.122281589212742E+001 -0.159110706675113E+008
  0.100000000000000E+001  0.298712764584730E+007  0.420976927861726E+000  0.103677571973224E+001  0.299562348305047E+001  0.175574086858827E+000  0.122281589212742E+001 -0.149356382292365E+007
  0.100000000000000E+001  0.220852306965094E+007  0.717104062816808E+000  0.112646110650767E+001  0.203660325818205E+001  0.252928093135143E+000  0.122281589212742E+001 -0.110426153482547E+007
  0.100000000000000E+001  0.803362855399993E+005  0.126724349736646E+000  0.826070324574599E+000  0.384055163714913E+001  0.100937953059757E+000  0.122281589212742E+001 -0.401681427699997E+005
  0.100000000000000E+001  0.411920978583685E+006  0.316377886038644E+000  0.977479920090209E+000  0.167672638876012E+001  0.400838775748424E-001  0.122281589212742E+001 -0.205960489291842E+006
  0.100000000000000E+001  0.148403831963754E+009  0.719083837873277E+000  0.909484113060518E+000  0.378910079176962E+001  0.262023451229144E+000  0.122281589212742E+001 -0.742019159818772E+008
  0.100000000000000E+001  0.135770104615751E+006  0.637478367047644E+000  0.101857046697990E+001  0.182618708430319E+001  0.373573876644308E+000  0.122281589212742E+001 -0.678850523078755E+005
  0.100000000000000E+001  0.310463303468668E+006  0.185776100407792E+000  0.947123082821796E+000  0.377925226010529E+001  0.213930165502582E+000  0.122281589212742E+001 -0.155231651734334E+006
  0.100000000000000E+001  0.671773871490800E+007  0.250557633519521E+000  0.118082600887641E+001  0.381465304907333E+001  0.112343146651780E+000  0.122281589212742E+001 -0.335886935745400E+007
  0.100000000000000E+001  0.989602694287972E+008  0.871073745348998E+000  0.119249605544847E+001  0.269043835453965E+001  0.288589430700249E+000  0.122281589212742E+001 -0.494801347143986E+008
  0.100000000000000E+001  0.418199747031469E+006  0.625793215385843E+000  0.115152727447380E+001  0.185261407458226E+001  0.272426038904258E+000  0.122281589212742E+001 -0.209099873515734E+006
  0.100000000000000E+001  0.415278150702735E+006  0.133024645897956E+000  0.861476624463328E+000  0.316764940498701E+001  0.666766461023260E-001  0.122281589212742E+001 -0.207639075351368E+006
  0.100000000000000E+001  0.422926485257660E+005  0.479293284340998E+000  0.978688997125332E+000  0.209472733246889E+001  0.110741966707313E+000  0.122281589212742E+001 -0.211463242628830E+005
  0.100000000000000E+001  0.314493070246105E+006  0.324245613299293E+000  0.982629299293922E+000  0.185454553100594E+001  0.143251370346337E+000  0.122281589212742E+001 -0.157246535123053E+006
  0.100000000000000E+001  0.270299215189527E+007  0.642722532729443E+000  0.828985877078614E+000  0.257700780536323E+001  0.716986745535484E-001  0.122281589212742E+001 -0.135149607594763E+007
  0.100000000000000E+001  0.970721425520609E+006  0.442720811842468E+000  0.105472542465332E+001  0.267397601680883E+001  0.320616430174420E+000  0.122281589212742E+001 -0.485360712760304E+006
  0.100000000000000E+001  0.212609088108531E+006  0.312069517005144E+000  0.100872287347787E+001  0.286874257810254E+001  0.562817389942182E-001  0.122281589212742E+001 -0.106304544054266E+006
  0.100000000000000E+001  0.155001281810036E+007  0.234824206433027E+000  0.908279087176258E+000  0.376168272562461E+001  0.271200049613911E+000  0.122281589212742E+001 -0.775006409050181E+006
  0.100000000000000E+001  0.539131161822174E+006  0.103119573762680E+000  0.107926801358476E+001  0.331192295620647E+001  0.978383004900450E-001  0.122281589212742E+001 -0.269565580911087E+006
  0.100000000000000E+001  0.624735950668206E+005  0.268125563037981E+000  0.931339875763141E+000  0.270212518792321E+001  0.300433848969723E+000  0.122281589212742E+001 -0.312367975334103E+005
  0.100000000000000E+001  0.524703863148620E+006  0.126934962364178E+000  0.865519150300934E+000  0.315551579992694E+001  0.220251475432642E+000  0.122281589212742E+001 -0.262351931574310E+006
  0.100000000000000E+001  0.882437081354093E+008  0.837323657737315E+000  0.110871741396293E+001  0.292991342107025E+001  0.384156960663527E+000  0.122281589212742E+001 -0.441218540677046E+008
  0.100000000000000E+001  0.649607894142345E+008  0.743365007157945E+000  0.114763842339235E+001  0.295663814495688E+001  0.374377013190248E+000  0.122281589212742E+001 -0.324803947071172E+008
  0.100000000000000E+001  0.654953848422935E+006  0.251163700494376E+000  0.818248187158220E+000  0.170862559088898E+001  0.273363330863840E+000  0.122281589212742E+001 -0.327476924211468E+006
  0.100000000000000E+001  0.129167648906009E+006  0.620177253119815E+000  0.841871758273355E+000  0.203167125016854E+001  0.306452897710687E+000  0.122281589212742E+001 -0.645838244530043E+005
  0.100000000000000E+001  0.123939499273979E+008  0.386997775837891E+000  0.112044958731387E+001  0.346928937667769E+001  0.135753706339222E+000  0.122281589212742E+001 -0.619697496369894E+007
  0.100000000000000E+001  0.262743658306019E+008  0.578308116087091E+000  0.114375700005039E+001  0.309001775776767E+001  0.189863964825692E+000  0.122281589212742E+001 -0.131371829153010E+008
  0.100000000000000E+001  0.856411167110896E+006  0.109683482390261E+000  0.113660953737565E+001  0.206408298738685E+001  0.909861547446052E-001  0.122281589212742E+001 -0.428205583555448E+006
  0.100000000000000E+001  0.110342574815364E+008  0.642548690047068E+000  0.114357366153433E+001  0.263303335607355E+001  0.221266456098629E+000  0.122281589212742E+001 -0.551712874076818E+007
  0.100000000000000E+001  0.432313092132549E+007  0.660281211270685E+000  0.860162817537443E+000  0.265089705127234E+001  0.801052216132605E-001  0.122281589212742E+001 -0.216156546066274E+007
  0.100000000000000E+001  0.916704283155650E+005  0.148101190195003E+000  0.104826821795844E+001  0.353149492418574E+001  0.218789431283392E+000  0.122281589212742E+001 -0.458352141577825E+005
  0.100000000000000E+001  0.126024051002118E+008  0.745794047354142E+000  0.108813896150299E+001  0.254735561280512E+001  0.373453181357077E+000  0.122281589212742E+001 -0.630120255010589E+007
  0.100000000000000E+001  0.678606818644613E+008  0.611165204823550E+000  0.102719638813361E+001  0.353934113757353E+001  0.167232349328440E+000  0.122281589212742E+001 -0.339303409322307E+008
  0.100000000000000E+001  0.100010548560821E+006  0.304322745127098E+000  0.913723738020476E+000  0.242832022674982E+001  0.261745000720341E+000  0.122281589212742E+001 -0.500052742804106E+005
  0.100000000000000E+001  0.264733331329618E+008  0.537988311980464E+000  0.112468312910033E+001  0.324241115483237E+001  0.162840626816200E+000  0.122281589212742E+001 -0.132366665664809E+008
  0.100000000000000E+001  0.307735793108697E+006  0.171263007796828E+000  0.908008596572613E+000  0.288672752961893E+001  0.535992766939391E-001  0.122281589212742E+001 -0.153867896554348E+006
  0.100000000000000E+001  0.295467491871248E+008  0.485912293512576E+000  0.117547586112553E+001  0.340988908010468E+001  0.376375091853028E+000  0.122281589212742E+001 -0.147733745935624E+008
  0.100000000000000E+001  0.232363940337680E+007  0.551981167609695E+000  0.101278725360576E+001  0.258997316056489E+001  0.246857963514582E+000  0.122281589212742E+001 -0.116181970168840E+007
  0.100000000000000E+001  0.184817022264718E+009  0.642515615813956E+000  0.990876786676168E+000  0.389642819873289E+001  0.631569198743070E-001  0.122281589212742E+001 -0.924085111323589E+008
  0.100000000000000E+001  0.600187872554440E+006  0.152346707891909E+000  0.933717718637302E+000  0.251817144812885E+001  0.632988432975134E-001  0.122281589212742E+001 -0.300093936277220E+006
  0.100000000000000E+001  0.462133513352129E+005  0.294442071339553E+000  0.871824961968539E+000  0.302298872609506E+001  0.395863098242944E+000  0.122281589212742E+001 -0.231066756676065E+005
  0.100000000000000E+001  0.944983648665152E+007  0.350159553041144E+000  0.966639983848534E+000  0.359793759298450E+001  0.426476037088001E-001  0.122281589212742E+001 -0.472491824332576E+007
  0.100000000000000E+001  0.184658410611094E+008  0.696566884309210E+000  0.989832354983861E+000  0.294426876749174E+001  0.357005652142229E+000  0.122281589212742E+001 -0.923292053055469E+007
