  0.103753785626662E-321  0.150984647082218E+004  0.258222635969590E+000  0.100714876579769E+001  0.289155370244642E+001  0.146066847213293E+000  0.122281589212742E+001 -0.754923235411089E+003
  0.856215764242880E-320  0.150099634435850E+004  0.309769457123984E+000  0.912918124455439E+000  0.264546201662787E+001  0.727718856703854E-001  0.122281589212742E+001 -0.750498172179249E+003
  0.103951411884998E-319  0.150052659504444E+004  0.274719208462906E+000  0.833979507921493E+000  0.297133663212718E+001  0.317594410440912E+000  0.122281589212742E+001 -0.750263297522219E+003
  0.371629632431978E-315  0.147947611761343E+004  0.287280703022127E+000  0.100753974906089E+001  0.274215986180334E+001  0.203923018458607E+000  0.122281589212742E+001 -0.739738058806717E+003
  0.361885739475675E-306  0.143800108038583E+004  0.305005825651554E+000  0.930450243788102E+000  0.268783921764888E+001  0.149072886561550E+000  0.122281589212742E+001 -0.719000540192917E+003
  0.398644624644834E-303  0.142391044217930E+004  0.252227533338235E+000  0.999211506802102E+000  0.294420463494438E+001  0.168727904104243E+000  0.122281589212742E+001 -0.711955221089648E+003
  0.799267649457636E-299  0.140401686641578E+004  0.305569909879128E+000  0.846048271948166E+000  0.270393559229350E+001  0.873844997101989E-001  0.122281589212742E+001 -0.702008433207892E+003
  0.637375520855405E-289  0.135833619431418E+004  0.301311650974980E+000  0.858572833382766E+000  0.274176792914913E+001  0.113633803381474E+000  0.122281589212742E+001 -0.679168097157089E+003
  0.286582516644977E-281  0.132309349779760E+004  0.266940553775011E+000  0.966034246188075E+000  0.289901692852970E+001  0.313085929354824E+000  0.122281589212742E+001 -0.661546748898801E+003
  0.526313667735963E-273  0.128495127537966E+004  0.298724996426468E+000  0.920949684474176E+000  0.270390110437998E+001  0.146838276748789E+000  0.122281589212742E+001 -0.642475637689829E+003
  0.478170251457953E-254  0.119755978365270E+004  0.242013137329529E+000  0.911843740126138E+000  0.310100766706689E+001  0.345117973820627E+000  0.122281589212742E+001 -0.598779891826348E+003
  0.251676543881011E-240  0.113420428210429E+004  0.233760664504139E+000  0.100054717185353E+001  0.312441729255150E+001  0.338899480988427E+000  0.122281589212742E+001 -0.567102141052147E+003
  0.147993895337682E-236  0.111668546330864E+004  0.252112954382313E+000  0.993238315930053E+000  0.291255252572147E+001  0.116455895958011E+000  0.122281589212742E+001 -0.558342731654322E+003
  0.414708817527374E-232  0.109612552992987E+004  0.299428134240845E+000  0.914396719725668E+000  0.270359735726981E+001  0.831153996000804E-001  0.122281589212742E+001 -0.548062764964937E+003
  0.132929712943188E-212  0.100614371635790E+004  0.258086044197577E+000  0.834821819686456E+000  0.294719000099456E+001  0.486728139742894E-001  0.122281589212742E+001 -0.503071858178952E+003
  0.292169157602989E-209  0.990677700290023E+003  0.265267063067977E+000  0.923220369472231E+000  0.287902989214993E+001  0.695804178968816E-001  0.122281589212742E+001 -0.495338850145012E+003
  0.563010364027147E-209  0.989290289443758E+003  0.243199782892215E+000  0.956260070834820E+000  0.297661500837091E+001  0.850399434554088E-001  0.122281589212742E+001 -0.494645144721879E+003
  0.101467181527871E-206  0.978826423479922E+003  0.288443960090295E+000  0.981027714215373E+000  0.278497106310591E+001  0.277197049806924E+000  0.122281589212742E+001 -0.489413211739961E+003
  0.503270239206777E-187  0.887839204520433E+003  0.268796195762782E+000  0.975146663231290E+000  0.287058347757009E+001  0.182710710212202E+000  0.122281589212742E+001 -0.443919602260216E+003
  0.737372609536490E-187  0.887007469297586E+003  0.287039266367027E+000  0.878935579202952E+000  0.285442952772718E+001  0.290570659817987E+000  0.122281589212742E+001 -0.443503734648793E+003
  0.330512312910501E-175  0.833282522815301E+003  0.280211502634786E+000  0.966872043500651E+000  0.282732196454607E+001  0.220408349704660E+000  0.122281589212742E+001 -0.416641261407650E+003
  0.780015800452047E-174  0.826892209001025E+003  0.272977830888387E+000  0.821928074111919E+000  0.287311417134006E+001  0.919014811795952E-001  0.122281589212742E+001 -0.413446104500513E+003
  0.878999385495156E-168  0.798954444737503E+003  0.296924820097129E+000  0.917576233435275E+000  0.269518735982351E+001  0.702769798010594E-001  0.122281589212742E+001 -0.399477222368751E+003
  0.630623921716440E-165  0.785735280110883E+003  0.254831949056168E+000  0.880020863685445E+000  0.306720835946019E+001  0.330626593847730E+000  0.122281589212742E+001 -0.392867640055442E+003
  0.939510285193455E-301  0.141339464219363E+004  0.298058364891278E+000  0.877322140684307E+000  0.277295655498647E+001  0.167458318187676E+000  0.122281589212742E+001 -0.706697321096816E+003
  0.157569381603784E-243  0.114946441578925E+004  0.290883979972618E+000  0.839781267113028E+000  0.281664684689262E+001  0.153794477962488E+000  0.122281589212742E+001 -0.574732207894626E+003
  0.545421844982021E-242  0.114237585831654E+004  0.297977549188349E+000  0.891503896065060E+000  0.276516660009726E+001  0.222875212116365E+000  0.122281589212742E+001 -0.571187929158269E+003
  0.359752287317925E-238  0.112478746521044E+004  0.277759618357008E+000  0.817756229545668E+000  0.289029601881934E+001  0.151231468902303E+000  0.122281589212742E+001 -0.562393732605218E+003
  0.672293999704872E-221  0.104524901196747E+004  0.291392293710777E+000  0.879450353517849E+000  0.278907246625868E+001  0.201859715552914E+000  0.122281589212742E+001 -0.522624505983733E+003
  0.375954854144721E-194  0.922071870299772E+003  0.293982684137854E+000  0.872597711395384E+000  0.277610092317300E+001  0.173620310059033E+000  0.122281589212742E+001 -0.461035935149886E+003
  0.522282044417698E-194  0.921414392920723E+003  0.293639341353943E+000  0.855168083535662E+000  0.278248855516510E+001  0.145218949620347E+000  0.122281589212742E+001 -0.460707196460362E+003
  0.457594894058312E-187  0.889442648568862E+003  0.280653052816220E+000  0.841288430009536E+000  0.287724280690242E+001  0.210072029485889E+000  0.122281589212742E+001 -0.444721324284431E+003
  0.180192609527637E-164  0.783567673520581E+003  0.269456406507019E+000  0.100116324751773E+001  0.290505300247643E+001  0.387938014593472E+000  0.122281589212742E+001 -0.391783836760290E+003
  0.505316034159746E-158  0.753806533877237E+003  0.263964406237575E+000  0.885853201508827E+000  0.288315345667870E+001  0.184922460786938E-001  0.122281589212742E+001 -0.376903266938618E+003
  0.499977559742789E-157  0.749154802241606E+003  0.285796958074693E+000  0.897761420753067E+000  0.277004037641603E+001  0.419227281820669E-001  0.122281589212742E+001 -0.374577401120803E+003
  0.403663538054315E-152  0.726489111233375E+003  0.293422680767385E+000  0.890216290825167E+000  0.270262780509213E+001  0.288701708356121E-001  0.122281589212742E+001 -0.363244555616688E+003
  0.140360107767564E-143  0.687087517227854E+003  0.279768687091204E+000  0.878579649311247E+000  0.290593074783356E+001  0.285903480312088E+000  0.122281589212742E+001 -0.343543758613927E+003
  0.902511966807829E-143  0.683297772862040E+003  0.267132908073118E+000  0.980062400630563E+000  0.283722380840084E+001  0.145382888320131E+000  0.122281589212742E+001 -0.341648886431020E+003
  0.449606047493215E-139  0.666202909415578E+003  0.285561621447578E+000  0.960466257419768E+000  0.282268442145471E+001  0.290443209309707E+000  0.122281589212742E+001 -0.333101454707789E+003
  0.167046664715922E-136  0.654367595950612E+003  0.275025314621004E+000  0.919831849452143E+000  0.285985515427267E+001  0.236561677303601E+000  0.122281589212742E+001 -0.327183797975306E+003
  0.376211692741591E-122  0.588133470014308E+003  0.275303013605831E+000  0.977427569000996E+000  0.288418847502940E+001  0.315801720780781E+000  0.122281589212742E+001 -0.294066735007154E+003
  0.810925249876196E-115  0.554293427845068E+003  0.240758498789680E+000  0.953631923012028E+000  0.310142161107470E+001  0.354485690192463E+000  0.122281589212742E+001 -0.277146713922534E+003
  0.126178316600673E-114  0.553341414079636E+003  0.261470735368252E+000  0.969594502091821E+000  0.296349142239762E+001  0.372611809549228E+000  0.122281589212742E+001 -0.276670707039818E+003
  0.203251876687819E-114  0.552320111247923E+003  0.272688003175898E+000  0.961901388319654E+000  0.278440065276181E+001  0.522711946192410E-001  0.122281589212742E+001 -0.276160055623961E+003
  0.873848452674423E-113  0.544730215991124E+003  0.253874459095144E+000  0.965630163609400E+000  0.295455474092839E+001  0.228425731099266E+000  0.122281589212742E+001 -0.272365107995562E+003
  0.274204407710718E-107  0.519349458019265E+003  0.269303334683773E+000  0.924041718942393E+000  0.295648098105181E+001  0.394316204638649E+000  0.122281589212742E+001 -0.259674729009632E+003
  0.674281284607092E-106  0.512876937693399E+003  0.277852912100199E+000  0.975637703678593E+000  0.286834027528818E+001  0.352262834561871E+000  0.122281589212742E+001 -0.256438468846700E+003
  0.141469499766294E-100  0.488369043008610E+003  0.267063495564627E+000  0.902516952536486E+000  0.291097684542831E+001  0.226620029690769E+000  0.122281589212742E+001 -0.244184521504305E+003
  0.537758195443523E-098  0.476488052909063E+003  0.258228426717866E+000  0.936303347375483E+000  0.292529344906018E+001  0.124614202822649E+000  0.122281589212742E+001 -0.238244026454531E+003
  0.226499007311073E-096  0.469007049429285E+003  0.290403603784293E+000  0.888309425060100E+000  0.273301792503768E+001  0.111154302685943E-001  0.122281589212742E+001 -0.234503524714642E+003
  0.165431688959857E-095  0.464954763003532E+003  0.266804406715796E+000  0.881881386431105E+000  0.287976116952314E+001  0.124187034012281E+000  0.122281589212742E+001 -0.232477381501766E+003
  0.252571033565657E-093  0.454822673623342E+003  0.260932399222418E+000  0.935815632108139E+000  0.291743582436555E+001  0.205569827582393E+000  0.122281589212742E+001 -0.227411336811671E+003
  0.216095335665089E-090  0.441243628111562E+003  0.264457075272815E+000  0.909818329997529E+000  0.286301202351520E+001  0.233507978139298E-001  0.122281589212742E+001 -0.220621814055781E+003
  0.764706113530618E-088  0.429357527964144E+003  0.254169204447131E+000  0.953147315918831E+000  0.296907431837091E+001  0.196777368296190E+000  0.122281589212742E+001 -0.214678763982072E+003
  0.277727024801809E-087  0.426705328266981E+003  0.263933290599450E+000  0.946778827760283E+000  0.296125633503034E+001  0.364857513732048E+000  0.122281589212742E+001 -0.213352664133491E+003
  0.205402152862232E-084  0.413420420275391E+003  0.281659574250571E+000  0.933972891935065E+000  0.287817507065249E+001  0.342023419712811E+000  0.122281589212742E+001 -0.206710210137695E+003
  0.106190473071751E-083  0.410061985563848E+003  0.253447218700248E+000  0.969760432885862E+000  0.296078971215192E+001  0.227055257191217E+000  0.122281589212742E+001 -0.205030992781924E+003
  0.898617823617672E-083  0.405647820767981E+003  0.268886825585038E+000  0.871843073355019E+000  0.287649548852776E+001  0.122866747089813E+000  0.122281589212742E+001 -0.202823910383990E+003
  0.172981490022828E-081  0.399594841126285E+003  0.258682921053594E+000  0.949600496210542E+000  0.291216688411403E+001  0.173082961845615E+000  0.122281589212742E+001 -0.199797420563143E+003
  0.191302074023356E-081  0.399325699776067E+003  0.250217662724356E+000  0.940256795454327E+000  0.306542678614720E+001  0.337600479424005E+000  0.122281589212742E+001 -0.199662849888033E+003
  0.396212188260473E-081  0.397801704315574E+003  0.273675189854922E+000  0.958886564894619E+000  0.290422012316485E+001  0.367228238287438E+000  0.122281589212742E+001 -0.198900852157787E+003
  0.130695016302488E-078  0.386136557469462E+003  0.261269883320194E+000  0.963164182283207E+000  0.288523635741511E+001  0.143742763819652E+000  0.122281589212742E+001 -0.193068278734731E+003
  0.210548319020453E-075  0.371299546444680E+003  0.268908344683549E+000  0.926454961768334E+000  0.279966064323935E+001  0.939117148736044E-002  0.122281589212742E+001 -0.185649773222340E+003
  0.804097218173237E-074  0.363946563136994E+003  0.259612505147386E+000  0.926826088150246E+000  0.300144333802824E+001  0.297918021836706E+000  0.122281589212742E+001 -0.181973281568497E+003
  0.291154263624011E-134  0.645826603688180E+003  0.249610803778104E+000  0.879151789453237E+000  0.306465566736347E+001  0.261348224849347E+000  0.122281589212742E+001 -0.322913301844090E+003
  0.958951866370675E-089  0.435090738463070E+003  0.255270041581588E+000  0.877370567041766E+000  0.301769323121307E+001  0.232797776937782E+000  0.122281589212742E+001 -0.217545369231535E+003
  0.128099351486382E-082  0.406880616632776E+003  0.261154885698034E+000  0.869310920767845E+000  0.296521681017325E+001  0.211938313168064E+000  0.122281589212742E+001 -0.203440308316388E+003
  0.597616152646337E-082  0.403800331600146E+003  0.282127586120079E+000  0.879117161594177E+000  0.283997193918008E+001  0.178758264155375E+000  0.122281589212742E+001 -0.201900165800073E+003
  0.165772868092049E-072  0.360313289891715E+003  0.248036306625537E+000  0.898624094573209E+000  0.304635018607671E+001  0.248140553738927E+000  0.122281589212742E+001 -0.180156644945858E+003
  0.387689418349370E-067  0.335588267033808E+003  0.255365748864765E+000  0.883040906970241E+000  0.301164957742502E+001  0.251806749407982E+000  0.122281589212742E+001 -0.167794133516904E+003
  0.126365417522557E-053  0.273357937834327E+003  0.267472940698006E+000  0.866271101886880E+000  0.291018736029969E+001  0.153933334453394E+000  0.122281589212742E+001 -0.136678968917164E+003
  0.449426419599471E-063  0.314004347406509E+003  0.267376048828967E+000  0.949648620446575E+000  0.293641113951043E+001  0.348261192043884E+000  0.122281589212742E+001 -0.157002173703254E+003
  0.131233671491910E-057  0.288835311611735E+003  0.275121693911579E+000  0.967793460566071E+000  0.290720253330559E+001  0.377030340449905E+000  0.122281589212742E+001 -0.144417655805867E+003
  0.494544035972088E-057  0.286073863744080E+003  0.251013334654847E+000  0.981744374623982E+000  0.303621400491277E+001  0.358041203194069E+000  0.122281589212742E+001 -0.143036931872040E+003
  0.130238226736909E-055  0.279532065195697E+003  0.251571656594926E+000  0.940099544206054E+000  0.300251697617798E+001  0.225245399564186E+000  0.122281589212742E+001 -0.139766032597849E+003
  0.286512621053855E-073  0.361260189446776E+003  0.268699423812056E+000  0.932925952266341E+000  0.288842108993709E+001  0.169026467905416E+000  0.122281589212742E+001 -0.180630094723388E+003
  0.373388738361279E-055  0.277422172403022E+003  0.279883398543913E+000  0.917949968976521E+000  0.281579632368419E+001  0.160479218424081E+000  0.122281589212742E+001 -0.138711086201511E+003
  0.668535711154185E-053  0.266935958939782E+003  0.275762235408609E+000  0.917418801762643E+000  0.290581928832979E+001  0.294949103303039E+000  0.122281589212742E+001 -0.133467979469891E+003
  0.399990911184548E-049  0.249428257348411E+003  0.270592443244388E+000  0.881918694451535E+000  0.291134747616120E+001  0.217088000067310E+000  0.122281589212742E+001 -0.124714128674205E+003
  0.100738969209220E-047  0.242861418382226E+003  0.273945954480739E+000  0.901112361604644E+000  0.290658807850130E+001  0.273367940538042E+000  0.122281589212742E+001 -0.121430709191113E+003
  0.386626294712086E-045  0.230846909439214E+003  0.260894983583892E+000  0.892862895339766E+000  0.299036017852700E+001  0.264854863660819E+000  0.122281589212742E+001 -0.115423454719607E+003
  0.556938139006822E-045  0.230002601425580E+003  0.264784159689061E+000  0.924295157156689E+000  0.296061739583192E+001  0.276202131576935E+000  0.122281589212742E+001 -0.115001300712790E+003
  0.192560735123137E-044  0.227407199535175E+003  0.270678262918761E+000  0.911131281678759E+000  0.293871851251550E+001  0.293383838801787E+000  0.122281589212742E+001 -0.113703599767588E+003
  0.471645860692599E-043  0.221010395753724E+003  0.263194142027326E+000  0.968678278556978E+000  0.292491948546317E+001  0.267077811308080E+000  0.122281589212742E+001 -0.110505197876862E+003
  0.838866638554689E-041  0.210527159473820E+003  0.252177396292692E+000  0.909847872711563E+000  0.304669742963207E+001  0.319805552574684E+000  0.122281589212742E+001 -0.105263579736910E+003
  0.364318842014634E-040  0.207468784678503E+003  0.274229052679025E+000  0.952717669302705E+000  0.292762667675761E+001  0.396596096118458E+000  0.122281589212742E+001 -0.103734392339251E+003
  0.578309265254366E-040  0.206544625953011E+003  0.272688396548411E+000  0.906520767393157E+000  0.288582421890326E+001  0.223925189410427E+000  0.122281589212742E+001 -0.103272312976506E+003
  0.831814374679839E-050  0.252665265955529E+003  0.265569134584095E+000  0.859180574785946E+000  0.286184382637588E+001  0.526686495200464E-003  0.122281589212742E+001 -0.126332632977765E+003
  0.118169268101722E-049  0.251834001200358E+003  0.282981419725711E+000  0.909183476548677E+000  0.275558527866437E+001  0.382400722436554E-001  0.122281589212742E+001 -0.125917000600179E+003
  0.105850137942066E-047  0.242593522084999E+003  0.272119109203346E+000  0.950348318035126E+000  0.285265513483004E+001  0.184030574542368E+000  0.122281589212742E+001 -0.121296761042500E+003
  0.925598292214468E-045  0.228925100409279E+003  0.275873865207095E+000  0.894026242711188E+000  0.281506784492328E+001  0.438809525370366E-001  0.122281589212742E+001 -0.114462550204640E+003
  0.448733508174127E-042  0.216322046064561E+003  0.263631417367875E+000  0.922383496061431E+000  0.285521951178829E+001  0.341687308651093E-001  0.122281589212742E+001 -0.108161023032281E+003
  0.360741169938018E-039  0.202720621172661E+003  0.267828275890687E+000  0.866481846021847E+000  0.288282897472281E+001  0.948380425039448E-001  0.122281589212742E+001 -0.101360310586331E+003
  0.318295518511729E-038  0.198257677475447E+003  0.264867174082710E+000  0.926452612721828E+000  0.283860582900513E+001  0.277320184006583E-001  0.122281589212742E+001 -0.991288387377233E+002
  0.330204416316662E-038  0.198076079730251E+003  0.274555549173034E+000  0.934116091439992E+000  0.286428646961748E+001  0.208457631885887E+000  0.122281589212742E+001 -0.990380398651256E+002
  0.206383216698813E-033  0.175990183180733E+003  0.261887298423016E+000  0.914696572685127E+000  0.285880315644685E+001  0.252374844205176E-001  0.122281589212742E+001 -0.879950915903663E+002
  0.179905859070638E-032  0.171659615008635E+003  0.261700307999547E+000  0.887066143869008E+000  0.292030305531375E+001  0.110978173776954E+000  0.122281589212742E+001 -0.858298075043176E+002
  0.215967241987436E-032  0.171294228949025E+003  0.260123287766115E+000  0.934161412912376E+000  0.292654857520529E+001  0.195444466736565E+000  0.122281589212742E+001 -0.856471144745123E+002
  0.217674395951081E-032  0.171149404684770E+003  0.277532090858557E+000  0.873302179279857E+000  0.278931174176648E+001  0.182555969133912E-002  0.122281589212742E+001 -0.855747023423850E+002
  0.234883743304570E-032  0.170997224019399E+003  0.274494501941258E+000  0.906695708105567E+000  0.285713385193342E+001  0.149057506558853E+000  0.122281589212742E+001 -0.854986120096993E+002
  0.753848216667266E-032  0.168665023297007E+003  0.277510468132228E+000  0.904734612649749E+000  0.278674813457827E+001  0.179884756692912E-001  0.122281589212742E+001 -0.843325116485035E+002
  0.883709863661195E-032  0.168198931839402E+003  0.252266622308440E+000  0.918423226955762E+000  0.299103879899585E+001  0.194903237551421E+000  0.122281589212742E+001 -0.840994659197011E+002
  0.890694153720216E-032  0.168034971282119E+003  0.266147845748704E+000  0.919284779540506E+000  0.282898512586281E+001  0.160288493465082E-001  0.122281589212742E+001 -0.840174856410597E+002
  0.682498635679943E-030  0.159070910380205E+003  0.271826077140168E+000  0.864529875375602E+000  0.283400656202895E+001  0.168906194247879E-001  0.122281589212742E+001 -0.795354551901026E+002
  0.108331029537733E-029  0.158146877995064E+003  0.273049622649276E+000  0.872853109720804E+000  0.282723518931785E+001  0.160693870127201E-001  0.122281589212742E+001 -0.790734389975320E+002
  0.554175191545296E-029  0.154882299516357E+003  0.271560486247003E+000  0.915292138859712E+000  0.287723735270720E+001  0.200632377818485E+000  0.122281589212742E+001 -0.774411497581787E+002
  0.690820132498089E-029  0.154441502271141E+003  0.263733720149426E+000  0.943679611244638E+000  0.290061583274439E+001  0.171399967194094E+000  0.122281589212742E+001 -0.772207511355705E+002
  0.156112390393903E-024  0.133907933808565E+003  0.267969188765019E+000  0.891145448329635E+000  0.290611829959639E+001  0.162345904317933E+000  0.122281589212742E+001 -0.669539669042827E+002
  0.126168153414512E-023  0.129580468940177E+003  0.269552835493045E+000  0.876786357814468E+000  0.287380270007477E+001  0.102806593729020E+000  0.122281589212742E+001 -0.647902344700883E+002
  0.211562148433212E-023  0.128546662473770E+003  0.279706218371161E+000  0.885628579479213E+000  0.277946754025331E+001  0.104993302797499E-001  0.122281589212742E+001 -0.642733312368851E+002
  0.379493760124887E-023  0.127378023767770E+003  0.265174690226134E+000  0.913359507751769E+000  0.287110133077845E+001  0.778028935215140E-001  0.122281589212742E+001 -0.636890118838852E+002
  0.666447157469112E-037  0.192039529574481E+003  0.273034696357098E+000  0.926998088568051E+000  0.293881513463573E+001  0.363721784174922E+000  0.122281589212742E+001 -0.960197647872403E+002
  0.177559411361352E-031  0.166478455489752E+003  0.259049022429777E+000  0.979000891886296E+000  0.299294215172614E+001  0.396297712426467E+000  0.122281589212742E+001 -0.832392277448758E+002
  0.615851050128782E-030  0.159385885568266E+003  0.257411413374053E+000  0.916191766970055E+000  0.302593197875518E+001  0.359214676503299E+000  0.122281589212742E+001 -0.796929427841329E+002
  0.508753979762299E-028  0.149982262197788E+003  0.261228886018344E+000  0.935918043211312E+000  0.301919892920651E+001  0.391098406363054E+000  0.122281589212742E+001 -0.749911310988940E+002
  0.102312729367010E-029  0.158787093255671E+003  0.269766714139170E+000  0.900510550976769E+000  0.292223432280394E+001  0.255520043285180E+000  0.122281589212742E+001 -0.793935466278355E+002
  0.405957206079990E-029  0.155666022835391E+003  0.262094153039483E+000  0.912650339211419E+000  0.294911354903411E+001  0.245359818747936E+000  0.122281589212742E+001 -0.778330114176957E+002
  0.771586643980880E-027  0.145171280021280E+003  0.251368328627579E+000  0.930918902182928E+000  0.301394968095378E+001  0.250085924133799E+000  0.122281589212742E+001 -0.725856400106399E+002
  0.983100327791408E-027  0.144686755608422E+003  0.251410604147264E+000  0.927117696767041E+000  0.301461809583727E+001  0.247752688570992E+000  0.122281589212742E+001 -0.723433778042109E+002
  0.286141216950262E-024  0.132764332352116E+003  0.261153805012780E+000  0.904747808540736E+000  0.297778411086668E+001  0.254985525210388E+000  0.122281589212742E+001 -0.663821661760581E+002
  0.125475707675812E-034  0.181199073257646E+003  0.255048244194720E+000  0.968355240718469E+000  0.299738507512874E+001  0.309736808852560E+000  0.122281589212742E+001 -0.905995366288230E+002
  0.506841625230450E-030  0.158773948100512E+003  0.263703690269008E+000  0.963118754684607E+000  0.293217326336774E+001  0.284933124546605E+000  0.122281589212742E+001 -0.793869740502559E+002
  0.109368169857988E-027  0.147660751794570E+003  0.268501057302170E+000  0.964314823349250E+000  0.293115830961638E+001  0.337878857049086E+000  0.122281589212742E+001 -0.738303758972849E+002
  0.311437104386364E-026  0.140788603834516E+003  0.258105430255006E+000  0.923311785823241E+000  0.301365372516450E+001  0.317356966914357E+000  0.122281589212742E+001 -0.703943019172582E+002
  0.172908535882472E-025  0.137360302939307E+003  0.267283858953053E+000  0.954711601720096E+000  0.292522865018546E+001  0.308745690615999E+000  0.122281589212742E+001 -0.686801514696537E+002
  0.237591205585978E-023  0.127514384941516E+003  0.268482640300203E+000  0.953201744928095E+000  0.294061621652027E+001  0.336021772749637E+000  0.122281589212742E+001 -0.637571924707578E+002
  0.289920173893610E-022  0.123311318645160E+003  0.275260928926472E+000  0.903746025890902E+000  0.281886405018123E+001  0.894858541418382E-001  0.122281589212742E+001 -0.616556593225800E+002
  0.761807870633868E-020  0.112168800747252E+003  0.270841265851161E+000  0.923740213919600E+000  0.285604950097160E+001  0.147751992394886E+000  0.122281589212742E+001 -0.560844003736262E+002
  0.113771201718233E-019  0.111155919442797E+003  0.270216419066224E+000  0.895672764147214E+000  0.283203107497895E+001  0.243695412073637E-001  0.122281589212742E+001 -0.555779597213985E+002
  0.258334819685261E-018  0.104699894095304E+003  0.266026533159308E+000  0.936413186360831E+000  0.288787221817788E+001  0.166425038906967E+000  0.122281589212742E+001 -0.523499470476521E+002
  0.546128349632012E-016  0.935910172795703E+002  0.269888202407483E+000  0.903455813385259E+000  0.289530252367603E+001  0.180479972169340E+000  0.122281589212742E+001 -0.467955086397852E+002
  0.726856458431693E-016  0.930192672922996E+002  0.274891009422847E+000  0.887967630724156E+000  0.280419305460708E+001  0.716247516856013E-002  0.122281589212742E+001 -0.465096336461498E+002
  0.145085148217693E-014  0.868210223193769E+002  0.263768715384145E+000  0.909359462585032E+000  0.287041759108913E+001  0.684245885279903E-001  0.122281589212742E+001 -0.434105111596884E+002
  0.335212844188926E-013  0.805409623599822E+002  0.275027534582423E+000  0.893990563028696E+000  0.279665725361667E+001  0.219446154419957E-002  0.122281589212742E+001 -0.402704811799911E+002
  0.149103296361330E-012  0.773204788145634E+002  0.271070148781791E+000  0.916169142673429E+000  0.285895844592855E+001  0.136046897457625E+000  0.122281589212742E+001 -0.386602394072817E+002
  0.182861563048756E-012  0.769122987134230E+002  0.271990091983534E+000  0.901572451235597E+000  0.285044319524567E+001  0.106284634082616E+000  0.122281589212742E+001 -0.384561493567115E+002
  0.168270654321022E-012  0.768115472477533E+002  0.271766919627248E+000  0.892449582538089E+000  0.284074530456179E+001  0.689578093528437E-001  0.122281589212742E+001 -0.384057736238766E+002
  0.334482002697382E-012  0.754375285401010E+002  0.266294882176195E+000  0.889640032806059E+000  0.287044740549439E+001  0.758014016990186E-001  0.122281589212742E+001 -0.377187642700505E+002
  0.328783257339916E-021  0.117541209530343E+003  0.270696887587434E+000  0.943883117231313E+000  0.294612154365200E+001  0.381012747851152E+000  0.122281589212742E+001 -0.587706047651713E+002
  0.728280835704665E-020  0.111011355183522E+003  0.250578945005746E+000  0.952354345684051E+000  0.306281225354282E+001  0.395150011271230E+000  0.122281589212742E+001 -0.555056775917608E+002
  0.136908876752542E-019  0.109748927329141E+003  0.255195211855810E+000  0.924759293598825E+000  0.304849907425293E+001  0.385352448861722E+000  0.122281589212742E+001 -0.548744636645707E+002
  0.590422822989294E-018  0.102046687673118E+003  0.268530264354989E+000  0.937036180248195E+000  0.295530784922079E+001  0.370088559391551E+000  0.122281589212742E+001 -0.510233438365590E+002
  0.996426241935082E-018  0.101000015292268E+003  0.256386343796465E+000  0.950883679733993E+000  0.303770387041706E+001  0.390339242022228E+000  0.122281589212742E+001 -0.505000076461342E+002
  0.413350129230994E-017  0.981546053371743E+002  0.259714114030627E+000  0.975465275671696E+000  0.299810091415818E+001  0.389876125658218E+000  0.122281589212742E+001 -0.490773026685871E+002
  0.112844588764322E-014  0.869356616850511E+002  0.258933612723384E+000  0.926082481892349E+000  0.302552390732335E+001  0.370148188127651E+000  0.122281589212742E+001 -0.434678308425255E+002
  0.479108228803092E-014  0.835975446466939E+002  0.268976679053088E+000  0.946935356554001E+000  0.295350343491422E+001  0.375984997712510E+000  0.122281589212742E+001 -0.417987723233469E+002
  0.587390007507873E-014  0.831900196708108E+002  0.265977566483853E+000  0.930519713878220E+000  0.298731028030020E+001  0.392842330457584E+000  0.122281589212742E+001 -0.415950098354054E+002
  0.124460739983613E-013  0.814526807786098E+002  0.251766791267783E+000  0.940987355411391E+000  0.306233010023942E+001  0.387882567368163E+000  0.122281589212742E+001 -0.407263403893049E+002
  0.535011374426954E-020  0.112070395255106E+003  0.267204520369328E+000  0.902545954887958E+000  0.293776306436389E+001  0.257983958446004E+000  0.122281589212742E+001 -0.560351976275529E+002
  0.175643278609103E-019  0.108881960643140E+003  0.257764048203232E+000  0.900410055928936E+000  0.297471730561341E+001  0.210898860930120E+000  0.122281589212742E+001 -0.544409803215699E+002
  0.200589364360375E-018  0.104011180971512E+003  0.270194716893004E+000  0.907530224922111E+000  0.291131344206631E+001  0.240882531234485E+000  0.122281589212742E+001 -0.520055904857562E+002
  0.146070910323701E-017  0.100040346113589E+003  0.258913933372707E+000  0.945314484151827E+000  0.294795705162848E+001  0.226614090171255E+000  0.122281589212742E+001 -0.500201730567945E+002
  0.780384361766594E-015  0.874786169838967E+002  0.262125669325393E+000  0.947135741857551E+000  0.293925743596033E+001  0.244009223601499E+000  0.122281589212742E+001 -0.437393084919483E+002
  0.476030704648490E-015  0.883994963801755E+002  0.252577402494327E+000  0.937978353503520E+000  0.303476220630358E+001  0.321640389205633E+000  0.122281589212742E+001 -0.441997481900878E+002
  0.580782204443033E-015  0.878534935046820E+002  0.265954400379228E+000  0.954746334991703E+000  0.295224017542241E+001  0.333823214979482E+000  0.122281589212742E+001 -0.439267467523410E+002
  0.402089997004191E-014  0.836975214046130E+002  0.257789477419395E+000  0.953833038510057E+000  0.299388400306937E+001  0.340594403142412E+000  0.122281589212742E+001 -0.418487607023065E+002
  0.646119712100549E-014  0.824818408938529E+002  0.255202158395573E+000  0.923394206239832E+000  0.301585004276820E+001  0.307663853505501E+000  0.122281589212742E+001 -0.412409204469264E+002
  0.872899525890890E-014  0.818801695755825E+002  0.263681183289276E+000  0.955013552193941E+000  0.294590689135569E+001  0.303696079278025E+000  0.122281589212742E+001 -0.409400847877912E+002
  0.318334689152770E-011  0.695794644564093E+002  0.260268106738633E+000  0.965002150020981E+000  0.298043230751410E+001  0.347833604430904E+000  0.122281589212742E+001 -0.347897322282046E+002
  0.541094021151217E-011  0.684041681402666E+002  0.265739799148986E+000  0.923232818572772E+000  0.296516060185034E+001  0.331728295520766E+000  0.122281589212742E+001 -0.342020840701333E+002
  0.175623962240279E-009  0.620995636527346E+002  0.262048581729601E+000  0.917831898007348E+000  0.290902902473788E+001  0.139753606831890E+000  0.122281589212742E+001 -0.310497818263673E+002
  0.291642124667954E-009  0.610851990146642E+002  0.263332449701709E+000  0.910313888042452E+000  0.289389378236875E+001  0.119062361040605E+000  0.122281589212742E+001 -0.305425995073321E+002
  0.528725086957267E-009  0.598953166902019E+002  0.263156850825741E+000  0.916810203656180E+000  0.290120734973554E+001  0.142362596375912E+000  0.122281589212742E+001 -0.299476583451010E+002
  0.694531053781959E-009  0.593497801648441E+002  0.263697228509441E+000  0.918458241380060E+000  0.289611622598831E+001  0.138442661295268E+000  0.122281589212742E+001 -0.296748900824221E+002
  0.700312010219225E-009  0.593332019857306E+002  0.267312225079417E+000  0.915214886151532E+000  0.288101712735294E+001  0.135386642125661E+000  0.122281589212742E+001 -0.296666009928653E+002
  0.381627074025091E-008  0.559421959574624E+002  0.261210798834725E+000  0.917643788696512E+000  0.292471113020018E+001  0.162129812257591E+000  0.122281589212742E+001 -0.279710979787312E+002
  0.110919049806053E-007  0.532329480896297E+002  0.264665926913719E+000  0.899411428406278E+000  0.289675114969234E+001  0.122311821905223E+000  0.122281589212742E+001 -0.266164740448148E+002
  0.331137056625175E-007  0.510454846820349E+002  0.260982085941476E+000  0.917283055222332E+000  0.294446687425284E+001  0.199555787994340E+000  0.122281589212742E+001 -0.255227423410174E+002
  0.279905338530697E-006  0.459655460572226E+002  0.265126668282209E+000  0.905891514060062E+000  0.290568979351247E+001  0.161904387899443E+000  0.122281589212742E+001 -0.229827730286113E+002
  0.182600584217061E-010  0.666349824635030E+002  0.260083412218778E+000  0.925691910267871E+000  0.301879630275737E+001  0.381789316583929E+000  0.122281589212742E+001 -0.333174912317515E+002
  0.215715592590683E-010  0.663016631204816E+002  0.254571847831651E+000  0.941452378045773E+000  0.305243331417682E+001  0.394654679865011E+000  0.122281589212742E+001 -0.331508315602408E+002
  0.373304864100471E-010  0.649377311817588E+002  0.264987567979027E+000  0.950564258030812E+000  0.297091505103886E+001  0.380614186585636E+000  0.122281589212742E+001 -0.324688655908794E+002
  0.337786096131029E-010  0.648706335412598E+002  0.263506284424570E+000  0.945720341811514E+000  0.298660814985670E+001  0.392912694364205E+000  0.122281589212742E+001 -0.324353167706299E+002
  0.834609076579576E-009  0.569320820511805E+002  0.255599812134481E+000  0.932019369643492E+000  0.304083845604090E+001  0.376005178881264E+000  0.122281589212742E+001 -0.284660410255903E+002
  0.128404933712563E-008  0.559324753790044E+002  0.255045664124026E+000  0.938419265539113E+000  0.305159812985856E+001  0.399554819132248E+000  0.122281589212742E+001 -0.279662376895022E+002
  0.177097725258254E-008  0.550223868232665E+002  0.266286554216259E+000  0.943539238936287E+000  0.296695148753723E+001  0.374035803511610E+000  0.122281589212742E+001 -0.275111934116333E+002
  0.338182472059663E-007  0.491234488219545E+002  0.253979339865909E+000  0.952892651516462E+000  0.304313012807395E+001  0.382502577013604E+000  0.122281589212742E+001 -0.245617244109772E+002
  0.153478987481155E-010  0.662047399003389E+002  0.259567438327830E+000  0.948317296608969E+000  0.298475521812972E+001  0.335937025764555E+000  0.122281589212742E+001 -0.331023699501694E+002
  0.233915228308563E-010  0.652476328541546E+002  0.264165409131132E+000  0.949880425901891E+000  0.295163794667389E+001  0.319173633123813E+000  0.122281589212742E+001 -0.326238164270773E+002
  0.320259674080425E-010  0.645049692851020E+002  0.261007745017129E+000  0.940018761253111E+000  0.296844538891355E+001  0.305563197111442E+000  0.122281589212742E+001 -0.322524846425510E+002
  0.385759757770250E-010  0.641328040085379E+002  0.256439193985631E+000  0.949528558374005E+000  0.300830568749204E+001  0.326391134959327E+000  0.122281589212742E+001 -0.320664020042690E+002
  0.395095075866160E-010  0.639637314692466E+002  0.267287840301282E+000  0.919690988236431E+000  0.294639765517433E+001  0.298081855260105E+000  0.122281589212742E+001 -0.319818657346233E+002
  0.456205680807403E-010  0.636760968134689E+002  0.254968966388604E+000  0.938050832027104E+000  0.302328686473163E+001  0.343895735947341E+000  0.122281589212742E+001 -0.318380484067344E+002
  0.624747874496482E-010  0.630472880028276E+002  0.263543126881843E+000  0.914041994413703E+000  0.297275187997744E+001  0.301913595303308E+000  0.122281589212742E+001 -0.315236440014138E+002
  0.953209558625744E-010  0.622023147916985E+002  0.266707500739053E+000  0.943562382955445E+000  0.296318945350069E+001  0.356003782824319E+000  0.122281589212742E+001 -0.311011573958492E+002
  0.211701589380436E-009  0.604582428359890E+002  0.256617060267996E+000  0.928660828216485E+000  0.299960193601688E+001  0.281369645914313E+000  0.122281589212742E+001 -0.302291214179945E+002
  0.249022363996090E-009  0.601335127922638E+002  0.265464507042620E+000  0.944216425845514E+000  0.294796479133348E+001  0.319913540137683E+000  0.122281589212742E+001 -0.300667563961319E+002
  0.428477356525612E-009  0.587398210618416E+002  0.254563407806329E+000  0.931472046093508E+000  0.302179683407063E+001  0.314202365184749E+000  0.122281589212742E+001 -0.293699105309208E+002
  0.209342712074621E-008  0.554189653582661E+002  0.262852784640306E+000  0.938186243499141E+000  0.298644978582333E+001  0.345839492767426E+000  0.122281589212742E+001 -0.277094826791331E+002
  0.741945734703709E-007  0.481349723740310E+002  0.261027765597459E+000  0.924988800258294E+000  0.299498573244785E+001  0.340723759491384E+000  0.122281589212742E+001 -0.240674861870155E+002
  0.899994846195239E-007  0.476005305693482E+002  0.265446893889732E+000  0.938367908448399E+000  0.296791818760806E+001  0.357316487222568E+000  0.122281589212742E+001 -0.238002652846741E+002
  0.125261417296394E-006  0.467911167290299E+002  0.263736957492198E+000  0.935690365567639E+000  0.296524176542168E+001  0.305499015835682E+000  0.122281589212742E+001 -0.233955583645150E+002
  0.445711560960587E-006  0.442525784757689E+002  0.255476027327098E+000  0.938419275259107E+000  0.301968940625359E+001  0.339705982014362E+000  0.122281589212742E+001 -0.221262892378844E+002
  0.375468941434171E-005  0.407729272994502E+002  0.263543375594975E+000  0.931802281987673E+000  0.292617513863512E+001  0.216296009417928E+000  0.122281589212742E+001 -0.203864636497251E+002
  0.454729974187448E-006  0.436589795077555E+002  0.259703909525682E+000  0.963396663019544E+000  0.299773890421751E+001  0.385254921567465E+000  0.122281589212742E+001 -0.218294897538778E+002
  0.456363800770222E-006  0.435227294241140E+002  0.265559150014066E+000  0.945318105526926E+000  0.297184799693202E+001  0.377352587212390E+000  0.122281589212742E+001 -0.217613647120570E+002
  0.615580043670884E-006  0.429241800568943E+002  0.259002737403751E+000  0.955763726795603E+000  0.300299298740869E+001  0.380032322690940E+000  0.122281589212742E+001 -0.214620900284472E+002
  0.142630356414042E-005  0.417661541846264E+002  0.259104325992907E+000  0.949818040139511E+000  0.299638163061724E+001  0.336756936231282E+000  0.122281589212742E+001 -0.208830770923132E+002
  0.183105086546400E-005  0.406060336325342E+002  0.260937230949081E+000  0.935299914010226E+000  0.301285636081781E+001  0.397154905654389E+000  0.122281589212742E+001 -0.203030168162671E+002
  0.171303653734589E-004  0.357457964114607E+002  0.259868298985819E+000  0.963924611236574E+000  0.300073056975344E+001  0.384437683066229E+000  0.122281589212742E+001 -0.178728982057303E+002
  0.239160065798478E-004  0.347347052484384E+002  0.258513630556861E+000  0.958547295320517E+000  0.300684764993154E+001  0.369232110389538E+000  0.122281589212742E+001 -0.173673526242192E+002
  0.322659483725021E-004  0.339250552610388E+002  0.255002716055693E+000  0.944471472048389E+000  0.304379429620891E+001  0.397240929806228E+000  0.122281589212742E+001 -0.169625276305194E+002
  0.511608870232057E-004  0.328029626027370E+002  0.256712290775690E+000  0.937663758681806E+000  0.303613875061194E+001  0.390552516356410E+000  0.122281589212742E+001 -0.164014813013685E+002
  0.991373948929097E-004  0.313823194735665E+002  0.259346159521556E+000  0.962434889838610E+000  0.301004927811929E+001  0.394777605848918E+000  0.122281589212742E+001 -0.156911597367832E+002
  0.100727776087386E-003  0.313504897204461E+002  0.259363303318226E+000  0.936432217106628E+000  0.302042337418711E+001  0.393217989646139E+000  0.122281589212742E+001 -0.156752448602230E+002
  0.200533284823510E-003  0.299733724198268E+002  0.261060227650888E+000  0.962898405416688E+000  0.299590779652327E+001  0.389473196834218E+000  0.122281589212742E+001 -0.149866862099134E+002
  0.212105598623514E-003  0.296504433578926E+002  0.254526956653883E+000  0.948645999764596E+000  0.304632255521171E+001  0.398345673140392E+000  0.122281589212742E+001 -0.148252216789463E+002
  0.213601876857218E-003  0.295337974961986E+002  0.259585387581529E+000  0.951862575926034E+000  0.300288977681673E+001  0.381202303737761E+000  0.122281589212742E+001 -0.147668987480993E+002
  0.401747659809293E-003  0.281677903358714E+002  0.263448387657078E+000  0.955130843643739E+000  0.298252760218235E+001  0.378836886505569E+000  0.122281589212742E+001 -0.140838951679357E+002
  0.572385083990262E-003  0.274598147178368E+002  0.255009822617180E+000  0.946459482799284E+000  0.303987171558014E+001  0.387252826364882E+000  0.122281589212742E+001 -0.137299073589184E+002
  0.549045202680871E-003  0.274349427035171E+002  0.263645788330727E+000  0.956932785534058E+000  0.298234709968332E+001  0.388335400614846E+000  0.122281589212742E+001 -0.137174713517585E+002
  0.131901689694035E-003  0.325531583266690E+002  0.263428290739984E+000  0.925507404192098E+000  0.294767787792098E+001  0.249770209543174E+000  0.122281589212742E+001 -0.162765791633345E+002
  0.473711036991029E-003  0.297853560170782E+002  0.264534128923144E+000  0.914961311256687E+000  0.293362172678084E+001  0.224993208815958E+000  0.122281589212742E+001 -0.148926780085391E+002
  0.478393423250161E-003  0.297656841251600E+002  0.265067429115537E+000  0.920000055642022E+000  0.294254789659881E+001  0.258019831572244E+000  0.122281589212742E+001 -0.148828420625800E+002
  0.456065331982959E-003  0.296257128218687E+002  0.263859086862274E+000  0.925602292131771E+000  0.294608539451424E+001  0.252877313813641E+000  0.122281589212742E+001 -0.148128564109343E+002
  0.670306095085624E-003  0.286199499600572E+002  0.262243671948113E+000  0.922104785207516E+000  0.295241471473297E+001  0.242187490127383E+000  0.122281589212742E+001 -0.143099749800286E+002
  0.846799332796223E-003  0.281524913901477E+002  0.261661078508393E+000  0.921144205871242E+000  0.295652873764113E+001  0.243461235849598E+000  0.122281589212742E+001 -0.140762456950738E+002
  0.880046542202006E-003  0.278084065177165E+002  0.261306511132287E+000  0.930788216365201E+000  0.295273298292133E+001  0.244372545624043E+000  0.122281589212742E+001 -0.139042032588582E+002
  0.412142678015908E-005  0.396439277209071E+002  0.258320962038899E+000  0.946974001563843E+000  0.300954409206367E+001  0.352026467809258E+000  0.122281589212742E+001 -0.198219638604536E+002
  0.126187247609085E-004  0.374059629335559E+002  0.264700422410974E+000  0.934632982674321E+000  0.296063252874490E+001  0.309255642038401E+000  0.122281589212742E+001 -0.187029814667779E+002
  0.217848531915301E-004  0.361232763386964E+002  0.259902765890156E+000  0.923257302543704E+000  0.299646036474993E+001  0.319358302765215E+000  0.122281589212742E+001 -0.180616381693482E+002
  0.403617591362341E-004  0.348899406185165E+002  0.261254533669733E+000  0.953008486012733E+000  0.298145801966697E+001  0.352708273675284E+000  0.122281589212742E+001 -0.174449703092583E+002
  0.410369619054972E-004  0.348567598388920E+002  0.256264599607458E+000  0.942786490397175E+000  0.301485783020299E+001  0.345898863231642E+000  0.122281589212742E+001 -0.174283799194460E+002
  0.581425533256224E-004  0.341599105578174E+002  0.256721720049686E+000  0.942951210020485E+000  0.300182529853105E+001  0.312965913370081E+000  0.122281589212742E+001 -0.170799552789087E+002
  0.928628631597727E-004  0.332234585494569E+002  0.265135430347103E+000  0.943283562557394E+000  0.297015372343227E+001  0.354323923754845E+000  0.122281589212742E+001 -0.166117292747285E+002
  0.113685977967821E-003  0.328188260431888E+002  0.261999376280414E+000  0.939778832464780E+000  0.298765610897299E+001  0.342149479032457E+000  0.122281589212742E+001 -0.164094130215944E+002
  0.628570831267633E-003  0.270562723688177E+002  0.255262637008607E+000  0.944866310182337E+000  0.303623832063471E+001  0.379384726969743E+000  0.122281589212742E+001 -0.135281361844088E+002
  0.911369738379193E-003  0.263132724603419E+002  0.261072409678019E+000  0.937848706416923E+000  0.301130655809283E+001  0.396116930305563E+000  0.122281589212742E+001 -0.131566362301710E+002
  0.101385510076190E-002  0.259858224317604E+002  0.262936327286558E+000  0.954594347813513E+000  0.298730587345919E+001  0.381070474554670E+000  0.122281589212742E+001 -0.129929112158802E+002
  0.129388011281349E-002  0.252756000676115E+002  0.256924857762711E+000  0.940985465919465E+000  0.303102529352892E+001  0.389580431670561E+000  0.122281589212742E+001 -0.126378000338057E+002
  0.130023157886970E-002  0.252658063817522E+002  0.260022073844142E+000  0.957372232578297E+000  0.300258856961506E+001  0.379122381563500E+000  0.122281589212742E+001 -0.126329031908761E+002
  0.186058962802869E-002  0.241264860831950E+002  0.261975035637801E+000  0.939694174207436E+000  0.300710406242844E+001  0.399300311837808E+000  0.122281589212742E+001 -0.120632430415975E+002
  0.195146877444656E-002  0.239335280250399E+002  0.255465317060456E+000  0.955353287435211E+000  0.303506229135860E+001  0.398744528352757E+000  0.122281589212742E+001 -0.119667640125199E+002
  0.254896394001042E-002  0.233993186813213E+002  0.259067630897981E+000  0.948793225326784E+000  0.300843597625712E+001  0.381689215131255E+000  0.122281589212742E+001 -0.116996593406606E+002
  0.255865005508865E-002  0.231915661270005E+002  0.258264706701668E+000  0.942802359633010E+000  0.301804727878752E+001  0.369093618777712E+000  0.122281589212742E+001 -0.115957830635002E+002
  0.279100734063580E-002  0.229201402236954E+002  0.261557690545586E+000  0.939705993530409E+000  0.300935162357470E+001  0.395994508965373E+000  0.122281589212742E+001 -0.114600701118477E+002
  0.494033361758242E-002  0.216804993389910E+002  0.261140364918881E+000  0.955601213699669E+000  0.300359193135575E+001  0.394675447064325E+000  0.122281589212742E+001 -0.108402496694955E+002
  0.200269610297854E-002  0.256949126122777E+002  0.256848901447312E+000  0.935963192552563E+000  0.301176172514594E+001  0.330398678019490E+000  0.122281589212742E+001 -0.128474563061389E+002
  0.323092270143514E-002  0.247383657357273E+002  0.264012705678596E+000  0.936122503725450E+000  0.296600832225378E+001  0.317399642377341E+000  0.122281589212742E+001 -0.123691828678636E+002
  0.423479071917121E-002  0.241972334409204E+002  0.262835253702174E+000  0.944106843025514E+000  0.297096681635594E+001  0.334920139707796E+000  0.122281589212742E+001 -0.120986167204602E+002
  0.646374489637241E-002  0.224475133029765E+002  0.256812910834843E+000  0.942658111839180E+000  0.301352992177790E+001  0.341583072630751E+000  0.122281589212742E+001 -0.112237566514883E+002
  0.736947839717762E-002  0.219946167938541E+002  0.260609445041414E+000  0.938004185921641E+000  0.297039771911049E+001  0.292856473522993E+000  0.122281589212742E+001 -0.109973083969270E+002
  0.774249468172812E-003  0.263357300413416E+002  0.262563117832604E+000  0.932262610202370E+000  0.294447302732815E+001  0.249213373020880E+000  0.122281589212742E+001 -0.131678650206708E+002
  0.150608588364344E-002  0.250049794364900E+002  0.262504583428179E+000  0.924894722220613E+000  0.295734072071038E+001  0.260874426297455E+000  0.122281589212742E+001 -0.125024897182450E+002
  0.153009588792580E-002  0.249733469367218E+002  0.260685401015313E+000  0.923682710065589E+000  0.297392724987348E+001  0.275027045952231E+000  0.122281589212742E+001 -0.124866734683609E+002
  0.196807711727891E-002  0.238945296354502E+002  0.261945615662170E+000  0.927562983141063E+000  0.295772638176062E+001  0.267798498455129E+000  0.122281589212742E+001 -0.119472648177251E+002
  0.270499708607365E-002  0.232584419322717E+002  0.261345253141747E+000  0.929984436248506E+000  0.295547624322391E+001  0.250801416563448E+000  0.122281589212742E+001 -0.116292209661358E+002
  0.120663141164395E-002  0.274003626407022E+002  0.264107442057269E+000  0.918188902030438E+000  0.293806833382277E+001  0.235797268051274E+000  0.122281589212742E+001 -0.137001813203511E+002
  0.489128226709098E-002  0.235794674500733E+002  0.262135111296382E+000  0.922235565121650E+000  0.294538541192106E+001  0.231361912446273E+000  0.122281589212742E+001 -0.117897337250367E+002
  0.472459828417520E-002  0.232025242540696E+002  0.263588039779420E+000  0.923857444939614E+000  0.293576389024946E+001  0.229292764396612E+000  0.122281589212742E+001 -0.116012621270348E+002
  0.498067398569858E-002  0.230969588895423E+002  0.261591401018591E+000  0.922371795221166E+000  0.295123103222074E+001  0.236507094373837E+000  0.122281589212742E+001 -0.115484794447711E+002
  0.540015888901588E-002  0.223598684313260E+002  0.263256509695496E+000  0.920918464820810E+000  0.294201297263291E+001  0.234623662664340E+000  0.122281589212742E+001 -0.111799342156630E+002
  0.690303825492238E-002  0.218688019024081E+002  0.263165328970572E+000  0.922878465309131E+000  0.294310524409735E+001  0.240627079975963E+000  0.122281589212742E+001 -0.109344009512040E+002
  0.777104936715240E-002  0.216319147674880E+002  0.262005440969950E+000  0.925640435954279E+000  0.294924893963312E+001  0.243242983438420E+000  0.122281589212742E+001 -0.108159573837440E+002
  0.879349426547339E-002  0.203367203849452E+002  0.257458160192320E+000  0.959449684991982E+000  0.301702032041030E+001  0.388033534936725E+000  0.122281589212742E+001 -0.101683601924726E+002
  0.110411271014039E-001  0.196995468923444E+002  0.257069702298405E+000  0.942383334745053E+000  0.303163440041902E+001  0.388962392968700E+000  0.122281589212742E+001 -0.984977344617219E+001
  0.133208736607264E-001  0.193241366424452E+002  0.262797458756896E+000  0.944872955759678E+000  0.298590445770283E+001  0.371181266069249E+000  0.122281589212742E+001 -0.966206832122259E+001
  0.127685901247297E-001  0.193157846000243E+002  0.260247472624788E+000  0.950824207391709E+000  0.300052499843793E+001  0.367324604150005E+000  0.122281589212742E+001 -0.965789230001213E+001
  0.158087123491027E-001  0.202775678889415E+002  0.261407585978192E+000  0.931600104668249E+000  0.299261188112570E+001  0.341259019668096E+000  0.122281589212742E+001 -0.101387839444707E+002
  0.260029808712621E-001  0.192822679333724E+002  0.261918172131414E+000  0.949849375957985E+000  0.297820397862913E+001  0.341111055709366E+000  0.122281589212742E+001 -0.964113396668622E+001
  0.187352270350029E-001  0.183670064601752E+002  0.263619227278491E+000  0.944892038301981E+000  0.298174532791326E+001  0.369340933246847E+000  0.122281589212742E+001 -0.918350323008761E+001
  0.341368033048303E-001  0.187379381378783E+002  0.261156059070623E+000  0.929147446827293E+000  0.298330078404717E+001  0.316491114311932E+000  0.122281589212742E+001 -0.936896906893917E+001
  0.133341616541501E-001  0.186816906661184E+002  0.263213942929278E+000  0.927967388005181E+000  0.295288580520687E+001  0.267098533865933E+000  0.122281589212742E+001 -0.934084533305920E+001
  0.140720396296267E-001  0.185739695940022E+002  0.260626693710054E+000  0.929697507857728E+000  0.296601461377225E+001  0.267474546171614E+000  0.122281589212742E+001 -0.928698479700109E+001
  0.172410550592552E-001  0.181677623178820E+002  0.262657149329505E+000  0.929889414611455E+000  0.295221375995895E+001  0.263832173824308E+000  0.122281589212742E+001 -0.908388115894099E+001
  0.280081088371737E-001  0.174739258966812E+002  0.257954742743014E+000  0.943549547978027E+000  0.302071787041057E+001  0.374131599670186E+000  0.122281589212742E+001 -0.873696294834060E+001
  0.349204390919344E-001  0.170327694255996E+002  0.260319488485640E+000  0.959687753356606E+000  0.300044481784315E+001  0.389093072511414E+000  0.122281589212742E+001 -0.851638471279980E+001
  0.425791822344347E-001  0.164542395716436E+002  0.259308973753592E+000  0.940071608879810E+000  0.301507245507358E+001  0.375999058933733E+000  0.122281589212742E+001 -0.822711978582182E+001
  0.505430156485807E-001  0.160224174168186E+002  0.257008392676456E+000  0.952751890997227E+000  0.301871343866392E+001  0.374041645188356E+000  0.122281589212742E+001 -0.801120870840930E+001
  0.583936945795289E-001  0.154779843823084E+002  0.258024474968293E+000  0.942201891885573E+000  0.302747465358085E+001  0.395652768421090E+000  0.122281589212742E+001 -0.773899219115419E+001
  0.772876189833156E-001  0.148356886734742E+002  0.262058860803227E+000  0.947543235155179E+000  0.298715916709883E+001  0.358549392468218E+000  0.122281589212742E+001 -0.741784433673710E+001
  0.752735163849391E-001  0.148068555033668E+002  0.262194510634497E+000  0.949390604125423E+000  0.299833866445897E+001  0.390446664897497E+000  0.122281589212742E+001 -0.740342775168338E+001
  0.724029668962329E-001  0.148029736885762E+002  0.257936254313729E+000  0.944734017180822E+000  0.301893923078644E+001  0.381019412420835E+000  0.122281589212742E+001 -0.740148684428808E+001
  0.835340036498194E-001  0.142813946162257E+002  0.257940513701073E+000  0.949191105670759E+000  0.300805451463867E+001  0.358374635456182E+000  0.122281589212742E+001 -0.714069730811287E+001
  0.159956131159082E+000  0.129066223220936E+002  0.261296045494908E+000  0.951611372348773E+000  0.300201916055062E+001  0.399401261633944E+000  0.122281589212742E+001 -0.645331116104682E+001
  0.168725107927891E+000  0.127998798962678E+002  0.261220898821700E+000  0.955648670841865E+000  0.299634616509348E+001  0.383846834279785E+000  0.122281589212742E+001 -0.639993994813391E+001
  0.172696304027619E+000  0.127533523492419E+002  0.259803128722595E+000  0.943659551623575E+000  0.301495530391605E+001  0.388153113843136E+000  0.122281589212742E+001 -0.637667617462096E+001
  0.169672154896417E+000  0.127070413788419E+002  0.258763325506528E+000  0.947214746030253E+000  0.301188588921309E+001  0.380177484511785E+000  0.122281589212742E+001 -0.635352068942096E+001
  0.170321088298581E+000  0.126994067072338E+002  0.261556015168103E+000  0.947147165855649E+000  0.300265736880351E+001  0.397069856248372E+000  0.122281589212742E+001 -0.634970335361692E+001
  0.164721655837320E+000  0.126811440687724E+002  0.259729519697685E+000  0.951461108177673E+000  0.299789596922604E+001  0.363911220007438E+000  0.122281589212742E+001 -0.634057203438619E+001
  0.158710289126180E+000  0.126703781516574E+002  0.259695120339937E+000  0.942100878287769E+000  0.300707629328915E+001  0.373658541461351E+000  0.122281589212742E+001 -0.633518907582868E+001
  0.534205744838104E-001  0.170313681544050E+002  0.260622888014709E+000  0.944210138987335E+000  0.297832150057324E+001  0.318149059696317E+000  0.122281589212742E+001 -0.851568407720251E+001
  0.596822766633622E-001  0.168096898718202E+002  0.261913011252985E+000  0.937941153125358E+000  0.298160009527619E+001  0.337972142073356E+000  0.122281589212742E+001 -0.840484493591011E+001
  0.554759463974016E-001  0.167652406611100E+002  0.261233216827311E+000  0.935247710657184E+000  0.297268938863896E+001  0.302791727688700E+000  0.122281589212742E+001 -0.838262033055501E+001
  0.638387453026086E-001  0.162937987602933E+002  0.261644019306000E+000  0.940694265206890E+000  0.296895385647595E+001  0.303200059113024E+000  0.122281589212742E+001 -0.814689938014667E+001
  0.649262862083488E-001  0.160693938629555E+002  0.260660530216510E+000  0.939913710336311E+000  0.298539071721083E+001  0.332655846687929E+000  0.122281589212742E+001 -0.803469693147776E+001
  0.708964153227847E-001  0.157028388941351E+002  0.259804441484727E+000  0.931469831689208E+000  0.299015946819343E+001  0.315902734748155E+000  0.122281589212742E+001 -0.785141944706756E+001
  0.759957052509265E-001  0.155639249817438E+002  0.262442906657498E+000  0.943115373233024E+000  0.297757724307233E+001  0.341969766049606E+000  0.122281589212742E+001 -0.778196249087189E+001
  0.124469669470682E+000  0.145771545043795E+002  0.262234339187278E+000  0.940263227239469E+000  0.297633316103084E+001  0.331845329364342E+000  0.122281589212742E+001 -0.728857725218973E+001
  0.141738388566453E+000  0.143173125906554E+002  0.259484231598401E+000  0.933890993980798E+000  0.298901528990710E+001  0.310309800260242E+000  0.122281589212742E+001 -0.715865629532771E+001
  0.223118557657763E+000  0.131428092964124E+002  0.260929573448444E+000  0.937179157607711E+000  0.299987648996177E+001  0.361289091307078E+000  0.122281589212742E+001 -0.657140464820618E+001
  0.200017965098669E+000  0.130943386928978E+002  0.260829865461157E+000  0.931948093135403E+000  0.298123950396081E+001  0.307584374644977E+000  0.122281589212742E+001 -0.654716934644889E+001
  0.167718017756063E+000  0.124748516343805E+002  0.258570358542725E+000  0.942282486735931E+000  0.301846784970403E+001  0.377965101689504E+000  0.122281589212742E+001 -0.623742581719026E+001
  0.173826462747677E+000  0.124033049192901E+002  0.257945020857779E+000  0.956582971517621E+000  0.301687275572466E+001  0.387781298484678E+000  0.122281589212742E+001 -0.620165245964505E+001
  0.175233724884659E+000  0.123871785340846E+002  0.259319318575396E+000  0.953440195440632E+000  0.300212128540075E+001  0.370140430613472E+000  0.122281589212742E+001 -0.619358926704232E+001
  0.175984206887180E+000  0.122855912952056E+002  0.261426190619401E+000  0.939640005632914E+000  0.299849247352491E+001  0.367646151259147E+000  0.122281589212742E+001 -0.614279564760281E+001
  0.200313283530506E+000  0.120266146927420E+002  0.260164885431942E+000  0.953619190171682E+000  0.299893060374946E+001  0.375998337457987E+000  0.122281589212742E+001 -0.601330734637101E+001
  0.193551406263342E+000  0.119977131964380E+002  0.262215467864051E+000  0.949219135347709E+000  0.298853436765143E+001  0.369016316725714E+000  0.122281589212742E+001 -0.599885659821901E+001
  0.185124001743320E+000  0.119891673928908E+002  0.262321556578379E+000  0.950068235433559E+000  0.299289086464660E+001  0.386452997724034E+000  0.122281589212742E+001 -0.599458369644539E+001
  0.186750344747553E+000  0.118740934849236E+002  0.261491607399759E+000  0.952719212658391E+000  0.299694364259233E+001  0.389862877194182E+000  0.122281589212742E+001 -0.593704674246181E+001
  0.258636545314373E+000  0.112227912726065E+002  0.259771357646379E+000  0.947703354641308E+000  0.300897900639456E+001  0.377989312317826E+000  0.122281589212742E+001 -0.561139563630325E+001
  0.272925346643080E+000  0.110126556317078E+002  0.262011602991063E+000  0.947675905099423E+000  0.299074564483256E+001  0.373509940798638E+000  0.122281589212742E+001 -0.550632781585392E+001
  0.308059875070025E+000  0.107704639089296E+002  0.258588957623425E+000  0.944236326965713E+000  0.302346707176432E+001  0.398002778509992E+000  0.122281589212742E+001 -0.538523195446482E+001
  0.394131079205460E+000  0.100669641203145E+002  0.259052013697434E+000  0.942363511780751E+000  0.301561751770088E+001  0.382801519472023E+000  0.122281589212742E+001 -0.503348206015725E+001
  0.386977880639920E+000  0.990342921696263E+001  0.260498814842615E+000  0.950195505391289E+000  0.300736328904032E+001  0.388890868735540E+000  0.122281589212742E+001 -0.495171460848132E+001
  0.422262314972662E+000  0.963133051870926E+001  0.259447129122304E+000  0.950599448442252E+000  0.300795449810688E+001  0.376265424098870E+000  0.122281589212742E+001 -0.481566525935463E+001
  0.463984314037393E+000  0.916335858332583E+001  0.259795338469694E+000  0.941642082357178E+000  0.300658300682987E+001  0.371114897567037E+000  0.122281589212742E+001 -0.458167929166292E+001
  0.497275640614743E+000  0.893586758710453E+001  0.259233026947735E+000  0.955353840238673E+000  0.300889707058023E+001  0.388469943404804E+000  0.122281589212742E+001 -0.446793379355226E+001
  0.494980053455013E+000  0.885621809303174E+001  0.261225192621773E+000  0.952163174450445E+000  0.299605580604635E+001  0.378783309490803E+000  0.122281589212742E+001 -0.442810904651587E+001
  0.462803659722916E+000  0.881662446431850E+001  0.258562058589834E+000  0.947163897893217E+000  0.301140479818958E+001  0.373642661487850E+000  0.122281589212742E+001 -0.440831223215925E+001
  0.461272387747413E+000  0.873813357903027E+001  0.261776362218338E+000  0.952686730301864E+000  0.299890557976262E+001  0.395168780792563E+000  0.122281589212742E+001 -0.436906678951514E+001
  0.301292875257643E+000  0.107507073664498E+002  0.260418221747491E+000  0.946246514910742E+000  0.298852559779245E+001  0.340407968995472E+000  0.122281589212742E+001 -0.537535368322491E+001
  0.317727768221610E+000  0.105064973391165E+002  0.259178336842891E+000  0.940366962981703E+000  0.299618690706153E+001  0.333664457676404E+000  0.122281589212742E+001 -0.525324866955826E+001
  0.347330639937461E+000  0.101903471206379E+002  0.260968168074988E+000  0.938098943871616E+000  0.299132231202386E+001  0.345451029177153E+000  0.122281589212742E+001 -0.509517356031894E+001
  0.391178487869746E+000  0.995257358578952E+001  0.261425616594054E+000  0.940566794901085E+000  0.299098380200733E+001  0.354971789199937E+000  0.122281589212742E+001 -0.497628679289476E+001
  0.397573950936834E+000  0.992013956510333E+001  0.260083245013159E+000  0.936921864892540E+000  0.299106540536243E+001  0.328104951785162E+000  0.122281589212742E+001 -0.496006978255166E+001
  0.387506216751379E+000  0.981135227973557E+001  0.261490541122586E+000  0.939812094972716E+000  0.298395236665049E+001  0.333536339013798E+000  0.122281589212742E+001 -0.490567613986778E+001
  0.377032661953257E+000  0.970606700782450E+001  0.260565803168877E+000  0.936779588366591E+000  0.298736395426271E+001  0.325511441599834E+000  0.122281589212742E+001 -0.485303350391225E+001
  0.419950591967311E+000  0.933037110046071E+001  0.261486741099501E+000  0.940700652677888E+000  0.298591962777619E+001  0.339560394643513E+000  0.122281589212742E+001 -0.466518555023036E+001
  0.448228470556873E+000  0.920003907014653E+001  0.260641038447624E+000  0.945998200239208E+000  0.299049116162625E+001  0.346758503873833E+000  0.122281589212742E+001 -0.460001953507326E+001
  0.430926834112081E+000  0.910474584434530E+001  0.260206143123057E+000  0.938575521389407E+000  0.299001998103728E+001  0.329536838614726E+000  0.122281589212742E+001 -0.455237292217265E+001
  0.395754077866539E+000  0.910101371915914E+001  0.259563524559657E+000  0.939722756499404E+000  0.299772347840063E+001  0.342456422058381E+000  0.122281589212742E+001 -0.455050685957957E+001
  0.384110873972063E+000  0.898671448046330E+001  0.261788552138161E+000  0.942643207139918E+000  0.299116893525679E+001  0.359995706203630E+000  0.122281589212742E+001 -0.449335724023165E+001
  0.411518144876860E+000  0.884887074364988E+001  0.259853251845806E+000  0.940952079755317E+000  0.300162615238221E+001  0.354097971591565E+000  0.122281589212742E+001 -0.442443537182494E+001
  0.418113736444879E+000  0.881706998634933E+001  0.260366855256111E+000  0.941708361187314E+000  0.300182650114311E+001  0.362785944900781E+000  0.122281589212742E+001 -0.440853499317466E+001
  0.418275018863205E+000  0.860557762749346E+001  0.259420065226080E+000  0.941875672970381E+000  0.299890176403956E+001  0.346578236277126E+000  0.122281589212742E+001 -0.430278881374673E+001
  0.461467360045860E+000  0.857052517245486E+001  0.259714948099143E+000  0.945030540704532E+000  0.301591681100925E+001  0.393034728545808E+000  0.122281589212742E+001 -0.428526258622743E+001
  0.420880576041411E+000  0.844634821193265E+001  0.260395383251646E+000  0.950289722136193E+000  0.300211806763023E+001  0.382956273614069E+000  0.122281589212742E+001 -0.422317410596633E+001
  0.418698258015144E+000  0.838401015064146E+001  0.261848858766539E+000  0.947362887109882E+000  0.299381971468887E+001  0.375099984383153E+000  0.122281589212742E+001 -0.419200507532073E+001
  0.441224444901133E+000  0.813628586512459E+001  0.258705635064831E+000  0.948916230747466E+000  0.300770707182330E+001  0.367303488486624E+000  0.122281589212742E+001 -0.406814293256230E+001
  0.452700122808169E+000  0.794694765337247E+001  0.261563172225884E+000  0.946340580099759E+000  0.299719879479991E+001  0.379743972208964E+000  0.122281589212742E+001 -0.397347382668623E+001
  0.440868282998843E+000  0.793211209581054E+001  0.258414469167188E+000  0.947489121590349E+000  0.301077484514705E+001  0.367229065865979E+000  0.122281589212742E+001 -0.396605604790527E+001
  0.441294510192619E+000  0.786237634587633E+001  0.258499827973485E+000  0.955963793277941E+000  0.301653564246089E+001  0.394225333873730E+000  0.122281589212742E+001 -0.393118817293817E+001
  0.462448442292138E+000  0.770092804553398E+001  0.258709818332942E+000  0.954422520931685E+000  0.301713179262949E+001  0.394648434813608E+000  0.122281589212742E+001 -0.385046402276699E+001
  0.545167844234614E+000  0.723842800911839E+001  0.260485206339813E+000  0.947821115380350E+000  0.300254229785757E+001  0.374930159473711E+000  0.122281589212742E+001 -0.361921400455920E+001
  0.542119818390420E+000  0.718406171181974E+001  0.258509261870951E+000  0.952991431252852E+000  0.301498803131838E+001  0.389428208576505E+000  0.122281589212742E+001 -0.359203085590987E+001
  0.544524042767131E+000  0.710963196031751E+001  0.258972719766453E+000  0.949494167575742E+000  0.300765764266932E+001  0.370120424310962E+000  0.122281589212742E+001 -0.355481598015876E+001
  0.527310511264715E+000  0.710829734789782E+001  0.259016967356475E+000  0.953064469391113E+000  0.301152781578185E+001  0.388930753903387E+000  0.122281589212742E+001 -0.355414867394891E+001
  0.510687816754845E+000  0.710677990838652E+001  0.261150391877985E+000  0.947819869108531E+000  0.299446601994227E+001  0.368696886232474E+000  0.122281589212742E+001 -0.355338995419326E+001
  0.494769737976199E+000  0.710453226046321E+001  0.258793834628852E+000  0.944607941255293E+000  0.301636334082450E+001  0.382905424377187E+000  0.122281589212742E+001 -0.355226613023161E+001
  0.498152009208686E+000  0.702532703224071E+001  0.259469679549243E+000  0.957009574455187E+000  0.301132880519958E+001  0.398180859258736E+000  0.122281589212742E+001 -0.351266351612036E+001
  0.433293226353782E+000  0.853502654771638E+001  0.259625910465071E+000  0.940195684330119E+000  0.299953781959371E+001  0.345935710738411E+000  0.122281589212742E+001 -0.426751327385819E+001
  0.435227872608502E+000  0.852611646156261E+001  0.260328107951992E+000  0.938824248747707E+000  0.299202930507521E+001  0.336246114791564E+000  0.122281589212742E+001 -0.426305823078131E+001
  0.452608158990104E+000  0.844780241963523E+001  0.260679851289022E+000  0.942180284281365E+000  0.298768494599393E+001  0.336007098443047E+000  0.122281589212742E+001 -0.422390120981761E+001
  0.494294907266857E+000  0.827159130489561E+001  0.260364553574629E+000  0.941006036617976E+000  0.298988992538993E+001  0.335088388418829E+000  0.122281589212742E+001 -0.413579565244781E+001
  0.566010659923525E+000  0.800063011595020E+001  0.259987505530195E+000  0.941344886776058E+000  0.300046039006002E+001  0.354183093461458E+000  0.122281589212742E+001 -0.400031505797510E+001
  0.700691465094962E+000  0.757372063005343E+001  0.259976157604624E+000  0.944348238417500E+000  0.299889141825589E+001  0.354386435148150E+000  0.122281589212742E+001 -0.378686031502671E+001
  0.981783970919088E+000  0.689911334903095E+001  0.260886670674659E+000  0.941902798249328E+000  0.299426681000087E+001  0.354723857867773E+000  0.122281589212742E+001 -0.344955667451548E+001
  0.100000000000000E+001  0.686234538161187E+001  0.261050010699937E+000  0.943934225905010E+000  0.299213357546397E+001  0.354834781853520E+000  0.122281589212742E+001 -0.343117269080594E+001
  0.517894015237097E+000  0.675697597720722E+001  0.260099651024239E+000  0.944119474229086E+000  0.300552178729922E+001  0.372071486237975E+000  0.122281589212742E+001 -0.337848798860361E+001
  0.530179305792210E+000  0.664854337065192E+001  0.260591364979423E+000  0.949143474768933E+000  0.300787861098927E+001  0.397607489519955E+000  0.122281589212742E+001 -0.332427168532596E+001
  0.516534301624664E+000  0.663914718157409E+001  0.257827404463377E+000  0.950420909427613E+000  0.302199637171560E+001  0.390949088638519E+000  0.122281589212742E+001 -0.331957359078705E+001
  0.504071852253734E+000  0.662644961646727E+001  0.259594044199020E+000  0.942850559591692E+000  0.300285042068677E+001  0.358001227025427E+000  0.122281589212742E+001 -0.331322480823364E+001
  0.499578118978408E+000  0.658281598252204E+001  0.260636294532893E+000  0.943743920539860E+000  0.299656186365445E+001  0.360936291961846E+000  0.122281589212742E+001 -0.329140799126102E+001
  0.484861616069943E+000  0.658107358054554E+001  0.259975604300362E+000  0.942964073387365E+000  0.300673238135167E+001  0.373539670912977E+000  0.122281589212742E+001 -0.329053679027277E+001
  0.483898066126698E+000  0.652350875355877E+001  0.258555330912615E+000  0.948914694782820E+000  0.301642004118678E+001  0.387915244576409E+000  0.122281589212742E+001 -0.326175437677938E+001
  0.469275791264696E+000  0.652333271755645E+001  0.259964894437430E+000  0.945289917239919E+000  0.300865221522002E+001  0.383813556588805E+000  0.122281589212742E+001 -0.326166635877823E+001
  0.493408085410966E+000  0.636149749142479E+001  0.261028824995093E+000  0.945559312990837E+000  0.299541914052448E+001  0.365683117074857E+000  0.122281589212742E+001 -0.318074874571239E+001
  0.484415111955935E+000  0.633674293935960E+001  0.259135357643167E+000  0.956425717492047E+000  0.301363412321531E+001  0.398000659670923E+000  0.122281589212742E+001 -0.316837146967980E+001
  0.492532373181408E+000  0.624196365734409E+001  0.259573750611980E+000  0.944638282455189E+000  0.300243905452466E+001  0.359289606084507E+000  0.122281589212742E+001 -0.312098182867204E+001
  0.490221620170075E+000  0.618982557177931E+001  0.258192336835606E+000  0.952189720430368E+000  0.302200349080137E+001  0.396499599057029E+000  0.122281589212742E+001 -0.309491278588966E+001
  0.486542588574020E+000  0.614334852719121E+001  0.259392362577022E+000  0.953429897641676E+000  0.300943798191391E+001  0.388935778117914E+000  0.122281589212742E+001 -0.307167426359560E+001
  0.487181736403484E+000  0.607917962927041E+001  0.259313093263015E+000  0.951421635820505E+000  0.300750910449442E+001  0.378800473231861E+000  0.122281589212742E+001 -0.303958981463521E+001
  0.479629369092729E+000  0.604888345377214E+001  0.257854145391654E+000  0.951718717018020E+000  0.302426381988299E+001  0.397497429143698E+000  0.122281589212742E+001 -0.302444172688607E+001
  0.497185877689913E+000  0.591543954117159E+001  0.260328228924281E+000  0.947359941776055E+000  0.300730722808787E+001  0.384332134110760E+000  0.122281589212742E+001 -0.295771977058580E+001
  0.493651563521668E+000  0.586816427230268E+001  0.259957773796840E+000  0.946575777102553E+000  0.300021998808868E+001  0.362624731754478E+000  0.122281589212742E+001 -0.293408213615134E+001
  0.487423116012825E+000  0.583201568309467E+001  0.258837096827032E+000  0.949890705387797E+000  0.301949829252045E+001  0.395866295008735E+000  0.122281589212742E+001 -0.291600784154733E+001
  0.472991666414065E+000  0.583058196075221E+001  0.259708967681271E+000  0.950220058647782E+000  0.301503686780872E+001  0.397814067659506E+000  0.122281589212742E+001 -0.291529098037610E+001
  0.459797727566427E+000  0.582562084275213E+001  0.260646207963318E+000  0.945912399693241E+000  0.300069249948816E+001  0.374372064534801E+000  0.122281589212742E+001 -0.291281042137606E+001
  0.446029314841465E+000  0.582488150920052E+001  0.259734566733099E+000  0.949829608028947E+000  0.300674459330631E+001  0.382748122800806E+000  0.122281589212742E+001 -0.291244075460026E+001
  0.433902899525596E+000  0.581846599776275E+001  0.260354638371184E+000  0.945051621550029E+000  0.300133761561365E+001  0.370478217701878E+000  0.122281589212742E+001 -0.290923299888138E+001
  0.423896516455747E+000  0.580358550998099E+001  0.259306701014360E+000  0.944840668183236E+000  0.300757339029575E+001  0.369192504468238E+000  0.122281589212742E+001 -0.290179275499050E+001
  0.417323868807198E+000  0.577329574529274E+001  0.260347485788206E+000  0.947821872743595E+000  0.299905602708383E+001  0.367574971968540E+000  0.122281589212742E+001 -0.288664787264637E+001
  0.408276550574162E+000  0.575558806662952E+001  0.260482649304982E+000  0.949635673727719E+000  0.300326200602310E+001  0.380538699259239E+000  0.122281589212742E+001 -0.287779403331476E+001
  0.405624592757127E+000  0.570707811200274E+001  0.259877615307675E+000  0.953022303794679E+000  0.300716188767840E+001  0.387109747084804E+000  0.122281589212742E+001 -0.285353905600137E+001
  0.405843541670262E+000  0.564445552163726E+001  0.258971159290015E+000  0.949928271332670E+000  0.301334526587421E+001  0.383500066188398E+000  0.122281589212742E+001 -0.282222776081863E+001
  0.393961305949096E+000  0.564234225182591E+001  0.261088904576602E+000  0.950089285708795E+000  0.300543591173982E+001  0.396634877100476E+000  0.122281589212742E+001 -0.282117112591296E+001
  0.384814419400793E+000  0.562778194585121E+001  0.260122581864004E+000  0.947048112815859E+000  0.300127006299780E+001  0.369815668928793E+000  0.122281589212742E+001 -0.281389097292561E+001
  0.375680511087053E+000  0.561428285434594E+001  0.259874016514591E+000  0.948073033998947E+000  0.300545742968062E+001  0.374641266131194E+000  0.122281589212742E+001 -0.280714142717297E+001
  0.370968867982108E+000  0.557798140169047E+001  0.259994471941502E+000  0.945746840003329E+000  0.300061973698782E+001  0.363320937664449E+000  0.122281589212742E+001 -0.278899070084524E+001
  0.364280157822340E+000  0.555282790305197E+001  0.260085845596314E+000  0.950189790523168E+000  0.300483217909364E+001  0.383323882941005E+000  0.122281589212742E+001 -0.277641395152598E+001
  0.357546717194299E+000  0.552859899548054E+001  0.258070705635796E+000  0.951780105794662E+000  0.302245799911064E+001  0.396342611127815E+000  0.122281589212742E+001 -0.276429949774027E+001
  0.350105998323302E+000  0.550911581830272E+001  0.259667413707571E+000  0.945556127605716E+000  0.301081411845654E+001  0.384138075057256E+000  0.122281589212742E+001 -0.275455790915136E+001
  0.340780050421209E+000  0.550156991144903E+001  0.260567190865091E+000  0.947928917586329E+000  0.299931110938952E+001  0.371424308898374E+000  0.122281589212742E+001 -0.275078495572452E+001
  0.335100568072052E+000  0.547363972565965E+001  0.259052836979760E+000  0.945831516473256E+000  0.301241137296973E+001  0.378415350041626E+000  0.122281589212742E+001 -0.273681986282983E+001
  0.325946034078063E+000  0.546749413222133E+001  0.259444595332571E+000  0.947199020462422E+000  0.300535357018428E+001  0.368838605435630E+000  0.122281589212742E+001 -0.273374706611066E+001
  0.317370249597810E+000  0.545927632669248E+001  0.258037694101298E+000  0.951065128397346E+000  0.302229229745754E+001  0.395144514989905E+000  0.122281589212742E+001 -0.272963816334624E+001
  0.315864017690736E+000  0.540724755919048E+001  0.259459858342970E+000  0.949428644406340E+000  0.300712434813604E+001  0.378086675312424E+000  0.122281589212742E+001 -0.270362377959524E+001
  0.324042347044099E+000  0.529457942026188E+001  0.259891293938351E+000  0.951445239355007E+000  0.300560684182124E+001  0.383183093681418E+000  0.122281589212742E+001 -0.264728971013094E+001
  0.316018994524732E+000  0.528317987686681E+001  0.259140827787933E+000  0.947044892901526E+000  0.300980857644843E+001  0.374396437596186E+000  0.122281589212742E+001 -0.264158993843341E+001
  0.307204466109708E+000  0.527821412303436E+001  0.260385326402028E+000  0.945949063009132E+000  0.300277290652186E+001  0.375397469542329E+000  0.122281589212742E+001 -0.263910706151718E+001
  0.298151620288135E+000  0.527649358421684E+001  0.260638543898397E+000  0.946446614979598E+000  0.300364092189427E+001  0.380064369288006E+000  0.122281589212742E+001 -0.263824679210842E+001
  0.297908019261804E+000  0.521658500960859E+001  0.259937044448296E+000  0.945357786784249E+000  0.300288415168697E+001  0.367395473257494E+000  0.122281589212742E+001 -0.260829250480429E+001
  0.289602757566210E+000  0.521159088470659E+001  0.258742118467356E+000  0.949335868174452E+000  0.301763505934804E+001  0.393856886596019E+000  0.122281589212742E+001 -0.260579544235329E+001
  0.280926670466844E+000  0.521088058010059E+001  0.259334977506092E+000  0.945835308736882E+000  0.300862148896387E+001  0.373226363343489E+000  0.122281589212742E+001 -0.260544029005029E+001
  0.276572671467189E+000  0.518057738951278E+001  0.259631223093556E+000  0.948955566606204E+000  0.300574933764834E+001  0.374390249614489E+000  0.122281589212742E+001 -0.259028869475639E+001
  0.285084828050912E+000  0.505840774107231E+001  0.258734990999865E+000  0.951866007562735E+000  0.301615056311755E+001  0.393674301981706E+000  0.122281589212742E+001 -0.252920387053615E+001
  0.280689429688320E+000  0.502794032889439E+001  0.258962390667347E+000  0.949514118127541E+000  0.301601103117942E+001  0.389352500909460E+000  0.122281589212742E+001 -0.251397016444719E+001
  0.276152379609788E+000  0.499898903613411E+001  0.258484518171451E+000  0.948972955062244E+000  0.301853358580280E+001  0.389936748986535E+000  0.122281589212742E+001 -0.249949451806705E+001
  0.270008440547930E+000  0.498244490600677E+001  0.260179430920046E+000  0.952404394648866E+000  0.300586713506016E+001  0.389180392292740E+000  0.122281589212742E+001 -0.249122245300338E+001
  0.267809564243161E+000  0.493725573477771E+001  0.259424046453830E+000  0.948946820619442E+000  0.300794313817355E+001  0.378453215542449E+000  0.122281589212742E+001 -0.246862786738886E+001
  0.263229480695182E+000  0.491021230713860E+001  0.258724293297833E+000  0.950954605487337E+000  0.301477516203802E+001  0.386753074296709E+000  0.122281589212742E+001 -0.245510615356930E+001
  0.258458485155187E+000  0.488525122952647E+001  0.260711288580960E+000  0.949202860983314E+000  0.300369401567027E+001  0.385564509748917E+000  0.122281589212742E+001 -0.244262561476324E+001
  0.263510243018066E+000  0.478499359595005E+001  0.259021444075191E+000  0.947966450007105E+000  0.301319775884714E+001  0.383926485452460E+000  0.122281589212742E+001 -0.239249679797502E+001
  0.260926968493942E+000  0.474315365100010E+001  0.259969077122190E+000  0.952814239887571E+000  0.300891404461684E+001  0.395329208320807E+000  0.122281589212742E+001 -0.237157682550005E+001
  0.253554593627791E+000  0.473893312295611E+001  0.259195709634354E+000  0.954333247954601E+000  0.301346183227228E+001  0.395493692990562E+000  0.122281589212742E+001 -0.236946656147806E+001
  0.246390940037881E+000  0.473470920095582E+001  0.260279870419530E+000  0.947706986591598E+000  0.301080806744922E+001  0.394799845108980E+000  0.122281589212742E+001 -0.236735460047791E+001
  0.242453985162267E+000  0.470538092600708E+001  0.259724466465614E+000  0.947923762570001E+000  0.301210356457234E+001  0.392226098597587E+000  0.122281589212742E+001 -0.235269046300354E+001
  0.235663188143382E+000  0.470065425606969E+001  0.259099418430437E+000  0.950572796005274E+000  0.301802242309116E+001  0.397568775791044E+000  0.122281589212742E+001 -0.235032712803484E+001
  0.232241681436340E+000  0.466836105272672E+001  0.259823880316908E+000  0.952078263081562E+000  0.301135099003489E+001  0.394266108012521E+000  0.122281589212742E+001 -0.233418052636336E+001
  0.230606802453756E+000  0.462094664227087E+001  0.260504119172420E+000  0.949321749880279E+000  0.300417777200478E+001  0.385194814087555E+000  0.122281589212742E+001 -0.231047332113543E+001
  0.225011901746019E+000  0.460852494269259E+001  0.259239600277309E+000  0.948736808206387E+000  0.301013240850438E+001  0.380314121302220E+000  0.122281589212742E+001 -0.230426247134630E+001
  0.222160988448187E+000  0.457248363576535E+001  0.260023085461867E+000  0.946923949418345E+000  0.301024640124639E+001  0.388567789329547E+000  0.122281589212742E+001 -0.228624181788267E+001
  0.215490746335279E+000  0.457190896656981E+001  0.260047737663694E+000  0.952024984511182E+000  0.300686541387527E+001  0.388432956128387E+000  0.122281589212742E+001 -0.228595448328490E+001
  0.217806637896755E+000  0.455052952880899E+001  0.259447475275102E+000  0.950986119518161E+000  0.301327283614710E+001  0.391854821133455E+000  0.122281589212742E+001 -0.227526476440449E+001
  0.221060715225313E+000  0.452087011630878E+001  0.259969771976182E+000  0.947090676656447E+000  0.300540618978542E+001  0.376829647286410E+000  0.122281589212742E+001 -0.226043505815439E+001
  0.222577514982663E+000  0.450719405717450E+001  0.258360300034993E+000  0.950152480467019E+000  0.302241094230204E+001  0.399121816220629E+000  0.122281589212742E+001 -0.225359702858725E+001
  0.223528983713637E+000  0.449866272955217E+001  0.259748139082186E+000  0.948203415434973E+000  0.300625724971336E+001  0.376885887947693E+000  0.122281589212742E+001 -0.224933136477608E+001
  0.223971446800373E+000  0.449470775475660E+001  0.258468822312424E+000  0.949779252261236E+000  0.302237937785695E+001  0.399694644816279E+000  0.122281589212742E+001 -0.224735387737830E+001
  0.224395375987332E+000  0.449092576829605E+001  0.260099684372733E+000  0.952944698237524E+000  0.300777995322892E+001  0.393307731531647E+000  0.122281589212742E+001 -0.224546288414802E+001
  0.225790669880977E+000  0.447852824176890E+001  0.260557147171049E+000  0.950986314096905E+000  0.300790253910577E+001  0.398241974730770E+000  0.122281589212742E+001 -0.223926412088445E+001
  0.234436635016484E+000  0.440337422648868E+001  0.259400267073236E+000  0.948033116389161E+000  0.301323040767443E+001  0.387490384805592E+000  0.122281589212742E+001 -0.220168711324434E+001
  0.236492035162106E+000  0.438591584412765E+001  0.260132310858188E+000  0.952670738178182E+000  0.300766142315567E+001  0.392767811483366E+000  0.122281589212742E+001 -0.219295792206383E+001
  0.249266124493353E+000  0.428070270533627E+001  0.259950651839940E+000  0.949590785801118E+000  0.301387632262937E+001  0.399114736352683E+000  0.122281589212742E+001 -0.214035135266813E+001
  0.253779154637608E+000  0.424481606517513E+001  0.259921951853545E+000  0.951224700063043E+000  0.300749170152098E+001  0.387162203608827E+000  0.122281589212742E+001 -0.212240803258756E+001
  0.265763214799201E+000  0.415253341809970E+001  0.259905851894205E+000  0.947804963673462E+000  0.300741508101947E+001  0.381346161448792E+000  0.122281589212742E+001 -0.207626670904985E+001
  0.266052336088093E+000  0.415035881965561E+001  0.260362277627286E+000  0.952145528318093E+000  0.300770678572578E+001  0.395119270000406E+000  0.122281589212742E+001 -0.207517940982780E+001
  0.279094456479548E+000  0.405464434650413E+001  0.259937731861293E+000  0.947971106943505E+000  0.300830117280935E+001  0.384032702037804E+000  0.122281589212742E+001 -0.202732217325207E+001
  0.280711256265169E+000  0.404309173641617E+001  0.260048097650494E+000  0.951937517743516E+000  0.301067690127492E+001  0.399542978659364E+000  0.122281589212742E+001 -0.202154586820809E+001
  0.281563390348409E+000  0.403702968299967E+001  0.260259684547845E+000  0.949280465987697E+000  0.300863274109501E+001  0.392682555332031E+000  0.122281589212742E+001 -0.201851484149984E+001
  0.286612376190101E+000  0.400148350841360E+001  0.259450015305233E+000  0.949582437808303E+000  0.301193413934495E+001  0.389839062102381E+000  0.122281589212742E+001 -0.200074175420680E+001
  0.303069901051912E+000  0.388981795204645E+001  0.260028623096115E+000  0.951314787729282E+000  0.300891917955225E+001  0.393177523304507E+000  0.122281589212742E+001 -0.194490897602322E+001
  0.303512603784777E+000  0.388689862741749E+001  0.260388990373724E+000  0.950418593373241E+000  0.301021206354383E+001  0.398919115812563E+000  0.122281589212742E+001 -0.194344931370874E+001
  0.331984025969852E+000  0.370757119651379E+001  0.260179913338457E+000  0.949825650653363E+000  0.300948670206561E+001  0.393287836449596E+000  0.122281589212742E+001 -0.185378559825689E+001
  0.335030831491239E+000  0.368929977914965E+001  0.260012523319366E+000  0.951721125114122E+000  0.301028093740162E+001  0.395161695199645E+000  0.122281589212742E+001 -0.184464988957483E+001
  0.353287319053554E+000  0.358318158120692E+001  0.258682210471536E+000  0.952271250225469E+000  0.301933778082836E+001  0.399923165529781E+000  0.122281589212742E+001 -0.179159079060346E+001
  0.357917449167055E+000  0.355714016115011E+001  0.259489623209218E+000  0.951091342311036E+000  0.301481899377183E+001  0.397150351369221E+000  0.122281589212742E+001 -0.177857008057506E+001
  0.358804944947789E+000  0.355218707894353E+001  0.259920528537476E+000  0.949437348694077E+000  0.301119236556855E+001  0.393091789757969E+000  0.122281589212742E+001 -0.177609353947177E+001
  0.363438171591492E+000  0.352652652173753E+001  0.259743299866186E+000  0.950722929878471E+000  0.301075594673488E+001  0.392268731026904E+000  0.122281589212742E+001 -0.176326326086876E+001
  0.380179399036122E+000  0.343645841485113E+001  0.259412810531090E+000  0.949417187302743E+000  0.301527155631011E+001  0.396013015490839E+000  0.122281589212742E+001 -0.171822920742557E+001
  0.386825047465805E+000  0.340179986877066E+001  0.259063085968798E+000  0.950107388127954E+000  0.301845331852939E+001  0.399515837577148E+000  0.122281589212742E+001 -0.170089993438533E+001
  0.407252354611721E+000  0.329887884453283E+001  0.259695164075595E+000  0.950119992698673E+000  0.301497599845979E+001  0.399931867770686E+000  0.122281589212742E+001 -0.164943942226641E+001
  0.410725213496853E+000  0.328189608174015E+001  0.259767923092664E+000  0.949983865809637E+000  0.301423566266792E+001  0.399778110790640E+000  0.122281589212742E+001 -0.164094804087008E+001
  0.470068208642537E+000  0.301198928504266E+001  0.259695344548679E+000  0.951748108967567E+000  0.301336646716876E+001  0.399085445491201E+000  0.122281589212742E+001 -0.150599464252133E+001
  0.477983474954443E+000  0.297859258159672E+001  0.259309029223502E+000  0.951094063543030E+000  0.301629247502531E+001  0.399666651430840E+000  0.122281589212742E+001 -0.148929629079836E+001
