  0.107855672687520E-093  0.448213180340139E+003  0.254531362029651E+000  0.973363291549241E+000  0.307700790285118E+001 -0.105052726117017E+001 -0.608019269491544E+000 -0.268920711330073E+001  0.000000000000000E+000 -0.223282940372547E+003
  0.303808871540061E-093  0.446044390367289E+003  0.263676757025761E+000  0.949835943115844E+000  0.303446194222410E+001 -0.679653501524284E+000 -0.127589131093894E+001 -0.268920711330073E+001  0.000000000000000E+000 -0.222198545386122E+003
  0.378869484844844E-092  0.440997634207369E+003  0.244448835395674E+000  0.105503838584701E+001  0.308075410141803E+001 -0.104278308813705E+001 -0.659069023038542E+000 -0.268920711330073E+001  0.000000000000000E+000 -0.219675167306162E+003
  0.196577460031254E-088  0.423786637327331E+003  0.250456809189708E+000  0.105258670791567E+001  0.311701537753657E+001 -0.114286742300342E+001  0.461223918020235E+000 -0.268920711330073E+001  0.000000000000000E+000 -0.211069668866143E+003
  0.601482857150574E-086  0.412237027401425E+003  0.228810958409782E+000  0.104363032029170E+001  0.317424467360697E+001 -0.117536066129277E+001 -0.561818233188431E+000 -0.268920711330073E+001  0.000000000000000E+000 -0.205294863903190E+003
  0.663761212763255E-086  0.411937391951405E+003  0.244163074581006E+000  0.105510168059237E+001  0.310989190504201E+001 -0.105782716263422E+001 -0.128608921327137E+000 -0.268920711330073E+001  0.000000000000000E+000 -0.205145046178180E+003
  0.552984969888505E-085  0.407594818463717E+003  0.233260703533380E+000  0.979801799158691E+000  0.321486780803299E+001 -0.120671281069529E+001 -0.648450156977098E-001 -0.268920711330073E+001  0.000000000000000E+000 -0.202973759434336E+003
  0.622867775949415E-085  0.407254225001557E+003  0.239385921828229E+000  0.104946887003857E+001  0.311995468165356E+001 -0.112390090994313E+001 -0.666651194647227E+000 -0.268920711330073E+001  0.000000000000000E+000 -0.202803462703256E+003
  0.365328987571483E-084  0.403613540177163E+003  0.240875920251035E+000  0.105899812110811E+001  0.312874844902534E+001 -0.114041375663623E+001 -0.108970401462393E+000 -0.268920711330073E+001  0.000000000000000E+000 -0.200983120291059E+003
  0.481141318630784E-083  0.398355057911908E+003  0.234994492142468E+000  0.987472708282565E+000  0.316651357585948E+001 -0.112949747026337E+001 -0.760212604030658E+000 -0.268920711330073E+001  0.000000000000000E+000 -0.198353879158432E+003
  0.164959301661107E-082  0.395890812209530E+003  0.261945394072415E+000  0.994526042428655E+000  0.303049632746249E+001 -0.960590065177183E+000 -0.773901121635443E+000 -0.268920711330073E+001  0.000000000000000E+000 -0.197121756307243E+003
  0.699557357050814E-080  0.383682839392852E+003  0.241718438564578E+000  0.105109297950767E+001  0.309781625314925E+001 -0.107412707115627E+001 -0.606128750282080E+000 -0.268920711330073E+001  0.000000000000000E+000 -0.191017769898904E+003
  0.508153681069530E-079  0.379608862493001E+003  0.258965974561548E+000  0.950977859385740E+000  0.310164683748909E+001 -0.103093297007067E+001 -0.348934992308818E-001 -0.268920711330073E+001  0.000000000000000E+000 -0.188980781448978E+003
  0.521662092750650E-079  0.379448255804942E+003  0.229602379548640E+000  0.997608255771117E+000  0.321047512825078E+001 -0.109671728380745E+001 -0.237773513063255E+000 -0.268920711330073E+001  0.000000000000000E+000 -0.188900478104949E+003
  0.839415084366265E-079  0.378388750812851E+003  0.271391364928798E+000  0.994562198752374E+000  0.300150305490015E+001 -0.956332420563503E+000 -0.114519019129252E+000 -0.268920711330073E+001  0.000000000000000E+000 -0.188370725608903E+003
  0.156326156482543E-074  0.358616286939949E+003  0.221243428509477E+000  0.985713958086322E+000  0.327068830783428E+001 -0.122816063674993E+001 -0.222073071923339E+000 -0.268920711330073E+001  0.000000000000000E+000 -0.178484493672452E+003
  0.146720225232357E-071  0.344716889406148E+003  0.253999896838069E+000  0.103151024582863E+001  0.306481318053654E+001 -0.102184001774700E+001 -0.124144287904544E+000 -0.268920711330073E+001  0.000000000000000E+000 -0.171534794905552E+003
  0.336599293819802E-071  0.343056158125848E+003  0.258264726550825E+000  0.101764725517217E+001  0.301324610886495E+001 -0.883459738300405E+000 -0.978804429467508E+000 -0.268920711330073E+001  0.000000000000000E+000 -0.170704429265402E+003
  0.349684287355179E-068  0.329056238070339E+003  0.238691916130387E+000  0.104520892476269E+001  0.310704127873552E+001 -0.103661660769388E+001 -0.117505746050084E+001 -0.268920711330073E+001  0.000000000000000E+000 -0.163704469237647E+003
  0.858422540608698E-068  0.327260106593220E+003  0.258918522171021E+000  0.972225016882424E+000  0.304890076891120E+001 -0.961859133256926E+000 -0.959860362906958E+000 -0.268920711330073E+001  0.000000000000000E+000 -0.162806403499088E+003
  0.122610787077444E-066  0.321941929109752E+003  0.263876972456653E+000  0.100481850571233E+001  0.300623889616257E+001 -0.941405295808758E+000 -0.841920624061428E+000 -0.268920711330073E+001  0.000000000000000E+000 -0.160147314757354E+003
  0.586103108414883E-063  0.304997457108900E+003  0.218523735481664E+000  0.106192531298777E+001  0.322346590915248E+001 -0.113937931837842E+001 -0.124566043027005E+001 -0.268920711330073E+001  0.000000000000000E+000 -0.151675078756927E+003
  0.911805134179863E-061  0.294652929307903E+003  0.235330804840347E+000  0.983609900428595E+000  0.319501035758253E+001 -0.117052439823500E+001 -0.216719291098164E+000 -0.268920711330073E+001  0.000000000000000E+000 -0.146502814856429E+003
  0.287663623275854E-057  0.278539517515544E+003  0.239746756498709E+000  0.103215084575988E+001  0.313422515809433E+001 -0.115402762709597E+001 -0.151876574597637E+000 -0.268920711330073E+001  0.000000000000000E+000 -0.138446108960249E+003
  0.569686889108762E-055  0.267833509961772E+003  0.282181530021305E+000  0.985879393900815E+000  0.293231831810219E+001 -0.738634770191927E+000 -0.930429328282595E+000 -0.268920711330073E+001  0.000000000000000E+000 -0.133093105183364E+003
  0.208169488830923E-053  0.260386311892899E+003  0.250054604225901E+000  0.103252541660062E+001  0.311568173163476E+001 -0.105657978995943E+001  0.856042817502822E-001 -0.268920711330073E+001  0.000000000000000E+000 -0.129369506148927E+003
  0.808278642595459E-053  0.257673203381439E+003  0.229973332905755E+000  0.105421539679234E+001  0.321069975781485E+001 -0.121553974274131E+001  0.133189844984522E+000 -0.268920711330073E+001  0.000000000000000E+000 -0.128012951893197E+003
  0.322818623513748E-050  0.245328682160641E+003  0.219416397536514E+000  0.100122696880048E+001  0.326626388125171E+001 -0.107154805870758E+001 -0.918731979388135E+000 -0.268920711330073E+001  0.000000000000000E+000 -0.121840691282798E+003
  0.364342889185598E-049  0.240367185548784E+003  0.232394245351860E+000  0.105556039658267E+001  0.317686720988919E+001 -0.118979852735356E+001  0.284879637893969E-001 -0.268920711330073E+001  0.000000000000000E+000 -0.119359942976870E+003
  0.859120714600279E-049  0.238537240693416E+003  0.215089179879454E+000  0.106677891762308E+001  0.325737264069190E+001 -0.123738133265820E+001 -0.700821817067421E+000 -0.268920711330073E+001  0.000000000000000E+000 -0.118444970549186E+003
  0.127670712352143E-048  0.237744980611185E+003  0.220277033151769E+000  0.106177021754758E+001  0.322803690999475E+001 -0.121618062099175E+001 -0.695025956029506E+000 -0.268920711330073E+001  0.000000000000000E+000 -0.118048840508070E+003
  0.419018124662431E-048  0.235368061038215E+003  0.220285294333594E+000  0.102989210348513E+001  0.327667987971991E+001 -0.131421420530654E+001  0.116873968079375E+000 -0.268920711330073E+001  0.000000000000000E+000 -0.116860380721585E+003
  0.895130145748730E-047  0.228994454674299E+003  0.237728173569004E+000  0.997496574064309E+000  0.318282161766348E+001 -0.106190073840109E+001 -0.336542616532419E+000 -0.268920711330073E+001  0.000000000000000E+000 -0.113673577539627E+003
  0.211590764652861E-046  0.227273914624759E+003  0.262903323556790E+000  0.100183354916763E+001  0.304715473632048E+001 -0.975682633438009E+000 -0.221762143336936E+000 -0.268920711330073E+001  0.000000000000000E+000 -0.112813307514857E+003
  0.835331748947460E-046  0.224527564832056E+003  0.220023812140809E+000  0.105272949502770E+001  0.322653165617958E+001 -0.119174250149817E+001 -0.853666243886345E+000 -0.268920711330073E+001  0.000000000000000E+000 -0.111440132618506E+003
  0.416865994143510E-045  0.221174537176879E+003  0.217966557849549E+000  0.106079409310243E+001  0.324093761298771E+001 -0.122097699434834E+001 -0.690364216172522E+000 -0.268920711330073E+001  0.000000000000000E+000 -0.109763618790917E+003
  0.833468484662056E-045  0.219788875021979E+003  0.272142731431127E+000  0.990825347357130E+000  0.300132988035585E+001 -0.830191296377488E+000 -0.355273568395134E+000 -0.268920711330073E+001  0.000000000000000E+000 -0.109070787713467E+003
  0.157007244792459E-041  0.204420600473093E+003  0.257644759726891E+000  0.987265096154156E+000  0.304992234174144E+001 -0.879935397626529E+000 -0.108448714597192E+001 -0.268920711330073E+001  0.000000000000000E+000 -0.101386650439024E+003
  0.549909555293924E-038  0.187831103389230E+003  0.248002008167717E+000  0.993615102651821E+000  0.307664938021045E+001 -0.962685544724843E+000 -0.129736032032647E+001 -0.268920711330073E+001  0.000000000000000E+000 -0.930919018970924E+002
  0.232794949287259E-037  0.184816047760293E+003  0.243309305031587E+000  0.101195124801792E+001  0.312240649995148E+001 -0.111549866190713E+001 -0.369725012198387E+000 -0.268920711330073E+001  0.000000000000000E+000 -0.915843740826242E+002
  0.200518224054409E-035  0.175539570043659E+003  0.255553784545409E+000  0.985667878105268E+000  0.307337236928630E+001 -0.852704193399052E+000 -0.689896336150100E+000 -0.268920711330073E+001  0.000000000000000E+000 -0.869461352243071E+002
  0.382247542009369E-032  0.160319416100393E+003  0.268985264416492E+000  0.983191306281214E+000  0.300566595144026E+001 -0.909654186268921E+000 -0.430243618415240E+000 -0.268920711330073E+001  0.000000000000000E+000 -0.793360582526742E+002
  0.103318290761779E-030  0.153611266879787E+003  0.254131041956991E+000  0.990931098101466E+000  0.309501258108246E+001 -0.105669208597246E+001 -0.450111066739001E-001 -0.268920711330073E+001  0.000000000000000E+000 -0.759819836423713E+002
  0.122829761017495E-030  0.153150980222164E+003  0.262434027035160E+000  0.973293098326168E+000  0.305970690977445E+001 -0.831522737195591E+000 -0.512905322924216E+000 -0.268920711330073E+001  0.000000000000000E+000 -0.757518403135597E+002
  0.601078913675756E-030  0.149752675172032E+003  0.266925009638674E+000  0.983145499725718E+000  0.299553159366963E+001 -0.884290601316966E+000 -0.896597821208517E+000 -0.268920711330073E+001  0.000000000000000E+000 -0.740526877884937E+002
  0.314525687408833E-028  0.141729521317691E+003  0.229867995153748E+000  0.979240726279328E+000  0.319342952108529E+001 -0.100840230903676E+001 -0.130741578728486E+001 -0.268920711330073E+001  0.000000000000000E+000 -0.700411108613232E+002
  0.114158968707728E-026  0.134237827206855E+003  0.254027166826708E+000  0.977811365287358E+000  0.311532450121619E+001 -0.913446523886814E+000 -0.212238721947366E+000 -0.268920711330073E+001  0.000000000000000E+000 -0.662952638059053E+002
  0.238601383670860E-026  0.132665842139742E+003  0.266101656200113E+000  0.986700640481106E+000  0.301702494677335E+001 -0.930655231788707E+000 -0.464467981487881E+000 -0.268920711330073E+001  0.000000000000000E+000 -0.655092712723487E+002
  0.659808498385315E-026  0.130440911119762E+003  0.217341522679876E+000  0.104093959575418E+001  0.327877791066829E+001 -0.121624485492484E+001 -0.582493532435930E-001 -0.268920711330073E+001  0.000000000000000E+000 -0.643968057623588E+002
  0.772168221553872E-026  0.129944461981554E+003  0.251912345093651E+000  0.984125176941162E+000  0.309640530675948E+001 -0.901136494506840E+000 -0.513545198220243E+000 -0.268920711330073E+001  0.000000000000000E+000 -0.641485811932547E+002
  0.348293420179018E-025  0.126842702558238E+003  0.228339407050749E+000  0.100750590507833E+001  0.322485496795040E+001 -0.121206130618983E+001 -0.104498839170255E+000 -0.268920711330073E+001  0.000000000000000E+000 -0.625977014815967E+002
  0.826844344558399E-025  0.125113560209474E+003  0.282103459428805E+000  0.969537925408760E+000  0.293297328042636E+001 -0.754750032138932E+000 -0.102980550771068E+001 -0.268920711330073E+001  0.000000000000000E+000 -0.617331303072145E+002
  0.764383162404920E-024  0.120572444543037E+003  0.246831746038393E+000  0.101784456088912E+001  0.310286943317475E+001 -0.106698318202013E+001 -0.340767467668836E+000 -0.268920711330073E+001  0.000000000000000E+000 -0.594625724739962E+002
  0.127802027828823E-023  0.119544447908842E+003  0.251537262794827E+000  0.956301190666636E+000  0.310664152388704E+001 -0.965678511835339E+000 -0.651119353186923E+000 -0.268920711330073E+001  0.000000000000000E+000 -0.589485741568985E+002
  0.745812403003392E-023  0.115918884202398E+003  0.227210864843292E+000  0.101417226037102E+001  0.320164895093283E+001 -0.106986027328904E+001 -0.807325178320367E+000 -0.268920711330073E+001  0.000000000000000E+000 -0.571357923036769E+002
  0.544945918240941E-022  0.111843708769913E+003  0.211295349561057E+000  0.106046731644989E+001  0.331492890205572E+001 -0.134513600871406E+001  0.165186277344596E+000 -0.268920711330073E+001  0.000000000000000E+000 -0.550982045874344E+002
  0.181396976806135E-021  0.109247915595336E+003  0.250837162712788E+000  0.100881000615290E+001  0.312330028932382E+001 -0.101066082739073E+001  0.730285006021663E-001 -0.268920711330073E+001  0.000000000000000E+000 -0.538003080001456E+002
  0.119155025890304E-020  0.105390230353651E+003  0.224347489671970E+000  0.103643447236521E+001  0.323558206032825E+001 -0.116510657582860E+001 -0.132721808571861E+000 -0.268920711330073E+001  0.000000000000000E+000 -0.518714653793032E+002
  0.358742186747199E-019  0.983136401746600E+002  0.212522595425885E+000  0.105140378939069E+001  0.330544170078668E+001 -0.131930427773213E+001 -0.781041846694919E-002 -0.268920711330073E+001  0.000000000000000E+000 -0.483331702898077E+002
  0.917744199202809E-019  0.964350107467606E+002  0.225527092715291E+000  0.103220956403789E+001  0.322480673767984E+001 -0.113594044822804E+001 -0.357512545638704E+000 -0.268920711330073E+001  0.000000000000000E+000 -0.473938555758580E+002
  0.103390061082530E-018  0.961966602913500E+002  0.235535692593516E+000  0.102787803958117E+001  0.317331354985240E+001 -0.109171037263158E+001 -0.241530909610978E+000 -0.268920711330073E+001  0.000000000000000E+000 -0.472746803481527E+002
  0.231082061092812E-018  0.944950921523436E+002  0.252273197672971E+000  0.978807777551854E+000  0.311189349107644E+001 -0.923646023692052E+000 -0.319101953505429E+000 -0.268920711330073E+001  0.000000000000000E+000 -0.464238962786495E+002
  0.460207004490769E-018  0.930242451055586E+002  0.242186258450760E+000  0.996222316934794E+000  0.313205175662390E+001 -0.106212579679956E+001 -0.492663480419469E+000 -0.268920711330073E+001  0.000000000000000E+000 -0.456884727552570E+002
  0.782210961866817E-017  0.872651387316009E+002  0.228502307574164E+000  0.998480411096228E+000  0.321207299766700E+001 -0.111813853236197E+001 -0.514179295581505E+000 -0.268920711330073E+001  0.000000000000000E+000 -0.428089195682782E+002
  0.569314013732447E-016  0.832023131643273E+002  0.243182028475889E+000  0.101513543423094E+001  0.312244206546583E+001 -0.100683462692959E+001 -0.580221697281855E+000 -0.268920711330073E+001  0.000000000000000E+000 -0.407775067846413E+002
  0.604303110619020E-016  0.829899856141582E+002  0.272965406273821E+000  0.976900295299727E+000  0.298921006074727E+001 -0.850634282034493E+000 -0.608589197811118E+000 -0.268920711330073E+001  0.000000000000000E+000 -0.406713430095568E+002
  0.957930715037298E-016  0.820685865301215E+002  0.220113722044140E+000  0.102306116026083E+001  0.324409812704081E+001 -0.112986784933540E+001 -0.858037320981027E+000 -0.268920711330073E+001  0.000000000000000E+000 -0.402106434675384E+002
  0.132114280925440E-015  0.813280522962593E+002  0.256555329761941E+000  0.998740649496362E+000  0.308891063840950E+001 -0.101032803176554E+001 -0.460685335820843E-002 -0.268920711330073E+001  0.000000000000000E+000 -0.398403763506073E+002
  0.246247554228899E-015  0.799851318972755E+002  0.229867305321670E+000  0.992476610459098E+000  0.321832160410370E+001 -0.109583077648176E+001 -0.406179886013912E+000 -0.268920711330073E+001  0.000000000000000E+000 -0.391689161511154E+002
  0.507969827510591E-015  0.784393821625109E+002  0.230227036397931E+000  0.102726066372040E+001  0.318698672414046E+001 -0.108651322243337E+001 -0.621893464123350E+000 -0.268920711330073E+001  0.000000000000000E+000 -0.383960412837332E+002
  0.610371007142526E-015  0.779745119750449E+002  0.233216199659032E+000  0.101575121749591E+001  0.317440382651631E+001 -0.112773959298989E+001 -0.539458924619612E+000 -0.268920711330073E+001  0.000000000000000E+000 -0.381636061900001E+002
  0.259872617566920E-013  0.701923985226973E+002  0.241565604526893E+000  0.100175145878074E+001  0.314121116687470E+001 -0.105511140603365E+001 -0.549300226441562E+000 -0.268920711330073E+001  0.000000000000000E+000 -0.342725494638263E+002
  0.543956810805667E-013  0.686261384509988E+002  0.246650214988266E+000  0.100366938092838E+001  0.308883611190858E+001 -0.936989630157581E+000 -0.120750571164968E+001 -0.268920711330073E+001  0.000000000000000E+000 -0.334894194279771E+002
  0.840245938684267E-012  0.630593119958273E+002  0.246619246836487E+000  0.993590621555689E+000  0.314797296017537E+001 -0.100955348164451E+001 -0.653600866434054E-001 -0.268920711330073E+001  0.000000000000000E+000 -0.311350018059097E+002
  0.509364590114968E-011  0.593172172387257E+002  0.247032558499582E+000  0.977196281962294E+000  0.310394641904134E+001 -0.972402680738464E+000 -0.979637607489646E+000 -0.268920711330073E+001  0.000000000000000E+000 -0.292639544273589E+002
  0.676793142005894E-011  0.586108282396148E+002  0.234503116268547E+000  0.988179882906927E+000  0.318391992083056E+001 -0.107820081990117E+001 -0.569885225470591E+000 -0.268920711330073E+001  0.000000000000000E+000 -0.289107599278035E+002
  0.646754997076668E-011  0.585636387522247E+002  0.248852123607884E+000  0.998485256195691E+000  0.310541372640676E+001 -0.965048584377322E+000 -0.535139509448489E+000 -0.268920711330073E+001  0.000000000000000E+000 -0.288871651841084E+002
  0.847586634102334E-009  0.480990974730090E+002  0.238369675285005E+000  0.989137630032657E+000  0.315231110102305E+001 -0.104101723355919E+001 -0.772825342362672E+000 -0.268920711330073E+001  0.000000000000000E+000 -0.236548945445006E+002
  0.111614279106761E-008  0.475486154198450E+002  0.227076154686654E+000  0.100843447163438E+001  0.321389900844187E+001 -0.109166580351486E+001 -0.748027655104090E+000 -0.268920711330073E+001  0.000000000000000E+000 -0.233796535179185E+002
  0.276613971535516E-008  0.456253330994951E+002  0.247275670520997E+000  0.990452769629114E+000  0.310523642545962E+001 -0.985605688098038E+000 -0.818770043834532E+000 -0.268920711330073E+001  0.000000000000000E+000 -0.224180123577436E+002
  0.268091901248860E-008  0.455797848425862E+002  0.239828195546358E+000  0.100474944120350E+001  0.318828368457967E+001 -0.110437407759138E+001  0.187651779328415E+000 -0.268920711330073E+001  0.000000000000000E+000 -0.223952382292891E+002
  0.443367239146682E-008  0.443629266671407E+002  0.240665285361631E+000  0.998717811697566E+000  0.311794690898859E+001 -0.944579707003256E+000 -0.142938598845676E+001 -0.268920711330073E+001  0.000000000000000E+000 -0.217868091415664E+002
  0.563709182999733E-008  0.437800599250997E+002  0.243512233572455E+000  0.997649392865211E+000  0.311094006481737E+001 -0.989339202584236E+000 -0.100689413978716E+001 -0.268920711330073E+001  0.000000000000000E+000 -0.214953757705459E+002
  0.609115507438085E-008  0.435225344731709E+002  0.236258296207394E+000  0.992380640263875E+000  0.317543445608204E+001 -0.104462910435484E+001 -0.470606154818018E+000 -0.268920711330073E+001  0.000000000000000E+000 -0.213666130445815E+002
  0.754201397024255E-008  0.429926448443214E+002  0.251020203273508E+000  0.100044558081705E+001  0.308093219688022E+001 -0.967132721208484E+000 -0.706221532754947E+000 -0.268920711330073E+001  0.000000000000000E+000 -0.211016682301567E+002
  0.124908038442701E-007  0.419836379844515E+002  0.241472633012177E+000  0.982732981222718E+000  0.316180116705660E+001 -0.103407764988504E+001 -0.296129449308574E+000 -0.268920711330073E+001  0.000000000000000E+000 -0.205971648002218E+002
  0.150494512889007E-007  0.415028058414597E+002  0.241382909335569E+000  0.988893984061888E+000  0.316871972880720E+001 -0.105121453257451E+001 -0.149658775424859E+000 -0.268920711330073E+001  0.000000000000000E+000 -0.203567487287259E+002
  0.168390209729296E-007  0.412780911638522E+002  0.237052870665650E+000  0.999562040591580E+000  0.316753702937732E+001 -0.107990029370965E+001 -0.515044792432549E+000 -0.268920711330073E+001  0.000000000000000E+000 -0.202443913899222E+002
  0.103344943339940E-006  0.374268929190765E+002  0.242922585643705E+000  0.100802355478590E+001  0.311868638955308E+001 -0.100297777967624E+001 -0.742788264536724E+000 -0.268920711330073E+001  0.000000000000000E+000 -0.183187922675343E+002
  0.112489941295608E-006  0.371491755774579E+002  0.244738137954626E+000  0.100044924074928E+001  0.311450204831930E+001 -0.973792614400280E+000 -0.694848077798970E+000 -0.268920711330073E+001  0.000000000000000E+000 -0.181799335967250E+002
  0.125383976723573E-006  0.369321415059195E+002  0.234779127406473E+000  0.994993048422691E+000  0.316813696097975E+001 -0.103562499043974E+001 -0.841838345777908E+000 -0.268920711330073E+001  0.000000000000000E+000 -0.180714165609558E+002
  0.152741138668024E-006  0.365374140225894E+002  0.245936468984065E+000  0.982570212183992E+000  0.312880333565279E+001 -0.102318348229487E+001 -0.466474646401894E+000 -0.268920711330073E+001  0.000000000000000E+000 -0.178740528192907E+002
  0.238662808846855E-006  0.356447997631159E+002  0.237251957047556E+000  0.100137887189522E+001  0.317259636051268E+001 -0.109359203010894E+001 -0.336956190873952E+000 -0.268920711330073E+001  0.000000000000000E+000 -0.174277456895540E+002
  0.278050885728480E-006  0.353392949130822E+002  0.246318989392672E+000  0.995965074431011E+000  0.312859619443127E+001 -0.996333866113077E+000 -0.302387408696347E+000 -0.268920711330073E+001  0.000000000000000E+000 -0.172749932645372E+002
  0.678431900698290E-006  0.332882721924774E+002  0.240752301697121E+000  0.994597498278789E+000  0.313369890118031E+001 -0.987705408815417E+000 -0.824737232097978E+000 -0.268920711330073E+001  0.000000000000000E+000 -0.162494819042348E+002
  0.660331858485811E-006  0.332132783147395E+002  0.244753082154478E+000  0.993678439340633E+000  0.314212087636339E+001 -0.101475673748462E+001 -0.273299829463598E+000 -0.268920711330073E+001  0.000000000000000E+000 -0.162119849653658E+002
  0.384612866080746E-005  0.294387923204340E+002  0.244244691218007E+000  0.100472362291240E+001  0.311764131190009E+001 -0.102414860094075E+001 -0.594104200043199E+000 -0.268920711330073E+001  0.000000000000000E+000 -0.143247419682130E+002
  0.451549370285187E-005  0.288823313923415E+002  0.245082472991429E+000  0.995451003507059E+000  0.311205683645352E+001 -0.986470588724659E+000 -0.712096643136094E+000 -0.268920711330073E+001  0.000000000000000E+000 -0.140465115041668E+002
  0.620934466278662E-005  0.282452497265618E+002  0.246341907074700E+000  0.995601723901774E+000  0.311033649342010E+001 -0.101373915417678E+001 -0.633799040477751E+000 -0.268920711330073E+001  0.000000000000000E+000 -0.137279706712769E+002
  0.646026686856598E-005  0.280447699492691E+002  0.238794132381910E+000  0.100602855793806E+001  0.316979968377981E+001 -0.109174616890279E+001 -0.170376388116614E+000 -0.268920711330073E+001  0.000000000000000E+000 -0.136277307826306E+002
  0.660768752643673E-005  0.279996437091204E+002  0.241298121869188E+000  0.993451237516720E+000  0.314892530659636E+001 -0.101838493830067E+001 -0.515125678007866E+000 -0.268920711330073E+001  0.000000000000000E+000 -0.136051676625563E+002
  0.620374174175160E-005  0.279967289292270E+002  0.238843499950651E+000  0.993788647115482E+000  0.315268600206320E+001 -0.100548076876355E+001 -0.687781332130633E+000 -0.268920711330073E+001  0.000000000000000E+000 -0.136037102726095E+002
  0.605118878361938E-005  0.279174476286469E+002  0.248260938674302E+000  0.994058876662749E+000  0.311165091587774E+001 -0.976909874410495E+000 -0.425128633668398E+000 -0.268920711330073E+001  0.000000000000000E+000 -0.135640696223195E+002
  0.224995839489700E-004  0.251618864424081E+002  0.241036295917660E+000  0.100578709880161E+001  0.314969431298798E+001 -0.107670244526189E+001 -0.287419223220306E+000 -0.268920711330073E+001  0.000000000000000E+000 -0.121862890292001E+002
  0.247721637789290E-004  0.246047957755701E+002  0.248048185945873E+000  0.993203466082030E+000  0.312690945785741E+001 -0.101758414856220E+001 -0.211462355176987E+000 -0.268920711330073E+001  0.000000000000000E+000 -0.119077436957811E+002
  0.262732777082406E-004  0.243728154050508E+002  0.245778674397421E+000  0.100058008503272E+001  0.312497582408765E+001 -0.101534568235266E+001 -0.380037888996148E+000 -0.268920711330073E+001  0.000000000000000E+000 -0.117917535105214E+002
  0.365049528784604E-004  0.234925729733190E+002  0.233464947871340E+000  0.100859477539452E+001  0.318277019701049E+001 -0.108450238023191E+001 -0.467035997026594E+000 -0.268920711330073E+001  0.000000000000000E+000 -0.113516322946555E+002
  0.401626295333742E-004  0.233015949673476E+002  0.246607847748661E+000  0.988043506370116E+000  0.312070238379329E+001 -0.102255245746140E+001 -0.423584156197347E+000 -0.268920711330073E+001  0.000000000000000E+000 -0.112561432916699E+002
  0.527442008941407E-004  0.227565612053715E+002  0.238481538069688E+000  0.997352027382323E+000  0.315357393390655E+001 -0.102680783532357E+001 -0.723959854090049E+000 -0.268920711330073E+001  0.000000000000000E+000 -0.109836264106818E+002
  0.641394647263658E-004  0.222440999253816E+002  0.234804420732501E+000  0.100016860984567E+001  0.317517841133852E+001 -0.106149393723427E+001 -0.583956655264941E+000 -0.268920711330073E+001  0.000000000000000E+000 -0.107273957706869E+002
  0.745002906788168E-004  0.219446135688381E+002  0.237460330918287E+000  0.100358362863625E+001  0.315283900296908E+001 -0.104091870825127E+001 -0.696820189988922E+000 -0.268920711330073E+001  0.000000000000000E+000 -0.105776525924151E+002
  0.110989748624345E-003  0.211473439384285E+002  0.242616397583114E+000  0.100128798205042E+001  0.312356175093873E+001 -0.100998092386394E+001 -0.730953598752864E+000 -0.268920711330073E+001  0.000000000000000E+000 -0.101790177772103E+002
  0.112939549421398E-003  0.209745284506839E+002  0.245767280150874E+000  0.988990306628273E+000  0.313490415743668E+001 -0.102863225262841E+001 -0.305008175377632E+000 -0.268920711330073E+001  0.000000000000000E+000 -0.100926100333380E+002
  0.112476017660112E-003  0.208447680919750E+002  0.236062957576646E+000  0.100499918646604E+001  0.316308759254370E+001 -0.105589821718091E+001 -0.676257209766826E+000 -0.268920711330073E+001  0.000000000000000E+000 -0.100277298539836E+002
  0.213355891640992E-003  0.194263391458054E+002  0.253075697470391E+000  0.990798812681363E+000  0.309155001785797E+001 -0.971414676277249E+000 -0.386628225512073E+000 -0.268920711330073E+001  0.000000000000000E+000 -0.931851538089875E+001
  0.242642808127030E-003  0.191690815210559E+002  0.243796294936340E+000  0.986366683162530E+000  0.311801333168920E+001 -0.969389662463817E+000 -0.937724348950358E+000 -0.268920711330073E+001  0.000000000000000E+000 -0.918988656852402E+001
  0.453790635143482E-003  0.177687745786138E+002  0.243567844029334E+000  0.992792967902402E+000  0.312889029965612E+001 -0.101487095266448E+001 -0.651154368859114E+000 -0.268920711330073E+001  0.000000000000000E+000 -0.848973309730293E+001
  0.533972439856839E-003  0.174433579960762E+002  0.245166615671411E+000  0.997287059417474E+000  0.313273270678484E+001 -0.104522964784502E+001 -0.272362915076209E+000 -0.268920711330073E+001  0.000000000000000E+000 -0.832702480603416E+001
  0.627065801678515E-003  0.169618580705117E+002  0.241439050990307E+000  0.100415918259573E+001  0.314941718358023E+001 -0.106363925872850E+001 -0.272630513004921E+000 -0.268920711330073E+001  0.000000000000000E+000 -0.808627484325188E+001
  0.927472669316260E-003  0.160189489651228E+002  0.241580344122061E+000  0.999665790219877E+000  0.313395223770136E+001 -0.100754081892562E+001 -0.666574415618141E+000 -0.268920711330073E+001  0.000000000000000E+000 -0.761482029055744E+001
  0.991986967377617E-003  0.157243702648329E+002  0.241695083595986E+000  0.100299838844718E+001  0.314034848164992E+001 -0.103608130222111E+001 -0.464054046669450E+000 -0.268920711330073E+001  0.000000000000000E+000 -0.746753094041248E+001
  0.993268646052065E-003  0.157217878692081E+002  0.238906580659968E+000  0.100186785181845E+001  0.315388596070698E+001 -0.104961180628964E+001 -0.539013340422131E+000 -0.268920711330073E+001  0.000000000000000E+000 -0.746623974260011E+001
  0.987945616820525E-003  0.153984267293973E+002  0.247194713018670E+000  0.989802708128916E+000  0.310659733609723E+001 -0.957001782853120E+000 -0.796840103105729E+000 -0.268920711330073E+001  0.000000000000000E+000 -0.730455917269472E+001
  0.110064929940190E-002  0.150222855054524E+002  0.245702367649250E+000  0.980418265022758E+000  0.311895838421326E+001 -0.961571026119096E+000 -0.748401330391817E+000 -0.268920711330073E+001  0.000000000000000E+000 -0.711648856072226E+001
  0.123588986827798E-002  0.146304181423357E+002  0.255285507420956E+000  0.984203875006439E+000  0.308338606732229E+001 -0.953308176964249E+000 -0.384617984580705E+000 -0.268920711330073E+001  0.000000000000000E+000 -0.692055487916390E+001
  0.146034951018959E-002  0.142966490505734E+002  0.245975242368660E+000  0.985963623113977E+000  0.311467220246366E+001 -0.951810452744267E+000 -0.790984685544681E+000 -0.268920711330073E+001  0.000000000000000E+000 -0.675367033328277E+001
  0.165067318546277E-002  0.140516342540043E+002  0.244814708243732E+000  0.997485432882776E+000  0.312272047468302E+001 -0.101592772639448E+001 -0.494336247219291E+000 -0.268920711330073E+001  0.000000000000000E+000 -0.663116293499821E+001
  0.168033263875986E-002  0.140160170996414E+002  0.246046696095491E+000  0.978346693521943E+000  0.311774469115650E+001 -0.956818447542481E+000 -0.808832711409335E+000 -0.268920711330073E+001  0.000000000000000E+000 -0.661335435781676E+001
  0.182297505707842E-002  0.138530610192883E+002  0.244656854460652E+000  0.995702583378252E+000  0.312082623503912E+001 -0.100729514565176E+001 -0.645446500632690E+000 -0.268920711330073E+001  0.000000000000000E+000 -0.653187631764021E+001
  0.201860599777054E-002  0.132028991970268E+002  0.240249432526262E+000  0.994918619021664E+000  0.314896566444234E+001 -0.102684135373030E+001 -0.544977787258027E+000 -0.268920711330073E+001  0.000000000000000E+000 -0.620679540650945E+001
  0.433806058384598E-002  0.113861792594133E+002  0.247756722676519E+000  0.988017479501210E+000  0.311473062462493E+001 -0.100365063512111E+001 -0.483012449672337E+000 -0.268920711330073E+001  0.000000000000000E+000 -0.569308962970663E+001
  0.419381694470769E-002  0.108784473016568E+002  0.246632152300629E+000  0.988596968789428E+000  0.312075344635034E+001 -0.101220562232578E+001 -0.449212414916719E+000 -0.268920711330073E+001  0.000000000000000E+000 -0.543922365082842E+001
  0.449340765790846E-002  0.107404471553052E+002  0.247999766150798E+000  0.986962573877780E+000  0.311980301560971E+001 -0.100570563010166E+001 -0.367755666830941E+000 -0.268920711330073E+001  0.000000000000000E+000 -0.537022357765261E+001
  0.572356273721252E-002  0.102564869355121E+002  0.246685362900594E+000  0.994062246815982E+000  0.311349755743776E+001 -0.100386818059374E+001 -0.552142688041357E+000 -0.268920711330073E+001  0.000000000000000E+000 -0.512824346775605E+001
  0.973999504078733E-002  0.919318865382900E+001  0.243602819416742E+000  0.993855388933182E+000  0.313742410015162E+001 -0.103044491986186E+001 -0.401843317420015E+000 -0.268920711330073E+001  0.000000000000000E+000 -0.459659432691450E+001
  0.170239423360943E-001  0.807642841893682E+001  0.246482121858777E+000  0.989974643010481E+000  0.312115539535740E+001 -0.992218148598536E+000 -0.492515272879547E+000 -0.268920711330073E+001  0.000000000000000E+000 -0.403821420946841E+001
  0.166036791714111E-001  0.755105711064189E+001  0.248806000427220E+000  0.989812112803619E+000  0.310055094137480E+001 -0.966964730498568E+000 -0.638193678199493E+000 -0.268920711330073E+001  0.000000000000000E+000 -0.377552855532095E+001
  0.139394505233157E-001  0.732549560643216E+001  0.253306333427167E+000  0.984861876017653E+000  0.308592209536982E+001 -0.948422284467347E+000 -0.527892659172413E+000 -0.268920711330073E+001  0.000000000000000E+000 -0.366274780321608E+001
  0.142879645272364E-001  0.727610649814200E+001  0.247734764164185E+000  0.989463887852094E+000  0.310381274110973E+001 -0.970682116765297E+000 -0.695863566587744E+000 -0.268920711330073E+001  0.000000000000000E+000 -0.363805324907100E+001
  0.429301447204325E-001  0.507579307439160E+001  0.248893453919262E+000  0.987014717316178E+000  0.310148926718315E+001 -0.957019317443272E+000 -0.689383762859042E+000 -0.268920711330073E+001  0.000000000000000E+000 -0.253789653719580E+001
