  0.361512159078527E-094  0.449665054346905E+003  0.254531362029651E+000  0.973363291549241E+000  0.307700790285118E+001 -0.105052726117017E+001 -0.608019269491544E+000 -0.268920711330073E+001  0.000000000000000E+000 -0.223282940372547E+003
  0.101831084412092E-093  0.447496264374055E+003  0.263676757025761E+000  0.949835943115844E+000  0.303446194222410E+001 -0.679653501524284E+000 -0.127589131093894E+001 -0.268920711330073E+001  0.000000000000000E+000 -0.222198545386122E+003
  0.126990006239215E-092  0.442449508214135E+003  0.244448835395674E+000  0.105503838584701E+001  0.308075410141803E+001 -0.104278308813705E+001 -0.659069023038542E+000 -0.268920711330073E+001  0.000000000000000E+000 -0.219675167306162E+003
  0.658891092432029E-089  0.425238511334097E+003  0.250456809189708E+000  0.105258670791567E+001  0.311701537753657E+001 -0.114286742300342E+001  0.461223918020235E+000 -0.268920711330073E+001  0.000000000000000E+000 -0.211069668866143E+003
  0.201605869138847E-086  0.413688901408190E+003  0.228810958409782E+000  0.104363032029170E+001  0.317424467360697E+001 -0.117536066129277E+001 -0.561818233188431E+000 -0.268920711330073E+001  0.000000000000000E+000 -0.205294863903190E+003
  0.222480415873751E-086  0.413389265958171E+003  0.244163074581006E+000  0.105510168059237E+001  0.310989190504201E+001 -0.105782716263422E+001 -0.128608921327137E+000 -0.268920711330073E+001  0.000000000000000E+000 -0.205145046178180E+003
  0.185350279147162E-085  0.409046692470483E+003  0.233260703533380E+000  0.979801799158691E+000  0.321486780803299E+001 -0.120671281069529E+001 -0.648450156977098E-001 -0.268920711330073E+001  0.000000000000000E+000 -0.202973759434336E+003
  0.208773696267501E-085  0.408706099008323E+003  0.239385921828229E+000  0.104946887003857E+001  0.311995468165356E+001 -0.112390090994313E+001 -0.666651194647227E+000 -0.268920711330073E+001  0.000000000000000E+000 -0.202803462703256E+003
  0.122451483338828E-084  0.405065414183929E+003  0.240875920251035E+000  0.105899812110811E+001  0.312874844902534E+001 -0.114041375663623E+001 -0.108970401462393E+000 -0.268920711330073E+001  0.000000000000000E+000 -0.200983120291059E+003
  0.161269623178782E-083  0.399806931918674E+003  0.234994492142468E+000  0.987472708282565E+000  0.316651357585948E+001 -0.112949747026337E+001 -0.760212604030658E+000 -0.268920711330073E+001  0.000000000000000E+000 -0.198353879158432E+003
  0.552912904974105E-083  0.397342686216296E+003  0.261945394072415E+000  0.994526042428655E+000  0.303049632746249E+001 -0.960590065177183E+000 -0.773901121635443E+000 -0.268920711330073E+001  0.000000000000000E+000 -0.197121756307243E+003
  0.234478617809382E-080  0.385134713399618E+003  0.241718438564578E+000  0.105109297950767E+001  0.309781625314925E+001 -0.107412707115627E+001 -0.606128750282080E+000 -0.268920711330073E+001  0.000000000000000E+000 -0.191017769898904E+003
  0.170323664773177E-079  0.381060736499767E+003  0.258965974561548E+000  0.950977859385740E+000  0.310164683748909E+001 -0.103093297007067E+001 -0.348934992308818E-001 -0.268920711330073E+001  0.000000000000000E+000 -0.188980781448978E+003
  0.174851433179677E-079  0.380900129811708E+003  0.229602379548640E+000  0.997608255771117E+000  0.321047512825078E+001 -0.109671728380745E+001 -0.237773513063255E+000 -0.268920711330073E+001  0.000000000000000E+000 -0.188900478104949E+003
  0.281356327350082E-079  0.379840624819617E+003  0.271391364928798E+000  0.994562198752374E+000  0.300150305490015E+001 -0.956332420563503E+000 -0.114519019129252E+000 -0.268920711330073E+001  0.000000000000000E+000 -0.188370725608903E+003
  0.523976207669519E-075  0.360068160946715E+003  0.221243428509477E+000  0.985713958086322E+000  0.327068830783428E+001 -0.122816063674993E+001 -0.222073071923339E+000 -0.268920711330073E+001  0.000000000000000E+000 -0.178484493672452E+003
  0.491778912342498E-072  0.346168763412914E+003  0.253999896838069E+000  0.103151024582863E+001  0.306481318053654E+001 -0.102184001774700E+001 -0.124144287904544E+000 -0.268920711330073E+001  0.000000000000000E+000 -0.171534794905552E+003
  0.112821824222125E-071  0.344508032132614E+003  0.258264726550825E+000  0.101764725517217E+001  0.301324610886495E+001 -0.883459738300405E+000 -0.978804429467508E+000 -0.268920711330073E+001  0.000000000000000E+000 -0.170704429265402E+003
  0.117207670739635E-068  0.330508112077105E+003  0.238691916130387E+000  0.104520892476269E+001  0.310704127873552E+001 -0.103661660769388E+001 -0.117505746050084E+001 -0.268920711330073E+001  0.000000000000000E+000 -0.163704469237647E+003
  0.287727273238761E-068  0.328711980599986E+003  0.258918522171021E+000  0.972225016882424E+000  0.304890076891120E+001 -0.961859133256926E+000 -0.959860362906958E+000 -0.268920711330073E+001  0.000000000000000E+000 -0.162806403499088E+003
  0.410968558798978E-067  0.323393803116518E+003  0.263876972456653E+000  0.100481850571233E+001  0.300623889616257E+001 -0.941405295808758E+000 -0.841920624061428E+000 -0.268920711330073E+001  0.000000000000000E+000 -0.160147314757354E+003
  0.196450863349181E-063  0.306449331115665E+003  0.218523735481664E+000  0.106192531298777E+001  0.322346590915248E+001 -0.113937931837842E+001 -0.124566043027005E+001 -0.268920711330073E+001  0.000000000000000E+000 -0.151675078756927E+003
  0.305620125954107E-061  0.296104803314669E+003  0.235330804840347E+000  0.983609900428595E+000  0.319501035758253E+001 -0.117052439823500E+001 -0.216719291098164E+000 -0.268920711330073E+001  0.000000000000000E+000 -0.146502814856429E+003
  0.964194974149367E-058  0.279991391522309E+003  0.239746756498709E+000  0.103215084575988E+001  0.313422515809433E+001 -0.115402762709597E+001 -0.151876574597637E+000 -0.268920711330073E+001  0.000000000000000E+000 -0.138446108960249E+003
  0.190948451897485E-055  0.269285383968538E+003  0.282181530021305E+000  0.985879393900815E+000  0.293231831810219E+001 -0.738634770191927E+000 -0.930429328282595E+000 -0.268920711330073E+001  0.000000000000000E+000 -0.133093105183364E+003
  0.697745417429936E-054  0.261838185899665E+003  0.250054604225901E+000  0.103252541660062E+001  0.311568173163476E+001 -0.105657978995943E+001  0.856042817502822E-001 -0.268920711330073E+001  0.000000000000000E+000 -0.129369506148927E+003
  0.270919971050865E-053  0.259125077388205E+003  0.229973332905755E+000  0.105421539679234E+001  0.321069975781485E+001 -0.121553974274131E+001  0.133189844984522E+000 -0.268920711330073E+001  0.000000000000000E+000 -0.128012951893197E+003
  0.108202799787200E-050  0.246780556167407E+003  0.219416397536514E+000  0.100122696880048E+001  0.326626388125171E+001 -0.107154805870758E+001 -0.918731979388135E+000 -0.268920711330073E+001  0.000000000000000E+000 -0.121840691282798E+003
  0.122120961496387E-049  0.241819059555550E+003  0.232394245351860E+000  0.105556039658267E+001  0.317686720988919E+001 -0.118979852735356E+001  0.284879637893969E-001 -0.268920711330073E+001  0.000000000000000E+000 -0.119359942976870E+003
  0.287961288178193E-049  0.239989114700182E+003  0.215089179879454E+000  0.106677891762308E+001  0.325737264069190E+001 -0.123738133265820E+001 -0.700821817067421E+000 -0.268920711330073E+001  0.000000000000000E+000 -0.118444970549186E+003
  0.427928487426306E-049  0.239196854617951E+003  0.220277033151769E+000  0.106177021754758E+001  0.322803690999475E+001 -0.121618062099175E+001 -0.695025956029506E+000 -0.268920711330073E+001  0.000000000000000E+000 -0.118048840508070E+003
  0.140447083741828E-048  0.236819935044981E+003  0.220285294333594E+000  0.102989210348513E+001  0.327667987971991E+001 -0.131421420530654E+001  0.116873968079375E+000 -0.268920711330073E+001  0.000000000000000E+000 -0.116860380721585E+003
  0.300030979903520E-047  0.230446328681065E+003  0.237728173569004E+000  0.997496574064309E+000  0.318282161766348E+001 -0.106190073840109E+001 -0.336542616532419E+000 -0.268920711330073E+001  0.000000000000000E+000 -0.113673577539627E+003
  0.709212897798588E-047  0.228725788631524E+003  0.262903323556790E+000  0.100183354916763E+001  0.304715473632048E+001 -0.975682633438009E+000 -0.221762143336936E+000 -0.268920711330073E+001  0.000000000000000E+000 -0.112813307514857E+003
  0.279987669247350E-046  0.225979438838822E+003  0.220023812140809E+000  0.105272949502770E+001  0.322653165617958E+001 -0.119174250149817E+001 -0.853666243886345E+000 -0.268920711330073E+001  0.000000000000000E+000 -0.111440132618506E+003
  0.139725729610768E-045  0.222626411183645E+003  0.217966557849549E+000  0.106079409310243E+001  0.324093761298771E+001 -0.122097699434834E+001 -0.690364216172522E+000 -0.268920711330073E+001  0.000000000000000E+000 -0.109763618790917E+003
  0.279363137706299E-045  0.221240749028745E+003  0.272142731431127E+000  0.990825347357130E+000  0.300132988035585E+001 -0.830191296377488E+000 -0.355273568395134E+000 -0.268920711330073E+001  0.000000000000000E+000 -0.109070787713467E+003
  0.526259089035945E-042  0.205872474479859E+003  0.257644759726891E+000  0.987265096154156E+000  0.304992234174144E+001 -0.879935397626529E+000 -0.108448714597192E+001 -0.268920711330073E+001  0.000000000000000E+000 -0.101386650439024E+003
  0.184319457362417E-038  0.189282977395995E+003  0.248002008167717E+000  0.993615102651821E+000  0.307664938021045E+001 -0.962685544724843E+000 -0.129736032032647E+001 -0.268920711330073E+001  0.000000000000000E+000 -0.930919018970924E+002
  0.780285381773466E-038  0.186267921767059E+003  0.243309305031587E+000  0.101195124801792E+001  0.312240649995148E+001 -0.111549866190713E+001 -0.369725012198387E+000 -0.268920711330073E+001  0.000000000000000E+000 -0.915843740826242E+002
  0.672099800652302E-036  0.176991444050425E+003  0.255553784545409E+000  0.985667878105268E+000  0.307337236928630E+001 -0.852704193399052E+000 -0.689896336150100E+000 -0.268920711330073E+001  0.000000000000000E+000 -0.869461352243071E+002
  0.128122268185768E-032  0.161771290107159E+003  0.268985264416492E+000  0.983191306281214E+000  0.300566595144026E+001 -0.909654186268921E+000 -0.430243618415240E+000 -0.268920711330073E+001  0.000000000000000E+000 -0.793360582526742E+002
  0.346303698589941E-031  0.155063140886553E+003  0.254131041956991E+000  0.990931098101466E+000  0.309501258108246E+001 -0.105669208597246E+001 -0.450111066739001E-001 -0.268920711330073E+001  0.000000000000000E+000 -0.759819836423713E+002
  0.411702518727813E-031  0.154602854228930E+003  0.262434027035160E+000  0.973293098326168E+000  0.305970690977445E+001 -0.831522737195591E+000 -0.512905322924216E+000 -0.268920711330073E+001  0.000000000000000E+000 -0.757518403135597E+002
  0.201470474797423E-030  0.151204549178798E+003  0.266925009638674E+000  0.983145499725718E+000  0.299553159366963E+001 -0.884290601316966E+000 -0.896597821208517E+000 -0.268920711330073E+001  0.000000000000000E+000 -0.740526877884937E+002
  0.105423161812038E-028  0.143181395324457E+003  0.229867995153748E+000  0.979240726279328E+000  0.319342952108529E+001 -0.100840230903676E+001 -0.130741578728486E+001 -0.268920711330073E+001  0.000000000000000E+000 -0.700411108613232E+002
  0.382639635239925E-027  0.135689701213621E+003  0.254027166826708E+000  0.977811365287358E+000  0.311532450121619E+001 -0.913446523886814E+000 -0.212238721947366E+000 -0.268920711330073E+001  0.000000000000000E+000 -0.662952638059053E+002
  0.799747470120396E-027  0.134117716146508E+003  0.266101656200113E+000  0.986700640481106E+000  0.301702494677335E+001 -0.930655231788707E+000 -0.464467981487881E+000 -0.268920711330073E+001  0.000000000000000E+000 -0.655092712723487E+002
  0.221155539515020E-026  0.131892785126528E+003  0.217341522679876E+000  0.104093959575418E+001  0.327877791066829E+001 -0.121624485492484E+001 -0.582493532435930E-001 -0.268920711330073E+001  0.000000000000000E+000 -0.643968057623588E+002
  0.258816429391266E-026  0.131396335988320E+003  0.251912345093651E+000  0.984125176941162E+000  0.309640530675948E+001 -0.901136494506840E+000 -0.513545198220243E+000 -0.268920711330073E+001  0.000000000000000E+000 -0.641485811932547E+002
  0.116741477925372E-025  0.128294576565004E+003  0.228339407050749E+000  0.100750590507833E+001  0.322485496795040E+001 -0.121206130618983E+001 -0.104498839170255E+000 -0.268920711330073E+001  0.000000000000000E+000 -0.625977014815967E+002
  0.277142849119482E-025  0.126565434216240E+003  0.282103459428805E+000  0.969537925408760E+000  0.293297328042636E+001 -0.754750032138932E+000 -0.102980550771068E+001 -0.268920711330073E+001  0.000000000000000E+000 -0.617331303072145E+002
  0.256207022327764E-024  0.122024318549803E+003  0.246831746038393E+000  0.101784456088912E+001  0.310286943317475E+001 -0.106698318202013E+001 -0.340767467668836E+000 -0.268920711330073E+001  0.000000000000000E+000 -0.594625724739962E+002
  0.428368632486011E-024  0.120996321915608E+003  0.251537262794827E+000  0.956301190666636E+000  0.310664152388704E+001 -0.965678511835339E+000 -0.651119353186923E+000 -0.268920711330073E+001  0.000000000000000E+000 -0.589485741568985E+002
  0.249982449099776E-023  0.117370758209164E+003  0.227210864843292E+000  0.101417226037102E+001  0.320164895093283E+001 -0.106986027328904E+001 -0.807325178320367E+000 -0.268920711330073E+001  0.000000000000000E+000 -0.571357923036769E+002
  0.182655738521121E-022  0.113295582776679E+003  0.211295349561057E+000  0.106046731644989E+001  0.331492890205572E+001 -0.134513600871406E+001  0.165186277344596E+000 -0.268920711330073E+001  0.000000000000000E+000 -0.550982045874344E+002
  0.608008935473379E-022  0.110699789602102E+003  0.250837162712788E+000  0.100881000615290E+001  0.312330028932382E+001 -0.101066082739073E+001  0.730285006021663E-001 -0.268920711330073E+001  0.000000000000000E+000 -0.538003080001456E+002
  0.399385489898723E-021  0.106842104360417E+003  0.224347489671970E+000  0.103643447236521E+001  0.323558206032825E+001 -0.116510657582860E+001 -0.132721808571861E+000 -0.268920711330073E+001  0.000000000000000E+000 -0.518714653793032E+002
  0.120243710184136E-019  0.997655141814259E+002  0.212522595425885E+000  0.105140378939069E+001  0.330544170078668E+001 -0.131930427773213E+001 -0.781041846694919E-002 -0.268920711330073E+001  0.000000000000000E+000 -0.483331702898077E+002
  0.307610790112846E-019  0.978868847535265E+002  0.225527092715291E+000  0.103220956403789E+001  0.322480673767984E+001 -0.113594044822804E+001 -0.357512545638704E+000 -0.268920711330073E+001  0.000000000000000E+000 -0.473938555758580E+002
  0.346544259359398E-019  0.976485342981159E+002  0.235535692593516E+000  0.102787803958117E+001  0.317331354985240E+001 -0.109171037263158E+001 -0.241530909610978E+000 -0.268920711330073E+001  0.000000000000000E+000 -0.472746803481527E+002
  0.774544099057339E-019  0.959469661591095E+002  0.252273197672971E+000  0.978807777551854E+000  0.311189349107644E+001 -0.923646023692052E+000 -0.319101953505429E+000 -0.268920711330073E+001  0.000000000000000E+000 -0.464238962786495E+002
  0.154252830352770E-018  0.944761191123244E+002  0.242186258450760E+000  0.996222316934794E+000  0.313205175662390E+001 -0.106212579679956E+001 -0.492663480419469E+000 -0.268920711330073E+001  0.000000000000000E+000 -0.456884727552570E+002
  0.262182569199334E-017  0.887170127383668E+002  0.228502307574164E+000  0.998480411096228E+000  0.321207299766700E+001 -0.111813853236197E+001 -0.514179295581505E+000 -0.268920711330073E+001  0.000000000000000E+000 -0.428089195682782E+002
  0.190823471004967E-016  0.846541871710931E+002  0.243182028475889E+000  0.101513543423094E+001  0.312244206546583E+001 -0.100683462692959E+001 -0.580221697281855E+000 -0.268920711330073E+001  0.000000000000000E+000 -0.407775067846413E+002
  0.202551165658840E-016  0.844418596209241E+002  0.272965406273821E+000  0.976900295299727E+000  0.298921006074727E+001 -0.850634282034493E+000 -0.608589197811118E+000 -0.268920711330073E+001  0.000000000000000E+000 -0.406713430095568E+002
  0.321080562952018E-016  0.835204605368873E+002  0.220113722044140E+000  0.102306116026083E+001  0.324409812704081E+001 -0.112986784933540E+001 -0.858037320981027E+000 -0.268920711330073E+001  0.000000000000000E+000 -0.402106434675384E+002
  0.442822503002106E-016  0.827799263030251E+002  0.256555329761941E+000  0.998740649496362E+000  0.308891063840950E+001 -0.101032803176554E+001 -0.460685335820843E-002 -0.268920711330073E+001  0.000000000000000E+000 -0.398403763506073E+002
  0.825376012024983E-016  0.814370059040414E+002  0.229867305321670E+000  0.992476610459098E+000  0.321832160410370E+001 -0.109583077648176E+001 -0.406179886013912E+000 -0.268920711330073E+001  0.000000000000000E+000 -0.391689161511154E+002
  0.170262040478979E-015  0.798912561692768E+002  0.230227036397931E+000  0.102726066372040E+001  0.318698672414046E+001 -0.108651322243337E+001 -0.621893464123350E+000 -0.268920711330073E+001  0.000000000000000E+000 -0.383960412837332E+002
  0.204585011740940E-015  0.794263859818108E+002  0.233216199659032E+000  0.101575121749591E+001  0.317440382651631E+001 -0.112773959298989E+001 -0.539458924619612E+000 -0.268920711330073E+001  0.000000000000000E+000 -0.381636061900001E+002
  0.871044690752514E-014  0.716442725294632E+002  0.241565604526893E+000  0.100175145878074E+001  0.314121116687470E+001 -0.105511140603365E+001 -0.549300226441562E+000 -0.268920711330073E+001  0.000000000000000E+000 -0.342725494638263E+002
  0.182324208101278E-013  0.700780124577647E+002  0.246650214988266E+000  0.100366938092838E+001  0.308883611190858E+001 -0.936989630157581E+000 -0.120750571164968E+001 -0.268920711330073E+001  0.000000000000000E+000 -0.334894194279771E+002
  0.281634814267736E-012  0.645111860025931E+002  0.246619246836487E+000  0.993590621555689E+000  0.314797296017537E+001 -0.100955348164451E+001 -0.653600866434054E-001 -0.268920711330073E+001  0.000000000000000E+000 -0.311350018059097E+002
  0.170729538968346E-011  0.607690912454915E+002  0.247032558499582E+000  0.977196281962294E+000  0.310394641904134E+001 -0.972402680738464E+000 -0.979637607489646E+000 -0.268920711330073E+001  0.000000000000000E+000 -0.292639544273589E+002
  0.226848476227066E-011  0.600627022463807E+002  0.234503116268547E+000  0.988179882906927E+000  0.318391992083056E+001 -0.107820081990117E+001 -0.569885225470591E+000 -0.268920711330073E+001  0.000000000000000E+000 -0.289107599278035E+002
  0.216780248606310E-011  0.600155127589906E+002  0.248852123607884E+000  0.998485256195691E+000  0.310541372640676E+001 -0.965048584377322E+000 -0.535139509448489E+000 -0.268920711330073E+001  0.000000000000000E+000 -0.288871651841084E+002
  0.284095278871588E-009  0.495509714797749E+002  0.238369675285005E+000  0.989137630032657E+000  0.315231110102305E+001 -0.104101723355919E+001 -0.772825342362672E+000 -0.268920711330073E+001  0.000000000000000E+000 -0.236548945445006E+002
  0.374110308882692E-009  0.490004894266108E+002  0.227076154686654E+000  0.100843447163438E+001  0.321389900844187E+001 -0.109166580351486E+001 -0.748027655104090E+000 -0.268920711330073E+001  0.000000000000000E+000 -0.233796535179185E+002
  0.927158596199286E-009  0.470772071062609E+002  0.247275670520997E+000  0.990452769629114E+000  0.310523642545962E+001 -0.985605688098038E+000 -0.818770043834532E+000 -0.268920711330073E+001  0.000000000000000E+000 -0.224180123577436E+002
  0.898594201277994E-009  0.470316588493521E+002  0.239828195546358E+000  0.100474944120350E+001  0.318828368457967E+001 -0.110437407759138E+001  0.187651779328415E+000 -0.268920711330073E+001  0.000000000000000E+000 -0.223952382292891E+002
  0.148608454144989E-008  0.458148006739065E+002  0.240665285361631E+000  0.998717811697566E+000  0.311794690898859E+001 -0.944579707003256E+000 -0.142938598845676E+001 -0.268920711330073E+001  0.000000000000000E+000 -0.217868091415664E+002
  0.188944835965227E-008  0.452319339318656E+002  0.243512233572455E+000  0.997649392865211E+000  0.311094006481737E+001 -0.989339202584236E+000 -0.100689413978716E+001 -0.268920711330073E+001  0.000000000000000E+000 -0.214953757705459E+002
  0.204164191586035E-008  0.449744084799367E+002  0.236258296207394E+000  0.992380640263875E+000  0.317543445608204E+001 -0.104462910435484E+001 -0.470606154818018E+000 -0.268920711330073E+001  0.000000000000000E+000 -0.213666130445815E+002
  0.252794283902166E-008  0.444445188510872E+002  0.251020203273508E+000  0.100044558081705E+001  0.308093219688022E+001 -0.967132721208484E+000 -0.706221532754947E+000 -0.268920711330073E+001  0.000000000000000E+000 -0.211016682301567E+002
  0.418668518201264E-008  0.434355119912174E+002  0.241472633012177E+000  0.982732981222718E+000  0.316180116705660E+001 -0.103407764988504E+001 -0.296129449308574E+000 -0.268920711330073E+001  0.000000000000000E+000 -0.205971648002218E+002
  0.504429622738530E-008  0.429546798482256E+002  0.241382909335569E+000  0.988893984061888E+000  0.316871972880720E+001 -0.105121453257451E+001 -0.149658775424859E+000 -0.268920711330073E+001  0.000000000000000E+000 -0.203567487287259E+002
  0.564412670841075E-008  0.427299651706181E+002  0.237052870665650E+000  0.999562040591580E+000  0.316753702937732E+001 -0.107990029370965E+001 -0.515044792432549E+000 -0.268920711330073E+001  0.000000000000000E+000 -0.202443913899222E+002
  0.346393033075882E-007  0.388787669258423E+002  0.242922585643705E+000  0.100802355478590E+001  0.311868638955308E+001 -0.100297777967624E+001 -0.742788264536724E+000 -0.268920711330073E+001  0.000000000000000E+000 -0.183187922675343E+002
  0.377045365710260E-007  0.386010495842238E+002  0.244738137954626E+000  0.100044924074928E+001  0.311450204831930E+001 -0.973792614400280E+000 -0.694848077798970E+000 -0.268920711330073E+001  0.000000000000000E+000 -0.181799335967250E+002
  0.420263774817989E-007  0.383840155126853E+002  0.234779127406473E+000  0.994993048422691E+000  0.316813696097975E+001 -0.103562499043974E+001 -0.841838345777908E+000 -0.268920711330073E+001  0.000000000000000E+000 -0.180714165609558E+002
  0.511959894589571E-007  0.379892880293553E+002  0.245936468984065E+000  0.982570212183992E+000  0.312880333565279E+001 -0.102318348229487E+001 -0.466474646401894E+000 -0.268920711330073E+001  0.000000000000000E+000 -0.178740528192907E+002
  0.799953355888309E-007  0.370966737698817E+002  0.237251957047556E+000  0.100137887189522E+001  0.317259636051268E+001 -0.109359203010894E+001 -0.336956190873952E+000 -0.268920711330073E+001  0.000000000000000E+000 -0.174277456895540E+002
  0.931974865379805E-007  0.367911689198481E+002  0.246318989392672E+000  0.995965074431011E+000  0.312859619443127E+001 -0.996333866113077E+000 -0.302387408696347E+000 -0.268920711330073E+001  0.000000000000000E+000 -0.172749932645372E+002
  0.227397757668028E-006  0.347401461992433E+002  0.240752301697121E+000  0.994597498278789E+000  0.313369890118031E+001 -0.987705408815417E+000 -0.824737232097978E+000 -0.268920711330073E+001  0.000000000000000E+000 -0.162494819042348E+002
  0.221330960088819E-006  0.346651523215053E+002  0.244753082154478E+000  0.993678439340633E+000  0.314212087636339E+001 -0.101475673748462E+001 -0.273299829463598E+000 -0.268920711330073E+001  0.000000000000000E+000 -0.162119849653658E+002
  0.128915080831275E-005  0.308906663271999E+002  0.244244691218007E+000  0.100472362291240E+001  0.311764131190009E+001 -0.102414860094075E+001 -0.594104200043199E+000 -0.268920711330073E+001  0.000000000000000E+000 -0.143247419682130E+002
  0.151350952355829E-005  0.303342053991074E+002  0.245082472991429E+000  0.995451003507059E+000  0.311205683645352E+001 -0.986470588724659E+000 -0.712096643136094E+000 -0.268920711330073E+001  0.000000000000000E+000 -0.140465115041668E+002
  0.208125686815772E-005  0.296971237333276E+002  0.246341907074700E+000  0.995601723901774E+000  0.311033649342010E+001 -0.101373915417678E+001 -0.633799040477751E+000 -0.268920711330073E+001  0.000000000000000E+000 -0.137279706712769E+002
  0.216536132563476E-005  0.294966439560349E+002  0.238794132381910E+000  0.100602855793806E+001  0.316979968377981E+001 -0.109174616890279E+001 -0.170376388116614E+000 -0.268920711330073E+001  0.000000000000000E+000 -0.136277307826306E+002
  0.221477398886485E-005  0.294515177158863E+002  0.241298121869188E+000  0.993451237516720E+000  0.314892530659636E+001 -0.101838493830067E+001 -0.515125678007866E+000 -0.268920711330073E+001  0.000000000000000E+000 -0.136051676625563E+002
  0.207937887321314E-005  0.294486029359929E+002  0.238843499950651E+000  0.993788647115482E+000  0.315268600206320E+001 -0.100548076876355E+001 -0.687781332130633E+000 -0.268920711330073E+001  0.000000000000000E+000 -0.136037102726095E+002
  0.202824595837057E-005  0.293693216354127E+002  0.248260938674302E+000  0.994058876662749E+000  0.311165091587774E+001 -0.976909874410495E+000 -0.425128633668398E+000 -0.268920711330073E+001  0.000000000000000E+000 -0.135640696223195E+002
  0.754144215977053E-005  0.266137604491740E+002  0.241036295917660E+000  0.100578709880161E+001  0.314969431298798E+001 -0.107670244526189E+001 -0.287419223220306E+000 -0.268920711330073E+001  0.000000000000000E+000 -0.121862890292001E+002
  0.830316866013461E-005  0.260566697823360E+002  0.248048185945873E+000  0.993203466082030E+000  0.312690945785741E+001 -0.101758414856220E+001 -0.211462355176987E+000 -0.268920711330073E+001  0.000000000000000E+000 -0.119077436957811E+002
  0.880631413601563E-005  0.258246894118167E+002  0.245778674397421E+000  0.100058008503272E+001  0.312497582408765E+001 -0.101534568235266E+001 -0.380037888996148E+000 -0.268920711330073E+001  0.000000000000000E+000 -0.117917535105214E+002
  0.122357813950005E-004  0.249444469800849E+002  0.233464947871340E+000  0.100859477539452E+001  0.318277019701049E+001 -0.108450238023191E+001 -0.467035997026594E+000 -0.268920711330073E+001  0.000000000000000E+000 -0.113516322946555E+002
  0.134617665952040E-004  0.247534689741135E+002  0.246607847748661E+000  0.988043506370116E+000  0.312070238379329E+001 -0.102255245746140E+001 -0.423584156197347E+000 -0.268920711330073E+001  0.000000000000000E+000 -0.112561432916699E+002
  0.176788753609237E-004  0.242084352121373E+002  0.238481538069688E+000  0.997352027382323E+000  0.315357393390655E+001 -0.102680783532357E+001 -0.723959854090049E+000 -0.268920711330073E+001  0.000000000000000E+000 -0.109836264106818E+002
  0.214983559024732E-004  0.236959739321475E+002  0.234804420732501E+000  0.100016860984567E+001  0.317517841133852E+001 -0.106149393723427E+001 -0.583956655264941E+000 -0.268920711330073E+001  0.000000000000000E+000 -0.107273957706869E+002
  0.249711121021022E-004  0.233964875756039E+002  0.237460330918287E+000  0.100358362863625E+001  0.315283900296908E+001 -0.104091870825127E+001 -0.696820189988922E+000 -0.268920711330073E+001  0.000000000000000E+000 -0.105776525924151E+002
  0.372016998837122E-004  0.225992179451944E+002  0.242616397583114E+000  0.100128798205042E+001  0.312356175093873E+001 -0.100998092386394E+001 -0.730953598752864E+000 -0.268920711330073E+001  0.000000000000000E+000 -0.101790177772103E+002
  0.378552368543245E-004  0.224264024574497E+002  0.245767280150874E+000  0.988990306628273E+000  0.313490415743668E+001 -0.102863225262841E+001 -0.305008175377632E+000 -0.268920711330073E+001  0.000000000000000E+000 -0.100926100333380E+002
  0.376998696273180E-004  0.222966420987409E+002  0.236062957576646E+000  0.100499918646604E+001  0.316308759254370E+001 -0.105589821718091E+001 -0.676257209766826E+000 -0.268920711330073E+001  0.000000000000000E+000 -0.100277298539836E+002
  0.715129275237316E-004  0.208782131525713E+002  0.253075697470391E+000  0.990798812681363E+000  0.309155001785797E+001 -0.971414676277249E+000 -0.386628225512073E+000 -0.268920711330073E+001  0.000000000000000E+000 -0.931851538089875E+001
  0.813293573394304E-004  0.206209555278218E+002  0.243796294936340E+000  0.986366683162530E+000  0.311801333168920E+001 -0.969389662463817E+000 -0.937724348950358E+000 -0.268920711330073E+001  0.000000000000000E+000 -0.918988656852402E+001
  0.152102182659994E-003  0.192206485853796E+002  0.243567844029334E+000  0.992792967902402E+000  0.312889029965612E+001 -0.101487095266448E+001 -0.651154368859114E+000 -0.268920711330073E+001  0.000000000000000E+000 -0.848973309730293E+001
  0.178977632618680E-003  0.188952320028421E+002  0.245166615671411E+000  0.997287059417474E+000  0.313273270678484E+001 -0.104522964784502E+001 -0.272362915076209E+000 -0.268920711330073E+001  0.000000000000000E+000 -0.832702480603416E+001
  0.210180796429578E-003  0.184137320772775E+002  0.241439050990307E+000  0.100415918259573E+001  0.314941718358023E+001 -0.106363925872850E+001 -0.272630513004921E+000 -0.268920711330073E+001  0.000000000000000E+000 -0.808627484325188E+001
  0.310871592393901E-003  0.174708229718887E+002  0.241580344122061E+000  0.999665790219877E+000  0.313395223770136E+001 -0.100754081892562E+001 -0.666574415618141E+000 -0.268920711330073E+001  0.000000000000000E+000 -0.761482029055744E+001
  0.332495585460234E-003  0.171762442715987E+002  0.241695083595986E+000  0.100299838844718E+001  0.314034848164992E+001 -0.103608130222111E+001 -0.464054046669450E+000 -0.268920711330073E+001  0.000000000000000E+000 -0.746753094041248E+001
  0.332925180319085E-003  0.171736618759740E+002  0.238906580659968E+000  0.100186785181845E+001  0.315388596070698E+001 -0.104961180628964E+001 -0.539013340422131E+000 -0.268920711330073E+001  0.000000000000000E+000 -0.746623974260011E+001
  0.331140999902439E-003  0.168503007361632E+002  0.247194713018670E+000  0.989802708128916E+000  0.310659733609723E+001 -0.957001782853120E+000 -0.796840103105729E+000 -0.268920711330073E+001  0.000000000000000E+000 -0.730455917269472E+001
  0.368917178577933E-003  0.164741595122183E+002  0.245702367649250E+000  0.980418265022758E+000  0.311895838421326E+001 -0.961571026119096E+000 -0.748401330391817E+000 -0.268920711330073E+001  0.000000000000000E+000 -0.711648856072226E+001
  0.414247302465853E-003  0.160822921491016E+002  0.255285507420956E+000  0.984203875006439E+000  0.308338606732229E+001 -0.953308176964249E+000 -0.384617984580705E+000 -0.268920711330073E+001  0.000000000000000E+000 -0.692055487916390E+001
  0.489482000605980E-003  0.157485230573393E+002  0.245975242368660E+000  0.985963623113977E+000  0.311467220246366E+001 -0.951810452744267E+000 -0.790984685544681E+000 -0.268920711330073E+001  0.000000000000000E+000 -0.675367033328277E+001
  0.553274957487448E-003  0.155035082607702E+002  0.244814708243732E+000  0.997485432882776E+000  0.312272047468302E+001 -0.101592772639448E+001 -0.494336247219291E+000 -0.268920711330073E+001  0.000000000000000E+000 -0.663116293499821E+001
  0.563216254714888E-003  0.154678911064073E+002  0.246046696095491E+000  0.978346693521943E+000  0.311774469115650E+001 -0.956818447542481E+000 -0.808832711409335E+000 -0.268920711330073E+001  0.000000000000000E+000 -0.661335435781676E+001
  0.611027340898482E-003  0.153049350260542E+002  0.244656854460652E+000  0.995702583378252E+000  0.312082623503912E+001 -0.100729514565176E+001 -0.645446500632690E+000 -0.268920711330073E+001  0.000000000000000E+000 -0.653187631764021E+001
  0.676599194459739E-003  0.146547732037927E+002  0.240249432526262E+000  0.994918619021664E+000  0.314896566444234E+001 -0.102684135373030E+001 -0.544977787258027E+000 -0.268920711330073E+001  0.000000000000000E+000 -0.620679540650945E+001
  0.246431560533928E-002  0.114502705709345E+002  0.246637075447175E+000  0.981057767836328E+000  0.310685331307847E+001 -0.955412617900100E+000 -0.917202359474156E+000 -0.268920711330073E+001  0.000000000000000E+000 -0.572513528546727E+001
  0.364295617568043E-002  0.964685659506443E+001  0.244420219416231E+000  0.988236464226502E+000  0.311724438340333E+001 -0.972727885259725E+000 -0.851938018990194E+000 -0.268920711330073E+001  0.000000000000000E+000 -0.482342829753222E+001
  0.466324447152792E-002  0.915302468270281E+001  0.245389835893401E+000  0.987284863000571E+000  0.311613336155251E+001 -0.960530388072775E+000 -0.815956601105137E+000 -0.268920711330073E+001  0.000000000000000E+000 -0.457651234135141E+001
  0.861754921670727E-002  0.792484611021777E+001  0.244009708679389E+000  0.992528153560060E+000  0.312048435214425E+001 -0.982378174643656E+000 -0.783257079185588E+000 -0.268920711330073E+001  0.000000000000000E+000 -0.396242305510889E+001
  0.248499376858114E-001  0.580673708165279E+001  0.247790451200435E+000  0.982848408710081E+000  0.310525475033293E+001 -0.962241087337750E+000 -0.795267160549680E+000 -0.268920711330073E+001  0.000000000000000E+000 -0.290336854082640E+001
