  0.367210984639387E-093  0.450678784792004E+003  0.254531362029651E+000  0.973363291549241E+000  0.307700790285118E+001 -0.105052726117017E+001 -0.608019269491544E+000 -0.268920711330073E+001  0.000000000000000E+000 -0.223282940372547E+003
  0.103436334947000E-092  0.448509994819154E+003  0.263676757025761E+000  0.949835943115844E+000  0.303446194222410E+001 -0.679653501524284E+000 -0.127589131093894E+001 -0.268920711330073E+001  0.000000000000000E+000 -0.222198545386122E+003
  0.128991858390946E-091  0.443463238659235E+003  0.244448835395674E+000  0.105503838584701E+001  0.308075410141803E+001 -0.104278308813705E+001 -0.659069023038542E+000 -0.268920711330073E+001  0.000000000000000E+000 -0.219675167306162E+003
  0.669277756628735E-088  0.426252241779197E+003  0.250456809189708E+000  0.105258670791567E+001  0.311701537753657E+001 -0.114286742300342E+001  0.461223918020235E+000 -0.268920711330073E+001  0.000000000000000E+000 -0.211069668866143E+003
  0.204783954996862E-085  0.414702631853290E+003  0.228810958409782E+000  0.104363032029170E+001  0.317424467360697E+001 -0.117536066129277E+001 -0.561818233188431E+000 -0.268920711330073E+001  0.000000000000000E+000 -0.205294863903190E+003
  0.225987565077262E-085  0.414402996403271E+003  0.244163074581006E+000  0.105510168059237E+001  0.310989190504201E+001 -0.105782716263422E+001 -0.128608921327137E+000 -0.268920711330073E+001  0.000000000000000E+000 -0.205145046178180E+003
  0.188272114227920E-084  0.410060422915583E+003  0.233260703533380E+000  0.979801799158691E+000  0.321486780803299E+001 -0.120671281069529E+001 -0.648450156977098E-001 -0.268920711330073E+001  0.000000000000000E+000 -0.202973759434336E+003
  0.212064774719073E-084  0.409719829453423E+003  0.239385921828229E+000  0.104946887003857E+001  0.311995468165356E+001 -0.112390090994313E+001 -0.666651194647227E+000 -0.268920711330073E+001  0.000000000000000E+000 -0.202803462703256E+003
  0.124381790869826E-083  0.406079144629029E+003  0.240875920251035E+000  0.105899812110811E+001  0.312874844902534E+001 -0.114041375663623E+001 -0.108970401462393E+000 -0.268920711330073E+001  0.000000000000000E+000 -0.200983120291059E+003
  0.163811854270269E-082  0.400820662363774E+003  0.234994492142468E+000  0.987472708282565E+000  0.316651357585948E+001 -0.112949747026337E+001 -0.760212604030658E+000 -0.268920711330073E+001  0.000000000000000E+000 -0.198353879158432E+003
  0.561628944301323E-082  0.398356416661396E+003  0.261945394072415E+000  0.994526042428655E+000  0.303049632746249E+001 -0.960590065177183E+000 -0.773901121635443E+000 -0.268920711330073E+001  0.000000000000000E+000 -0.197121756307243E+003
  0.238174904938571E-079  0.386148443844717E+003  0.241718438564578E+000  0.105109297950767E+001  0.309781625314925E+001 -0.107412707115627E+001 -0.606128750282080E+000 -0.268920711330073E+001  0.000000000000000E+000 -0.191017769898904E+003
  0.173008622471150E-078  0.382074466944867E+003  0.258965974561548E+000  0.950977859385740E+000  0.310164683748909E+001 -0.103093297007067E+001 -0.348934992308818E-001 -0.268920711330073E+001  0.000000000000000E+000 -0.188980781448978E+003
  0.177607765966096E-078  0.381913860256808E+003  0.229602379548640E+000  0.997608255771117E+000  0.321047512825078E+001 -0.109671728380745E+001 -0.237773513063255E+000 -0.268920711330073E+001  0.000000000000000E+000 -0.188900478104949E+003
  0.285791587934676E-078  0.380854355264717E+003  0.271391364928798E+000  0.994562198752374E+000  0.300150305490015E+001 -0.956332420563503E+000 -0.114519019129252E+000 -0.268920711330073E+001  0.000000000000000E+000 -0.188370725608903E+003
  0.532236093071868E-074  0.361081891391815E+003  0.221243428509477E+000  0.985713958086322E+000  0.327068830783428E+001 -0.122816063674993E+001 -0.222073071923339E+000 -0.268920711330073E+001  0.000000000000000E+000 -0.178484493672452E+003
  0.499531244222823E-071  0.347182493858014E+003  0.253999896838069E+000  0.103151024582863E+001  0.306481318053654E+001 -0.102184001774700E+001 -0.124144287904544E+000 -0.268920711330073E+001  0.000000000000000E+000 -0.171534794905552E+003
  0.114600331194999E-070  0.345521762577713E+003  0.258264726550825E+000  0.101764725517217E+001  0.301324610886495E+001 -0.883459738300405E+000 -0.978804429467508E+000 -0.268920711330073E+001  0.000000000000000E+000 -0.170704429265402E+003
  0.119055315564756E-067  0.331521842522205E+003  0.238691916130387E+000  0.104520892476269E+001  0.310704127873552E+001 -0.103661660769388E+001 -0.117505746050084E+001 -0.268920711330073E+001  0.000000000000000E+000 -0.163704469237647E+003
  0.292262964495921E-067  0.329725711045086E+003  0.258918522171021E+000  0.972225016882424E+000  0.304890076891120E+001 -0.961859133256926E+000 -0.959860362906958E+000 -0.268920711330073E+001  0.000000000000000E+000 -0.162806403499088E+003
  0.417447007915497E-066  0.324407533561618E+003  0.263876972456653E+000  0.100481850571233E+001  0.300623889616257E+001 -0.941405295808758E+000 -0.841920624061428E+000 -0.268920711330073E+001  0.000000000000000E+000 -0.160147314757354E+003
  0.199547686439063E-062  0.307463061560765E+003  0.218523735481664E+000  0.106192531298777E+001  0.322346590915248E+001 -0.113937931837842E+001 -0.124566043027005E+001 -0.268920711330073E+001  0.000000000000000E+000 -0.151675078756927E+003
  0.310437877562075E-060  0.297118533759769E+003  0.235330804840347E+000  0.983609900428595E+000  0.319501035758253E+001 -0.117052439823500E+001 -0.216719291098164E+000 -0.268920711330073E+001  0.000000000000000E+000 -0.146502814856429E+003
  0.979394404725481E-057  0.281005121967409E+003  0.239746756498709E+000  0.103215084575988E+001  0.313422515809433E+001 -0.115402762709597E+001 -0.151876574597637E+000 -0.268920711330073E+001  0.000000000000000E+000 -0.138446108960249E+003
  0.193958535766458E-054  0.270299114413637E+003  0.282181530021305E+000  0.985879393900815E+000  0.293231831810219E+001 -0.738634770191927E+000 -0.930429328282595E+000 -0.268920711330073E+001  0.000000000000000E+000 -0.133093105183364E+003
  0.708744575604739E-053  0.262851916344765E+003  0.250054604225901E+000  0.103252541660062E+001  0.311568173163476E+001 -0.105657978995943E+001  0.856042817502822E-001 -0.268920711330073E+001  0.000000000000000E+000 -0.129369506148927E+003
  0.275190714419238E-052  0.260138807833305E+003  0.229973332905755E+000  0.105421539679234E+001  0.321069975781485E+001 -0.121553974274131E+001  0.133189844984522E+000 -0.268920711330073E+001  0.000000000000000E+000 -0.128012951893197E+003
  0.109908493124751E-049  0.247794286612507E+003  0.219416397536514E+000  0.100122696880048E+001  0.326626388125171E+001 -0.107154805870758E+001 -0.918731979388135E+000 -0.268920711330073E+001  0.000000000000000E+000 -0.121840691282798E+003
  0.124046058728708E-048  0.242832790000650E+003  0.232394245351860E+000  0.105556039658267E+001  0.317686720988919E+001 -0.118979852735356E+001  0.284879637893969E-001 -0.268920711330073E+001  0.000000000000000E+000 -0.119359942976870E+003
  0.292500668413119E-048  0.241002845145282E+003  0.215089179879454E+000  0.106677891762308E+001  0.325737264069190E+001 -0.123738133265820E+001 -0.700821817067421E+000 -0.268920711330073E+001  0.000000000000000E+000 -0.118444970549186E+003
  0.434674290412799E-048  0.240210585063050E+003  0.220277033151769E+000  0.106177021754758E+001  0.322803690999475E+001 -0.121618062099175E+001 -0.695025956029506E+000 -0.268920711330073E+001  0.000000000000000E+000 -0.118048840508070E+003
  0.142661071323369E-047  0.237833665490081E+003  0.220285294333594E+000  0.102989210348513E+001  0.327667987971991E+001 -0.131421420530654E+001  0.116873968079375E+000 -0.268920711330073E+001  0.000000000000000E+000 -0.116860380721585E+003
  0.304760625018867E-046  0.231460059126165E+003  0.237728173569004E+000  0.997496574064309E+000  0.318282161766348E+001 -0.106190073840109E+001 -0.336542616532419E+000 -0.268920711330073E+001  0.000000000000000E+000 -0.113673577539627E+003
  0.720392827680794E-046  0.229739519076624E+003  0.262903323556790E+000  0.100183354916763E+001  0.304715473632048E+001 -0.975682633438009E+000 -0.221762143336936E+000 -0.268920711330073E+001  0.000000000000000E+000 -0.112813307514857E+003
  0.284401354502911E-045  0.226993169283922E+003  0.220023812140809E+000  0.105272949502770E+001  0.322653165617958E+001 -0.119174250149817E+001 -0.853666243886345E+000 -0.268920711330073E+001  0.000000000000000E+000 -0.111440132618506E+003
  0.141928345869774E-044  0.223640141628745E+003  0.217966557849549E+000  0.106079409310243E+001  0.324093761298771E+001 -0.122097699434834E+001 -0.690364216172522E+000 -0.268920711330073E+001  0.000000000000000E+000 -0.109763618790917E+003
  0.283766977936679E-044  0.222254479473845E+003  0.272142731431127E+000  0.990825347357130E+000  0.300132988035585E+001 -0.830191296377488E+000 -0.355273568395134E+000 -0.268920711330073E+001  0.000000000000000E+000 -0.109070787713467E+003
  0.534554961451073E-041  0.206886204924959E+003  0.257644759726891E+000  0.987265096154156E+000  0.304992234174144E+001 -0.879935397626529E+000 -0.108448714597192E+001 -0.268920711330073E+001  0.000000000000000E+000 -0.101386650439024E+003
  0.187225042717162E-037  0.190296707841095E+003  0.248002008167717E+000  0.993615102651821E+000  0.307664938021045E+001 -0.962685544724843E+000 -0.129736032032647E+001 -0.268920711330073E+001  0.000000000000000E+000 -0.930919018970924E+002
  0.792585688047386E-037  0.187281652212159E+003  0.243309305031587E+000  0.101195124801792E+001  0.312240649995148E+001 -0.111549866190713E+001 -0.369725012198387E+000 -0.268920711330073E+001  0.000000000000000E+000 -0.915843740826242E+002
  0.682694685021252E-035  0.178005174495524E+003  0.255553784545409E+000  0.985667878105268E+000  0.307337236928630E+001 -0.852704193399052E+000 -0.689896336150100E+000 -0.268920711330073E+001  0.000000000000000E+000 -0.869461352243071E+002
  0.130141969151601E-031  0.162785020552259E+003  0.268985264416492E+000  0.983191306281214E+000  0.300566595144026E+001 -0.909654186268921E+000 -0.430243618415240E+000 -0.268920711330073E+001  0.000000000000000E+000 -0.793360582526742E+002
  0.351762780172079E-030  0.156076871331653E+003  0.254131041956991E+000  0.990931098101466E+000  0.309501258108246E+001 -0.105669208597246E+001 -0.450111066739001E-001 -0.268920711330073E+001  0.000000000000000E+000 -0.759819836423713E+002
  0.418192537882839E-030  0.155616584674030E+003  0.262434027035160E+000  0.973293098326168E+000  0.305970690977445E+001 -0.831522737195591E+000 -0.512905322924216E+000 -0.268920711330073E+001  0.000000000000000E+000 -0.757518403135597E+002
  0.204646426318555E-029  0.152218279623898E+003  0.266925009638674E+000  0.983145499725718E+000  0.299553159366963E+001 -0.884290601316966E+000 -0.896597821208517E+000 -0.268920711330073E+001  0.000000000000000E+000 -0.740526877884937E+002
  0.107085037337254E-027  0.144195125769557E+003  0.229867995153748E+000  0.979240726279328E+000  0.319342952108529E+001 -0.100840230903676E+001 -0.130741578728486E+001 -0.268920711330073E+001  0.000000000000000E+000 -0.700411108613232E+002
  0.388671511289296E-026  0.136703431658721E+003  0.254027166826708E+000  0.977811365287358E+000  0.311532450121619E+001 -0.913446523886814E+000 -0.212238721947366E+000 -0.268920711330073E+001  0.000000000000000E+000 -0.662952638059053E+002
  0.812354573949396E-026  0.135131446591608E+003  0.266101656200113E+000  0.986700640481106E+000  0.301702494677335E+001 -0.930655231788707E+000 -0.464467981487881E+000 -0.268920711330073E+001  0.000000000000000E+000 -0.655092712723487E+002
  0.224641803558603E-025  0.132906515571628E+003  0.217341522679876E+000  0.104093959575418E+001  0.327877791066829E+001 -0.121624485492484E+001 -0.582493532435930E-001 -0.268920711330073E+001  0.000000000000000E+000 -0.643968057623588E+002
  0.262896374273737E-025  0.132410066433420E+003  0.251912345093651E+000  0.984125176941162E+000  0.309640530675948E+001 -0.901136494506840E+000 -0.513545198220243E+000 -0.268920711330073E+001  0.000000000000000E+000 -0.641485811932547E+002
  0.118581773754174E-024  0.129308307010104E+003  0.228339407050749E+000  0.100750590507833E+001  0.322485496795040E+001 -0.121206130618983E+001 -0.104498839170255E+000 -0.268920711330073E+001  0.000000000000000E+000 -0.625977014815967E+002
  0.281511689040655E-024  0.127579164661339E+003  0.282103459428805E+000  0.969537925408760E+000  0.293297328042636E+001 -0.754750032138932E+000 -0.102980550771068E+001 -0.268920711330073E+001  0.000000000000000E+000 -0.617331303072145E+002
  0.260245832893457E-023  0.123038048994903E+003  0.246831746038393E+000  0.101784456088912E+001  0.310286943317475E+001 -0.106698318202013E+001 -0.340767467668836E+000 -0.268920711330073E+001  0.000000000000000E+000 -0.594625724739962E+002
  0.435121373855774E-023  0.122010052360707E+003  0.251537262794827E+000  0.956301190666636E+000  0.310664152388704E+001 -0.965678511835339E+000 -0.651119353186923E+000 -0.268920711330073E+001  0.000000000000000E+000 -0.589485741568985E+002
  0.253923136390426E-022  0.118384488654264E+003  0.227210864843292E+000  0.101417226037102E+001  0.320164895093283E+001 -0.106986027328904E+001 -0.807325178320367E+000 -0.268920711330073E+001  0.000000000000000E+000 -0.571357923036769E+002
  0.185535097251890E-021  0.114309313221779E+003  0.211295349561057E+000  0.106046731644989E+001  0.331492890205572E+001 -0.134513600871406E+001  0.165186277344596E+000 -0.268920711330073E+001  0.000000000000000E+000 -0.550982045874344E+002
  0.617593500682851E-021  0.111713520047202E+003  0.250837162712788E+000  0.100881000615290E+001  0.312330028932382E+001 -0.101066082739073E+001  0.730285006021663E-001 -0.268920711330073E+001  0.000000000000000E+000 -0.538003080001456E+002
  0.405681345186891E-020  0.107855834805517E+003  0.224347489671970E+000  0.103643447236521E+001  0.323558206032825E+001 -0.116510657582860E+001 -0.132721808571861E+000 -0.268920711330073E+001  0.000000000000000E+000 -0.518714653793032E+002
  0.122139214697391E-018  0.100779244626526E+003  0.212522595425885E+000  0.105140378939069E+001  0.330544170078668E+001 -0.131930427773213E+001 -0.781041846694919E-002 -0.268920711330073E+001  0.000000000000000E+000 -0.483331702898077E+002
  0.312459922263641E-018  0.989006151986263E+002  0.225527092715291E+000  0.103220956403789E+001  0.322480673767984E+001 -0.113594044822804E+001 -0.357512545638704E+000 -0.268920711330073E+001  0.000000000000000E+000 -0.473938555758580E+002
  0.352007133106828E-018  0.986622647432157E+002  0.235535692593516E+000  0.102787803958117E+001  0.317331354985240E+001 -0.109171037263158E+001 -0.241530909610978E+000 -0.268920711330073E+001  0.000000000000000E+000 -0.472746803481527E+002
  0.786753900578185E-018  0.969606966042093E+002  0.252273197672971E+000  0.978807777551854E+000  0.311189349107644E+001 -0.923646023692052E+000 -0.319101953505429E+000 -0.268920711330073E+001  0.000000000000000E+000 -0.464238962786495E+002
  0.156684449733678E-017  0.954898495574242E+002  0.242186258450760E+000  0.996222316934794E+000  0.313205175662390E+001 -0.106212579679956E+001 -0.492663480419469E+000 -0.268920711330073E+001  0.000000000000000E+000 -0.456884727552570E+002
  0.266315577424487E-016  0.897307431834666E+002  0.228502307574164E+000  0.998480411096228E+000  0.321207299766700E+001 -0.111813853236197E+001 -0.514179295581505E+000 -0.268920711330073E+001  0.000000000000000E+000 -0.428089195682782E+002
  0.193831584693166E-015  0.856679176161929E+002  0.243182028475889E+000  0.101513543423094E+001  0.312244206546583E+001 -0.100683462692959E+001 -0.580221697281855E+000 -0.268920711330073E+001  0.000000000000000E+000 -0.407775067846413E+002
  0.205744153034922E-015  0.854555900660238E+002  0.272965406273821E+000  0.976900295299727E+000  0.298921006074727E+001 -0.850634282034493E+000 -0.608589197811118E+000 -0.268920711330073E+001  0.000000000000000E+000 -0.406713430095568E+002
  0.326142030660074E-015  0.845341909819871E+002  0.220113722044140E+000  0.102306116026083E+001  0.324409812704081E+001 -0.112986784933540E+001 -0.858037320981027E+000 -0.268920711330073E+001  0.000000000000000E+000 -0.402106434675384E+002
  0.449803093103041E-015  0.837936567481249E+002  0.256555329761941E+000  0.998740649496362E+000  0.308891063840950E+001 -0.101032803176554E+001 -0.460685335820843E-002 -0.268920711330073E+001  0.000000000000000E+000 -0.398403763506073E+002
  0.838387120494020E-015  0.824507363491412E+002  0.229867305321670E+000  0.992476610459098E+000  0.321832160410370E+001 -0.109583077648176E+001 -0.406179886013912E+000 -0.268920711330073E+001  0.000000000000000E+000 -0.391689161511154E+002
  0.172946026740462E-014  0.809049866143766E+002  0.230227036397931E+000  0.102726066372040E+001  0.318698672414046E+001 -0.108651322243337E+001 -0.621893464123350E+000 -0.268920711330073E+001  0.000000000000000E+000 -0.383960412837332E+002
  0.207810060373466E-014  0.804401164269105E+002  0.233216199659032E+000  0.101575121749591E+001  0.317440382651631E+001 -0.112773959298989E+001 -0.539458924619612E+000 -0.268920711330073E+001  0.000000000000000E+000 -0.381636061900001E+002
  0.884775713689515E-013  0.726580029745629E+002  0.241565604526893E+000  0.100175145878074E+001  0.314121116687470E+001 -0.105511140603365E+001 -0.549300226441562E+000 -0.268920711330073E+001  0.000000000000000E+000 -0.342725494638263E+002
  0.185198340634301E-012  0.710917429028645E+002  0.246650214988266E+000  0.100366938092838E+001  0.308883611190858E+001 -0.936989630157581E+000 -0.120750571164968E+001 -0.268920711330073E+001  0.000000000000000E+000 -0.334894194279771E+002
  0.228766442109351E-009  0.557039889451739E+002  0.268357689382700E+000  0.958431735370716E+000  0.300770456523525E+001 -0.762213065628428E+000 -0.111965830466288E+001 -0.268920711330073E+001  0.000000000000000E+000 -0.278519944725869E+002
  0.174655275957233E-008  0.511923064567676E+002  0.269319123537359E+000  0.942502346641837E+000  0.300361610250487E+001 -0.722624692981772E+000 -0.125216379743852E+001 -0.268920711330073E+001  0.000000000000000E+000 -0.255961532283838E+002
  0.408102661455633E-004  0.299549849680913E+002  0.259429541422212E+000  0.951633269084569E+000  0.304922516658778E+001 -0.842858723381893E+000 -0.115024862814206E+001 -0.268920711330073E+001  0.000000000000000E+000 -0.149774924840456E+002
  0.863759013844569E-003  0.238502646885635E+002  0.272263420398524E+000  0.949989622445405E+000  0.298649371921710E+001 -0.730166260967181E+000 -0.126480225250023E+001 -0.268920711330073E+001  0.000000000000000E+000 -0.119251323442817E+002
  0.171128280949039E-002  0.221182120979703E+002  0.266329126497140E+000  0.948328495443735E+000  0.302090842108748E+001 -0.809848944361719E+000 -0.106708971877810E+001 -0.268920711330073E+001  0.000000000000000E+000 -0.110591060489851E+002
  0.763068013454777E-002  0.187637015632084E+002  0.263823543432892E+000  0.948287463013175E+000  0.302980055039664E+001 -0.799628585665941E+000 -0.113295516922150E+001 -0.268920711330073E+001  0.000000000000000E+000 -0.938185078160418E+001
  0.771520467797885E-002  0.175660961644195E+002  0.253421158391546E+000  0.967351676756854E+000  0.306616189593854E+001 -0.869560526697355E+000 -0.129858559919295E+001 -0.268920711330073E+001  0.000000000000000E+000 -0.878304808220973E+001
  0.105155880407468E-001  0.169467647319337E+002  0.267012166525658E+000  0.963890720730038E+000  0.299745307343417E+001 -0.767018801268466E+000 -0.131689861618252E+001 -0.268920711330073E+001  0.000000000000000E+000 -0.847338236596686E+001
  0.103731042436417E-001  0.164714206866996E+002  0.266508050509726E+000  0.952173148779486E+000  0.302277767204778E+001 -0.795980343297680E+000 -0.959957968431288E+000 -0.268920711330073E+001  0.000000000000000E+000 -0.823571034334979E+001
  0.135724043137646E-001  0.156982099936906E+002  0.264467801638347E+000  0.961758028140867E+000  0.302078793146106E+001 -0.791804563758707E+000 -0.110005682099602E+001 -0.268920711330073E+001  0.000000000000000E+000 -0.784910499684529E+001
  0.387045846571270E-001  0.126313555164330E+002  0.261634913364696E+000  0.965074757302651E+000  0.303502027327125E+001 -0.816900839449457E+000 -0.105011596115942E+001 -0.268920711330073E+001  0.000000000000000E+000 -0.631567775821652E+001
  0.391595938763830E-001  0.124478953268498E+002  0.257074139918386E+000  0.969257460521762E+000  0.304893045037440E+001 -0.833350520310765E+000 -0.120064697482108E+001 -0.268920711330073E+001  0.000000000000000E+000 -0.622394766342489E+001
  0.499985660375185E-001  0.117991121534275E+002  0.260204540494267E+000  0.955552388824448E+000  0.304483368386432E+001 -0.835090815853427E+000 -0.109621610046738E+001 -0.268920711330073E+001  0.000000000000000E+000 -0.589955607671375E+001
  0.575789615842062E-001  0.112084849438925E+002  0.267149909679834E+000  0.952431869093352E+000  0.301035981572491E+001 -0.802112422880981E+000 -0.112447386063106E+001 -0.268920711330073E+001  0.000000000000000E+000 -0.560424247194623E+001
  0.619521218791463E-001  0.110620757273716E+002  0.253844707466243E+000  0.977052149434626E+000  0.306690948178585E+001 -0.870361527390971E+000 -0.106801689088835E+001 -0.268920711330073E+001  0.000000000000000E+000 -0.553103786368581E+001
  0.927295948532489E-001  0.100953386785576E+002  0.261472735162470E+000  0.955433325647447E+000  0.303941372150569E+001 -0.823835904686326E+000 -0.107179162764048E+001 -0.268920711330073E+001  0.000000000000000E+000 -0.504766933927879E+001
  0.214534600308143E+000  0.784240782074207E+001  0.254566799613088E+000  0.975163049528357E+000  0.305956357330660E+001 -0.869489088511985E+000 -0.115564304421859E+001 -0.268920711330073E+001  0.000000000000000E+000 -0.392120391037103E+001
  0.230033971651992E+000  0.770289588335496E+001  0.262906818847515E+000  0.959207105849083E+000  0.303371951851923E+001 -0.824185637131291E+000 -0.103191849340360E+001 -0.268920711330073E+001  0.000000000000000E+000 -0.385144794167748E+001
  0.230549628293297E+000  0.756043184930152E+001  0.258785401147010E+000  0.971349866406348E+000  0.304466455602866E+001 -0.858887213938953E+000 -0.997066529636840E+000 -0.268920711330073E+001  0.000000000000000E+000 -0.378021592465076E+001
  0.259440985489952E+000  0.718631987807054E+001  0.260761572629738E+000  0.969258935298734E+000  0.303581990978619E+001 -0.860171126369738E+000 -0.100259479769176E+001 -0.268920711330073E+001  0.000000000000000E+000 -0.359315993903527E+001
  0.253358335421012E+000  0.709578299174745E+001  0.265924198260967E+000  0.962117452257654E+000  0.301494643587116E+001 -0.803039503432056E+000 -0.102593885593967E+001 -0.268920711330073E+001  0.000000000000000E+000 -0.354789149587373E+001
  0.238187444182831E+000  0.708129102457576E+001  0.268927158707756E+000  0.958483605994566E+000  0.299568556115023E+001 -0.782608691431651E+000 -0.119502087081189E+001 -0.268920711330073E+001  0.000000000000000E+000 -0.354064551228788E+001
  0.236797851586519E+000  0.682593046735895E+001  0.259702517000459E+000  0.964106792041683E+000  0.304223354034851E+001 -0.837506203240894E+000 -0.116842807639775E+001 -0.268920711330073E+001  0.000000000000000E+000 -0.341296523367948E+001
  0.302091363078087E+000  0.597424201758127E+001  0.256389963292966E+000  0.965078904933449E+000  0.305204775125394E+001 -0.827517951262162E+000 -0.135216968267748E+001 -0.268920711330073E+001  0.000000000000000E+000 -0.298712100879064E+001
  0.302400507949196E+000  0.597219636626401E+001  0.260271544556949E+000  0.965502062427054E+000  0.302986143226026E+001 -0.803483917284507E+000 -0.137027759132590E+001 -0.268920711330073E+001  0.000000000000000E+000 -0.298609818313200E+001
  0.295027344846477E+000  0.590031567781383E+001  0.265051359781822E+000  0.956211062140598E+000  0.300965530849716E+001 -0.767905212232192E+000 -0.140237148869204E+001 -0.268920711330073E+001  0.000000000000000E+000 -0.295015783890692E+001
  0.298088428635451E+000  0.587967140494322E+001  0.269412812658504E+000  0.952412999769833E+000  0.298802714962798E+001 -0.733751971110157E+000 -0.150231741305831E+001 -0.268920711330073E+001  0.000000000000000E+000 -0.293983570247161E+001
  0.310596055015542E+000  0.579746535177037E+001  0.266570197685916E+000  0.958270838560390E+000  0.300597965168684E+001 -0.782628783937294E+000 -0.122443251346383E+001 -0.268920711330073E+001  0.000000000000000E+000 -0.289873267588519E+001
  0.319533239483097E+000  0.535241713311539E+001  0.259647167217123E+000  0.964672807230793E+000  0.304207302540058E+001 -0.826502101373294E+000 -0.116294909660610E+001 -0.268920711330073E+001  0.000000000000000E+000 -0.267620856655770E+001
  0.339927360626788E+000  0.510742659903768E+001  0.261080535270569E+000  0.965072458365648E+000  0.302858274128995E+001 -0.811448114457344E+000 -0.133723339707556E+001 -0.268920711330073E+001  0.000000000000000E+000 -0.255371329951884E+001
  0.325145114324087E+000  0.507509807796709E+001  0.263274487405474E+000  0.961322241907145E+000  0.301834548571162E+001 -0.785549673138011E+000 -0.138108114395852E+001 -0.268920711330073E+001  0.000000000000000E+000 -0.253754903898355E+001
  0.310076798692267E+000  0.482630073166194E+001  0.268841236257469E+000  0.955604197008052E+000  0.300065451481640E+001 -0.773434069883896E+000 -0.114641769074958E+001 -0.268920711330073E+001  0.000000000000000E+000 -0.241315036583097E+001
  0.342831788255768E+000  0.462546091343938E+001  0.254793501026098E+000  0.967002831137157E+000  0.306705476699773E+001 -0.868965832834917E+000 -0.108956729111195E+001 -0.268920711330073E+001  0.000000000000000E+000 -0.231273045671969E+001
  0.382712040529130E+000  0.440537503270343E+001  0.267193585028400E+000  0.958237923264793E+000  0.300034478438969E+001 -0.772511450223791E+000 -0.133102379411510E+001 -0.268920711330073E+001  0.000000000000000E+000 -0.220268751635172E+001
  0.392196599490922E+000  0.435641425392997E+001  0.265320136382260E+000  0.961450985093425E+000  0.302201054912996E+001 -0.831232570020930E+000 -0.937596857338030E+000 -0.268920711330073E+001  0.000000000000000E+000 -0.217820712696499E+001
  0.396571190959384E+000  0.420515255160456E+001  0.255986002843671E+000  0.968803373071299E+000  0.305346923047211E+001 -0.849798596449351E+000 -0.128329763020836E+001 -0.268920711330073E+001  0.000000000000000E+000 -0.210257627580228E+001
  0.422716186017809E+000  0.382713541487817E+001  0.253348714022447E+000  0.976557021559189E+000  0.307059556177992E+001 -0.888239454738986E+000 -0.107145814687637E+001 -0.268920711330073E+001  0.000000000000000E+000 -0.191356770743909E+001
  0.405227415437290E+000  0.379039131065115E+001  0.263730656118392E+000  0.962581392466362E+000  0.301643950645890E+001 -0.801397828313613E+000 -0.129906839874655E+001 -0.268920711330073E+001  0.000000000000000E+000 -0.189519565532558E+001
  0.385338628794873E+000  0.365547709152762E+001  0.256912986312408E+000  0.972934834628991E+000  0.305408820710136E+001 -0.860823459257992E+000 -0.103462364450582E+001 -0.268920711330073E+001  0.000000000000000E+000 -0.182773854576381E+001
  0.427016205358295E+000  0.333576134154728E+001  0.259225315149399E+000  0.967300854651132E+000  0.303707140280358E+001 -0.827289154497201E+000 -0.127067742539684E+001 -0.268920711330073E+001  0.000000000000000E+000 -0.166788067077364E+001
  0.474383204316577E+000  0.312537438387709E+001  0.263592275888968E+000  0.958802946035200E+000  0.302600995051074E+001 -0.811538431172715E+000 -0.113384614457600E+001 -0.268920711330073E+001  0.000000000000000E+000 -0.156268719193855E+001
  0.484730636605236E+000  0.308221857346302E+001  0.259466781933152E+000  0.968667934982300E+000  0.304189327425445E+001 -0.859241606227583E+000 -0.104762002401768E+001 -0.268920711330073E+001  0.000000000000000E+000 -0.154110928673151E+001
  0.436140886007636E+000  0.304314833557811E+001  0.266089351059776E+000  0.958797473618530E+000  0.300645977303815E+001 -0.778668042067528E+000 -0.131759829727674E+001 -0.268920711330073E+001  0.000000000000000E+000 -0.152157416778905E+001
  0.445565203696782E+000  0.300039179014927E+001  0.265286961829382E+000  0.954850476179426E+000  0.301611049668831E+001 -0.789690098305489E+000 -0.121513665911385E+001 -0.268920711330073E+001  0.000000000000000E+000 -0.150019589507464E+001
  0.460714650066308E+000  0.293352124194208E+001  0.259794549823131E+000  0.969296128821780E+000  0.303755069261301E+001 -0.836209097812134E+000 -0.117002145486943E+001 -0.268920711330073E+001  0.000000000000000E+000 -0.146676062097104E+001
  0.436774382629089E+000  0.290225969123253E+001  0.261922530011147E+000  0.960302647054921E+000  0.302662571964362E+001 -0.797325670073501E+000 -0.133767410005483E+001 -0.268920711330073E+001  0.000000000000000E+000 -0.145112984561627E+001
  0.412083462297094E+000  0.288065568357737E+001  0.264597248126015E+000  0.959772908808150E+000  0.302103584180463E+001 -0.820166345313399E+000 -0.107312123753575E+001 -0.268920711330073E+001  0.000000000000000E+000 -0.144032784178868E+001
  0.385458351359962E+000  0.287625545667184E+001  0.260673404226378E+000  0.961513813309349E+000  0.304262139475767E+001 -0.839489034562538E+000 -0.101928010703636E+001 -0.268920711330073E+001  0.000000000000000E+000 -0.143812772833592E+001
  0.327711091140581E+000  0.281254492508778E+001  0.265727997824689E+000  0.955979600450736E+000  0.301341725951376E+001 -0.795044244833825E+000 -0.120268570765777E+001 -0.268920711330073E+001  0.000000000000000E+000 -0.140627246254389E+001
  0.328890261511913E+000  0.280536143919189E+001  0.256565646895064E+000  0.975132964683066E+000  0.305298468300213E+001 -0.868052454705058E+000 -0.107498749647431E+001 -0.268920711330073E+001  0.000000000000000E+000 -0.140268071959594E+001
  0.279400852130613E+000  0.265873717668720E+001  0.259896859847370E+000  0.963821204887293E+000  0.304609428579393E+001 -0.845402065114859E+000 -0.100366908921151E+001 -0.268920711330073E+001  0.000000000000000E+000 -0.132936858834360E+001
  0.268467591704885E+000  0.243027039963000E+001  0.263772447763915E+000  0.964332246791909E+000  0.302128962950011E+001 -0.812488249907837E+000 -0.112702986364765E+001 -0.268920711330073E+001  0.000000000000000E+000 -0.121513519981500E+001
  0.255965341989356E+000  0.242806637712752E+001  0.262186208494801E+000  0.960991648169597E+000  0.302726979105548E+001 -0.807115745047843E+000 -0.126641004337391E+001 -0.268920711330073E+001  0.000000000000000E+000 -0.121403318856376E+001
  0.258710395754588E+000  0.240673193609017E+001  0.261665416656476E+000  0.959644677977338E+000  0.303416116872455E+001 -0.820048547970173E+000 -0.113617047855438E+001 -0.268920711330073E+001  0.000000000000000E+000 -0.120336596804509E+001
  0.237995203478052E+000  0.237348252490470E+001  0.260760811052431E+000  0.962877990373482E+000  0.303325370942829E+001 -0.824728274955777E+000 -0.122216285148415E+001 -0.268920711330073E+001  0.000000000000000E+000 -0.118674126245235E+001
  0.229476762047806E+000  0.234879969723481E+001  0.259259721823858E+000  0.967257704333025E+000  0.303832947707247E+001 -0.834433038829851E+000 -0.123982216969379E+001 -0.268920711330073E+001  0.000000000000000E+000 -0.117439984861740E+001
  0.223661941323984E+000  0.230255146553263E+001  0.254386139430087E+000  0.975978389430168E+000  0.306363496158127E+001 -0.881348432412650E+000 -0.108613866358826E+001 -0.268920711330073E+001  0.000000000000000E+000 -0.115127573276631E+001
  0.228141924735263E+000  0.226288708384643E+001  0.259205723154907E+000  0.962602121404276E+000  0.304292521766771E+001 -0.831714062047272E+000 -0.120620769955675E+001 -0.268920711330073E+001  0.000000000000000E+000 -0.113144354192321E+001
  0.233126555413480E+000  0.221965998347512E+001  0.257856249476197E+000  0.971114460994949E+000  0.304593470968241E+001 -0.852536614899740E+000 -0.116426885262264E+001 -0.268920711330073E+001  0.000000000000000E+000 -0.110982999173756E+001
  0.237494879681710E+000  0.218253078024186E+001  0.255451815320750E+000  0.973604757128818E+000  0.305866134168200E+001 -0.866760039852248E+000 -0.112960906932124E+001 -0.268920711330073E+001  0.000000000000000E+000 -0.109126539012093E+001
  0.225408028009962E+000  0.217268164518259E+001  0.261503011012214E+000  0.960094419498789E+000  0.303462862597918E+001 -0.820355190847967E+000 -0.115015201211214E+001 -0.268920711330073E+001  0.000000000000000E+000 -0.108634082259130E+001
  0.226349432433671E+000  0.216434614776345E+001  0.266412523839559E+000  0.957665693402515E+000  0.300880532827872E+001 -0.785596871131961E+000 -0.122067608897009E+001 -0.268920711330073E+001  0.000000000000000E+000 -0.108217307388173E+001
  0.230873417654158E+000  0.212476691096631E+001  0.264785041216265E+000  0.962772637546387E+000  0.301894275423131E+001 -0.815480048323141E+000 -0.105886661878403E+001 -0.268920711330073E+001  0.000000000000000E+000 -0.106238345548316E+001
  0.217155028010999E+000  0.199695676813888E+001  0.262698006505538E+000  0.964842626670380E+000  0.302972469762121E+001 -0.836981068852009E+000 -0.103090373490873E+001 -0.268920711330073E+001  0.000000000000000E+000 -0.998478384069442E+000
  0.218191924992422E+000  0.198742966397527E+001  0.265078718201369E+000  0.958610720381018E+000  0.301898268919930E+001 -0.803926432729266E+000 -0.110626766610067E+001 -0.268920711330073E+001  0.000000000000000E+000 -0.993714831987634E+000
  0.224017156540495E+000  0.193473451342736E+001  0.259590460099447E+000  0.964902275993822E+000  0.303847066153424E+001 -0.833003370023978E+000 -0.121693961945318E+001 -0.268920711330073E+001  0.000000000000000E+000 -0.967367256713679E+000
  0.232261173360471E+000  0.186245482320583E+001  0.262989817609714E+000  0.959308446975302E+000  0.302388420920073E+001 -0.799966776128878E+000 -0.125047645748830E+001 -0.268920711330073E+001  0.000000000000000E+000 -0.931227411602914E+000
  0.234215077325504E+000  0.184570014050373E+001  0.257248404628783E+000  0.969497294331213E+000  0.305345481309380E+001 -0.864490415429184E+000 -0.108195571194730E+001 -0.268920711330073E+001  0.000000000000000E+000 -0.922850070251867E+000
  0.235779209647847E+000  0.183238816510123E+001  0.264523341332176E+000  0.960605398424081E+000  0.302096844723038E+001 -0.808727979073556E+000 -0.109736842140085E+001 -0.268920711330073E+001  0.000000000000000E+000 -0.916194082550615E+000
  0.201620658905047E+000  0.181129561399348E+001  0.255346667737186E+000  0.972256701468834E+000  0.306000492730387E+001 -0.869907747017082E+000 -0.109852807887792E+001 -0.268920711330073E+001  0.000000000000000E+000 -0.905647806996741E+000
  0.168549309562735E+000  0.172332783204062E+001  0.259714907290145E+000  0.962854899289527E+000  0.304220720824215E+001 -0.834417295421074E+000 -0.114930655746618E+001 -0.268920711330073E+001  0.000000000000000E+000 -0.861663916020310E+000
  0.160336608248128E+000  0.168524796595397E+001  0.261490998227380E+000  0.965342455815926E+000  0.303178809422199E+001 -0.835848066810392E+000 -0.111772360284190E+001 -0.268920711330073E+001  0.000000000000000E+000 -0.842623982976984E+000
  0.151113427187363E+000  0.166575158026293E+001  0.263245328796827E+000  0.959883666679104E+000  0.302530551898669E+001 -0.817038305997833E+000 -0.114498458112356E+001 -0.268920711330073E+001  0.000000000000000E+000 -0.832875790131465E+000
  0.151792883380420E+000  0.165677907214488E+001  0.264884310375803E+000  0.960285837466019E+000  0.302048743021523E+001 -0.814921190049598E+000 -0.105338852924082E+001 -0.268920711330073E+001  0.000000000000000E+000 -0.828389536072441E+000
  0.158353013778837E+000  0.157215942638061E+001  0.262676878956736E+000  0.962212687770435E+000  0.302652543367735E+001 -0.822269492545542E+000 -0.115538962985465E+001 -0.268920711330073E+001  0.000000000000000E+000 -0.786079713190304E+000
  0.159244990347746E+000  0.156092536442114E+001  0.260561290627626E+000  0.966556266754964E+000  0.303510779473443E+001 -0.829095320884527E+000 -0.116985125624181E+001 -0.268920711330073E+001  0.000000000000000E+000 -0.780462682210571E+000
  0.170030637426525E+000  0.142985575482899E+001  0.262121882169399E+000  0.961785080499602E+000  0.303108149847293E+001 -0.821962502375044E+000 -0.113916129580500E+001 -0.268920711330073E+001  0.000000000000000E+000 -0.714927877414494E+000
  0.173875496148074E+000  0.138513402933586E+001  0.262931235179607E+000  0.960027581765997E+000  0.302857989659169E+001 -0.820421960515994E+000 -0.109922307123474E+001 -0.268920711330073E+001  0.000000000000000E+000 -0.692567014667930E+000
  0.179662862153405E+000  0.131964882352978E+001  0.259161832839740E+000  0.966389417685850E+000  0.304317793927744E+001 -0.848491096844396E+000 -0.110586251256557E+001 -0.268920711330073E+001  0.000000000000000E+000 -0.659824411764892E+000
  0.188086415537928E+000  0.122801000809294E+001  0.260347417889479E+000  0.966905941903234E+000  0.303645187280837E+001 -0.831071581235203E+000 -0.114493906154005E+001 -0.268920711330073E+001  0.000000000000000E+000 -0.614005004046471E+000
  0.200390919553846E+000  0.110127292361307E+001  0.257842648425894E+000  0.969431975476269E+000  0.304737198295198E+001 -0.850135807454338E+000 -0.115715165286211E+001 -0.268920711330073E+001  0.000000000000000E+000 -0.550636461806537E+000
  0.203231285537876E+000  0.107312370053768E+001  0.260223525784174E+000  0.966063611899804E+000  0.304120051459116E+001 -0.848320728532780E+000 -0.101154892170151E+001 -0.268920711330073E+001  0.000000000000000E+000 -0.536561850268840E+000
  0.203760539127364E+000  0.106792208364275E+001  0.259063274285229E+000  0.966198957985410E+000  0.304299491199653E+001 -0.840641747638573E+000 -0.116522023714779E+001 -0.268920711330073E+001  0.000000000000000E+000 -0.533961041821374E+000
  0.206651464178285E+000  0.103974578429083E+001  0.260697922760153E+000  0.963013977913941E+000  0.303852758822314E+001 -0.832531945891607E+000 -0.110430985798108E+001 -0.268920711330073E+001  0.000000000000000E+000 -0.519872892145417E+000
  0.212170261799026E+000  0.987034888694435E+000  0.260489052483221E+000  0.965289839329509E+000  0.304220903928176E+001 -0.854085425090160E+000 -0.978788778924801E+000 -0.268920711330073E+001  0.000000000000000E+000 -0.493517444347218E+000
  0.315813523872575E+000  0.191509186618918E+000  0.257941566332730E+000  0.968215394268222E+000  0.305206136489045E+001 -0.861993792263436E+000 -0.102011354056312E+001 -0.268920711330073E+001  0.000000000000000E+000 -0.957545933094597E-001
