#        weight    minuslogpost         omega_c             n_s            lnas              w0              wa   minuslogprior minuslogprior__0 minuslogprior__function            chi2 chi2__likelihood_CAMB
 4.1497218e-315       734.56479      0.19588305       1.0279724       3.4290362      -1.6314537      0.93287292       2.6892071        2.6892071                      -0       1463.7512             1463.7512
 1.6937089e-297       693.93433      0.24798408       1.0026799       3.1616718     -0.91112104      0.03257009       2.6892071        2.6892071                      -0       1382.4903             1382.4903
 3.0776488e-260       607.85376      0.15998373       1.0779831       3.7749534      -1.8782562       1.6830338       2.6892071        2.6892071                      -0       1210.3291             1210.3291
 2.0629847e-229       536.74847      0.22293175       1.0329423       3.3281271      -1.3967561       1.1720954       2.6892071        2.6892071                      -0       1068.1185             1068.1185
 9.2134252e-222       519.13387      0.15471612       1.0904413       3.8268066      -1.8590534       1.6999617       2.6892071        2.6892071                      -0       1032.8893             1032.8893
 1.9871461e-207       486.00389      0.15748232       1.1182104       3.7836929      -1.8634185       1.7299586       2.6892071        2.6892071                      -0       966.62936             966.62936
 3.8638955e-202       473.76536      0.15806997       1.1194768        3.763146      -1.8170672       1.4450352       2.6892071        2.6892071                      -0       942.15231             942.15231
 4.6408172e-196       459.64885      0.19066438       1.0811303       3.4588737      -1.5311964       1.0529646       2.6892071        2.6892071                      -0       913.91929             913.91929
 2.2664019e-179       421.16445      0.20625911        1.057982       3.3656934      -1.1712096      0.41439887       2.6892071        2.6892071                      -0       836.95048             836.95048
 1.5131341e-166       391.47233      0.21256082       1.0487617       3.4495905       -1.450844       1.2890254       2.6892071        2.6892071                      -0       777.56625             777.56625
 3.0349409e-152       358.44005      0.20152337       1.0586311       3.3913248       -1.528948       1.0444744       2.6892071        2.6892071                      -0       711.50168             711.50168
 6.8028292e-150       352.97894      0.19271048       1.0508959        3.557711      -1.3553533       1.0433145       2.6892071        2.6892071                      -0       700.57947             700.57947
 7.4202563e-139       327.42387      0.21053586       1.0471735       3.4627809      -1.4167694       1.2295299       2.6892071        2.6892071                      -0       649.46932             649.46932
 2.8103922e-138       326.04772      0.23025999       1.0314721        3.206125      -1.2839266      0.64784681       2.6892071        2.6892071                      -0       646.71703             646.71703
 4.7510879e-135       318.57046      0.18736914       1.0457417       3.5693175       -1.475704       1.1268127       2.6892071        2.6892071                      -0       631.76251             631.76251
 4.8033433e-125       295.48922      0.18547156       1.0629773       3.5188285      -1.6345909       1.1855098       2.6892071        2.6892071                      -0       585.60003             585.60003
 1.0217548e-123       292.43184      0.19635943       1.0442113       3.4094871      -1.2964164    -0.026730313       2.6892071        2.6892071                      -0       579.48527             579.48527
 1.9448065e-123       291.74168      0.19373898       1.0357553       3.5117785      -1.5242491       1.2563009       2.6892071        2.6892071                      -0       578.10495             578.10495
 4.7750482e-122       288.54085      0.24066883       1.0286095       3.1445839     -0.92822178    -0.080920272       2.6892071        2.6892071                      -0        571.7033              571.7033
 4.2887231e-120       283.99431      0.20204932        1.087087       3.4993893      -1.5693141       1.4582673       2.6892071        2.6892071                      -0        562.6102              562.6102
 6.0563497e-115       272.08748      0.21570357       1.0515636       3.4233531      -1.3617511       1.1483359       2.6892071        2.6892071                      -0       538.79654             538.79654
 3.3209876e-114       270.33695      0.17993276        1.074298       3.6027479      -1.6374562       1.4138444       2.6892071        2.6892071                      -0       535.29548             535.29548
 1.2238341e-111       264.37867      0.21184815       1.0522428       3.3194547      -1.3826702      0.55629294       2.6892071        2.6892071                      -0       523.37893             523.37893
 1.2448567e-111       264.31285      0.17259162       1.1054566        3.703019       -1.794305       1.7373037       2.6892071        2.6892071                      -0       523.24729             523.24729
 4.1451405e-111       263.10994      0.19866314       1.0781668       3.5095209      -1.3347365       1.0806832       2.6892071        2.6892071                      -0       520.84146             520.84146
 3.9282353e-108       256.20463      0.17892706       1.1336895       3.5628241      -1.6086507        1.204952       2.6892071        2.6892071                      -0       507.03085             507.03085
 1.6430049e-105       250.16854      0.18384425       1.0840325       3.6259045      -1.6982371       1.6256508       2.6892071        2.6892071                      -0       494.95867             494.95867
 1.7635734e-105       250.04366      0.19308443        1.064398       3.5501084      -1.3982424       1.1222351       2.6892071        2.6892071                      -0        494.7089              494.7089
 5.0191825e-104       246.64108      0.21026449       1.0209347       3.3753872       -1.437438      0.99988665       2.6892071        2.6892071                      -0       487.90375             487.90375
  2.0320443e-98        233.7298      0.20554916       1.0824507       3.3105445      -1.3112903     -0.11371905       2.6892071        2.6892071                      -0       462.08118             462.08118
  5.2325906e-92       218.96842      0.20635835       1.0497942       3.3398975         -1.4208      0.65043983       2.6892071        2.6892071                      -0       432.55843             432.55843
  1.5039062e-91       217.91268      0.18132945       1.0684489       3.5387572      -1.5954798      0.99686772       2.6892071        2.6892071                      -0       430.44694             430.44694
  3.6104989e-87       207.82656      0.23056339      0.97930562       3.1922452      -1.0701557     -0.12800572       2.6892071        2.6892071                      -0        410.2747              410.2747
  4.7961266e-87       207.54259      0.25672785      0.99134222       3.0661475      -0.8295892     -0.40868147       2.6892071        2.6892071                      -0       409.70677             409.70677
   3.675078e-86       205.43213      0.22408137       1.0428731       3.2477158       -1.265557      0.45390329       2.6892071        2.6892071                      -0       405.48585             405.48585
  5.7970919e-85       202.67377       0.1859626       1.0523304       3.5259012      -1.5628449       1.0398916       2.6892071        2.6892071                      -0       399.96912             399.96912
   5.980792e-72       172.55481      0.25581881       1.0043753       3.0529789     -0.85753998     -0.43518673       2.6892071        2.6892071                      -0       339.73121             339.73121
  4.5926566e-70       168.13963      0.18525036       1.1025802        3.618944      -1.6783189       1.6058934       2.6892071        2.6892071                      -0       330.90085             330.90085
  7.3616126e-66       158.38336      0.26080389      0.99131201       3.0767499      -1.0131636      0.25886914       2.6892071        2.6892071                      -0       311.38831             311.38831
  4.9356337e-52        126.2787      0.23234591      0.99091161       3.2277953       -1.162765      0.35552886       2.6892071        2.6892071                      -0       247.17899             247.17899
  3.9089167e-51       124.20934      0.20045387       1.0319809       3.4357537      -1.3468938      0.80282467       2.6892071        2.6892071                      -0       243.04027             243.04027
  4.3412231e-50       121.61954      0.21158386       1.0570758       3.4629162      -1.4139791       1.2618881       2.6892071        2.6892071                      -0       237.86066             237.86066
  1.5699229e-47       115.67175      0.21739983       1.0175052        3.272489      -1.1440387     -0.12788373       2.6892071        2.6892071                      -0       225.96509             225.96509
  3.0791761e-47       114.88689      0.22040903       1.0423261       3.4132361      -1.2944745       1.0857726       2.6892071        2.6892071                      -0       224.39537             224.39537
  4.3002323e-39       97.230817      0.21362375       1.0509227       3.4483062      -1.3898427       1.2249633       2.6892071        2.6892071                      -0       189.08322             189.08322
  4.3811278e-39       97.212179      0.21159879       1.0567584       3.5017102      -1.2924346        1.133345       2.6892071        2.6892071                      -0       189.04594             189.04594
  8.7501701e-30       75.574003      0.20821725       1.0532256       3.4683211      -1.4189559        1.247601       2.6892071        2.6892071                      -0       145.76959             145.76959
  1.5285308e-24       63.280115      0.20882855       1.0509213       3.4897582       -1.367711       1.1974162       2.6892071        2.6892071                      -0       121.18182             121.18182
  8.3975249e-24       61.576485      0.21216477       1.0512782       3.4795446      -1.3566629       1.2091691       2.6892071        2.6892071                      -0       117.77456             117.77456
  1.2312234e-22       58.603562      0.21323513       1.0535854       3.4686234      -1.3572593        1.207403       2.6892071        2.6892071                      -0       111.82871             111.82871
  2.0075115e-22       58.114674      0.20718978         1.05228       3.4999261      -1.3758536       1.2104785       2.6892071        2.6892071                      -0       110.85093             110.85093
  5.0424993e-21       54.485618      0.21108321       1.0522241       3.4825299      -1.3632552        1.207577       2.6892071        2.6892071                      -0       103.59282             103.59282
  1.2017667e-20       53.617142      0.21498129        1.052122       3.4710564      -1.3406933       1.1974407       2.6892071        2.6892071                      -0       101.85587             101.85587
