#        weight    minuslogpost         omega_c             n_s            lnas              w0              wa   minuslogprior minuslogprior__0 minuslogprior__function            chi2 chi2__likelihood_CAMB
 6.8538043e-315       734.56479      0.19588305       1.0279724       3.4290362      -1.6314537      0.93287292       2.6892071        2.6892071                      -0       1463.7512             1463.7512
 2.7973802e-297       693.93433      0.24798408       1.0026799       3.1616718     -0.91112104      0.03257009       2.6892071        2.6892071                      -0       1382.4903             1382.4903
 5.0831366e-260       607.85376      0.15998373       1.0779831       3.7749534      -1.8782562       1.6830338       2.6892071        2.6892071                      -0       1210.3291             1210.3291
 3.4072871e-229       536.74847      0.22293175       1.0329423       3.3281271      -1.3967561       1.1720954       2.6892071        2.6892071                      -0       1068.1185             1068.1185
 1.5217168e-221       519.13387      0.15471612       1.0904413       3.8268066      -1.8590534       1.6999617       2.6892071        2.6892071                      -0       1032.8893             1032.8893
 3.2820297e-207       486.00389      0.15748232       1.1182104       3.7836929      -1.8634185       1.7299586       2.6892071        2.6892071                      -0       966.62936             966.62936
 6.3817251e-202       473.76536      0.15806997       1.1194768        3.763146      -1.8170672       1.4450352       2.6892071        2.6892071                      -0       942.15231             942.15231
 7.6649121e-196       459.64885      0.19066438       1.0811303       3.4588737      -1.5311964       1.0529646       2.6892071        2.6892071                      -0       913.91929             913.91929
  3.743257e-179       421.16445      0.20625911        1.057982       3.3656934      -1.1712096      0.41439887       2.6892071        2.6892071                      -0       836.95048             836.95048
 2.4991374e-166       391.47233      0.21256082       1.0487617       3.4495905       -1.450844       1.2890254       2.6892071        2.6892071                      -0       777.56625             777.56625
 5.0125989e-152       358.44005      0.20152337       1.0586311       3.3913248       -1.528948       1.0444744       2.6892071        2.6892071                      -0       711.50168             711.50168
 1.1235756e-149       352.97894      0.19271048       1.0508959        3.557711      -1.3553533       1.0433145       2.6892071        2.6892071                      -0       700.57947             700.57947
 1.2255517e-138       327.42387      0.21053586       1.0471735       3.4627809      -1.4167694       1.2295299       2.6892071        2.6892071                      -0       649.46932             649.46932
 4.6417276e-138       326.04772      0.23025999       1.0314721        3.206125      -1.2839266      0.64784681       2.6892071        2.6892071                      -0       646.71703             646.71703
 7.8470384e-135       318.57046      0.18736914       1.0457417       3.5693175       -1.475704       1.1268127       2.6892071        2.6892071                      -0       631.76251             631.76251
  7.933345e-125       295.48922      0.18547156       1.0629773       3.5188285      -1.6345909       1.1855098       2.6892071        2.6892071                      -0       585.60003             585.60003
 1.6875607e-123       292.43184      0.19635943       1.0442113       3.4094871      -1.2964164    -0.026730313       2.6892071        2.6892071                      -0       579.48527             579.48527
 3.2121004e-123       291.74168      0.19373898       1.0357553       3.5117785      -1.5242491       1.2563009       2.6892071        2.6892071                      -0       578.10495             578.10495
 7.8866121e-122       288.54085      0.24066883       1.0286095       3.1445839     -0.92822178    -0.080920272       2.6892071        2.6892071                      -0        571.7033              571.7033
  7.083383e-120       283.99431      0.20204932        1.087087       3.4993893      -1.5693141       1.4582673       2.6892071        2.6892071                      -0        562.6102              562.6102
 1.0002848e-114       272.08748      0.21570357       1.0515636       3.4233531      -1.3617511       1.1483359       2.6892071        2.6892071                      -0       538.79654             538.79654
 5.4850422e-114       270.33695      0.17993276        1.074298       3.6027479      -1.6374562       1.4138444       2.6892071        2.6892071                      -0       535.29548             535.29548
 2.0213209e-111       264.37867      0.21184815       1.0522428       3.3194547      -1.3826702      0.55629294       2.6892071        2.6892071                      -0       523.37893             523.37893
 2.0560425e-111       264.31285      0.17259162       1.1054566        3.703019       -1.794305       1.7373037       2.6892071        2.6892071                      -0       523.24729             523.24729
 6.8462378e-111       263.10994      0.19866314       1.0781668       3.5095209      -1.3347365       1.0806832       2.6892071        2.6892071                      -0       520.84146             520.84146
 6.4879906e-108       256.20463      0.17892706       1.1336895       3.5628241      -1.6086507        1.204952       2.6892071        2.6892071                      -0       507.03085             507.03085
  2.713636e-105       250.16854      0.18384425       1.0840325       3.6259045      -1.6982371       1.6256508       2.6892071        2.6892071                      -0       494.95867             494.95867
 2.9127705e-105       250.04366      0.19308443        1.064398       3.5501084      -1.3982424       1.1222351       2.6892071        2.6892071                      -0        494.7089              494.7089
 8.2898315e-104       246.64108      0.21026449       1.0209347       3.3753872       -1.437438      0.99988665       2.6892071        2.6892071                      -0       487.90375             487.90375
   3.356185e-98        233.7298      0.20554916       1.0824507       3.3105445      -1.3112903     -0.11371905       2.6892071        2.6892071                      -0       462.08118             462.08118
  8.6423027e-92       218.96842      0.20635835       1.0497942       3.3398975         -1.4208      0.65043983       2.6892071        2.6892071                      -0       432.55843             432.55843
  2.4838964e-91       217.91268      0.18132945       1.0684489       3.5387572      -1.5954798      0.99686772       2.6892071        2.6892071                      -0       430.44694             430.44694
  5.9632076e-87       207.82656      0.23056339      0.97930562       3.1922452      -1.0701557     -0.12800572       2.6892071        2.6892071                      -0        410.2747              410.2747
  7.9214257e-87       207.54259      0.25672785      0.99134222       3.0661475      -0.8295892     -0.40868147       2.6892071        2.6892071                      -0       409.70677             409.70677
  6.0698684e-86       205.43213      0.22408137       1.0428731       3.2477158       -1.265557      0.45390329       2.6892071        2.6892071                      -0       405.48585             405.48585
  9.5746499e-85       202.67377       0.1859626       1.0523304       3.5259012      -1.5628449       1.0398916       2.6892071        2.6892071                      -0       399.96912             399.96912
  9.8780545e-72       172.55481      0.25581881       1.0043753       3.0529789     -0.85753998     -0.43518673       2.6892071        2.6892071                      -0       339.73121             339.73121
  7.5853686e-70       168.13963      0.18525036       1.1025802        3.618944      -1.6783189       1.6058934       2.6892071        2.6892071                      -0       330.90085             330.90085
  1.2158659e-65       158.38336      0.26080389      0.99131201       3.0767499      -1.0131636      0.25886914       2.6892071        2.6892071                      -0       311.38831             311.38831
  8.1518398e-52        126.2787      0.23234591      0.99091161       3.2277953       -1.162765      0.35552886       2.6892071        2.6892071                      -0       247.17899             247.17899
  6.4560834e-51       124.20934      0.20045387       1.0319809       3.4357537      -1.3468938      0.80282467       2.6892071        2.6892071                      -0       243.04027             243.04027
  7.1700936e-50       121.61954      0.21158386       1.0570758       3.4629162      -1.4139791       1.2618881       2.6892071        2.6892071                      -0       237.86066             237.86066
  2.5929315e-47       115.67175      0.21739983       1.0175052        3.272489      -1.1440387     -0.12788373       2.6892071        2.6892071                      -0       225.96509             225.96509
   5.085659e-47       114.88689      0.22040903       1.0423261       3.4132361      -1.2944745       1.0857726       2.6892071        2.6892071                      -0       224.39537             224.39537
  4.7368068e-33       83.666224      0.21799359       1.0371434        3.434825      -1.2811357       1.0881708       2.6892071        2.6892071                      -0       161.95403             161.95403
  1.3066891e-27        71.13858      0.22081589       1.0443612       3.4170939      -1.2950349       1.1172164       2.6892071        2.6892071                      -0       136.89875             136.89875
  2.0751001e-25       65.888575       0.2308454       1.0163081       3.3626887      -1.1148407      0.82464428       2.6892071        2.6892071                      -0       126.39874             126.39874
     4.1798e-24       62.703415      0.23088901       1.0144742       3.3322934      -1.1658984       0.8639825       2.6892071        2.6892071                      -0       120.02841             120.02841
   3.491402e-24       62.701053      0.21376548       1.0479605        3.453923      -1.3429827       1.1600449       2.6892071        2.6892071                      -0       120.02369             120.02369
  5.6102867e-22       57.439263      0.22421496       1.0404379       3.4001819      -1.2623305       1.0715645       2.6892071        2.6892071                      -0       109.50011             109.50011
  2.1445804e-21       56.098336      0.22580313       1.0349469       3.4112897      -1.1912694      0.98024116       2.6892071        2.6892071                      -0       106.81826             106.81826
  3.1479316e-21       55.714534      0.21633511       1.0429971       3.4375427       -1.333652          1.1514       2.6892071        2.6892071                      -0       106.05065             106.05065
  3.5820641e-19       50.692488      0.21775863        1.040471        3.452811      -1.2692892       1.0837489       2.6892071        2.6892071                      -0       96.006562             96.006562
  4.4920224e-19       50.466124      0.21953786       1.0373319        3.440064      -1.2558554       1.0592916       2.6892071        2.6892071                      -0       95.553834             95.553834
  3.2291856e-17        45.49788      0.22678893        1.029542       3.3843371      -1.2236953       1.0036047       2.6892071        2.6892071                      -0       85.617346             85.617346
  1.1649917e-16       44.214811      0.22147744       1.0353968       3.4116257      -1.2595066       1.0457983       2.6892071        2.6892071                      -0       83.051208             83.051208
   2.284137e-16       43.541537      0.22679593       1.0217629       3.3697215      -1.2047976      0.94417161       2.6892071        2.6892071                      -0       81.704659             81.704659
