#        weight    minuslogpost         omega_c             n_s            lnas              w0              wa   minuslogprior minuslogprior__0 minuslogprior__function            chi2 chi2__likelihood_CAMB
 2.9536409e-313       734.84461      0.26801058      0.91431153       3.0130916     -0.95497202     -0.25914469       2.6892071        2.6892071                      -0       1464.3108             1464.3108
 7.2828137e-302       708.50833      0.26981925      0.90487288       3.0200169     -0.97031589     -0.22356392       2.6892071        2.6892071                      -0       1411.6382             1411.6382
 2.2054401e-295       693.38416      0.26342766      0.92623903       3.0709875     -0.90059439      -0.4072968       2.6892071        2.6892071                      -0       1381.3899             1381.3899
 5.8073077e-280       657.87719      0.22906093      0.91150115       3.2252907     -0.84557934      -1.1187743       2.6892071        2.6892071                      -0        1310.376              1310.376
 9.2587085e-269       631.97695      0.26163755      0.93128928       3.0298975     -0.90886694     -0.35182359       2.6892071        2.6892071                      -0       1258.5755             1258.5755
 5.8727892e-264       620.91925       0.2685723      0.93664704       3.0526435     -0.84808365     -0.34000692       2.6892071        2.6892071                      -0       1236.4601             1236.4601
  2.168134e-193       458.20903        0.269595       0.9130717       3.0370553      -0.9229736     -0.26881123       2.6892071        2.6892071                      -0       911.03965             911.03965
 1.5897139e-156       373.21834      0.23543688      0.92070621       3.1952642     -0.87945804     -0.70685045       2.6892071        2.6892071                      -0       741.05826             741.05826
 5.2296408e-142       339.79136      0.25181502      0.93942257       3.1105657     -0.72772884     -0.67047451       2.6892071        2.6892071                      -0        674.2043              674.2043
 1.3607737e-138       331.80952      0.26241143       0.9289767       3.0423364      -0.9525898     -0.30374622       2.6892071        2.6892071                      -0       658.24063             658.24063
 1.2303805e-131       315.79216      0.25196553      0.91424645       3.1108996      -0.9324587     -0.52483217       2.6892071        2.6892071                      -0        626.2059              626.2059
 7.0018012e-114       274.65805      0.24880694      0.93605351        3.126098      -0.7875998     -0.65656026       2.6892071        2.6892071                      -0       543.93769             543.93769
  1.2355727e-95       232.32511      0.24904664       0.9278817       3.1356222      -0.9038103     -0.39926145       2.6892071        2.6892071                      -0       459.27181             459.27181
  2.7741952e-72       178.15137      0.27412252      0.96628746       3.0040223      -0.6726131     -0.48913306       2.6892071        2.6892071                      -0       350.92432             350.92432
   2.808119e-70       173.46505      0.26538524      0.95134829       3.0542209     -0.94117159     0.068001789       2.6892071        2.6892071                      -0       341.55168             341.55168
  4.8266928e-64        159.0389      0.25649007      0.93608034       3.0886222     -0.90187088     -0.17505604       2.6892071        2.6892071                      -0       312.69938             312.69938
  2.9114771e-63       157.24181      0.29373488       0.9533727         2.85207     -0.62490811      -1.1133389       2.6892071        2.6892071                      -0       309.10521             309.10521
  2.9938593e-53       134.04496      0.28454821      0.95719324       2.9549894     -0.80425595      -0.2213475       2.6892071        2.6892071                      -0        262.7115              262.7115
  9.4335496e-53       132.82826      0.24341465      0.94080604        3.160408     -0.92049299     -0.30096179       2.6892071        2.6892071                      -0        260.2781              260.2781
  4.4708039e-49       124.17047      0.28337012      0.97177074       2.9348525     -0.76027452      -0.3687705       2.6892071        2.6892071                      -0       242.96252             242.96252
  1.7240733e-48       122.82076      0.25386083      0.93352925       3.1021759     -0.88893563     -0.25447674       2.6892071        2.6892071                      -0        240.2631              240.2631
  2.7632881e-45       115.31611      0.26506599      0.92276833       3.0704978     -0.86148951      -0.1535501       2.6892071        2.6892071                      -0        225.2538              225.2538
  3.0854419e-45       115.20583      0.26291298      0.93594181       3.0611707     -0.73370416     -0.49124823       2.6892071        2.6892071                      -0       225.03326             225.03326
  1.0297663e-44       114.00061      0.28646267      0.96001912       2.9445291     -0.69359243     -0.47521976       2.6892071        2.6892071                      -0       222.62281             222.62281
  7.1522747e-44       112.06251       0.2578222      0.96443329       3.0780014     -0.81414676     -0.24881258       2.6892071        2.6892071                      -0       218.74661             218.74661
  1.9977536e-43       110.96123      0.25770723      0.92486496       3.0677121     -0.84553343     -0.70587199       2.6892071        2.6892071                      -0       216.54404             216.54404
  2.0597993e-43       110.93064      0.25596561      0.93053272       3.0884481     -0.89733881     -0.39946735       2.6892071        2.6892071                      -0       216.48287             216.48287
  5.3417306e-41       105.37253      0.27382141       0.9815477       2.9572851     -0.77249038     -0.68676909       2.6892071        2.6892071                      -0       205.36665             205.36665
  8.6084525e-38       97.820528      0.24969081      0.95369988       3.0880105     -0.95583261     -0.51077488       2.6892071        2.6892071                      -0       190.26264             190.26264
  2.0063214e-33       87.609893      0.25524382      0.92915066       3.0847595     -0.85145251     -0.58867503       2.6892071        2.6892071                      -0       169.84137             169.84137
  1.4245803e-32       85.649734      0.25209375      0.96625268       3.0836151     -0.98940369     -0.26790802       2.6892071        2.6892071                      -0       165.92105             165.92105
  7.3374535e-29       77.022821      0.25497969       0.9757798       3.1023525     -0.91280397    -0.087168149       2.6892071        2.6892071                      -0       148.66723             148.66723
  1.3262892e-28       76.430843      0.25435665      0.93721086       3.0762604     -0.79508083     -0.80740687       2.6892071        2.6892071                      -0       147.48327             147.48327
  1.5444923e-28       76.191521      0.25553535      0.96075746       3.0532122      -0.8639367     -0.55576252       2.6892071        2.6892071                      -0       147.00463             147.00463
  1.5633431e-26       71.407166      0.24459509      0.97340292       3.1041948     -0.96525099     -0.48214553       2.6892071        2.6892071                      -0       137.43592             137.43592
   2.167887e-26       71.000196      0.25976935       0.9558101       3.0670114     -0.78191536     -0.44246168       2.6892071        2.6892071                      -0       136.62198             136.62198
  1.7794356e-22       61.833162       0.2884419      0.93734636       2.9609322     -0.69627248     -0.28938334       2.6892071        2.6892071                      -0       118.28791             118.28791
  5.7370732e-22       60.588401      0.26759041      0.96419275       3.0011465     -0.76333252      -0.7281803       2.6892071        2.6892071                      -0       115.79839             115.79839
  3.3181853e-21       58.833347      0.25791271       0.9529465       3.0483325     -0.77094624     -0.77060807       2.6892071        2.6892071                      -0       112.28828             112.28828
  2.2895807e-20       56.678668        0.253645      0.95129994       3.0747846     -0.91594202     -0.55381205       2.6892071        2.6892071                      -0       107.97892             107.97892
  8.8895672e-20       55.188627      0.26536417      0.93228486       3.0617938     -0.80213176     -0.25631844       2.6892071        2.6892071                      -0       104.99884             104.99884
  1.4273174e-18          52.348      0.27734169      0.95904309        2.943206     -0.73985433     -0.76794808       2.6892071        2.6892071                      -0       99.317585             99.317585
  3.2840964e-18       51.450166      0.27111545      0.93352863       3.0349867      -0.7850034     -0.32168942       2.6892071        2.6892071                      -0       97.521919             97.521919
  4.7995394e-18         51.0062      0.28033239      0.94418068       2.9881533     -0.69562505     -0.43384796       2.6892071        2.6892071                      -0       96.633985             96.633985
  7.5058715e-18       50.433871      0.27385429      0.97201468       2.9832594     -0.81337847     -0.31828246       2.6892071        2.6892071                      -0       95.489327             95.489327
  5.9149132e-17       48.369494      0.28767511      0.91087551        2.950171     -0.61412355     -0.69304966       2.6892071        2.6892071                      -0       91.360575             91.360575
  9.0941021e-17       47.874807      0.25068509      0.94789027       3.0960865     -0.87571033      -0.6049816       2.6892071        2.6892071                      -0       90.371199             90.371199
  6.3973534e-16         45.7988      0.29835689      0.91977903       2.8956268      -0.5726421      -0.8221326       2.6892071        2.6892071                      -0       86.219186             86.219186
  8.6120661e-16        45.50152      0.28477357      0.93164659       2.9653632     -0.69515287     -0.41027814       2.6892071        2.6892071                      -0       85.624626             85.624626
   1.127014e-14       42.747621      0.28147503       0.9165415       2.9748678      -0.6566349     -0.69872227       2.6892071        2.6892071                      -0       80.116828             80.116828
  1.3497596e-14       42.567266      0.28810416      0.94102905       2.8979379     -0.60535871      -1.0873903       2.6892071        2.6892071                      -0       79.756118             79.756118
  1.4921802e-14       42.466954      0.26672822      0.94046214       3.0629291      -0.8462861    -0.090612412       2.6892071        2.6892071                      -0       79.555495             79.555495
  1.9515107e-14       42.198589       0.2721863      0.95295756       3.0002951     -0.75254496     -0.42960306       2.6892071        2.6892071                      -0       79.018764             79.018764
  9.3754914e-14       40.560101      0.28318707      0.93023078       2.9813877      -0.6703483      -0.4204739       2.6892071        2.6892071                      -0       75.741788             75.741788
  2.1099421e-13       39.679961      0.28738072      0.93450742       2.9334103     -0.66928053     -0.69768033       2.6892071        2.6892071                      -0       73.981509             73.981509
  3.3117576e-13       39.229143       0.2931264      0.92069163       2.9164838     -0.58959141     -0.82166085       2.6892071        2.6892071                      -0       73.079872             73.079872
  4.8258601e-12       36.406947      0.28015726      0.94843696       2.9263948      -0.6620994      -1.1025522       2.6892071        2.6892071                      -0        67.43548              67.43548
  1.5408749e-10       32.809884      0.27486116      0.93262458       2.9559551      -0.6634672      -1.2863702       2.6892071        2.6892071                      -0       60.241354             60.241354
  2.0155592e-10       32.476799      0.27785492      0.93597665       2.9725997     -0.71433155     -0.58930194       2.6892071        2.6892071                      -0       59.575184             59.575184
  2.7646928e-10       32.160766      0.26521309      0.94422879       3.0298321     -0.78726414     -0.61985243       2.6892071        2.6892071                      -0       58.943118             58.943118
  3.0435076e-10       32.064685      0.26358264      0.95503316       3.0172118     -0.75531334     -0.78794527       2.6892071        2.6892071                      -0       58.750956             58.750956
  2.8678999e-10       32.050008      0.26658667      0.97546489       3.0032421     -0.82706128     -0.49168456       2.6892071        2.6892071                      -0       58.721602             58.721602
  4.3194185e-10       31.640467      0.28818654      0.93538172          2.9273     -0.68041887      -0.6345725       2.6892071        2.6892071                      -0        57.90252              57.90252
  1.0636471e-09       30.739299      0.26461248      0.94965236       3.0284237     -0.85087902     -0.42587709       2.6892071        2.6892071                      -0       56.100184             56.100184
  1.1497919e-09       30.574411      0.28543131      0.92746715       2.9100103     -0.62775584      -1.1587237       2.6892071        2.6892071                      -0       55.770407             55.770407
  1.6426084e-09       30.130695      0.26479881      0.93869795       3.0224203     -0.77893986     -0.79347609       2.6892071        2.6892071                      -0       54.882975             54.882975
  4.9472831e-09       29.028142      0.25844414      0.96046268       3.0763683     -0.92371362     -0.12675129       2.6892071        2.6892071                      -0       52.677869             52.677869
   6.325191e-09        28.78244      0.27892866      0.92612034       2.9536276     -0.68410626     -0.88891278       2.6892071        2.6892071                      -0       52.186465             52.186465
  1.5760754e-08       27.764097      0.26531371      0.96049361       3.0006511     -0.75924812     -0.88810218       2.6892071        2.6892071                      -0       50.149779             50.149779
  1.5689784e-08       27.663249      0.26534789      0.94340051       3.0070284     -0.79923014     -0.84087287       2.6892071        2.6892071                      -0       49.948084             49.948084
  3.0776645e-08       26.989503      0.26725803      0.93217174       2.9947654      -0.7316412       -1.108754       2.6892071        2.6892071                      -0       48.600592             48.600592
  4.9253301e-08       26.519283      0.27565882      0.92494121       2.9770657     -0.72319336     -0.78195509       2.6892071        2.6892071                      -0       47.660151             47.660151
  1.6783299e-07        25.29329        0.256757      0.94942598       3.0419802     -0.79656466     -0.99423885       2.6892071        2.6892071                      -0       45.208165             45.208165
  2.1213148e-07       25.059053      0.25578907      0.95129477       3.0817918     -0.87017784     -0.39380289       2.6892071        2.6892071                      -0       44.739691             44.739691
  3.2346809e-06        21.86457      0.27879936      0.94041391       2.9616978     -0.72692635     -0.68852303       2.6892071        2.6892071                      -0       38.350725             38.350725
  4.7547883e-06       21.345817      0.25650436       0.9527007       3.0668765     -0.83905835     -0.56560857       2.6892071        2.6892071                      -0       37.313219             37.313219
  5.0812976e-06       21.279402      0.25962739      0.96269139       3.0418191     -0.83090736     -0.62576665       2.6892071        2.6892071                      -0        37.18039              37.18039
  6.2511177e-06       21.072208      0.25511991      0.95647463        3.094958     -0.91909935     -0.14112188       2.6892071        2.6892071                      -0       36.766003             36.766003
  9.6614652e-06       20.300351      0.28390689      0.93115575       2.9262679     -0.65983362     -0.97924208       2.6892071        2.6892071                      -0       35.222288             35.222288
  1.7988067e-05       19.678788      0.26584727      0.95188458       3.0363465     -0.79313214     -0.43167518       2.6892071        2.6892071                      -0       33.979162             33.979162
  2.3122892e-05       19.245352      0.26261595      0.95281067       3.0605581     -0.85919799     -0.23798705       2.6892071        2.6892071                      -0       33.112289             33.112289
   4.418202e-05       18.597857      0.26946741      0.94482649       3.0071168     -0.77600379     -0.61769676       2.6892071        2.6892071                      -0         31.8173               31.8173
  5.2965775e-05       18.416529      0.26908973      0.93918192       3.0113319     -0.79241967     -0.56219126       2.6892071        2.6892071                      -0       31.454644             31.454644
  0.00072750181       15.508876       0.2563269      0.97354653       3.0469349     -0.85790491     -0.61408974       2.6892071        2.6892071                      -0       25.639339             25.639339
   0.0052331392       12.842579      0.25971837      0.94956179       3.0447214     -0.83016284     -0.61725121       2.6892071        2.6892071                      -0       20.306744             20.306744
   0.0079633496       12.240419      0.26916344      0.94225094        3.000684     -0.75236885     -0.75905396       2.6892071        2.6892071                      -0       19.102424             19.102424
    0.011118793       11.906632      0.26438738      0.94433537       3.0254244     -0.79090623     -0.67229523       2.6892071        2.6892071                      -0        18.43485              18.43485
    0.021468027       11.025561      0.25643416      0.96252756       3.0532001     -0.86538143     -0.57561698       2.6892071        2.6892071                      -0       16.672707             16.672707
    0.028369692       10.746804      0.26555978      0.94433735       3.0182417     -0.78525979     -0.69283293       2.6892071        2.6892071                      -0       16.115194             16.115194
    0.040456852       9.5445914      0.26568759      0.95727779       3.0079338      -0.7935829      -0.6835283       2.6892071        2.6892071                      -0       13.710769             13.710769
    0.041237079       9.2378075      0.26004963      0.95278239       3.0543668     -0.84781145     -0.44406466       2.6892071        2.6892071                      -0       13.097201             13.097201
    0.049668641       8.9182402      0.26271679      0.96149735       3.0290464     -0.82478293      -0.5589069       2.6892071        2.6892071                      -0       12.458066             12.458066
    0.062504882       8.5548379       0.2705304       0.9544685       3.0038134     -0.79075994     -0.44743492       2.6892071        2.6892071                      -0       11.731262             11.731262
    0.070365184        8.436384      0.27218893      0.94294868       3.0017866       -0.755888     -0.53702453       2.6892071        2.6892071                      -0       11.494354             11.494354
    0.086325697       7.7211296       0.2656025      0.95589365       3.0180515     -0.80295801     -0.53924496       2.6892071        2.6892071                      -0       10.063845             10.063845
    0.088103189       7.7007482      0.26745515      0.94745932        3.017842     -0.78478727     -0.52418734       2.6892071        2.6892071                      -0       10.023082             10.023082
    0.088757128       7.6933532      0.26905955      0.95682406       3.0054701     -0.78764324     -0.50799155       2.6892071        2.6892071                      -0       10.008292             10.008292
    0.093698006       7.6391801      0.26632293      0.95932601       3.0230451     -0.82138185     -0.41939498       2.6892071        2.6892071                      -0       9.8999459             9.8999459
    0.095671334       7.6183382      0.27232954       0.9445941        2.997172     -0.75163545     -0.55429969       2.6892071        2.6892071                      -0       9.8582623             9.8582623
     0.16485258       6.8918838      0.26672459      0.94766303       3.0224823     -0.79640403     -0.51789468       2.6892071        2.6892071                      -0       8.4053533             8.4053533
      0.1923957        6.400909      0.26173697      0.96571161       3.0362775      -0.8429239     -0.44541229       2.6892071        2.6892071                      -0       7.4234037             7.4234037
     0.15053729       6.3585703      0.27047263      0.94773284       3.0112775     -0.77803843     -0.44614115       2.6892071        2.6892071                      -0       7.3387263             7.3387263
     0.15455186       6.3322514      0.26701033      0.95161691       3.0097996     -0.78783907     -0.62718542       2.6892071        2.6892071                      -0       7.2860886             7.2860886
     0.15500677       6.3293123      0.26635434      0.94891259       3.0261837     -0.79977617     -0.48432754       2.6892071        2.6892071                      -0       7.2802104             7.2802104
      0.2070354       5.7034191      0.26482153      0.95398113       3.0236952     -0.79997485     -0.56088882       2.6892071        2.6892071                      -0       6.0284239             6.0284239
     0.18755301       5.6480967      0.26720412      0.95138457       3.0134695     -0.78915044      -0.5627487       2.6892071        2.6892071                      -0       5.9177791             5.9177791
     0.17835751       5.5442175      0.26770307      0.95607879       3.0147004     -0.79981493     -0.47333143       2.6892071        2.6892071                      -0       5.7100208             5.7100208
     0.15817189         5.25886      0.26392734      0.95809622       3.0309637      -0.8150206     -0.48602634       2.6892071        2.6892071                      -0       5.1393058             5.1393058
     0.16469522       5.2184458      0.26432026       0.9573865       3.0263648     -0.81913973     -0.49457183       2.6892071        2.6892071                      -0       5.0584773             5.0584773
     0.17802052       5.1406436      0.26265682      0.96216172       3.0380331     -0.83316845     -0.40736399       2.6892071        2.6892071                      -0       4.9028729             4.9028729
     0.15362087        5.133904      0.26319684      0.95454765       3.0474122     -0.82972083     -0.34635558       2.6892071        2.6892071                      -0       4.8893938             4.8893938
     0.15649584       5.1153623      0.26380991       0.9587205       3.0457421     -0.84742532     -0.26846666       2.6892071        2.6892071                      -0       4.8523104             4.8523104
     0.13465514       4.9292025       0.2660628      0.95816386       3.0305555     -0.81741621     -0.35221421       2.6892071        2.6892071                      -0       4.4799907             4.4799907
     0.14126666       4.7271195      0.26485251      0.95553818       3.0425988     -0.82612001     -0.31003163       2.6892071        2.6892071                      -0       4.0758247             4.0758247
     0.15104494       4.6601914      0.26212381      0.96011604       3.0549528     -0.84864465     -0.25546406       2.6892071        2.6892071                      -0       3.9419685             3.9419685
     0.13430457       4.5953371       0.2614726      0.95852744       3.0394161     -0.83455319     -0.49861044       2.6892071        2.6892071                      -0       3.8122599             3.8122599
     0.14808725       4.4976456      0.26070348      0.96176493       3.0465168     -0.84011093     -0.43466539       2.6892071        2.6892071                      -0        3.616877              3.616877
     0.18933475       4.2519306      0.26417674      0.95979226       3.0336925     -0.83159861      -0.3890487       2.6892071        2.6892071                      -0        3.125447              3.125447
     0.16452815       4.1046835      0.26225116      0.96131797       3.0404749     -0.83612853     -0.42011391       2.6892071        2.6892071                      -0       2.8309527             2.8309527
     0.12798421       4.0681762      0.26250549      0.96127412       3.0461621      -0.8369061      -0.3456101       2.6892071        2.6892071                      -0       2.7579382             2.7579382
     0.13277306       4.0314417       0.2629772      0.95831472       3.0372468     -0.83203469     -0.42826716       2.6892071        2.6892071                      -0       2.6844692             2.6844692
    0.068495514       4.0001676      0.26327949      0.95865242        3.047686     -0.84371726     -0.28671994       2.6892071        2.6892071                      -0       2.6219211             2.6219211
    0.077061584        3.882331      0.26177687      0.96064969       3.0434517     -0.83726909     -0.41167463       2.6892071        2.6892071                      -0       2.3862478             2.3862478
    0.077695893       3.8741335      0.26306104      0.96091578       3.0436155     -0.83576988     -0.33780081       2.6892071        2.6892071                      -0       2.3698528             2.3698528
