  0.253768814436956E+000  0.988818628835722E+000  0.311550282951663E+001  0.306525160253261E+000 -0.210119967522842E+002 -0.210119967522842E+002 -0.245840810085197E+002
  0.253398660836047E+000  0.988403808838239E+000  0.311729974360600E+001  0.306525160253261E+000 -0.208792502826125E+002 -0.208792502826125E+002 -0.213343353068619E+002
  0.253616209023245E+000  0.990385769859949E+000  0.311487082766985E+001  0.306525160253261E+000 -0.211662483664631E+002 -0.211662483664631E+002 -0.228645520071427E+002
  0.253026969773416E+000  0.988192872973946E+000  0.311954427153174E+001  0.306525160253261E+000 -0.209179257493552E+002 -0.209179257493552E+002 -0.212739039063232E+002
  0.253034052746922E+000  0.987799625398754E+000  0.311993145400393E+001  0.306525160253261E+000 -0.208712588542607E+002 -0.208712588542607E+002 -0.214800002602290E+002
  0.253051140094999E+000  0.990257648847572E+000  0.311900174370326E+001  0.306525160253261E+000 -0.211929972001497E+002 -0.211929972001497E+002 -0.215912107399793E+002
  0.252499183748134E+000  0.988658844090824E+000  0.312252042718026E+001  0.306525160253261E+000 -0.211250734643365E+002 -0.211250734643365E+002 -0.219555083191043E+002
  0.253751468657895E+000  0.988649732239955E+000  0.311541938624400E+001  0.306525160253261E+000 -0.209484207080704E+002 -0.209484207080704E+002 -0.215011143339276E+002
  0.252900352567500E+000  0.988285862549647E+000  0.311999537218802E+001  0.306525160253261E+000 -0.211066271620788E+002 -0.211066271620788E+002 -0.216052580057149E+002
  0.253208282642040E+000  0.988099010448332E+000  0.311908239015429E+001  0.306525160253261E+000 -0.208560934010732E+002 -0.208560934010732E+002 -0.212830947896383E+002
  0.253419553851159E+000  0.989182628955517E+000  0.311717349142035E+001  0.306525160253261E+000 -0.208499113227434E+002 -0.208499113227434E+002 -0.222713841595371E+002
  0.252833256802347E+000  0.987837722360522E+000  0.312121861965698E+001  0.306525160253261E+000 -0.209268925367520E+002 -0.209268925367520E+002 -0.223795699986871E+002
  0.253101016991360E+000  0.988747055134615E+000  0.311859584739573E+001  0.306525160253261E+000 -0.210294347951004E+002 -0.210294347951004E+002 -0.216751062945854E+002
  0.252590458462446E+000  0.988702012255623E+000  0.312248687178450E+001  0.306525160253261E+000 -0.211600880685877E+002 -0.211600880685877E+002 -0.219512829538232E+002
  0.253702290557372E+000  0.988761677651958E+000  0.311604757941541E+001  0.306525160253261E+000 -0.210360304419893E+002 -0.210360304419893E+002 -0.214257954980462E+002
  0.252798786751837E+000  0.986255004971774E+000  0.312217707744878E+001  0.306525160253261E+000 -0.212292767641274E+002 -0.212292767641274E+002 -0.268086136245633E+002
  0.253008799885664E+000  0.987558845517171E+000  0.312086954766718E+001  0.306525160253261E+000 -0.210994693928167E+002 -0.210994693928167E+002 -0.216634330157812E+002
  0.253442141211255E+000  0.989441875245867E+000  0.311741716853598E+001  0.306525160253261E+000 -0.212016128391524E+002 -0.212016128391524E+002 -0.217552289928915E+002
  0.253123051682553E+000  0.990179191269678E+000  0.311767930630872E+001  0.306525160253261E+000 -0.211537728619732E+002 -0.211537728619732E+002 -0.213300828172884E+002
  0.253337522206318E+000  0.988699195847741E+000  0.311810618916768E+001  0.306525160253261E+000 -0.208860853516932E+002 -0.208860853516932E+002 -0.213655895427843E+002
  0.253420563648552E+000  0.987892923660939E+000  0.311771261121324E+001  0.306525160253261E+000 -0.208342867475706E+002 -0.208342867475706E+002 -0.213148824349120E+002
  0.253252345835994E+000  0.989330786748195E+000  0.311812721958100E+001  0.306525160253261E+000 -0.208973911711932E+002 -0.208973911711932E+002 -0.216996041872391E+002
  0.253702721756855E+000  0.988046934953880E+000  0.311548939152886E+001  0.306525160253261E+000 -0.211923373104509E+002 -0.211923373104509E+002 -0.216255333149535E+002
  0.252992473468574E+000  0.986704076347446E+000  0.312139425305038E+001  0.306525160253261E+000 -0.211906322472709E+002 -0.211906322472709E+002 -0.215415001784777E+002
  0.253070733156065E+000  0.988367131521945E+000  0.312000271978586E+001  0.306525160253261E+000 -0.210057652079854E+002 -0.210057652079854E+002 -0.215748880358513E+002
  0.252452427965906E+000  0.988549711964910E+000  0.312297958605448E+001  0.306525160253261E+000 -0.211537406317869E+002 -0.211537406317869E+002 -0.212422223853314E+002
  0.253384330145018E+000  0.987379758946884E+000  0.311893156746750E+001  0.306525160253261E+000 -0.211950829741831E+002 -0.211950829741831E+002 -0.214983840047297E+002
  0.253563991354306E+000  0.988034851114828E+000  0.311652667910880E+001  0.306525160253261E+000 -0.209582373168725E+002 -0.209582373168725E+002 -0.213057153601324E+002
  0.252910046702193E+000  0.988630132018284E+000  0.312087701479657E+001  0.306525160253261E+000 -0.211379962735965E+002 -0.211379962735965E+002 -0.213570463356965E+002
  0.253666656181064E+000  0.986994045815356E+000  0.311674482100189E+001  0.306525160253261E+000 -0.210540475869915E+002 -0.210540475869915E+002 -0.233655206163649E+002
  0.253708024121175E+000  0.987600202426543E+000  0.311578500617907E+001  0.306525160253261E+000 -0.211776847490522E+002 -0.211776847490522E+002 -0.218813945433986E+002
  0.253065551567862E+000  0.987700891127504E+000  0.311973757921223E+001  0.306525160253261E+000 -0.208905464986816E+002 -0.208905464986816E+002 -0.216605783376992E+002
  0.252749965057897E+000  0.989018110129720E+000  0.312156138517201E+001  0.306525160253261E+000 -0.212019425792663E+002 -0.212019425792663E+002 -0.214865432247692E+002
  0.253739499789962E+000  0.989419794013464E+000  0.311494621392448E+001  0.306525160253261E+000 -0.209957272102824E+002 -0.209957272102824E+002 -0.212638526895892E+002
  0.253159368343796E+000  0.987532387734717E+000  0.311909217619430E+001  0.306525160253261E+000 -0.209879924759920E+002 -0.209879924759920E+002 -0.219471889986721E+002
  0.254019011097833E+000  0.987774138852721E+000  0.311455557975810E+001  0.306525160253261E+000 -0.212008810029057E+002 -0.212008810029057E+002 -0.213961127404297E+002
  0.252909340740964E+000  0.990414663798065E+000  0.311931547271546E+001  0.306525160253261E+000 -0.210962970235993E+002 -0.210962970235993E+002 -0.212802535003656E+002
  0.252740963154946E+000  0.986669485739714E+000  0.312267533894377E+001  0.306525160253261E+000 -0.211868177336965E+002 -0.211868177336965E+002 -0.214421975161794E+002
  0.253338121555338E+000  0.988714484317354E+000  0.311724182702039E+001  0.306525160253261E+000 -0.210281009885490E+002 -0.210281009885490E+002 -0.212654181996019E+002
  0.253795155116449E+000  0.989925290076230E+000  0.311447728635929E+001  0.306525160253261E+000 -0.210910385564166E+002 -0.210910385564166E+002 -0.213356095159092E+002
  0.253512430732428E+000  0.990595567814642E+000  0.311544984687339E+001  0.306525160253261E+000 -0.211300672804464E+002 -0.211300672804464E+002 -0.218294617576123E+002
  0.253373332708254E+000  0.989914201627608E+000  0.311663555091345E+001  0.306525160253261E+000 -0.209754673710005E+002 -0.209754673710005E+002 -0.212417834272794E+002
  0.253612778847267E+000  0.986743165981738E+000  0.311759082039840E+001  0.306525160253261E+000 -0.211016460747365E+002 -0.211016460747365E+002 -0.215820858619615E+002
  0.253253479432964E+000  0.989257499188945E+000  0.311746407734920E+001  0.306525160253261E+000 -0.210227052990322E+002 -0.210227052990322E+002 -0.220417380789704E+002
  0.253092146221636E+000  0.988771777675089E+000  0.311936317734919E+001  0.306525160253261E+000 -0.208569099076306E+002 -0.208569099076306E+002 -0.221167929628346E+002
  0.253244473902600E+000  0.987172440280794E+000  0.311909361336931E+001  0.306525160253261E+000 -0.209326160430096E+002 -0.209326160430096E+002 -0.215657539997274E+002
  0.253692538428565E+000  0.989457230749474E+000  0.311494243805161E+001  0.306525160253261E+000 -0.210653876301854E+002 -0.210653876301854E+002 -0.214285922053479E+002
  0.253129483365638E+000  0.987050618694727E+000  0.312048760051084E+001  0.306525160253261E+000 -0.211602300868287E+002 -0.211602300868287E+002 -0.214340623527367E+002
  0.253015615122435E+000  0.989838174421013E+000  0.311848699826070E+001  0.306525160253261E+000 -0.211218655922441E+002 -0.211218655922441E+002 -0.218658399886667E+002
  0.253752204609634E+000  0.987566108479043E+000  0.311552767706240E+001  0.306525160253261E+000 -0.212259707473175E+002 -0.212259707473175E+002 -0.213168343802972E+002
  0.253780149684394E+000  0.988783053458169E+000  0.311492531030034E+001  0.306525160253261E+000 -0.210236265592315E+002 -0.210236265592315E+002 -0.212739988293321E+002
  0.252839706263187E+000  0.986819010539119E+000  0.312174070963320E+001  0.306525160253261E+000 -0.210639566498209E+002 -0.210639566498209E+002 -0.213325230707618E+002
  0.253451745366729E+000  0.987755868922233E+000  0.311741146004964E+001  0.306525160253261E+000 -0.209065729766079E+002 -0.209065729766079E+002 -0.233988451557013E+002
  0.253266651672910E+000  0.987996888659997E+000  0.311897265846549E+001  0.306525160253261E+000 -0.209342449527456E+002 -0.209342449527456E+002 -0.260551127121605E+002
  0.253393684321517E+000  0.988270682903364E+000  0.311805485764251E+001  0.306525160253261E+000 -0.208917561383422E+002 -0.208917561383422E+002 -0.216246487537195E+002
  0.253648729107227E+000  0.987595899943755E+000  0.311630766324579E+001  0.306525160253261E+000 -0.210292829189896E+002 -0.210292829189896E+002 -0.214810838028890E+002
  0.252950303231871E+000  0.988728380611749E+000  0.311969441449310E+001  0.306525160253261E+000 -0.209273780985774E+002 -0.209273780985774E+002 -0.212966673587469E+002
  0.253237924541880E+000  0.988291387341803E+000  0.311837458079617E+001  0.306525160253261E+000 -0.208547777732866E+002 -0.208547777732866E+002 -0.213290789925660E+002
  0.253075432925028E+000  0.989018196230920E+000  0.311870628433079E+001  0.306525160253261E+000 -0.209606884924714E+002 -0.209606884924714E+002 -0.212689532591506E+002
  0.253186263547037E+000  0.988870643813114E+000  0.311792832116398E+001  0.306525160253261E+000 -0.211230639853451E+002 -0.211230639853451E+002 -0.222026361630912E+002
  0.253182321440876E+000  0.988816874876398E+000  0.311893900203632E+001  0.306525160253261E+000 -0.209064420609070E+002 -0.209064420609070E+002 -0.212433219873471E+002
  0.253194054787849E+000  0.988817322966590E+000  0.311905283882693E+001  0.306525160253261E+000 -0.210230070032327E+002 -0.210230070032327E+002 -0.214196938421563E+002
  0.252861117392521E+000  0.987268402413277E+000  0.312184591125229E+001  0.306525160253261E+000 -0.211547403016953E+002 -0.211547403016953E+002 -0.252632946690906E+002
  0.253152295973702E+000  0.990145442212539E+000  0.311846197257956E+001  0.306525160253261E+000 -0.211363713268127E+002 -0.211363713268127E+002 -0.212305177508269E+002
