  0.100000000000000E+001  0.890053860298941E+001  0.260884805742509E+000  0.954218123696504E+000  0.299978284498964E+001  0.385651872790739E+000  0.529668711567471E+000 -0.445026930149470E+001
  0.100000000000000E+001  0.101244841107599E+002  0.255814662835943E+000  0.988457159755910E+000  0.308000965251109E+001  0.575138416777574E+000  0.529668711567471E+000 -0.506224205537994E+001
  0.100000000000000E+001  0.800744174490141E+001  0.260329187103060E+000  0.941041312465568E+000  0.299443898758212E+001  0.344336029097823E+000  0.529668711567471E+000 -0.400372087245071E+001
  0.100000000000000E+001  0.727209604388601E+001  0.260360974133065E+000  0.942031743002168E+000  0.299409876246991E+001  0.346075800543050E+000  0.529668711567471E+000 -0.363604802194301E+001
  0.100000000000000E+001  0.669100656857514E+001  0.260856806831113E+000  0.944024226785031E+000  0.299723166234563E+001  0.363228428929138E+000  0.529668711567471E+000 -0.334550328428757E+001
  0.100000000000000E+001  0.645286812536947E+001  0.260423503248655E+000  0.942807903784843E+000  0.300225932460987E+001  0.368978329984074E+000  0.529668711567471E+000 -0.322643406268473E+001
  0.100000000000000E+001  0.715276112573138E+001  0.260082695436641E+000  0.966663041781140E+000  0.302726323748214E+001  0.460549160237450E+000  0.529668711567471E+000 -0.357638056286569E+001
  0.100000000000000E+001  0.648119534373494E+001  0.257387483007677E+000  0.978716077735927E+000  0.306525947547305E+001  0.535708942953125E+000  0.529668711567471E+000 -0.324059767186747E+001
  0.100000000000000E+001  0.615892545195753E+001  0.256883017654277E+000  0.991642023766543E+000  0.309463830214261E+001  0.637612396660092E+000  0.529668711567471E+000 -0.307946272597877E+001
  0.100000000000000E+001  0.558423257612474E+001  0.257205158079651E+000  0.995121413992747E+000  0.308822078309040E+001  0.632556768973717E+000  0.529668711567471E+000 -0.279211628806237E+001
  0.100000000000000E+001  0.548202553577826E+001  0.257516021721091E+000  0.994269806050803E+000  0.308776982541035E+001  0.634289227939906E+000  0.529668711567471E+000 -0.274101276788913E+001
  0.100000000000000E+001  0.641515385065933E+001  0.256708241400875E+000  0.961430635911462E+000  0.304787656754834E+001  0.458634627451002E+000  0.529668711567471E+000 -0.320757692532966E+001
  0.100000000000000E+001  0.594063188321315E+001  0.259615974595123E+000  0.964955720004213E+000  0.302752607740232E+001  0.457755159252444E+000  0.529668711567471E+000 -0.297031594160658E+001
  0.100000000000000E+001  0.572773300805983E+001  0.259080423022955E+000  0.951584799282262E+000  0.301846748377807E+001  0.405732820566301E+000  0.529668711567471E+000 -0.286386650402991E+001
  0.100000000000000E+001  0.557310052288793E+001  0.257898795836146E+000  0.962809546219161E+000  0.303088045426932E+001  0.433514407635057E+000  0.529668711567471E+000 -0.278655026144397E+001
  0.100000000000000E+001  0.552191515647176E+001  0.259032077896184E+000  0.959698382517001E+000  0.302019881283008E+001  0.416869481123588E+000  0.529668711567471E+000 -0.276095757823588E+001
  0.100000000000000E+001  0.501515560211532E+001  0.259743293374817E+000  0.951573600906572E+000  0.300696545088956E+001  0.383347125759952E+000  0.529668711567471E+000 -0.250757780105766E+001
  0.100000000000000E+001  0.487304296665536E+001  0.258884685735723E+000  0.948445420596456E+000  0.301688155304599E+001  0.389395227013768E+000  0.529668711567471E+000 -0.243652148332768E+001
  0.100000000000000E+001  0.446097398387387E+001  0.259265428353178E+000  0.957758687893993E+000  0.303275919075750E+001  0.447476740261913E+000  0.529668711567471E+000 -0.223048699193694E+001
  0.100000000000000E+001  0.402457155273158E+001  0.259946358394300E+000  0.965405413697283E+000  0.302670925480873E+001  0.457785695341932E+000  0.529668711567471E+000 -0.201228577636579E+001
  0.100000000000000E+001  0.371896428464858E+001  0.260327334382581E+000  0.958605098071055E+000  0.302604276737017E+001  0.451055146896560E+000  0.529668711567471E+000 -0.185948214232429E+001
  0.100000000000000E+001  0.366623033773794E+001  0.258081842306831E+000  0.957452833249967E+000  0.304311279284291E+001  0.457948386402303E+000  0.529668711567471E+000 -0.183311516886897E+001
  0.100000000000000E+001  0.323967860530428E+001  0.258506488733868E+000  0.965325783343117E+000  0.303391108335430E+001  0.452578011187997E+000  0.529668711567471E+000 -0.161983930265214E+001
  0.100000000000000E+001  0.304680523768872E+001  0.257870300755731E+000  0.965614003541836E+000  0.304017336756670E+001  0.458708735485258E+000  0.529668711567471E+000 -0.152340261884436E+001
  0.100000000000000E+001  0.526704407814562E+001  0.256306846350559E+000  0.972052497702907E+000  0.307260356927174E+001  0.533695067915955E+000  0.529668711567471E+000 -0.263352203907281E+001
  0.100000000000000E+001  0.516218257901128E+001  0.259529567517651E+000  0.973141834164955E+000  0.305438066599866E+001  0.536824486535191E+000  0.529668711567471E+000 -0.258109128950564E+001
  0.100000000000000E+001  0.492828688518293E+001  0.259351541886608E+000  0.971458469480319E+000  0.303559824259468E+001  0.482263579926677E+000  0.529668711567471E+000 -0.246414344259147E+001
  0.100000000000000E+001  0.488305572761596E+001  0.258092038905270E+000  0.968899117960441E+000  0.304655788323996E+001  0.481743697485594E+000  0.529668711567471E+000 -0.244152786380798E+001
  0.100000000000000E+001  0.456269407279853E+001  0.257569433252811E+000  0.979732663806971E+000  0.306331279222429E+001  0.544254611865121E+000  0.529668711567471E+000 -0.228134703639926E+001
  0.100000000000000E+001  0.419591472867836E+001  0.257483118959659E+000  0.972671686999263E+000  0.306743768716130E+001  0.534872966201876E+000  0.529668711567471E+000 -0.209795736433918E+001
  0.100000000000000E+001  0.395707355262613E+001  0.257386240073557E+000  0.966040183488593E+000  0.304901945153665E+001  0.480154096694729E+000  0.529668711567471E+000 -0.197853677631307E+001
  0.100000000000000E+001  0.355114088373149E+001  0.258609327899387E+000  0.983632947074743E+000  0.306484647098398E+001  0.568297052947254E+000  0.529668711567471E+000 -0.177557044186574E+001
  0.100000000000000E+001  0.329317797777568E+001  0.257796745261223E+000  0.980515233405803E+000  0.305919213268666E+001  0.533637961241507E+000  0.529668711567471E+000 -0.164658898888784E+001
  0.100000000000000E+001  0.321432245983896E+001  0.256283653969895E+000  0.974965808620713E+000  0.307532831780981E+001  0.542478912984491E+000  0.529668711567471E+000 -0.160716122991948E+001
  0.100000000000000E+001  0.321118125236367E+001  0.258516878426082E+000  0.977540502017081E+000  0.306584735460827E+001  0.558805439592562E+000  0.529668711567471E+000 -0.160559062618184E+001
  0.100000000000000E+001  0.316032754443047E+001  0.257356873327083E+000  0.971032303098478E+000  0.304983563148980E+001  0.488241929604631E+000  0.529668711567471E+000 -0.158016377221524E+001
  0.100000000000000E+001  0.312407403465521E+001  0.257896040218394E+000  0.982830257885110E+000  0.306995772057052E+001  0.566817169123630E+000  0.529668711567471E+000 -0.156203701732761E+001
  0.100000000000000E+001  0.283799153504153E+001  0.258936377611331E+000  0.963434506467691E+000  0.302922812248069E+001  0.444739576118492E+000  0.529668711567471E+000 -0.141899576752076E+001
  0.100000000000000E+001  0.260858761474684E+001  0.258659975578475E+000  0.957293889308324E+000  0.303787649269594E+001  0.453326192621209E+000  0.529668711567471E+000 -0.130429380737342E+001
  0.100000000000000E+001  0.255199075419082E+001  0.259613523991524E+000  0.958082011150819E+000  0.302419641797894E+001  0.436721484541763E+000  0.529668711567471E+000 -0.127599537709541E+001
  0.100000000000000E+001  0.247360750088796E+001  0.258512604072234E+000  0.955777480065999E+000  0.303298696870300E+001  0.435350436294320E+000  0.529668711567471E+000 -0.123680375044398E+001
  0.100000000000000E+001  0.247187458355690E+001  0.259626741796736E+000  0.960202951193506E+000  0.302455445777499E+001  0.440746720095411E+000  0.529668711567471E+000 -0.123593729177845E+001
  0.100000000000000E+001  0.235362331212525E+001  0.257907002360784E+000  0.959157685350296E+000  0.303557029769851E+001  0.438059601423682E+000  0.529668711567471E+000 -0.117681165606262E+001
  0.100000000000000E+001  0.231475395297630E+001  0.258310334985602E+000  0.958917911970220E+000  0.304011574774226E+001  0.458222393880731E+000  0.529668711567471E+000 -0.115737697648815E+001
  0.100000000000000E+001  0.226689381463103E+001  0.258308949642608E+000  0.956147943932569E+000  0.303046077024138E+001  0.428725311138380E+000  0.529668711567471E+000 -0.113344690731552E+001
  0.100000000000000E+001  0.296005632693225E+001  0.256972753257435E+000  0.967126306839851E+000  0.306108479641615E+001  0.504609509427261E+000  0.529668711567471E+000 -0.148002816346613E+001
  0.100000000000000E+001  0.286968089138033E+001  0.259628173005025E+000  0.968668101055696E+000  0.304318631055730E+001  0.502408477659871E+000  0.529668711567471E+000 -0.143484044569016E+001
  0.100000000000000E+001  0.271852093432069E+001  0.257123235502430E+000  0.974594170165225E+000  0.307161063936726E+001  0.547587253237788E+000  0.529668711567471E+000 -0.135926046716035E+001
  0.100000000000000E+001  0.238214595765848E+001  0.258008612485755E+000  0.982317770936602E+000  0.306364824578018E+001  0.552863563623492E+000  0.529668711567471E+000 -0.119107297882924E+001
  0.100000000000000E+001  0.235404321137141E+001  0.258316855747692E+000  0.977684481957958E+000  0.306361870789822E+001  0.548065785252983E+000  0.529668711567471E+000 -0.117702160568571E+001
  0.100000000000000E+001  0.211906107494172E+001  0.256654084030501E+000  0.981407065053544E+000  0.307410483600673E+001  0.558706944878849E+000  0.529668711567471E+000 -0.105953053747086E+001
  0.100000000000000E+001  0.210774867616335E+001  0.257218291112738E+000  0.980142104393065E+000  0.307631936413669E+001  0.570997595887219E+000  0.529668711567471E+000 -0.105387433808167E+001
  0.100000000000000E+001  0.180158086164843E+001  0.259154874687245E+000  0.957393717584287E+000  0.302476110347075E+001  0.429229194523393E+000  0.529668711567471E+000 -0.900790430824217E+000
  0.100000000000000E+001  0.179697828267384E+001  0.259630724168040E+000  0.960134700810173E+000  0.303098487608764E+001  0.455072223349588E+000  0.529668711567471E+000 -0.898489141336919E+000
  0.100000000000000E+001  0.171295481551620E+001  0.258197218482373E+000  0.959298794303123E+000  0.304013188380782E+001  0.454510930686418E+000  0.529668711567471E+000 -0.856477407758099E+000
  0.100000000000000E+001  0.131867047631222E+001  0.258931752735294E+000  0.960883976494486E+000  0.303660695242029E+001  0.459029788604921E+000  0.529668711567471E+000 -0.659335238156112E+000
  0.100000000000000E+001  0.119595069897911E+001  0.257850608942222E+000  0.961517642156425E+000  0.304132656248421E+001  0.456317565265265E+000  0.529668711567471E+000 -0.597975349489557E+000
  0.100000000000000E+001  0.112367865669436E+001  0.258167701277274E+000  0.964477541588024E+000  0.304077920794935E+001  0.463640969972024E+000  0.529668711567471E+000 -0.561839328347181E+000
  0.100000000000000E+001  0.999983857672332E+000  0.258574634752075E+000  0.962326749191267E+000  0.303506449844116E+001  0.454286192999067E+000  0.529668711567471E+000 -0.499991928836166E+000
  0.100000000000000E+001  0.186564087776656E+001  0.257451388379270E+000  0.966540352145641E+000  0.305666416301505E+001  0.499625757494983E+000  0.529668711567471E+000 -0.932820438883281E+000
  0.100000000000000E+001  0.180279575138701E+001  0.257365700759056E+000  0.967819439871588E+000  0.305964963206866E+001  0.506272194800951E+000  0.529668711567471E+000 -0.901397875693504E+000
  0.100000000000000E+001  0.151887240665006E+001  0.258324591929809E+000  0.962115209852462E+000  0.304573246767322E+001  0.476190189226820E+000  0.529668711567471E+000 -0.759436203325028E+000
  0.100000000000000E+001  0.140802381529693E+001  0.258771616427125E+000  0.965516298806408E+000  0.304739321753257E+001  0.493461680290019E+000  0.529668711567471E+000 -0.704011907648463E+000
  0.100000000000000E+001  0.133110752541926E+001  0.258360468747156E+000  0.964106129192572E+000  0.304828827052634E+001  0.486657245034640E+000  0.529668711567471E+000 -0.665553762709631E+000
  0.100000000000000E+001  0.112229711326008E+001  0.258488128274856E+000  0.965981254151069E+000  0.304560248362904E+001  0.487056335631471E+000  0.529668711567471E+000 -0.561148556630040E+000
  0.100000000000000E+001  0.109655537238932E+001  0.258668122051697E+000  0.968973316809656E+000  0.304474737573102E+001  0.492387151564763E+000  0.529668711567471E+000 -0.548277686194659E+000
  0.100000000000000E+001  0.922870603320266E+000  0.258546599051565E+000  0.968032997722625E+000  0.305002562892883E+001  0.499803329795551E+000  0.529668711567471E+000 -0.461435301660133E+000
  0.100000000000000E+001  0.788322573342640E+000  0.258109246638384E+000  0.969277181697308E+000  0.304839693175613E+001  0.493470573485232E+000  0.529668711567471E+000 -0.394161286671320E+000
  0.100000000000000E+001  0.657346159370241E+000  0.257750134132617E+000  0.975804661543262E+000  0.306043601949562E+001  0.530075322741803E+000  0.529668711567471E+000 -0.328673079685121E+000
  0.100000000000000E+001  0.531438101718658E+000  0.257735374354209E+000  0.971960208358852E+000  0.305928293150797E+001  0.517881410255153E+000  0.529668711567471E+000 -0.265719050859329E+000
  0.100000000000000E+001  0.443025411151513E+000  0.257708586606809E+000  0.976538339535325E+000  0.306388587334436E+001  0.538370941888727E+000  0.529668711567471E+000 -0.221512705575757E+000
