  0.843359292401828E-301  0.141013669545916E+004  0.271353624097963E+000  0.109974934304010E+001  0.295305919669623E+001  0.720444791911282E+000  0.529668711567471E+000 -0.705068347729578E+003
  0.293685799375459E-299  0.140297457694551E+004  0.248790629601018E+000  0.107574236846845E+001  0.316236173220220E+001  0.777446639080533E+000  0.529668711567471E+000 -0.701487288472753E+003
  0.375930856871935E-294  0.137939339320038E+004  0.254409344202663E+000  0.899350384389838E+000  0.306714625406565E+001  0.317325058852810E+000  0.529668711567471E+000 -0.689696696600189E+003
  0.324536517053400E-291  0.136581035366923E+004  0.227195008244560E+000  0.952704970088491E+000  0.315686160871361E+001  0.253953742835033E+000  0.529668711567471E+000 -0.682905176834616E+003
  0.771503074096742E-290  0.135941175497939E+004  0.234148756821023E+000  0.103281933106341E+001  0.329130417065529E+001  0.780124183161236E+000  0.529668711567471E+000 -0.679705877489694E+003
  0.784727349758713E-285  0.133629036938024E+004  0.232739202801612E+000  0.100516495075461E+001  0.314673110684222E+001  0.361269314747640E+000  0.529668711567471E+000 -0.668145184690121E+003
  0.368029686975115E-283  0.132853283114345E+004  0.284397859014118E+000  0.106563147184161E+001  0.289449674029208E+001  0.678914653501959E+000  0.529668711567471E+000 -0.664266415571726E+003
  0.200479031930378E-270  0.126981898329561E+004  0.249044116902950E+000  0.103064054679893E+001  0.299759335837894E+001  0.311960266911575E+000  0.529668711567471E+000 -0.634909491647803E+003
  0.255182849752452E-270  0.126927489861093E+004  0.255792913949005E+000  0.105928533745080E+001  0.308040765179142E+001  0.786585406055625E+000  0.529668711567471E+000 -0.634637449305465E+003
  0.208323226217177E-241  0.113606919890057E+004  0.273289075079848E+000  0.937884532383224E+000  0.293046469012829E+001  0.304847277397847E+000  0.529668711567471E+000 -0.568034599450285E+003
  0.691483942612337E-233  0.109676679592732E+004  0.249084423186925E+000  0.101174977023455E+001  0.305713921347752E+001  0.494941500802278E+000  0.529668711567471E+000 -0.548383397963660E+003
  0.239860424689684E-217  0.102514009511291E+004  0.229451277812884E+000  0.983463443669501E+000  0.319511932010285E+001  0.418866680361753E+000  0.529668711567471E+000 -0.512570047556453E+003
  0.727704667988258E-214  0.100904336503826E+004  0.276880091448655E+000  0.100860015653394E+001  0.299709316086203E+001  0.684633718679441E+000  0.529668711567471E+000 -0.504521682519132E+003
  0.742250419420084E-209  0.985916388013666E+003  0.237202540271567E+000  0.905288922389793E+000  0.313890129758243E+001  0.330132332839090E+000  0.529668711567471E+000 -0.492958194006833E+003
  0.290680022534085E-204  0.964703920957270E+003  0.276625897985738E+000  0.984943766872330E+000  0.299686925330261E+001  0.746189738680001E+000  0.529668711567471E+000 -0.482351960478635E+003
  0.809460326395988E-203  0.957988918096678E+003  0.275588606704063E+000  0.829003240541952E+000  0.291038322464184E+001  0.199053119234206E+000  0.529668711567471E+000 -0.478994459048339E+003
  0.129388761862057E-186  0.883306574080872E+003  0.245719776206238E+000  0.943279819568974E+000  0.318795454298863E+001  0.571431582777459E+000  0.529668711567471E+000 -0.441653287040436E+003
  0.292396580311308E-186  0.881614451758894E+003  0.251381021440413E+000  0.914764181422523E+000  0.295069986240025E+001  0.141004204250024E+000  0.529668711567471E+000 -0.440807225879447E+003
  0.724508040793372E-181  0.856712293856545E+003  0.274363906710057E+000  0.100805330094116E+001  0.285071896346405E+001  0.296953575150743E+000  0.529668711567471E+000 -0.428356146928273E+003
  0.266279321586662E-173  0.821811283093542E+003  0.258811677025712E+000  0.977563451986549E+000  0.290541531120540E+001  0.147059472552260E+000  0.529668711567471E+000 -0.410905641546771E+003
  0.350551706144214E-172  0.816594644834809E+003  0.279210733721324E+000  0.917166749169876E+000  0.297505444020579E+001  0.525794307343960E+000  0.529668711567471E+000 -0.408297322417405E+003
  0.957374849098514E-171  0.809918557751650E+003  0.271063838816554E+000  0.947742124730588E+000  0.285020278960183E+001  0.208795589929040E+000  0.529668711567471E+000 -0.404959278875825E+003
  0.528268402627663E-167  0.792625514717871E+003  0.275632977449765E+000  0.101908576113565E+001  0.299328686110022E+001  0.783794761192998E+000  0.529668711567471E+000 -0.396312757358936E+003
  0.370618732905249E-165  0.784062492294117E+003  0.242311266020658E+000  0.909556659193211E+000  0.298343558913353E+001  0.523303500204103E-001  0.529668711567471E+000 -0.392031246147058E+003
  0.557177536841689E-163  0.773975188471487E+003  0.256541297608275E+000  0.987416192404493E+000  0.298649918440529E+001  0.388352766113349E+000  0.529668711567471E+000 -0.386987594235743E+003
  0.178425565634423E-154  0.734744538303729E+003  0.277966248316362E+000  0.950272792404594E+000  0.277433316819645E+001  0.455876832090737E-001  0.529668711567471E+000 -0.367372269151864E+003
  0.335374801238124E-149  0.710394989654284E+003  0.271918430336190E+000  0.951448823213279E+000  0.279316894680864E+001  0.138823629407317E-001  0.529668711567471E+000 -0.355197494827142E+003
  0.288389592573789E-145  0.692214638389210E+003  0.264806355082987E+000  0.905992957578773E+000  0.286305395494791E+001  0.841077330502503E-002  0.529668711567471E+000 -0.346107319194605E+003
  0.117970960037794E-140  0.670914991792298E+003  0.262304695354990E+000  0.845905017013347E+000  0.295350596738844E+001  0.174538816736850E+000  0.529668711567471E+000 -0.335457495896149E+003
  0.118783108917930E-140  0.670839727028581E+003  0.267215700613873E+000  0.980923324030501E+000  0.285003278336972E+001  0.181443578774711E+000  0.529668711567471E+000 -0.335419863514291E+003
  0.595317127613950E-138  0.658344253268971E+003  0.255021286879462E+000  0.985534386130776E+000  0.312415729681421E+001  0.620588106390932E+000  0.529668711567471E+000 -0.329172126634486E+003
  0.702319167539481E-133  0.634926271613354E+003  0.287034723861884E+000  0.880317391457160E+000  0.282872643585460E+001  0.201783761152166E+000  0.529668711567471E+000 -0.317463135806677E+003
  0.333335525023800E-131  0.627144864703949E+003  0.251480899933587E+000  0.944712012137305E+000  0.307425966480870E+001  0.370961324779123E+000  0.529668711567471E+000 -0.313572432351975E+003
  0.567689439493990E-128  0.612202960943902E+003  0.246550408931442E+000  0.898209998336218E+000  0.310026445957766E+001  0.321464981044229E+000  0.529668711567471E+000 -0.306101480471951E+003
  0.455755430570043E-125  0.598765143425751E+003  0.254458393788713E+000  0.101717431694036E+001  0.300138043175055E+001  0.387373581327572E+000  0.529668711567471E+000 -0.299382571712875E+003
  0.504552077235257E-123  0.589289830274956E+003  0.268548772071708E+000  0.873689219005481E+000  0.291436541766043E+001  0.142340620410015E+000  0.529668711567471E+000 -0.294644915137478E+003
  0.137963072993220E-122  0.587216486766763E+003  0.237685886690224E+000  0.983118670961063E+000  0.318534685782962E+001  0.554741174479568E+000  0.529668711567471E+000 -0.293608243383381E+003
  0.492313524024713E-117  0.561584833129193E+003  0.265281061641259E+000  0.898690832239151E+000  0.286225971526005E+001  0.684991497231529E-002  0.529668711567471E+000 -0.280792416564597E+003
  0.581925356116405E-117  0.561188836956021E+003  0.245205108744075E+000  0.894768323902625E+000  0.307571145406119E+001  0.249143686533889E+000  0.529668711567471E+000 -0.280594418478011E+003
  0.816430419888923E-114  0.546634584069041E+003  0.256221976041389E+000  0.104430610413741E+001  0.303588840157702E+001  0.555704989373091E+000  0.529668711567471E+000 -0.273317292034520E+003
  0.729225165164893E-111  0.532983448470532E+003  0.240533748007375E+000  0.942599136059339E+000  0.307712915717644E+001  0.253391034024814E+000  0.529668711567471E+000 -0.266491724235266E+003
  0.175565322129758E-110  0.531164677713881E+003  0.257064824184599E+000  0.907010427623948E+000  0.293455057864384E+001  0.892630626673506E-001  0.529668711567471E+000 -0.265582338856941E+003
  0.225091776106736E-106  0.512185459585947E+003  0.265163231687805E+000  0.980535171188829E+000  0.303973966302243E+001  0.557857269477269E+000  0.529668711567471E+000 -0.256092729792974E+003
  0.233202935662344E-105  0.507447944422317E+003  0.261725015081803E+000  0.950590744305503E+000  0.309071741840846E+001  0.673544555413718E+000  0.529668711567471E+000 -0.253723972211158E+003
  0.684011743900524E-103  0.496023928645168E+003  0.263506474376423E+000  0.960424028064764E+000  0.284129310838952E+001  0.748123044012492E-001  0.529668711567471E+000 -0.248011964322584E+003
  0.629910613860444E-102  0.491522009462571E+003  0.239399008832574E+000  0.937681598958662E+000  0.315986276663345E+001  0.423964425361186E+000  0.529668711567471E+000 -0.245761004731285E+003
  0.209944108174224E-101  0.489052769124882E+003  0.266487632250114E+000  0.984964728581770E+000  0.306102656763367E+001  0.656511554980207E+000  0.529668711567471E+000 -0.244526384562441E+003
  0.647217229423359E-101  0.486739544521287E+003  0.264970827163544E+000  0.999464214143201E+000  0.303292359871431E+001  0.666144881432078E+000  0.529668711567471E+000 -0.243369772260644E+003
  0.508266184529239E-098  0.473345844028454E+003  0.271134256465202E+000  0.905833482974404E+000  0.290328150155601E+001  0.190115850115182E+000  0.529668711567471E+000 -0.236672922014227E+003
  0.303205679880634E-096  0.465107148157007E+003  0.271210802307566E+000  0.841357435353888E+000  0.283584834960808E+001  0.248462656439627E-002  0.529668711567471E+000 -0.232553574078504E+003
  0.112135748835429E-095  0.462429837066028E+003  0.285044780810488E+000  0.920079011429203E+000  0.282211712443016E+001  0.235941428608760E+000  0.529668711567471E+000 -0.231214918533014E+003
  0.145376002147741E-094  0.457243896915080E+003  0.254818214885344E+000  0.885277732638356E+000  0.296250519241452E+001  0.105307823943129E+000  0.529668711567471E+000 -0.228621948457540E+003
  0.161210084190378E-094  0.456975583836191E+003  0.256068205749237E+000  0.978829569081834E+000  0.294063921495626E+001  0.223381143174602E+000  0.529668711567471E+000 -0.228487791918096E+003
  0.523069470787236E-091  0.440744518157996E+003  0.270240829750825E+000  0.854888857215715E+000  0.291478489301123E+001  0.169972146424132E+000  0.529668711567471E+000 -0.220372259078998E+003
  0.218293295297275E-089  0.433220383942174E+003  0.261347776528149E+000  0.947671411054693E+000  0.286330406550893E+001  0.574205010363725E-001  0.529668711567471E+000 -0.216610191971087E+003
  0.617073891888476E-089  0.430949916142082E+003  0.263322354255243E+000  0.102121184518314E+001  0.307379480991923E+001  0.709152415914977E+000  0.529668711567471E+000 -0.215474958071041E+003
  0.117525829580553E-084  0.411159082505181E+003  0.267405341643410E+000  0.952301841098491E+000  0.301779943580619E+001  0.494244738249995E+000  0.529668711567471E+000 -0.205579541252591E+003
  0.540932158278400E-081  0.394130215062380E+003  0.258685758871911E+000  0.104429223331680E+001  0.311355465753640E+001  0.793589749712240E+000  0.529668711567471E+000 -0.197065107531190E+003
  0.775739092107262E-081  0.393409170318883E+003  0.272861165180542E+000  0.961079053788579E+000  0.295698265374210E+001  0.436420721032979E+000  0.529668711567471E+000 -0.196704585159442E+003
  0.106591474104468E-080  0.392691981571579E+003  0.248287799866823E+000  0.102090647369887E+001  0.308396788668070E+001  0.510848774219389E+000  0.529668711567471E+000 -0.196345990785789E+003
  0.284688808081929E-073  0.358491003961726E+003  0.277488124822159E+000  0.962315707534616E+000  0.287292398750943E+001  0.315261074486193E+000  0.529668711567471E+000 -0.179245501980863E+003
  0.498202402057334E-071  0.347994680887781E+003  0.244143621479123E+000  0.944581385388629E+000  0.316297749026837E+001  0.527421759096006E+000  0.529668711567471E+000 -0.173997340443890E+003
  0.232130571544636E-070  0.344835279517867E+003  0.251990452681725E+000  0.936445771742199E+000  0.312259722340760E+001  0.555317725474722E+000  0.529668711567471E+000 -0.172417639758933E+003
  0.345883477931633E-069  0.339350861487591E+003  0.267732194977513E+000  0.970702446817519E+000  0.295907071070735E+001  0.381621760790263E+000  0.529668711567471E+000 -0.169675430743796E+003
  0.179131781175961E-065  0.322164497167988E+003  0.261266274787934E+000  0.983232358334253E+000  0.295941287829559E+001  0.322172021177545E+000  0.529668711567471E+000 -0.161082248583994E+003
  0.107115246438844E-063  0.313900945643570E+003  0.265163764670881E+000  0.104480359333171E+001  0.304044047257106E+001  0.759422344663976E+000  0.529668711567471E+000 -0.156950472821785E+003
  0.208066783192808E-063  0.312491394100829E+003  0.243568124580254E+000  0.104208081698155E+001  0.317899283728717E+001  0.736339667540338E+000  0.529668711567471E+000 -0.156245697050414E+003
  0.229321140998654E-063  0.312215221547006E+003  0.258519882231964E+000  0.976908629844996E+000  0.314430389498457E+001  0.782660810860058E+000  0.529668711567471E+000 -0.156107610773503E+003
  0.257895608612978E-063  0.311898714554644E+003  0.268969023702107E+000  0.100899682890567E+001  0.303624619351791E+001  0.748869873163587E+000  0.529668711567471E+000 -0.155949357277322E+003
  0.954215914078642E-063  0.309200400394387E+003  0.251397921055859E+000  0.988238768822495E+000  0.312870689438575E+001  0.592146730758931E+000  0.529668711567471E+000 -0.154600200197194E+003
  0.821016698280968E-062  0.304895923253742E+003  0.274668177913733E+000  0.977863094546975E+000  0.296452747445029E+001  0.534622937453533E+000  0.529668711567471E+000 -0.152447961626871E+003
  0.326595303104844E-061  0.302049277136820E+003  0.262760625886092E+000  0.103580935781410E+001  0.302884775562106E+001  0.629055812608631E+000  0.529668711567471E+000 -0.151024638568410E+003
  0.217415395099283E-060  0.298172811746881E+003  0.247893979901136E+000  0.999831747672560E+000  0.309806684830308E+001  0.526262091039618E+000  0.529668711567471E+000 -0.149086405873441E+003
  0.431429487010092E-059  0.292111933738623E+003  0.267881689679574E+000  0.955981029157075E+000  0.303465784607608E+001  0.611327247203449E+000  0.529668711567471E+000 -0.146055966869312E+003
  0.121904411058332E-058  0.289949378047420E+003  0.271341825924617E+000  0.997212090674412E+000  0.298751339275567E+001  0.612081393938397E+000  0.529668711567471E+000 -0.144974689023710E+003
  0.170230852802333E-056  0.280071201171821E+003  0.253958897527020E+000  0.950555706152281E+000  0.307046394551245E+001  0.485063738419942E+000  0.529668711567471E+000 -0.140035600585910E+003
  0.296303889995260E-055  0.274268667241605E+003  0.265425024102471E+000  0.917182309021198E+000  0.300315554304375E+001  0.384328880813814E+000  0.529668711567471E+000 -0.137134333620803E+003
  0.287510968588495E-055  0.274240012860347E+003  0.256229692435813E+000  0.100809680802775E+001  0.305765839070201E+001  0.526201809000032E+000  0.529668711567471E+000 -0.137120006430173E+003
  0.156870819344614E-051  0.256775342075748E+003  0.268357992191761E+000  0.100201697004018E+001  0.306025051807064E+001  0.786929314938798E+000  0.529668711567471E+000 -0.128387671037874E+003
  0.373643870426796E-051  0.255039581144305E+003  0.257285078530429E+000  0.102602987565958E+001  0.306517841931335E+001  0.604421751640328E+000  0.529668711567471E+000 -0.127519790572152E+003
  0.112377148580669E-086  0.420585607624493E+003  0.262867189023484E+000  0.951539679292904E+000  0.291783546794864E+001  0.188532707250933E+000  0.529668711567471E+000 -0.210292803812247E+003
  0.121924106858053E-082  0.402001850552776E+003  0.279332285130188E+000  0.931417232607224E+000  0.279983679993187E+001  0.104678082835444E+000  0.529668711567471E+000 -0.201000925276388E+003
  0.640264228467487E-074  0.361397237618439E+003  0.268187143202215E+000  0.867941043914882E+000  0.290027527360591E+001  0.155196833466368E+000  0.529668711567471E+000 -0.180698618809220E+003
  0.322377636539120E-073  0.357953661012094E+003  0.282885479094182E+000  0.880135620477113E+000  0.279185039789326E+001  0.558403292704201E-001  0.529668711567471E+000 -0.178976830506047E+003
  0.109755794569830E-060  0.300030659151310E+003  0.265919286449517E+000  0.868459700934125E+000  0.288266503948861E+001  0.888538956689688E-001  0.529668711567471E+000 -0.150015329575655E+003
  0.459839895293098E-055  0.273564203023020E+003  0.263073165033249E+000  0.908064140582319E+000  0.292860057224318E+001  0.158583122311515E+000  0.529668711567471E+000 -0.136782101511510E+003
  0.578931311704061E-055  0.273103592097595E+003  0.275698357835996E+000  0.858384915287667E+000  0.283999189366699E+001  0.716789208072514E-001  0.529668711567471E+000 -0.136551796048797E+003
  0.297517755577864E-054  0.269829841775768E+003  0.281208051311922E+000  0.922488139631936E+000  0.274712274346425E+001  0.163906252228380E-002  0.529668711567471E+000 -0.134914920887884E+003
  0.193237387521993E-051  0.256666719157625E+003  0.275677678295590E+000  0.907328268839328E+000  0.280546244049796E+001  0.827754512856023E-001  0.529668711567471E+000 -0.128333359578813E+003
  0.167880994142162E-049  0.247429336303261E+003  0.268686460864495E+000  0.948474996062145E+000  0.300502316182171E+001  0.528903258398704E+000  0.529668711567471E+000 -0.123714668151630E+003
  0.243224813609178E-047  0.237388630777463E+003  0.248764528015946E+000  0.103065406745399E+001  0.313833051495445E+001  0.708205973394068E+000  0.529668711567471E+000 -0.118694315388732E+003
  0.280124991068057E-046  0.232326938386086E+003  0.258853469517355E+000  0.105468481934512E+001  0.307996306989744E+001  0.763181587122219E+000  0.529668711567471E+000 -0.116163469193043E+003
  0.189467199106242E-045  0.228418688936226E+003  0.261525671124958E+000  0.918930912533314E+000  0.304406126256691E+001  0.448667349534878E+000  0.529668711567471E+000 -0.114209344468113E+003
  0.969651637296125E-045  0.224986483813484E+003  0.254840458040228E+000  0.985149302514235E+000  0.312011051433323E+001  0.629684918371334E+000  0.529668711567471E+000 -0.112493241906742E+003
  0.155169192754221E-044  0.223964511203324E+003  0.261655195349978E+000  0.940286950788731E+000  0.303708156340550E+001  0.445558396292086E+000  0.529668711567471E+000 -0.111982255601662E+003
  0.129068548103783E-043  0.219646041916039E+003  0.263696217948247E+000  0.102950945125338E+001  0.303020406416612E+001  0.642333003944050E+000  0.529668711567471E+000 -0.109823020958019E+003
  0.197710230262800E-043  0.218793124253325E+003  0.263090252993921E+000  0.973591844582753E+000  0.300489773502470E+001  0.436411403380248E+000  0.529668711567471E+000 -0.109396562126663E+003
  0.235548563044568E-043  0.218442894994394E+003  0.247719125095244E+000  0.104755241832363E+001  0.316375579993231E+001  0.791658737556152E+000  0.529668711567471E+000 -0.109221447497197E+003
  0.288756439132757E-043  0.217946658555426E+003  0.242654292737729E+000  0.100223840791738E+001  0.320225958669557E+001  0.696749354430361E+000  0.529668711567471E+000 -0.108973329277713E+003
  0.369327373331634E-042  0.212849288610026E+003  0.264612910079966E+000  0.104054272180632E+001  0.305443059219505E+001  0.777049617895820E+000  0.529668711567471E+000 -0.106424644305013E+003
  0.498320774019080E-041  0.207644997318274E+003  0.251107970415395E+000  0.930917606667885E+000  0.310060449811640E+001  0.447961712290978E+000  0.529668711567471E+000 -0.103822498659137E+003
  0.254091995338217E-039  0.199684171830731E+003  0.266242689433771E+000  0.103270106546401E+001  0.305071870602554E+001  0.750950968639611E+000  0.529668711567471E+000 -0.998420859153656E+002
  0.305333277944972E-039  0.199219176488818E+003  0.255340722784439E+000  0.105343180096871E+001  0.310646325104814E+001  0.761354061525933E+000  0.529668711567471E+000 -0.996095882444089E+002
  0.575569406512155E-039  0.197853684303692E+003  0.271189440097966E+000  0.928221761298420E+000  0.296105439999249E+001  0.406254885298879E+000  0.529668711567471E+000 -0.989268421518462E+002
  0.156888760681874E-036  0.186358295459904E+003  0.266047823071654E+000  0.993080780390447E+000  0.303144741865920E+001  0.597888415476529E+000  0.529668711567471E+000 -0.931791477299522E+002
  0.451006912963868E-035  0.179385567243033E+003  0.253047375140782E+000  0.940486185916323E+000  0.310689208960770E+001  0.510107917976951E+000  0.529668711567471E+000 -0.896927836215166E+002
  0.142207313418316E-034  0.177007146509824E+003  0.262639263041738E+000  0.103975677672775E+001  0.305767397525589E+001  0.736579363944399E+000  0.529668711567471E+000 -0.885035732549118E+002
  0.248746192778990E-033  0.171202038086884E+003  0.257047165569974E+000  0.964418179850937E+000  0.311910326635679E+001  0.666493432487080E+000  0.529668711567471E+000 -0.856010190434422E+002
  0.167629827761516E-032  0.167226132342269E+003  0.245649634536352E+000  0.100461806983487E+001  0.320291179072601E+001  0.769584467235946E+000  0.529668711567471E+000 -0.836130661711345E+002
  0.186479079812019E-032  0.166934569079859E+003  0.265915485095312E+000  0.994221074311165E+000  0.307364750712773E+001  0.742509676640075E+000  0.529668711567471E+000 -0.834672845399295E+002
  0.339119273169999E-031  0.161054891820450E+003  0.257809033371707E+000  0.100035570854130E+001  0.305583410151026E+001  0.584303539001846E+000  0.529668711567471E+000 -0.805274459102251E+002
  0.869975504249774E-047  0.234786623712799E+003  0.264409331413112E+000  0.868289390259353E+000  0.290075317908635E+001  0.800164926441364E-001  0.529668711567471E+000 -0.117393311856399E+003
  0.120613782610466E-041  0.210167338325950E+003  0.272202464689239E+000  0.933031315238321E+000  0.280870858327275E+001  0.626564078783353E-001  0.529668711567471E+000 -0.105083669162975E+003
  0.400269829762737E-037  0.188844938060116E+003  0.271695230585527E+000  0.904954226952849E+000  0.283128394171696E+001  0.889667119990665E-001  0.529668711567471E+000 -0.944224690300580E+002
  0.110772317075793E-036  0.186809091867891E+003  0.282408237403588E+000  0.895589842951381E+000  0.276448894142826E+001  0.205910002741730E-001  0.529668711567471E+000 -0.934045459339456E+002
  0.390145818863858E-035  0.179685834348793E+003  0.259083282036662E+000  0.915572796077582E+000  0.293797435383013E+001  0.148316973675086E+000  0.529668711567471E+000 -0.898429171743964E+002
  0.419577804148645E-031  0.160811395417758E+003  0.278272493578419E+000  0.880529483351110E+000  0.280929464917176E+001  0.592807773862242E-001  0.529668711567471E+000 -0.804056977088791E+002
  0.206558017048536E-045  0.228193627333956E+003  0.275927514094377E+000  0.922748611642139E+000  0.286234006024919E+001  0.200107049029615E+000  0.529668711567471E+000 -0.114096813666978E+003
  0.305820241142916E-039  0.199413130794597E+003  0.265200568211521E+000  0.927237653845649E+000  0.289689975711319E+001  0.188769903623106E+000  0.529668711567471E+000 -0.997065653972983E+002
  0.125835081718775E-036  0.187009027738472E+003  0.271795893848305E+000  0.954872054965646E+000  0.289407526651136E+001  0.286545259714237E+000  0.529668711567471E+000 -0.935045138692362E+002
  0.140539816152921E-035  0.182182820226010E+003  0.275899687273532E+000  0.928940567345743E+000  0.285114788143736E+001  0.195699634946602E+000  0.529668711567471E+000 -0.910914101130050E+002
  0.366150368512021E-034  0.175662543531338E+003  0.272106170085318E+000  0.904289073141089E+000  0.289273702240575E+001  0.226148380170205E+000  0.529668711567471E+000 -0.878312717656689E+002
  0.108671653161079E-033  0.172911435425099E+003  0.258685593291914E+000  0.911089781013792E+000  0.295743337786724E+001  0.217694686356635E+000  0.529668711567471E+000 -0.864557177125494E+002
  0.983242428971814E-033  0.168506385961803E+003  0.258578015670722E+000  0.898040783251069E+000  0.298189182735166E+001  0.247049936744854E+000  0.529668711567471E+000 -0.842531929809015E+002
  0.768350496824845E-030  0.154420867031597E+003  0.277308249761371E+000  0.889710693084719E+000  0.281508416000561E+001  0.856183765068454E-001  0.529668711567471E+000 -0.772104335157986E+002
  0.102928989927328E-027  0.144625769819280E+003  0.274432511307295E+000  0.921337151275958E+000  0.283415056290604E+001  0.136368619333284E+000  0.529668711567471E+000 -0.723128849096399E+002
  0.154437941871518E-027  0.143814263794037E+003  0.268407742068423E+000  0.921976114828915E+000  0.284227456250096E+001  0.886453610699261E-001  0.529668711567471E+000 -0.719071318970183E+002
  0.784362556210807E-025  0.131353765396679E+003  0.259099428260297E+000  0.917396836197101E+000  0.293149679764737E+001  0.142306750177203E+000  0.529668711567471E+000 -0.656768826983397E+002
  0.241749023643137E-016  0.914502460305342E+002  0.274376653100224E+000  0.895851798315418E+000  0.280268238989293E+001  0.265755828952185E-001  0.529668711567471E+000 -0.457251230152671E+002
  0.148829096174889E-021  0.114514931931326E+003  0.270937898564776E+000  0.930601533438397E+000  0.287552325158646E+001  0.187648938478498E+000  0.529668711567471E+000 -0.572574659656631E+002
  0.726910668188346E-019  0.102132581658210E+003  0.264800035414800E+000  0.906723684916184E+000  0.296356429062872E+001  0.291136428369057E+000  0.529668711567471E+000 -0.510662908291051E+002
  0.809144126155940E-015  0.831329108766779E+002  0.252726632366032E+000  0.961517303755572E+000  0.303752694975774E+001  0.374115515313892E+000  0.529668711567471E+000 -0.415664554383390E+002
  0.172943734726499E-029  0.153348132009725E+003  0.261828611449005E+000  0.100525525388282E+001  0.308107935144727E+001  0.740637494986917E+000  0.529668711567471E+000 -0.766740660048624E+002
  0.976352700237983E-029  0.149675695807359E+003  0.253567838233346E+000  0.104034541276233E+001  0.311025692025565E+001  0.715786173512916E+000  0.529668711567471E+000 -0.748378479036797E+002
  0.225876159133878E-028  0.147998199648731E+003  0.254166845624151E+000  0.103682785848871E+001  0.313307584572221E+001  0.766989268467872E+000  0.529668711567471E+000 -0.739990998243653E+002
  0.629129034691746E-025  0.131687702992924E+003  0.262888659083480E+000  0.101279796847678E+001  0.308407930351356E+001  0.780550217826744E+000  0.529668711567471E+000 -0.658438514964618E+002
  0.221574473488101E-024  0.129169688050652E+003  0.260483195773973E+000  0.100235844374044E+001  0.309791478222588E+001  0.757556177070771E+000  0.529668711567471E+000 -0.645848440253261E+002
  0.214595707354971E-024  0.128998127838153E+003  0.250064908070065E+000  0.102065578567199E+001  0.314552987628446E+001  0.732608247488665E+000  0.529668711567471E+000 -0.644990639190763E+002
  0.132937392068996E-023  0.125115146672699E+003  0.253694443660530E+000  0.103573510608694E+001  0.312994249553844E+001  0.789805208949281E+000  0.529668711567471E+000 -0.625575733363494E+002
  0.112357981773221E-020  0.111189725494384E+003  0.249399879471981E+000  0.102125253988762E+001  0.317498726192466E+001  0.773765119427516E+000  0.529668711567471E+000 -0.555948627471921E+002
  0.179619770416884E-019  0.105646250928089E+003  0.258231796537993E+000  0.103973925105587E+001  0.309631411647099E+001  0.756751264459279E+000  0.529668711567471E+000 -0.528231254640444E+002
  0.807356836936657E-019  0.102404837821621E+003  0.253786372246292E+000  0.103546130598909E+001  0.313220064528655E+001  0.795558792025726E+000  0.529668711567471E+000 -0.512024189108104E+002
  0.789243013148372E-017  0.932398803952063E+002  0.262943781625321E+000  0.101490066495927E+001  0.306946126300260E+001  0.708414804031380E+000  0.529668711567471E+000 -0.466199401976032E+002
  0.914983318866727E-016  0.883390470902503E+002  0.256604134564523E+000  0.102658671402079E+001  0.309410950053900E+001  0.688850291876830E+000  0.529668711567471E+000 -0.441695235451252E+002
  0.133230195222260E-014  0.829823615404521E+002  0.248372771813939E+000  0.102465772626448E+001  0.317967935095638E+001  0.797404970334092E+000  0.529668711567471E+000 -0.414911807702261E+002
  0.484269282090718E-031  0.159980171798270E+003  0.256418736432567E+000  0.954565198500653E+000  0.310613140223888E+001  0.604342186230562E+000  0.529668711567471E+000 -0.799900858991349E+002
  0.550974118513839E-031  0.159600829122141E+003  0.268187317338758E+000  0.953980467090387E+000  0.299862462979555E+001  0.507396052329282E+000  0.529668711567471E+000 -0.798004145610703E+002
  0.485969582795520E-030  0.155246742538361E+003  0.254067086014685E+000  0.953790035336547E+000  0.310975000491867E+001  0.549418192719771E+000  0.529668711567471E+000 -0.776233712691804E+002
  0.114623918507704E-026  0.139464714587733E+003  0.256530483598669E+000  0.981187264792730E+000  0.308884363766041E+001  0.569793757186764E+000  0.529668711567471E+000 -0.697323572938667E+002
  0.134664015411307E-026  0.139021212531951E+003  0.246369741800992E+000  0.983888182833459E+000  0.313778413021940E+001  0.563347232739073E+000  0.529668711567471E+000 -0.695106062659757E+002
  0.300852783218644E-025  0.132808366043467E+003  0.264974775865607E+000  0.980585922235786E+000  0.304569320002220E+001  0.602128953770092E+000  0.529668711567471E+000 -0.664041830217337E+002
  0.846529332365629E-023  0.121278651786557E+003  0.262004766348134E+000  0.100651758634842E+001  0.304714990937995E+001  0.603824252480206E+000  0.529668711567471E+000 -0.606393258932787E+002
  0.434742104856664E-021  0.113401095133466E+003  0.258520212238253E+000  0.992620026430856E+000  0.302174565572383E+001  0.463186055539824E+000  0.529668711567471E+000 -0.567005475667331E+002
  0.214810792004283E-019  0.105350419254381E+003  0.255197449908851E+000  0.967916745339716E+000  0.305699558737956E+001  0.485692530779442E+000  0.529668711567471E+000 -0.526752096271906E+002
  0.573748758342481E-017  0.940539616512017E+002  0.258524136685490E+000  0.989943771624586E+000  0.305428309735335E+001  0.531337635666128E+000  0.529668711567471E+000 -0.470269808256008E+002
  0.118964646399158E-016  0.923599558686495E+002  0.258084755753321E+000  0.964834441269814E+000  0.309110865824026E+001  0.609737809961238E+000  0.529668711567471E+000 -0.461799779343247E+002
  0.449389016230533E-016  0.895875139237718E+002  0.261230536600600E+000  0.948122446767047E+000  0.304716895167972E+001  0.513110147577926E+000  0.529668711567471E+000 -0.447937569618859E+002
  0.104692027261036E-015  0.876736243714135E+002  0.258766724424643E+000  0.993126018065507E+000  0.302830188722741E+001  0.486146356152890E+000  0.529668711567471E+000 -0.438368121857068E+002
  0.210142004290326E-015  0.861719688358063E+002  0.251244718732266E+000  0.949980662921628E+000  0.309171476490326E+001  0.459915604928650E+000  0.529668711567471E+000 -0.430859844179032E+002
  0.467364006306981E-013  0.756433743689478E+002  0.260093284750704E+000  0.929391836662332E+000  0.292962289064039E+001  0.182561241461692E+000  0.529668711567471E+000 -0.378216871844739E+002
  0.683409119428406E-012  0.699699322773354E+002  0.268117402283817E+000  0.888866451396387E+000  0.286792844460694E+001  0.886745393568992E-001  0.529668711567471E+000 -0.349849661386677E+002
  0.693597324632336E-012  0.699403365084478E+002  0.266717507044899E+000  0.918905649465871E+000  0.286870671957802E+001  0.113747480510949E+000  0.529668711567471E+000 -0.349701682542239E+002
  0.232340396784522E-011  0.675225424112195E+002  0.266124626855957E+000  0.903026556412014E+000  0.291106238527426E+001  0.169618458442917E+000  0.529668711567471E+000 -0.337612712056097E+002
  0.841113849812326E-010  0.603443252226665E+002  0.270409828870965E+000  0.897685870279015E+000  0.285667350056052E+001  0.100241079443157E+000  0.529668711567471E+000 -0.301721626113333E+002
  0.716413845187969E-009  0.560600930948460E+002  0.267146799199955E+000  0.909756728173136E+000  0.287537218740586E+001  0.125301237595418E+000  0.529668711567471E+000 -0.280300465474230E+002
  0.381751591127764E-008  0.527138986768262E+002  0.265885673301441E+000  0.911538059250294E+000  0.287979502468258E+001  0.120025311576347E+000  0.529668711567471E+000 -0.263569493384131E+002
  0.109354610804198E-008  0.535131874993688E+002  0.267211824164358E+000  0.916361653522498E+000  0.293121566656142E+001  0.258462458685202E+000  0.529668711567471E+000 -0.267565937496844E+002
  0.182493589785594E-013  0.777479181051249E+002  0.260365701678506E+000  0.993396749338714E+000  0.310163561409607E+001  0.732927563300211E+000  0.529668711567471E+000 -0.388739590525625E+002
  0.173046521827279E-010  0.622061352380111E+002  0.259603318724786E+000  0.997564503546168E+000  0.310180797964792E+001  0.730808476704732E+000  0.529668711567471E+000 -0.311030676190056E+002
  0.413222245663173E-010  0.602545640013509E+002  0.257348790211438E+000  0.101223344505684E+001  0.312523117604275E+001  0.792497143413631E+000  0.529668711567471E+000 -0.301272820006754E+002
  0.265370741507995E-009  0.565351092163516E+002  0.250786277289916E+000  0.101917683797201E+001  0.316678600921379E+001  0.782292879779553E+000  0.529668711567471E+000 -0.282675546081758E+002
  0.296202862742244E-009  0.563152758286286E+002  0.257003971303898E+000  0.101933268455405E+001  0.310741577810674E+001  0.717675651531371E+000  0.529668711567471E+000 -0.281576379143143E+002
  0.848596380878580E-014  0.785644773088053E+002  0.252053909626261E+000  0.971911003416868E+000  0.312802227624185E+001  0.605094306302588E+000  0.529668711567471E+000 -0.392822386544027E+002
  0.305602494434563E-013  0.760019040193552E+002  0.255073081844739E+000  0.962226533229608E+000  0.308785950209910E+001  0.521067481782275E+000  0.529668711567471E+000 -0.380009520096776E+002
  0.330216182904556E-013  0.756362583480169E+002  0.252313227860824E+000  0.981713975276946E+000  0.306898401216414E+001  0.468136044734408E+000  0.529668711567471E+000 -0.378181291740085E+002
  0.413824494860444E-013  0.750822829216448E+002  0.263711109376100E+000  0.952889162741986E+000  0.300943556124876E+001  0.464809614395074E+000  0.529668711567471E+000 -0.375411414608224E+002
  0.303673513243786E-012  0.710960903432384E+002  0.253291549085955E+000  0.964201934421152E+000  0.309909592884479E+001  0.549854773812055E+000  0.529668711567471E+000 -0.355480451716192E+002
  0.824139113928970E-012  0.689911835236007E+002  0.258892801488304E+000  0.100655210386392E+001  0.306556329753567E+001  0.606555653098758E+000  0.529668711567471E+000 -0.344955917618003E+002
  0.136489704136395E-011  0.678740592131428E+002  0.250484218371878E+000  0.982755299817064E+000  0.312219585752327E+001  0.575179069466123E+000  0.529668711567471E+000 -0.339370296065714E+002
  0.320434261372271E-011  0.660590688538199E+002  0.264424537340955E+000  0.961707135772135E+000  0.301624379686631E+001  0.504721282741035E+000  0.529668711567471E+000 -0.330295344269099E+002
  0.567069323918798E-011  0.649174600176960E+002  0.255501705613416E+000  0.968074537854660E+000  0.310602698225704E+001  0.606559731730628E+000  0.529668711567471E+000 -0.324587300088480E+002
  0.670390234554845E-011  0.645827031740843E+002  0.258886939364881E+000  0.981504649660076E+000  0.303583987110385E+001  0.505736838858887E+000  0.529668711567471E+000 -0.322913515870422E+002
  0.981023967903337E-011  0.638212293562575E+002  0.252813312373767E+000  0.963963595664962E+000  0.308202512543474E+001  0.474162623284001E+000  0.529668711567471E+000 -0.319106146781287E+002
  0.106837915937799E-010  0.635215501474225E+002  0.253723835191456E+000  0.973995676188562E+000  0.308689400231082E+001  0.544328865589639E+000  0.529668711567471E+000 -0.317607750737113E+002
  0.135467605708669E-010  0.630467108318017E+002  0.256449320679051E+000  0.988906332073216E+000  0.305697784022081E+001  0.533057726748920E+000  0.529668711567471E+000 -0.315233554159008E+002
  0.150392838558875E-010  0.628376743219208E+002  0.264101374083993E+000  0.993475723013526E+000  0.303100628692351E+001  0.587642028708059E+000  0.529668711567471E+000 -0.314188371609604E+002
  0.438208583745827E-010  0.605505699352113E+002  0.251927476024613E+000  0.975230316707650E+000  0.307200805436775E+001  0.466743208632383E+000  0.529668711567471E+000 -0.302752849676057E+002
  0.444051173318831E-010  0.602378786571394E+002  0.254683669316163E+000  0.100723553792176E+001  0.308403309620459E+001  0.600425150620249E+000  0.529668711567471E+000 -0.301189393285697E+002
  0.234433870261355E-008  0.517773112017125E+002  0.257275107603226E+000  0.929839749087036E+000  0.298696948813962E+001  0.264376904131724E+000  0.529668711567471E+000 -0.258886556008562E+002
  0.415222158015621E-008  0.507734784832735E+002  0.255696887509461E+000  0.978811279211624E+000  0.304760821377251E+001  0.475784392037036E+000  0.529668711567471E+000 -0.253867392416367E+002
  0.488316977913150E-008  0.500990077805407E+002  0.259483972653143E+000  0.916306719462484E+000  0.298783227236216E+001  0.286406581131607E+000  0.529668711567471E+000 -0.250495038902703E+002
  0.169457699626531E-007  0.476105604024413E+002  0.258483051482399E+000  0.948577198872993E+000  0.297870709545119E+001  0.294020997521583E+000  0.529668711567471E+000 -0.238052802012206E+002
  0.797554895906739E-007  0.442770996684626E+002  0.263587783836796E+000  0.958311791596109E+000  0.297642783776815E+001  0.369097854272312E+000  0.529668711567471E+000 -0.221385498342313E+002
  0.854186521784212E-007  0.439043357726673E+002  0.258048134075762E+000  0.930828308447268E+000  0.301927588840946E+001  0.364404767546596E+000  0.529668711567471E+000 -0.219521678863336E+002
  0.274638909783808E-006  0.415685503866824E+002  0.261735956642785E+000  0.924390630048702E+000  0.293649073634281E+001  0.213646759134952E+000  0.529668711567471E+000 -0.207842751933412E+002
  0.512508065431956E-006  0.400537690638444E+002  0.265540950700901E+000  0.916329892070512E+000  0.290614895411760E+001  0.172775614390872E+000  0.529668711567471E+000 -0.200268845319222E+002
  0.538347241411916E-006  0.399553943962882E+002  0.260869414298651E+000  0.918519413520398E+000  0.293868227042499E+001  0.196687601053085E+000  0.529668711567471E+000 -0.199776971981441E+002
  0.114962634467373E-004  0.338328472727200E+002  0.265242958519029E+000  0.931707838298921E+000  0.294987320071508E+001  0.299377770063749E+000  0.529668711567471E+000 -0.169164236363600E+002
  0.366408266483478E-004  0.315145652006847E+002  0.258960521789764E+000  0.937480601946254E+000  0.297829627683124E+001  0.279717321459599E+000  0.529668711567471E+000 -0.157572826003424E+002
  0.274167084829157E-003  0.274894159641480E+002  0.265102952755894E+000  0.922679794019964E+000  0.294202228042857E+001  0.260143320155740E+000  0.529668711567471E+000 -0.137447079820740E+002
  0.802215954083779E-008  0.494503763086555E+002  0.260782501750465E+000  0.995401233466302E+000  0.309022414634516E+001  0.706893649983877E+000  0.529668711567471E+000 -0.247251881543277E+002
  0.834327272140479E-007  0.442640814721609E+002  0.257263874289073E+000  0.100720701598635E+001  0.311009110878218E+001  0.706745830902349E+000  0.529668711567471E+000 -0.221320407360804E+002
  0.103194137324767E-006  0.438389386770893E+002  0.250865289714537E+000  0.100796442762119E+001  0.315303374636901E+001  0.724089614493650E+000  0.529668711567471E+000 -0.219194693385447E+002
  0.235512000170232E-003  0.265985220776635E+002  0.258326975459605E+000  0.102138289192494E+001  0.311017097892143E+001  0.769646526319364E+000  0.529668711567471E+000 -0.132992610388317E+002
  0.857540948582358E-008  0.489792675017573E+002  0.260471768211278E+000  0.989156385781772E+000  0.306825581422209E+001  0.633667359854195E+000  0.529668711567471E+000 -0.244896337508787E+002
  0.112584873203775E-007  0.484348204470980E+002  0.263231437254279E+000  0.982262283803736E+000  0.304432146788081E+001  0.581583536286494E+000  0.529668711567471E+000 -0.242174102235490E+002
  0.642904625103902E-007  0.448359255802904E+002  0.258351792954871E+000  0.970317974136629E+000  0.307089023168595E+001  0.545378386504842E+000  0.529668711567471E+000 -0.224179627901452E+002
  0.230392127520598E-006  0.419581447868221E+002  0.254269867414276E+000  0.976966322701060E+000  0.305588953192424E+001  0.460853629378574E+000  0.529668711567471E+000 -0.209790723934110E+002
  0.261250444790282E-006  0.417067512941550E+002  0.257026146087977E+000  0.953483856162196E+000  0.304618982362364E+001  0.432143260397921E+000  0.529668711567471E+000 -0.208533756470775E+002
  0.397144922641732E-006  0.408691077887786E+002  0.262021518981546E+000  0.956698331872583E+000  0.303781976522744E+001  0.501142304885981E+000  0.529668711567471E+000 -0.204345538943893E+002
  0.440996030066066E-006  0.405453217315462E+002  0.257067014506328E+000  0.100380425692543E+001  0.308529143717725E+001  0.625567439498919E+000  0.529668711567471E+000 -0.202726608657731E+002
  0.103387841600099E-005  0.385162106949637E+002  0.263007864388914E+000  0.975754725864846E+000  0.304343983629324E+001  0.571412041367216E+000  0.529668711567471E+000 -0.192581053474818E+002
  0.104416091455867E-005  0.383938312517839E+002  0.261703489783850E+000  0.987300337606317E+000  0.304036074735669E+001  0.553103369824175E+000  0.529668711567471E+000 -0.191969156258919E+002
  0.150535048714654E-005  0.375596203777872E+002  0.254182082303874E+000  0.983054901780445E+000  0.307990780459288E+001  0.543710745080115E+000  0.529668711567471E+000 -0.187798101888936E+002
  0.183257309821277E-005  0.370636432071036E+002  0.256179357782454E+000  0.100116658742732E+001  0.308267994164143E+001  0.599707160406678E+000  0.529668711567471E+000 -0.185318216035518E+002
  0.266463098511180E-005  0.362123675442524E+002  0.252635911748938E+000  0.986983688006571E+000  0.310235586203060E+001  0.582806571129384E+000  0.529668711567471E+000 -0.181061837721262E+002
  0.323373704970337E-005  0.357226352177284E+002  0.259899209199263E+000  0.992803851647459E+000  0.308012128962512E+001  0.642353374991653E+000  0.529668711567471E+000 -0.178613176088642E+002
  0.711165910468457E-005  0.340438543992116E+002  0.255258829612926E+000  0.983982959432060E+000  0.308986352210893E+001  0.569254731258081E+000  0.529668711567471E+000 -0.170219271996058E+002
  0.872894095704410E-005  0.334338705079382E+002  0.254367840670717E+000  0.973417953433437E+000  0.310572179535809E+001  0.590898179146985E+000  0.529668711567471E+000 -0.167169352539691E+002
  0.146284445031249E-004  0.323036425091235E+002  0.255409575238266E+000  0.975649675820891E+000  0.307846373191017E+001  0.527016952505572E+000  0.529668711567471E+000 -0.161518212545618E+002
  0.174225313310420E-004  0.319540497377838E+002  0.258192493987053E+000  0.978704923388974E+000  0.304355700128768E+001  0.505861451496046E+000  0.529668711567471E+000 -0.159770248688919E+002
  0.294889037568286E-004  0.309015501855608E+002  0.253690949712049E+000  0.959906232119745E+000  0.305602491524635E+001  0.427448665769537E+000  0.529668711567471E+000 -0.154507750927804E+002
  0.669764323806420E-004  0.292608966790647E+002  0.258498596754208E+000  0.979071597533909E+000  0.303278001802069E+001  0.477791554666961E+000  0.529668711567471E+000 -0.146304483395324E+002
  0.762844977627517E-004  0.290006387973651E+002  0.254487984543892E+000  0.975983678305318E+000  0.308121353138278E+001  0.521583445429392E+000  0.529668711567471E+000 -0.145003193986825E+002
  0.777196461557681E-004  0.289633621396782E+002  0.258535333266488E+000  0.100329160795842E+001  0.306929773955169E+001  0.614599557995904E+000  0.529668711567471E+000 -0.144816810698391E+002
  0.874682218037480E-004  0.287270271870356E+002  0.262220216589580E+000  0.951810356875519E+000  0.300623225266505E+001  0.410299351803560E+000  0.529668711567471E+000 -0.143635135935178E+002
  0.105327074646938E-002  0.247975802060365E+002  0.263585324046763E+000  0.925863527221008E+000  0.294472280266355E+001  0.256313662664329E+000  0.529668711567471E+000 -0.123987901030183E+002
  0.838692267349010E-003  0.244422734780132E+002  0.258760682504790E+000  0.936655973300987E+000  0.298229124687199E+001  0.292404608445571E+000  0.529668711567471E+000 -0.122211367390066E+002
  0.412495590464591E-003  0.250313076797557E+002  0.253998376733336E+000  0.101619945659079E+001  0.314415070891110E+001  0.780165381927629E+000  0.529668711567471E+000 -0.125156538398779E+002
  0.485915132290475E-003  0.247036907441551E+002  0.257204320929438E+000  0.100923411100269E+001  0.310980684309295E+001  0.714065860965227E+000  0.529668711567471E+000 -0.123518453720776E+002
  0.500012130507564E-003  0.245383595507987E+002  0.255280189632588E+000  0.100572075905330E+001  0.312401534118228E+001  0.713369881581520E+000  0.529668711567471E+000 -0.122691797753993E+002
  0.515564792127481E-003  0.244770983021085E+002  0.256824069700388E+000  0.101448136133461E+001  0.312683086341500E+001  0.778166856807050E+000  0.529668711567471E+000 -0.122385491510543E+002
  0.762298139448216E-003  0.233699109335229E+002  0.255205198796234E+000  0.102218916883097E+001  0.313124842531040E+001  0.780328040741063E+000  0.529668711567471E+000 -0.116849554667614E+002
  0.886759842087436E-003  0.229648514360189E+002  0.260183684639127E+000  0.994345482621438E+000  0.308025412521085E+001  0.661343751253349E+000  0.529668711567471E+000 -0.114824257180094E+002
  0.114456030481193E-002  0.223518615745956E+002  0.258931578424079E+000  0.101177276081709E+001  0.309718546020855E+001  0.720711748319498E+000  0.529668711567471E+000 -0.111759307872978E+002
  0.120997700015943E-002  0.221381133832090E+002  0.253669093094896E+000  0.100701351647255E+001  0.311435062260826E+001  0.661930036421108E+000  0.529668711567471E+000 -0.110690566916045E+002
  0.122672455321794E-002  0.220080341919793E+002  0.259162604670461E+000  0.100029051155431E+001  0.308517348828223E+001  0.661470276517698E+000  0.529668711567471E+000 -0.110040170959896E+002
  0.134600036548607E-002  0.218224544915096E+002  0.253693515178395E+000  0.101474190246672E+001  0.313410542586947E+001  0.742360918545906E+000  0.529668711567471E+000 -0.109112272457548E+002
  0.199800583942610E-002  0.210324302913090E+002  0.254436742475151E+000  0.101724409566156E+001  0.313764484750417E+001  0.772110003753468E+000  0.529668711567471E+000 -0.105162151456545E+002
  0.244785751264793E-002  0.206263031823477E+002  0.256152877873893E+000  0.102007827524153E+001  0.312924432221416E+001  0.781826671872336E+000  0.529668711567471E+000 -0.103131515911739E+002
  0.265413700760115E-002  0.204644903817494E+002  0.255845591567095E+000  0.101032699906614E+001  0.312834623215145E+001  0.755290983039962E+000  0.529668711567471E+000 -0.102322451908747E+002
  0.333949453022384E-002  0.200050905824655E+002  0.256859055205695E+000  0.101669795485380E+001  0.311342154892856E+001  0.737387576618952E+000  0.529668711567471E+000 -0.100025452912328E+002
  0.497119909971705E-002  0.192094073399107E+002  0.255632690570521E+000  0.101904209622023E+001  0.311829559083999E+001  0.737948266358771E+000  0.529668711567471E+000 -0.960470366995535E+001
  0.494402513216447E-002  0.190721539456989E+002  0.254000962077461E+000  0.999248572291663E+000  0.312323459182623E+001  0.677151085528302E+000  0.529668711567471E+000 -0.953607697284946E+001
  0.520966308978257E-002  0.188192672331982E+002  0.253409942370466E+000  0.994971617155290E+000  0.311901037721950E+001  0.653085765373214E+000  0.529668711567471E+000 -0.940963361659908E+001
  0.535403013318911E-002  0.186163825176099E+002  0.254558522208825E+000  0.101722284623216E+001  0.313519837497775E+001  0.763729176353319E+000  0.529668711567471E+000 -0.930819125880494E+001
  0.663203180092636E-002  0.180400432940051E+002  0.254158359787737E+000  0.100501051724019E+001  0.312999516507267E+001  0.716325709927279E+000  0.529668711567471E+000 -0.902002164700253E+001
  0.674737997077033E-002  0.180055571656841E+002  0.257051001639391E+000  0.101003337588866E+001  0.311627592266494E+001  0.738048368123191E+000  0.529668711567471E+000 -0.900277858284207E+001
  0.630448474533843E-002  0.179812578154843E+002  0.258691866751896E+000  0.100271725486072E+001  0.309552567216437E+001  0.691341273203107E+000  0.529668711567471E+000 -0.899062890774214E+001
  0.964561424461567E-002  0.171307736452092E+002  0.256802755539935E+000  0.101151272131507E+001  0.310130536225303E+001  0.696073765023499E+000  0.529668711567471E+000 -0.856538682260462E+001
  0.982357710394294E-002  0.170942096579654E+002  0.255635367651125E+000  0.100733173628114E+001  0.311746533610981E+001  0.716798306510578E+000  0.529668711567471E+000 -0.854710482898268E+001
  0.228455019053954E-003  0.265398368222099E+002  0.261242313319362E+000  0.976992020071306E+000  0.305506518665026E+001  0.579571341108997E+000  0.529668711567471E+000 -0.132699184111049E+002
  0.261879602696155E-003  0.262667457649111E+002  0.258267978575266E+000  0.967266295402500E+000  0.307291368144643E+001  0.551680493414080E+000  0.529668711567471E+000 -0.131333728824555E+002
  0.307430270355640E-003  0.259460189008893E+002  0.259572726514000E+000  0.986229483168750E+000  0.303947649457536E+001  0.519751465797418E+000  0.529668711567471E+000 -0.129730094504447E+002
  0.427600321955321E-003  0.252861376336383E+002  0.264528294103512E+000  0.946555675150711E+000  0.297194289733468E+001  0.359584999934182E+000  0.529668711567471E+000 -0.126430688168192E+002
  0.627178685100600E-003  0.242117511696683E+002  0.260799051968053E+000  0.983485878223837E+000  0.306732867923594E+001  0.614597805569391E+000  0.529668711567471E+000 -0.121058755848341E+002
  0.115373912446990E-002  0.228444714747937E+002  0.258097355726238E+000  0.989387826618767E+000  0.307658202806032E+001  0.612911207994815E+000  0.529668711567471E+000 -0.114222357373968E+002
  0.166858682084386E-002  0.221065335296387E+002  0.255012208546503E+000  0.958138523921793E+000  0.304807455761621E+001  0.421142950376222E+000  0.529668711567471E+000 -0.110532667648194E+002
  0.662768190487123E-002  0.185370472080963E+002  0.257984115831550E+000  0.989336461289553E+000  0.308383982502805E+001  0.629661326134735E+000  0.529668711567471E+000 -0.926852360404814E+001
  0.770825564556233E-002  0.180125223169159E+002  0.259347855857694E+000  0.988911712852880E+000  0.306681368850256E+001  0.589797442051474E+000  0.529668711567471E+000 -0.900626115845795E+001
  0.140148647997403E-001  0.165085677143041E+002  0.254319638452033E+000  0.968447220151961E+000  0.306990834244410E+001  0.487808883435601E+000  0.529668711567471E+000 -0.825428385715205E+001
  0.170853103252708E-001  0.160147863634307E+002  0.257299160556157E+000  0.989889576112949E+000  0.306882424238675E+001  0.563078699588314E+000  0.529668711567471E+000 -0.800739318171536E+001
  0.980357165463638E-001  0.135334925335577E+002  0.261027475195062E+000  0.932987312195163E+000  0.297290270598259E+001  0.294588460847732E+000  0.529668711567471E+000 -0.676674626677886E+001
  0.251885355942721E+000  0.995161245191692E+001  0.259500083780701E+000  0.939381519606651E+000  0.300633412086100E+001  0.361436436310287E+000  0.529668711567471E+000 -0.497580622595846E+001
  0.312230193137699E+000  0.952207911786264E+001  0.260672269559944E+000  0.941243070611569E+000  0.299319010728285E+001  0.351262660676146E+000  0.529668711567471E+000 -0.476103955893132E+001
  0.409234008851735E-001  0.142403762080161E+002  0.254929984833640E+000  0.100739552541399E+001  0.312368485299822E+001  0.718427346808818E+000  0.529668711567471E+000 -0.712018810400804E+001
  0.376922982640775E-001  0.140035273465106E+002  0.256478464582713E+000  0.100967643995697E+001  0.311456499899944E+001  0.726038800647418E+000  0.529668711567471E+000 -0.700176367325530E+001
  0.482526273111117E-001  0.135095383568308E+002  0.257228945596270E+000  0.100660574448067E+001  0.309899188511986E+001  0.681362172051772E+000  0.529668711567471E+000 -0.675476917841538E+001
  0.823191922519821E-001  0.124412303551555E+002  0.255601329112174E+000  0.995923311511430E+000  0.310433100668905E+001  0.655136586651143E+000  0.529668711567471E+000 -0.622061517757773E+001
  0.101576322461223E+000  0.120208179908368E+002  0.255714253235464E+000  0.100402251670938E+001  0.311536697963316E+001  0.697192501442920E+000  0.529668711567471E+000 -0.601040899541840E+001
  0.109418859252154E+000  0.118720723871713E+002  0.256358765115280E+000  0.100740644894890E+001  0.311277534505062E+001  0.712847720582170E+000  0.529668711567471E+000 -0.593603619358563E+001
  0.121592938610269E+000  0.116610811191100E+002  0.255718707280168E+000  0.100299748276484E+001  0.310602664763242E+001  0.666149705345771E+000  0.529668711567471E+000 -0.583054055955501E+001
  0.166508371222148E+000  0.110323477419891E+002  0.255922970552443E+000  0.100338178129569E+001  0.310548126668770E+001  0.677080598686045E+000  0.529668711567471E+000 -0.551617387099456E+001
  0.228923552243864E+000  0.103956626838766E+002  0.256013178005221E+000  0.100467574906781E+001  0.311163379735499E+001  0.697528020087670E+000  0.529668711567471E+000 -0.519783134193831E+001
  0.281123821354455E+000  0.998484847818817E+001  0.257785997379563E+000  0.999713127035002E+000  0.308906275428966E+001  0.655478140870779E+000  0.529668711567471E+000 -0.499242423909408E+001
  0.269927026991563E+000  0.925520539317277E+001  0.257161442007293E+000  0.100047230374759E+001  0.309078635599165E+001  0.650153294266067E+000  0.529668711567471E+000 -0.462760269658638E+001
  0.194783023683189E-001  0.156550418391159E+002  0.256929726961255E+000  0.956172979473397E+000  0.302299450674927E+001  0.387773324742595E+000  0.529668711567471E+000 -0.782752091955794E+001
  0.200977387705282E-001  0.154948491852612E+002  0.255702280516126E+000  0.982145285441295E+000  0.306569602727407E+001  0.517354121284686E+000  0.529668711567471E+000 -0.774742459263060E+001
  0.200825960290382E-001  0.153987763348747E+002  0.261388226383083E+000  0.951063969051068E+000  0.301239169892429E+001  0.425958746541366E+000  0.529668711567471E+000 -0.769938816743733E+001
  0.277694686308252E-001  0.146530288151239E+002  0.262207263013875E+000  0.960667966592142E+000  0.300315375859597E+001  0.424724136270546E+000  0.529668711567471E+000 -0.732651440756194E+001
  0.356603986298599E-001  0.140552412377601E+002  0.262415294415853E+000  0.959074154041559E+000  0.301095724621192E+001  0.446307816932389E+000  0.529668711567471E+000 -0.702762061888004E+001
  0.504403971397260E-001  0.131711176910049E+002  0.258618935893317E+000  0.947364737523968E+000  0.301101135067449E+001  0.376046597363651E+000  0.529668711567471E+000 -0.658555884550245E+001
  0.666120264019177E-001  0.125218921531824E+002  0.260729489758337E+000  0.953535098724708E+000  0.300829501534362E+001  0.398916994056737E+000  0.529668711567471E+000 -0.626094607659121E+001
  0.668378597651757E-001  0.125151230629921E+002  0.257726179552627E+000  0.957687165930005E+000  0.304147304035142E+001  0.455491699836162E+000  0.529668711567471E+000 -0.625756153149606E+001
  0.748035027170166E-001  0.120104091208282E+002  0.259486706815471E+000  0.969029958187989E+000  0.302269551625179E+001  0.447062526637177E+000  0.529668711567471E+000 -0.600520456041412E+001
  0.786435428699707E-001  0.116546207479546E+002  0.256962437658536E+000  0.986016329825436E+000  0.307462121764276E+001  0.565473906269478E+000  0.529668711567471E+000 -0.582731037397732E+001
  0.877184488312411E-001  0.113545633316494E+002  0.260556505550221E+000  0.950961032742654E+000  0.301588819293323E+001  0.411807259780623E+000  0.529668711567471E+000 -0.567728166582468E+001
  0.900284068632583E-001  0.112209333183447E+002  0.258003241807129E+000  0.969117068267441E+000  0.304584671859174E+001  0.476573482914053E+000  0.529668711567471E+000 -0.561046665917237E+001
  0.107938560544031E+000  0.107764154711966E+002  0.259658255801285E+000  0.978254692496939E+000  0.304041547218631E+001  0.513495853787964E+000  0.529668711567471E+000 -0.538820773559828E+001
  0.120038322237116E+000  0.104822737573977E+002  0.256654662464378E+000  0.973109964641315E+000  0.305652986233487E+001  0.490888227937501E+000  0.529668711567471E+000 -0.524113687869883E+001
  0.137811095275183E+000  0.101244841107599E+002  0.255814662835943E+000  0.988457159755910E+000  0.308000965251109E+001  0.575138416777574E+000  0.529668711567471E+000 -0.506224205537994E+001
  0.141783217614131E+000  0.998600935770037E+001  0.260607162604023E+000  0.973461317761006E+000  0.303253214199868E+001  0.495481266706175E+000  0.529668711567471E+000 -0.499300467885019E+001
  0.130198171912447E+000  0.992092641742616E+001  0.256285177338592E+000  0.960581750109126E+000  0.305947589013195E+001  0.474582189729864E+000  0.529668711567471E+000 -0.496046320871308E+001
  0.146141405481611E+000  0.961441177222809E+001  0.262119818904654E+000  0.946200696743367E+000  0.299465351834054E+001  0.379325550120413E+000  0.529668711567471E+000 -0.480720588611405E+001
  0.201093694314548E+000  0.890053860298941E+001  0.260884805742509E+000  0.954218123696504E+000  0.299978284498964E+001  0.385651872790739E+000  0.529668711567471E+000 -0.445026930149470E+001
  0.369091704999345E+000  0.882282716045667E+001  0.258052374889401E+000  0.945587521064004E+000  0.301490276743701E+001  0.369878683648497E+000  0.529668711567471E+000 -0.441141358022833E+001
  0.554872214989863E+000  0.800744174490141E+001  0.260329187103060E+000  0.941041312465568E+000  0.299443898758212E+001  0.344336029097823E+000  0.529668711567471E+000 -0.400372087245071E+001
  0.479083810504800E+000  0.785487922653451E+001  0.259992485147813E+000  0.940229088459096E+000  0.299581180638161E+001  0.342902444293944E+000  0.529668711567471E+000 -0.392743961326726E+001
  0.641152374992778E+000  0.727209604388601E+001  0.260360974133065E+000  0.942031743002168E+000  0.299409876246991E+001  0.346075800543050E+000  0.529668711567471E+000 -0.363604802194301E+001
  0.857320545559933E+000  0.669100656857514E+001  0.260856806831113E+000  0.944024226785031E+000  0.299723166234563E+001  0.363228428929138E+000  0.529668711567471E+000 -0.334550328428757E+001
  0.965726919700901E+000  0.645286812536947E+001  0.260423503248655E+000  0.942807903784843E+000  0.300225932460987E+001  0.368978329984074E+000  0.529668711567471E+000 -0.322643406268473E+001
  0.379649574732384E+000  0.715276112573138E+001  0.260082695436641E+000  0.966663041781140E+000  0.302726323748214E+001  0.460549160237450E+000  0.529668711567471E+000 -0.357638056286569E+001
  0.201111481925295E+000  0.886982675786420E+001  0.256749363647013E+000  0.961817369630804E+000  0.306218877051859E+001  0.495405981499396E+000  0.529668711567471E+000 -0.443491337893210E+001
  0.237246764093875E+000  0.841026690074373E+001  0.255548115807680E+000  0.972040031445133E+000  0.306754005685399E+001  0.502166786785954E+000  0.529668711567471E+000 -0.420513345037187E+001
  0.248464032108962E+000  0.818879526469937E+001  0.256629472033729E+000  0.981691255715842E+000  0.307229466728804E+001  0.547010779926217E+000  0.529668711567471E+000 -0.409439763234968E+001
  0.272787576390122E+000  0.800200468713198E+001  0.260223861964608E+000  0.967996469574485E+000  0.303829275998152E+001  0.492931920405908E+000  0.529668711567471E+000 -0.400100234356599E+001
  0.266495172440268E+000  0.778161641202131E+001  0.259679106208459E+000  0.980766051804473E+000  0.304865803425225E+001  0.538694910199353E+000  0.529668711567471E+000 -0.389080820601066E+001
  0.312539480363448E+000  0.721254078693639E+001  0.258144379367599E+000  0.981997091375302E+000  0.305448074895288E+001  0.528734678182358E+000  0.529668711567471E+000 -0.360627039346819E+001
  0.316512586104735E+000  0.706602712538834E+001  0.260596137647964E+000  0.964991167705271E+000  0.303207899120534E+001  0.484099549465915E+000  0.529668711567471E+000 -0.353301356269417E+001
  0.376906016206638E+000  0.648119534373494E+001  0.257387483007677E+000  0.978716077735927E+000  0.306525947547305E+001  0.535708942953125E+000  0.529668711567471E+000 -0.324059767186747E+001
  0.634694919756098E+000  0.615892545195753E+001  0.256883017654277E+000  0.991642023766543E+000  0.309463830214261E+001  0.637612396660092E+000  0.529668711567471E+000 -0.307946272597877E+001
  0.845975906622613E+000  0.558423257612474E+001  0.257205158079651E+000  0.995121413992747E+000  0.308822078309040E+001  0.632556768973717E+000  0.529668711567471E+000 -0.279211628806237E+001
  0.890331976254988E+000  0.548202553577826E+001  0.257516021721091E+000  0.994269806050803E+000  0.308776982541035E+001  0.634289227939906E+000  0.529668711567471E+000 -0.274101276788913E+001
  0.506745844683235E+000  0.641515385065933E+001  0.256708241400875E+000  0.961430635911462E+000  0.304787656754834E+001  0.458634627451002E+000  0.529668711567471E+000 -0.320757692532966E+001
  0.642438163840018E+000  0.594063188321315E+001  0.259615974595123E+000  0.964955720004213E+000  0.302752607740232E+001  0.457755159252444E+000  0.529668711567471E+000 -0.297031594160658E+001
  0.655048074859688E+000  0.572773300805983E+001  0.259080423022955E+000  0.951584799282262E+000  0.301846748377807E+001  0.405732820566301E+000  0.529668711567471E+000 -0.286386650402991E+001
  0.648727982311413E+000  0.557310052288793E+001  0.257898795836146E+000  0.962809546219161E+000  0.303088045426932E+001  0.433514407635057E+000  0.529668711567471E+000 -0.278655026144397E+001
  0.665544949816155E+000  0.552191515647176E+001  0.259032077896184E+000  0.959698382517001E+000  0.302019881283008E+001  0.416869481123588E+000  0.529668711567471E+000 -0.276095757823588E+001
  0.350068854827095E+000  0.640647607206466E+001  0.256238204270444E+000  0.968469433090219E+000  0.306620058260129E+001  0.510260754280803E+000  0.529668711567471E+000 -0.320323803603233E+001
  0.337484124103789E+000  0.637156441692158E+001  0.259494056687305E+000  0.973220635333051E+000  0.304107435060918E+001  0.504789155419216E+000  0.529668711567471E+000 -0.318578220846079E+001
  0.351844783277718E+000  0.607750008113184E+001  0.258317263223471E+000  0.974561769291173E+000  0.305374347421072E+001  0.513244972092239E+000  0.529668711567471E+000 -0.303875004056592E+001
  0.340754149792001E+000  0.603897123804035E+001  0.255408893384768E+000  0.975290829701355E+000  0.308017872093805E+001  0.541573085738726E+000  0.529668711567471E+000 -0.301948561902018E+001
  0.341436182921725E+000  0.593238556968726E+001  0.257891061209136E+000  0.971207909453116E+000  0.304807652980076E+001  0.495234770507528E+000  0.529668711567471E+000 -0.296619278484363E+001
  0.571646530987187E+000  0.501515560211532E+001  0.259743293374817E+000  0.951573600906572E+000  0.300696545088956E+001  0.383347125759952E+000  0.529668711567471E+000 -0.250757780105766E+001
  0.545055802030018E+000  0.497243519730323E+001  0.259540882130694E+000  0.954819701389717E+000  0.301275851487818E+001  0.398356589512943E+000  0.529668711567471E+000 -0.248621759865162E+001
  0.572827310692655E+000  0.487304296665536E+001  0.258884685735723E+000  0.948445420596456E+000  0.301688155304599E+001  0.389395227013768E+000  0.529668711567471E+000 -0.243652148332768E+001
  0.703887670995632E+000  0.446097398387387E+001  0.259265428353178E+000  0.957758687893993E+000  0.303275919075750E+001  0.447476740261913E+000  0.529668711567471E+000 -0.223048699193694E+001
  0.750447219080592E+000  0.402457155273158E+001  0.259946358394300E+000  0.965405413697283E+000  0.302670925480873E+001  0.457785695341932E+000  0.529668711567471E+000 -0.201228577636579E+001
  0.777879092675973E+000  0.395276798612454E+001  0.258294056521030E+000  0.953796012361974E+000  0.302744826692328E+001  0.414387781525142E+000  0.529668711567471E+000 -0.197638399306227E+001
  0.866171323493238E+000  0.373774475032598E+001  0.258382203433484E+000  0.963764750085269E+000  0.303137506589912E+001  0.442213764392895E+000  0.529668711567471E+000 -0.186887237516299E+001
  0.874343181677535E+000  0.371896428464858E+001  0.260327334382581E+000  0.958605098071055E+000  0.302604276737017E+001  0.451055146896560E+000  0.529668711567471E+000 -0.185948214232429E+001
  0.897703583320774E+000  0.366623033773794E+001  0.258081842306831E+000  0.957452833249967E+000  0.304311279284291E+001  0.457948386402303E+000  0.529668711567471E+000 -0.183311516886897E+001
  0.100000000000000E+001  0.323967860530428E+001  0.258506488733868E+000  0.965325783343117E+000  0.303391108335430E+001  0.452578011187997E+000  0.529668711567471E+000 -0.161983930265214E+001
  0.991115867359943E+000  0.304680523768872E+001  0.257870300755731E+000  0.965614003541836E+000  0.304017336756670E+001  0.458708735485258E+000  0.529668711567471E+000 -0.152340261884436E+001
  0.383965027268484E+000  0.531549372632070E+001  0.259072318025803E+000  0.967959307877919E+000  0.305273760257280E+001  0.518882902499444E+000  0.529668711567471E+000 -0.265774686316035E+001
  0.384465121098998E+000  0.531289052860817E+001  0.259699651270228E+000  0.970041196643330E+000  0.304228282318634E+001  0.499117077959100E+000  0.529668711567471E+000 -0.265644526430409E+001
  0.393380091218658E+000  0.526704407814562E+001  0.256306846350559E+000  0.972052497702907E+000  0.307260356927174E+001  0.533695067915955E+000  0.529668711567471E+000 -0.263352203907281E+001
  0.389694776238600E+000  0.518828872985162E+001  0.256349534816376E+000  0.976812755373380E+000  0.306581807720087E+001  0.524881858345614E+000  0.529668711567471E+000 -0.259414436492581E+001
  0.394814835103670E+000  0.516218257901128E+001  0.259529567517651E+000  0.973141834164955E+000  0.305438066599866E+001  0.536824486535191E+000  0.529668711567471E+000 -0.258109128950564E+001
  0.386654475723687E+000  0.510136682317482E+001  0.257473001712019E+000  0.979973792120239E+000  0.307962149324460E+001  0.584013568103118E+000  0.529668711567471E+000 -0.255068341158741E+001
  0.374100895236252E+000  0.506479209888624E+001  0.259442958076001E+000  0.978648452929253E+000  0.305484737362933E+001  0.545072905410533E+000  0.529668711567471E+000 -0.253239604944312E+001
  0.380499493765467E+000  0.492828688518293E+001  0.259351541886608E+000  0.971458469480319E+000  0.303559824259468E+001  0.482263579926677E+000  0.529668711567471E+000 -0.246414344259147E+001
  0.369742616040638E+000  0.488305572761596E+001  0.258092038905270E+000  0.968899117960441E+000  0.304655788323996E+001  0.481743697485594E+000  0.529668711567471E+000 -0.244152786380798E+001
  0.392644452005457E+000  0.456269407279853E+001  0.257569433252811E+000  0.979732663806971E+000  0.306331279222429E+001  0.544254611865121E+000  0.529668711567471E+000 -0.228134703639926E+001
  0.449216074967719E+000  0.419591472867836E+001  0.257483118959659E+000  0.972671686999263E+000  0.306743768716130E+001  0.534872966201876E+000  0.529668711567471E+000 -0.209795736433918E+001
  0.445149048208213E+000  0.411652408456641E+001  0.260345223618043E+000  0.964946394569158E+000  0.303119494778872E+001  0.474596543154039E+000  0.529668711567471E+000 -0.205826204228321E+001
  0.446676996808241E+000  0.410967095394265E+001  0.256593024578550E+000  0.976294604816942E+000  0.307249241389844E+001  0.546245676987698E+000  0.529668711567471E+000 -0.205483547697132E+001
  0.436178242679787E+000  0.395707355262613E+001  0.257386240073557E+000  0.966040183488593E+000  0.304901945153665E+001  0.480154096694729E+000  0.529668711567471E+000 -0.197853677631307E+001
  0.424414972148798E+000  0.356546502756885E+001  0.258672656394093E+000  0.972131362109132E+000  0.305656838694035E+001  0.524447242200013E+000  0.529668711567471E+000 -0.178273251378442E+001
  0.427465573977427E+000  0.355114088373149E+001  0.258609327899387E+000  0.983632947074743E+000  0.306484647098398E+001  0.568297052947254E+000  0.529668711567471E+000 -0.177557044186574E+001
  0.466051244578108E+000  0.329317797777568E+001  0.257796745261223E+000  0.980515233405803E+000  0.305919213268666E+001  0.533637961241507E+000  0.529668711567471E+000 -0.164658898888784E+001
  0.464593922699511E+000  0.321432245983896E+001  0.256283653969895E+000  0.974965808620713E+000  0.307532831780981E+001  0.542478912984491E+000  0.529668711567471E+000 -0.160716122991948E+001
  0.445935681106164E+000  0.321118125236367E+001  0.258516878426082E+000  0.977540502017081E+000  0.306584735460827E+001  0.558805439592562E+000  0.529668711567471E+000 -0.160559062618184E+001
  0.438360647811765E+000  0.316032754443047E+001  0.257356873327083E+000  0.971032303098478E+000  0.304983563148980E+001  0.488241929604631E+000  0.529668711567471E+000 -0.158016377221524E+001
  0.427780027434935E+000  0.312407403465521E+001  0.257896040218394E+000  0.982830257885110E+000  0.306995772057052E+001  0.566817169123630E+000  0.529668711567471E+000 -0.156203701732761E+001
  0.825142605050660E+000  0.283799153504153E+001  0.258936377611331E+000  0.963434506467691E+000  0.302922812248069E+001  0.444739576118492E+000  0.529668711567471E+000 -0.141899576752076E+001
  0.783055912500577E+000  0.260858761474684E+001  0.258659975578475E+000  0.957293889308324E+000  0.303787649269594E+001  0.453326192621209E+000  0.529668711567471E+000 -0.130429380737342E+001
  0.722829663778714E+000  0.260856320643943E+001  0.259017489758190E+000  0.956241925190056E+000  0.302527059254258E+001  0.427669714383179E+000  0.529668711567471E+000 -0.130428160321972E+001
  0.686370189090927E+000  0.255199075419082E+001  0.259613523991524E+000  0.958082011150819E+000  0.302419641797894E+001  0.436721484541763E+000  0.529668711567471E+000 -0.127599537709541E+001
  0.658896216262553E+000  0.247360750088796E+001  0.258512604072234E+000  0.955777480065999E+000  0.303298696870300E+001  0.435350436294320E+000  0.529668711567471E+000 -0.123680375044398E+001
  0.659467370003639E+000  0.247187458355690E+001  0.259626741796736E+000  0.960202951193506E+000  0.302455445777499E+001  0.440746720095411E+000  0.529668711567471E+000 -0.123593729177845E+001
  0.612045996643904E+000  0.244710194249656E+001  0.259044757145398E+000  0.954619362731467E+000  0.302787407593164E+001  0.428783603549540E+000  0.529668711567471E+000 -0.122355097124828E+001
  0.563984833532083E+000  0.243663934325142E+001  0.260003648384359E+000  0.955910968011230E+000  0.302016491892764E+001  0.426930937262188E+000  0.529668711567471E+000 -0.121831967162571E+001
  0.567776929149537E+000  0.242323684129958E+001  0.259160611069474E+000  0.955455392961592E+000  0.302698435519791E+001  0.432524250583424E+000  0.529668711567471E+000 -0.121161842064979E+001
  0.516947278922781E+000  0.242019191550596E+001  0.259199887877437E+000  0.958374824163374E+000  0.303197633319855E+001  0.450766031121678E+000  0.529668711567471E+000 -0.121009595775298E+001
  0.445369216965532E+000  0.235362331212525E+001  0.257907002360784E+000  0.959157685350296E+000  0.303557029769851E+001  0.438059601423682E+000  0.529668711567471E+000 -0.117681165606262E+001
  0.454109482011835E+000  0.231475395297630E+001  0.258310334985602E+000  0.958917911970220E+000  0.304011574774226E+001  0.458222393880731E+000  0.529668711567471E+000 -0.115737697648815E+001
  0.422824926548294E+000  0.226689381463103E+001  0.258308949642608E+000  0.956147943932569E+000  0.303046077024138E+001  0.428725311138380E+000  0.529668711567471E+000 -0.113344690731552E+001
  0.430234216748665E+000  0.302751352253687E+001  0.258476275685336E+000  0.972569251993793E+000  0.305523470493347E+001  0.524609092312753E+000  0.529668711567471E+000 -0.151375676126844E+001
  0.426451538263091E+000  0.296005632693225E+001  0.256972753257435E+000  0.967126306839851E+000  0.306108479641615E+001  0.504609509427261E+000  0.529668711567471E+000 -0.148002816346613E+001
  0.410771596355661E+000  0.294985989909483E+001  0.257071007124345E+000  0.975137414308277E+000  0.307350070510069E+001  0.551772714247461E+000  0.529668711567471E+000 -0.147492994954742E+001
  0.412406963588929E+000  0.294191329084080E+001  0.258187850326579E+000  0.967208202637551E+000  0.304152135677389E+001  0.469057083676318E+000  0.529668711567471E+000 -0.147095664542040E+001
  0.408575348340618E+000  0.287167834363548E+001  0.259290134429567E+000  0.963799977786386E+000  0.304270811334120E+001  0.485231633105592E+000  0.529668711567471E+000 -0.143583917181774E+001
  0.391201711092716E+000  0.286968089138033E+001  0.259628173005025E+000  0.968668101055696E+000  0.304318631055730E+001  0.502408477659871E+000  0.529668711567471E+000 -0.143484044569016E+001
  0.379156029094313E+000  0.284332837720349E+001  0.259384527206574E+000  0.972293252605336E+000  0.304212796283289E+001  0.500469461429998E+000  0.529668711567471E+000 -0.142166418860175E+001
  0.381847590945721E+000  0.282918088563391E+001  0.258428860115428E+000  0.968625827358980E+000  0.304620869127175E+001  0.486706136556479E+000  0.529668711567471E+000 -0.141459044281695E+001
  0.401481908004880E+000  0.272889904773358E+001  0.259380217296454E+000  0.972465775038371E+000  0.304850178353559E+001  0.516852861559564E+000  0.529668711567471E+000 -0.136444952386679E+001
  0.384352985682520E+000  0.271852093432069E+001  0.257123235502430E+000  0.974594170165225E+000  0.307161063936726E+001  0.547587253237788E+000  0.529668711567471E+000 -0.135926046716035E+001
  0.381931469292412E+000  0.245163739186058E+001  0.257083447816286E+000  0.964146837192875E+000  0.305439852071851E+001  0.483235368551298E+000  0.529668711567471E+000 -0.122581869593029E+001
  0.378242357390782E+000  0.238214595765848E+001  0.258008612485755E+000  0.982317770936602E+000  0.306364824578018E+001  0.552863563623492E+000  0.529668711567471E+000 -0.119107297882924E+001
  0.366916667359990E+000  0.235404321137141E+001  0.258316855747692E+000  0.977684481957958E+000  0.306361870789822E+001  0.548065785252983E+000  0.529668711567471E+000 -0.117702160568571E+001
  0.352784213922296E+000  0.234369604591777E+001  0.257084627818415E+000  0.976187185097669E+000  0.307006501340516E+001  0.546770198851902E+000  0.529668711567471E+000 -0.117184802295888E+001
  0.341362262334031E+000  0.232061714425927E+001  0.258204847857074E+000  0.979660194722115E+000  0.306370947308044E+001  0.554064385539080E+000  0.529668711567471E+000 -0.116030857212963E+001
  0.330208086052897E+000  0.229815611259037E+001  0.257647706016402E+000  0.966653428962942E+000  0.305300810121388E+001  0.489410448122611E+000  0.529668711567471E+000 -0.114907805629519E+001
  0.330246754429258E+000  0.212389916620894E+001  0.258669393521259E+000  0.971987151412109E+000  0.304825902972295E+001  0.502546565172352E+000  0.529668711567471E+000 -0.106194958310447E+001
  0.331046603444161E+000  0.211906107494172E+001  0.256654084030501E+000  0.981407065053544E+000  0.307410483600673E+001  0.558706944878849E+000  0.529668711567471E+000 -0.105953053747086E+001
  0.318449401751170E+000  0.210774867616335E+001  0.257218291112738E+000  0.980142104393065E+000  0.307631936413669E+001  0.570997595887219E+000  0.529668711567471E+000 -0.105387433808167E+001
  0.331469810576991E+000  0.193869887473946E+001  0.258720818855626E+000  0.976688253567602E+000  0.305500206488040E+001  0.532927629880568E+000  0.529668711567471E+000 -0.969349437369732E+000
  0.331736050176205E+000  0.193709310115228E+001  0.259188950979486E+000  0.965464358401407E+000  0.303765761875466E+001  0.476787080619466E+000  0.529668711567471E+000 -0.968546550576138E+000
  0.420990146189860E+000  0.191094826196285E+001  0.259321753431070E+000  0.958086177628282E+000  0.302772842735854E+001  0.437702547216903E+000  0.529668711567471E+000 -0.955474130981426E+000
  0.426028903789057E+000  0.188715273085458E+001  0.259422914888358E+000  0.958844191511719E+000  0.303232021959633E+001  0.453161437319380E+000  0.529668711567471E+000 -0.943576365427292E+000
  0.399912831346033E+000  0.182305355427215E+001  0.259033746932966E+000  0.958266920686569E+000  0.303498421330495E+001  0.454006819727768E+000  0.529668711567471E+000 -0.911526777136074E+000
  0.367481423189944E+000  0.180158086164843E+001  0.259154874687245E+000  0.957393717584287E+000  0.302476110347075E+001  0.429229194523393E+000  0.529668711567471E+000 -0.900790430824217E+000
  0.368328078151339E+000  0.179697828267384E+001  0.259630724168040E+000  0.960134700810173E+000  0.303098487608764E+001  0.455072223349588E+000  0.529668711567471E+000 -0.898489141336919E+000
  0.345718643658774E+000  0.171295481551620E+001  0.258197218482373E+000  0.959298794303123E+000  0.304013188380782E+001  0.454510930686418E+000  0.529668711567471E+000 -0.856477407758099E+000
  0.376817185871507E+000  0.154068506334827E+001  0.259068775496440E+000  0.964171948283798E+000  0.303214536493431E+001  0.456480598266717E+000  0.529668711567471E+000 -0.770342531674134E+000
  0.378931849040937E+000  0.152949262463860E+001  0.258242399896126E+000  0.958752501575935E+000  0.303365023385283E+001  0.439504576287393E+000  0.529668711567471E+000 -0.764746312319301E+000
  0.356666832416262E+000  0.138353837453575E+001  0.259171542719782E+000  0.959323573321475E+000  0.302844560693369E+001  0.439810548961125E+000  0.529668711567471E+000 -0.691769187267873E+000
  0.359501315283104E+000  0.136770690994812E+001  0.258143065321937E+000  0.960101034160967E+000  0.304043544229643E+001  0.455838972198436E+000  0.529668711567471E+000 -0.683853454974058E+000
  0.368424590871140E+000  0.131867047631222E+001  0.258931752735294E+000  0.960883976494486E+000  0.303660695242029E+001  0.459029788604921E+000  0.529668711567471E+000 -0.659335238156112E+000
  0.380646440640928E+000  0.125340064761062E+001  0.258378370644091E+000  0.961507048568332E+000  0.303405541713749E+001  0.446194917701668E+000  0.529668711567471E+000 -0.626700323805311E+000
  0.391739054676872E+000  0.119595069897911E+001  0.257850608942222E+000  0.961517642156425E+000  0.304132656248421E+001  0.456317565265265E+000  0.529668711567471E+000 -0.597975349489557E+000
  0.406153823079495E+000  0.112367865669436E+001  0.258167701277274E+000  0.964477541588024E+000  0.304077920794935E+001  0.463640969972024E+000  0.529668711567471E+000 -0.561839328347181E+000
  0.432066435343604E+000  0.999983857672332E+000  0.258574634752075E+000  0.962326749191267E+000  0.303506449844116E+001  0.454286192999067E+000  0.529668711567471E+000 -0.499991928836166E+000
  0.300826697219496E+000  0.186564087776656E+001  0.257451388379270E+000  0.966540352145641E+000  0.305666416301505E+001  0.499625757494983E+000  0.529668711567471E+000 -0.932820438883281E+000
  0.307952362039398E+000  0.181881935753370E+001  0.257008905951468E+000  0.973388864406062E+000  0.305769369990748E+001  0.505147107892862E+000  0.529668711567471E+000 -0.909409678766848E+000
  0.296932589841493E+000  0.180279575138701E+001  0.257365700759056E+000  0.967819439871588E+000  0.305964963206866E+001  0.506272194800951E+000  0.529668711567471E+000 -0.901397875693504E+000
  0.275035832258481E+000  0.178198050642829E+001  0.257990715859161E+000  0.968383908573637E+000  0.305408118944245E+001  0.500862716494131E+000  0.529668711567471E+000 -0.890990253214143E+000
  0.266917266259208E+000  0.167514257278105E+001  0.257826057924518E+000  0.968356263313799E+000  0.304937737578518E+001  0.490848307871899E+000  0.529668711567471E+000 -0.837571286390523E+000
  0.273568757546428E+000  0.154427009816212E+001  0.257389477713672E+000  0.975187406244384E+000  0.306728586527320E+001  0.541921614148955E+000  0.529668711567471E+000 -0.772135049081058E+000
  0.255752230718687E+000  0.151887240665006E+001  0.258324591929809E+000  0.962115209852462E+000  0.304573246767322E+001  0.476190189226820E+000  0.529668711567471E+000 -0.759436203325028E+000
  0.248309408697184E+000  0.149949806594895E+001  0.258239936656774E+000  0.967198368567709E+000  0.305178106429636E+001  0.501174394122483E+000  0.529668711567471E+000 -0.749749032974477E+000
  0.243528292034879E+000  0.145994155849339E+001  0.257528680176103E+000  0.973075806471309E+000  0.305330082357291E+001  0.502183012102769E+000  0.529668711567471E+000 -0.729970779246697E+000
  0.244435324525976E+000  0.145250630303607E+001  0.258202058872389E+000  0.966534998119957E+000  0.304853888455034E+001  0.486742845595427E+000  0.529668711567471E+000 -0.726253151518035E+000
  0.244667559785406E+000  0.145060702757209E+001  0.257304057310430E+000  0.979930002220846E+000  0.306718830231796E+001  0.548189296649816E+000  0.529668711567471E+000 -0.725303513786044E+000
  0.247762451348817E+000  0.142546694882588E+001  0.258211284290484E+000  0.967889555655848E+000  0.304445400037248E+001  0.482920019856168E+000  0.529668711567471E+000 -0.712733474412938E+000
  0.249932778680069E+000  0.140802381529693E+001  0.258771616427125E+000  0.965516298806408E+000  0.304739321753257E+001  0.493461680290019E+000  0.529668711567471E+000 -0.704011907648463E+000
  0.252377899456987E+000  0.138855267764483E+001  0.257117309270643E+000  0.969848312052767E+000  0.306228120856295E+001  0.513082615663916E+000  0.529668711567471E+000 -0.694276338822416E+000
  0.258107871691555E+000  0.134365259840830E+001  0.258096301794682E+000  0.972281012987688E+000  0.305354552254647E+001  0.512509931140398E+000  0.529668711567471E+000 -0.671826299204148E+000
  0.259731950959593E+000  0.133110752541926E+001  0.258360468747156E+000  0.964106129192572E+000  0.304828827052634E+001  0.486657245034640E+000  0.529668711567471E+000 -0.665553762709631E+000
  0.279884637776216E+000  0.118165278749257E+001  0.257596234711722E+000  0.981187263401996E+000  0.306799927917251E+001  0.556563242974663E+000  0.529668711567471E+000 -0.590826393746288E+000
  0.284698462812759E+000  0.114754661825677E+001  0.258604664575855E+000  0.970960830693603E+000  0.304900150587253E+001  0.502369481922244E+000  0.529668711567471E+000 -0.573773309128386E+000
  0.288315494465728E+000  0.112229711326008E+001  0.258488128274856E+000  0.965981254151069E+000  0.304560248362904E+001  0.487056335631471E+000  0.529668711567471E+000 -0.561148556630040E+000
  0.292050349699093E+000  0.109655537238932E+001  0.258668122051697E+000  0.968973316809656E+000  0.304474737573102E+001  0.492387151564763E+000  0.529668711567471E+000 -0.548277686194659E+000
  0.300447046563187E+000  0.103986476677510E+001  0.258162254863171E+000  0.978187903530685E+000  0.306223242971933E+001  0.544143604473339E+000  0.529668711567471E+000 -0.519932383387549E+000
  0.304221211714511E+000  0.101489759435730E+001  0.257853640256673E+000  0.973498581398494E+000  0.306287955683376E+001  0.533768525218027E+000  0.529668711567471E+000 -0.507448797178648E+000
  0.310453213565297E+000  0.974341390007927E+000  0.257569901547139E+000  0.975654139209310E+000  0.305842807150553E+001  0.521108285239107E+000  0.529668711567471E+000 -0.487170695003964E+000
  0.318546544978364E+000  0.922870603320266E+000  0.258546599051565E+000  0.968032997722625E+000  0.305002562892883E+001  0.499803329795551E+000  0.529668711567471E+000 -0.461435301660133E+000
  0.332267096956766E+000  0.838529499392550E+000  0.258339269223901E+000  0.970271622129146E+000  0.304595800709635E+001  0.491386450119842E+000  0.529668711567471E+000 -0.419264749696275E+000
  0.340713728011934E+000  0.788322573342640E+000  0.258109246638384E+000  0.969277181697308E+000  0.304839693175613E+001  0.493470573485232E+000  0.529668711567471E+000 -0.394161286671320E+000
  0.345216915288262E+000  0.762061889303365E+000  0.257452053193940E+000  0.975813954286556E+000  0.306296377467241E+001  0.532108553837208E+000  0.529668711567471E+000 -0.381030944651683E+000
  0.363773282892707E+000  0.657346159370241E+000  0.257750134132617E+000  0.975804661543262E+000  0.306043601949562E+001  0.530075322741803E+000  0.529668711567471E+000 -0.328673079685121E+000
  0.378607071224301E+000  0.577409976355922E+000  0.257783590882536E+000  0.969023771743751E+000  0.305251974152008E+001  0.495512554247633E+000  0.529668711567471E+000 -0.288704988177961E+000
  0.387410499551077E+000  0.531438101718658E+000  0.257735374354209E+000  0.971960208358852E+000  0.305928293150797E+001  0.517881410255153E+000  0.529668711567471E+000 -0.265719050859329E+000
  0.392678088628720E+000  0.504427481531798E+000  0.257332289410214E+000  0.976034786684782E+000  0.306566845490608E+001  0.536843222997589E+000  0.529668711567471E+000 -0.252213740765899E+000
  0.404920680982296E+000  0.443025411151513E+000  0.257708586606809E+000  0.976538339535325E+000  0.306388587334436E+001  0.538370941888727E+000  0.529668711567471E+000 -0.221512705575757E+000
  0.411140485157620E+000  0.412537869895643E+000  0.258375795866762E+000  0.972005618615558E+000  0.305460278888225E+001  0.517068866658972E+000  0.529668711567471E+000 -0.206268934947822E+000
