  0.100000000000000E+001  0.361743962108044E+006  0.228111000824983E+000  0.880879903078098E+000  0.256879749096493E+001  0.306525160253261E+000 -0.180871981054022E+006
  0.100000000000000E+001  0.655650592292391E+005  0.692504219563821E+000  0.937471547709582E+000  0.169646158190328E+001  0.306525160253261E+000 -0.327825296146195E+005
  0.100000000000000E+001  0.617068645226847E+006  0.460732663426307E+000  0.883468927266119E+000  0.283133935770544E+001  0.306525160253261E+000 -0.308534322613424E+006
  0.100000000000000E+001  0.553890164710356E+008  0.869747501038101E+000  0.103757309050039E+001  0.305602387681601E+001  0.306525160253261E+000 -0.276945082355178E+008
  0.100000000000000E+001  0.442148290513495E+006  0.111004815087878E+000  0.110195526209450E+001  0.353737170317876E+001  0.306525160253261E+000 -0.221074145256748E+006
  0.100000000000000E+001  0.155596143487421E+007  0.820294542083387E+000  0.881997786456936E+000  0.228683871148675E+001  0.306525160253261E+000 -0.777980717437107E+006
  0.100000000000000E+001  0.727926344435147E+008  0.864147658903832E+000  0.997805301930314E+000  0.324435347099555E+001  0.306525160253261E+000 -0.363963172217574E+008
  0.100000000000000E+001  0.154153813718803E+008  0.591054903631506E+000  0.804079633838033E+000  0.350160536227282E+001  0.306525160253261E+000 -0.770769068594013E+007
  0.100000000000000E+001  0.140186825363499E+006  0.212576712793002E+000  0.986094758006282E+000  0.361055088737203E+001  0.306525160253261E+000 -0.700934126817493E+005
  0.100000000000000E+001  0.414675761591102E+006  0.610470385144869E+000  0.107908440236279E+001  0.217074915093000E+001  0.306525160253261E+000 -0.207337880795551E+006
  0.100000000000000E+001  0.613209382196205E+007  0.676413686018060E+000  0.107774170844146E+001  0.268461991934636E+001  0.306525160253261E+000 -0.306604691098103E+007
  0.100000000000000E+001  0.840543510677493E+006  0.119699953196586E+000  0.826206432649685E+000  0.236371863234268E+001  0.306525160253261E+000 -0.420271755338747E+006
  0.100000000000000E+001  0.629355371437065E+006  0.162629161725944E+000  0.969542318021602E+000  0.252573051175593E+001  0.306525160253261E+000 -0.314677685718533E+006
  0.100000000000000E+001  0.388854071159115E+007  0.430610484762450E+000  0.864950301179471E+000  0.338266638162192E+001  0.306525160253261E+000 -0.194427035579557E+007
  0.100000000000000E+001  0.185550210767019E+008  0.482386085568555E+000  0.114434101244682E+001  0.349268402600109E+001  0.306525160253261E+000 -0.927751053835095E+007
  0.100000000000000E+001  0.230252175564338E+006  0.121172083460684E+000  0.937242900340045E+000  0.379639099684474E+001  0.306525160253261E+000 -0.115126087782169E+006
  0.100000000000000E+001  0.402007643205454E+009  0.871993054657734E+000  0.109378889146349E+001  0.365397973933503E+001  0.306525160253261E+000 -0.201003821602727E+009
  0.100000000000000E+001  0.201464658465663E+007  0.709274635200441E+000  0.914044389207246E+000  0.250979848857231E+001  0.306525160253261E+000 -0.100732329232832E+007
  0.100000000000000E+001  0.584126251232465E+007  0.286377733512317E+000  0.116394860032712E+001  0.383950370740218E+001  0.306525160253261E+000 -0.292063125616232E+007
  0.100000000000000E+001  0.679226943580836E+006  0.104341328244636E+000  0.103937021924262E+001  0.314955546746470E+001  0.306525160253261E+000 -0.339613471790418E+006
  0.100000000000000E+001  0.462610408734657E+006  0.191860005877723E+000  0.889213792863719E+000  0.265711505691879E+001  0.306525160253261E+000 -0.231305204367328E+006
  0.100000000000000E+001  0.107838310229934E+006  0.452912421190103E+000  0.116247433647245E+001  0.232442739116657E+001  0.306525160253261E+000 -0.539191551149669E+005
  0.100000000000000E+001  0.214555821654559E+007  0.676581242997079E+000  0.931614812970029E+000  0.257037508570016E+001  0.306525160253261E+000 -0.107277910827280E+007
  0.100000000000000E+001  0.707361270146703E+007  0.484031018960262E+000  0.109539406148984E+001  0.321744244054955E+001  0.306525160253261E+000 -0.353680635073351E+007
  0.100000000000000E+001  0.375413945380430E+006  0.336636693572653E+000  0.108269981297112E+001  0.302379206276328E+001  0.306525160253261E+000 -0.187706972690215E+006
  0.100000000000000E+001  0.120201796828730E+008  0.707825694669812E+000  0.839405872538517E+000  0.315219099167594E+001  0.306525160253261E+000 -0.601008984143649E+007
  0.100000000000000E+001  0.834450533179444E+005  0.235003278251532E+000  0.105048120481969E+001  0.338019363660619E+001  0.306525160253261E+000 -0.417225266589722E+005
  0.100000000000000E+001  0.200474174397752E+006  0.268957006031930E+000  0.118263688685299E+001  0.238580283031203E+001  0.306525160253261E+000 -0.100237087198876E+006
  0.100000000000000E+001  0.490654274870657E+006  0.364364140661046E+000  0.827901651873449E+000  0.313378553128209E+001  0.306525160253261E+000 -0.245327137435328E+006
  0.100000000000000E+001  0.388156801815218E+006  0.120573214234524E+000  0.979567978901472E+000  0.353709061197977E+001  0.306525160253261E+000 -0.194078400907609E+006
  0.100000000000000E+001  0.313969913909009E+008  0.581512740770224E+000  0.108349830118533E+001  0.346041020857183E+001  0.306525160253261E+000 -0.156984956954504E+008
  0.100000000000000E+001  0.200111075032211E+006  0.404137136991934E+000  0.103952955816732E+001  0.269843393367115E+001  0.306525160253261E+000 -0.100055537516106E+006
  0.100000000000000E+001  0.739618540794090E+009  0.886474259151370E+000  0.112441741133922E+001  0.381018720646129E+001  0.306525160253261E+000 -0.369809270397045E+009
  0.100000000000000E+001  0.135084282331387E+008  0.509843904733533E+000  0.970260738524370E+000  0.349580027162817E+001  0.306525160253261E+000 -0.675421411656937E+007
  0.100000000000000E+001  0.334461365296830E+009  0.763187024867489E+000  0.113794528703894E+001  0.372715474379338E+001  0.306525160253261E+000 -0.167230682648415E+009
  0.100000000000000E+001  0.557648093087927E+007  0.314780134251563E+000  0.110997298054795E+001  0.373260607719944E+001  0.306525160253261E+000 -0.278824046543964E+007
  0.100000000000000E+001  0.174799775743645E+007  0.827646378718718E+000  0.102254670236954E+001  0.211810072248691E+001  0.306525160253261E+000 -0.873998878718226E+006
  0.100000000000000E+001  0.181868561033710E+009  0.741977025777722E+000  0.116130291628562E+001  0.349373547358608E+001  0.306525160253261E+000 -0.909342805168552E+008
  0.100000000000000E+001  0.321115388374679E+006  0.496051524146757E+000  0.892092019603968E+000  0.260436829605816E+001  0.306525160253261E+000 -0.160557694187339E+006
  0.100000000000000E+001  0.265283063753472E+009  0.850070042268439E+000  0.100464380231687E+001  0.373163802167004E+001  0.306525160253261E+000 -0.132641531876736E+009
  0.100000000000000E+001  0.964466785852030E+006  0.865234872490372E+000  0.107500462183933E+001  0.183009413994513E+001  0.306525160253261E+000 -0.482233392926015E+006
  0.100000000000000E+001  0.649147062207177E+005  0.611361061503636E+000  0.862933055724498E+000  0.205947255855014E+001  0.306525160253261E+000 -0.324573531103589E+005
  0.100000000000000E+001  0.814335898540435E+004  0.216123845723928E+000  0.101420753871637E+001  0.325952606324914E+001  0.306525160253261E+000 -0.407167949270217E+004
  0.100000000000000E+001  0.663901980350794E+007  0.340148688032942E+000  0.110944294419524E+001  0.368421664927401E+001  0.306525160253261E+000 -0.331950990175397E+007
  0.100000000000000E+001  0.563056668794855E+006  0.431508437504048E+000  0.112551411692083E+001  0.269555735283294E+001  0.306525160253261E+000 -0.281528334397428E+006
  0.100000000000000E+001  0.632719137319192E+008  0.659557306020761E+000  0.918583950888518E+000  0.377523657582611E+001  0.306525160253261E+000 -0.316359568659596E+008
  0.100000000000000E+001  0.677026000699008E+006  0.218537620376580E+000  0.110605257486634E+001  0.179512181407486E+001  0.306525160253261E+000 -0.338513000349504E+006
  0.100000000000000E+001  0.634786576910857E+007  0.601458145993257E+000  0.825057886649411E+000  0.315254325881655E+001  0.306525160253261E+000 -0.317393288455428E+007
  0.100000000000000E+001  0.719519573547290E+005  0.430090668770965E+000  0.823817667513595E+000  0.224763708114935E+001  0.306525160253261E+000 -0.359759786773645E+005
  0.100000000000000E+001  0.109403776503070E+007  0.413226822286066E+000  0.115416731895645E+001  0.287074102166052E+001  0.306525160253261E+000 -0.547018882515351E+006
  0.100000000000000E+001  0.813935771996128E+005  0.760574521322791E+000  0.984499231340647E+000  0.162045016518072E+001  0.306525160253261E+000 -0.406967885998064E+005
  0.100000000000000E+001  0.644512564907649E+007  0.565665997109716E+000  0.870662523993348E+000  0.319406521371130E+001  0.306525160253261E+000 -0.322256282453824E+007
  0.100000000000000E+001  0.500641441312633E+008  0.719864765814971E+000  0.115601685956512E+001  0.310360127192834E+001  0.306525160253261E+000 -0.250320720656317E+008
  0.100000000000000E+001  0.163080450886160E+006  0.766260522212164E+000  0.107277567945173E+001  0.166285862193382E+001  0.306525160253261E+000 -0.815402254430799E+005
  0.100000000000000E+001  0.411387287879136E+005  0.348534924231643E+000  0.932813013540904E+000  0.251181226076113E+001  0.306525160253261E+000 -0.205693643939568E+005
  0.100000000000000E+001  0.933633586292488E+006  0.203563185275230E+000  0.117505320715179E+001  0.384790066344362E+001  0.306525160253261E+000 -0.466816793146244E+006
  0.100000000000000E+001  0.239321377010576E+008  0.457136511772521E+000  0.916314733138113E+000  0.390223974674586E+001  0.306525160253261E+000 -0.119660688505288E+008
  0.100000000000000E+001  0.768065613819432E+005  0.542912379843132E+000  0.895206557668309E+000  0.225310758470010E+001  0.306525160253261E+000 -0.384032806909716E+005
  0.100000000000000E+001  0.508536695277384E+005  0.294839307198344E+000  0.901263842437137E+000  0.273239999501713E+001  0.306525160253261E+000 -0.254268347638692E+005
  0.100000000000000E+001  0.935759874115797E+007  0.606431412801642E+000  0.105082003262283E+001  0.302486280103021E+001  0.306525160253261E+000 -0.467879937057898E+007
  0.100000000000000E+001  0.198839539493264E+006  0.262505553117534E+000  0.103892203411884E+001  0.253235105771577E+001  0.306525160253261E+000 -0.994197697466321E+005
  0.100000000000000E+001  0.921258536396751E+007  0.596119738249725E+000  0.117724783585335E+001  0.285143590770810E+001  0.306525160253261E+000 -0.460629268198375E+007
  0.100000000000000E+001  0.195093861842461E+007  0.459707088038121E+000  0.105487076929148E+001  0.295278915798448E+001  0.306525160253261E+000 -0.975469309212306E+006
  0.100000000000000E+001  0.638070091611451E+008  0.693416699411578E+000  0.939530757260215E+000  0.366719538556337E+001  0.306525160253261E+000 -0.319035045805726E+008
  0.100000000000000E+001  0.185709714798494E+009  0.895730097399042E+000  0.893580832714635E+000  0.373822354611634E+001  0.306525160253261E+000 -0.928548573992470E+008
  0.100000000000000E+001  0.566386110077542E+006  0.765208481347684E+000  0.110263699457755E+001  0.186056437604015E+001  0.306525160253261E+000 -0.283193055038771E+006
  0.100000000000000E+001  0.245041085677025E+006  0.305058801522223E+000  0.114516212702162E+001  0.214043318788373E+001  0.306525160253261E+000 -0.122520542838513E+006
  0.100000000000000E+001  0.524607341895861E+006  0.154045323323319E+000  0.111867937540071E+001  0.277881941750582E+001  0.306525160253261E+000 -0.262303670947930E+006
  0.100000000000000E+001  0.480479608262045E+005  0.582182651045070E+000  0.112196563200326E+001  0.172340951571315E+001  0.306525160253261E+000 -0.240239804131023E+005
  0.100000000000000E+001  0.206889516701435E+006  0.235518784535183E+000  0.988437095892301E+000  0.350955441923683E+001  0.306525160253261E+000 -0.103444758350718E+006
  0.100000000000000E+001  0.134161640847131E+006  0.233302221166786E+000  0.108183515611097E+001  0.280000823928350E+001  0.306525160253261E+000 -0.670808204235654E+005
  0.100000000000000E+001  0.302823962183086E+006  0.190987057799333E+000  0.112761792855144E+001  0.281225350532601E+001  0.306525160253261E+000 -0.151411981091543E+006
  0.100000000000000E+001  0.170434677419624E+008  0.891431158306727E+000  0.117548474357887E+001  0.234009447153765E+001  0.306525160253261E+000 -0.852173387098121E+007
  0.100000000000000E+001  0.276046947653953E+008  0.811603474619151E+000  0.981020275222701E+000  0.304453553537624E+001  0.306525160253261E+000 -0.138023473826977E+008
  0.100000000000000E+001  0.113906326942034E+007  0.422107739933453E+000  0.930292136015495E+000  0.304254689668358E+001  0.306525160253261E+000 -0.569531634710169E+006
  0.100000000000000E+001  0.176881235071489E+009  0.888303857575152E+000  0.107062935113321E+001  0.335743152227649E+001  0.306525160253261E+000 -0.884406175357443E+008
  0.100000000000000E+001  0.879590688289947E+006  0.112974434537803E+000  0.926335631911843E+000  0.216573125030168E+001  0.306525160253261E+000 -0.439795344144974E+006
  0.100000000000000E+001  0.499387089895975E+008  0.729038638985230E+000  0.108802816665489E+001  0.322194568556121E+001  0.306525160253261E+000 -0.249693544947988E+008
  0.100000000000000E+001  0.796462612768120E+008  0.771806998091220E+000  0.846462021486780E+000  0.373498968843359E+001  0.306525160253261E+000 -0.398231306384060E+008
  0.100000000000000E+001  0.189162088614018E+007  0.745028901446020E+000  0.961009218486451E+000  0.237107425327615E+001  0.306525160253261E+000 -0.945810443070092E+006
  0.100000000000000E+001  0.204682892839138E+008  0.698680611743516E+000  0.847135222102479E+000  0.335372207434914E+001  0.306525160253261E+000 -0.102341446419569E+008
  0.100000000000000E+001  0.687049263524906E+008  0.609728073222005E+000  0.945732790714519E+000  0.389072747989588E+001  0.306525160253261E+000 -0.343524631762453E+008
  0.100000000000000E+001  0.156931627881310E+008  0.701937739182072E+000  0.941969314401178E+000  0.313190233847450E+001  0.306525160253261E+000 -0.784658139406549E+007
  0.100000000000000E+001  0.186772193411983E+006  0.340217168720599E+000  0.843803523523207E+000  0.230532431422620E+001  0.306525160253261E+000 -0.933860967059916E+005
  0.100000000000000E+001  0.430482580152827E+006  0.203678831361525E+000  0.820563098813834E+000  0.265518265092890E+001  0.306525160253261E+000 -0.215241290076413E+006
  0.100000000000000E+001  0.533645985925253E+006  0.191972584955817E+000  0.854070413711821E+000  0.253214266795800E+001  0.306525160253261E+000 -0.266822992962627E+006
  0.100000000000000E+001  0.267011292870090E+007  0.495607147398284E+000  0.833572966465272E+000  0.312287573393417E+001  0.306525160253261E+000 -0.133505646435045E+007
  0.100000000000000E+001  0.176300801617151E+007  0.889254910253221E+000  0.113368159123084E+001  0.182514713656628E+001  0.306525160253261E+000 -0.881504008085757E+006
  0.100000000000000E+001  0.210323839881370E+005  0.163919127083656E+000  0.110591045763832E+001  0.363122996516079E+001  0.306525160253261E+000 -0.105161919940685E+005
  0.100000000000000E+001  0.276118965379135E+006  0.701153629225193E+000  0.991095562738471E+000  0.199336282204390E+001  0.306525160253261E+000 -0.138059482689568E+006
  0.100000000000000E+001  0.665977389966458E+008  0.694673560379861E+000  0.105763434504836E+001  0.346846563597145E+001  0.306525160253261E+000 -0.332988694983229E+008
  0.100000000000000E+001  0.465718057423929E+007  0.782694523952492E+000  0.958148733150843E+000  0.256032917661791E+001  0.306525160253261E+000 -0.232859028711965E+007
  0.100000000000000E+001  0.763036502254780E+006  0.107189428403726E+000  0.816098611384352E+000  0.292817462925416E+001  0.306525160253261E+000 -0.381518251127390E+006
  0.100000000000000E+001  0.305227222175616E+006  0.108114994420944E+000  0.109054382395260E+001  0.382104867693721E+001  0.306525160253261E+000 -0.152613611087808E+006
  0.100000000000000E+001  0.717377010613964E+006  0.277976517789449E+000  0.112228679374112E+001  0.338346048259601E+001  0.306525160253261E+000 -0.358688505306982E+006
  0.100000000000000E+001  0.858764092089828E+004  0.349503510333312E+000  0.103715481160907E+001  0.257944518835166E+001  0.306525160253261E+000 -0.429382046044914E+004
  0.100000000000000E+001  0.932391169926882E+008  0.750064225026447E+000  0.917513321886144E+000  0.372169674812343E+001  0.306525160253261E+000 -0.466195584963441E+008
  0.100000000000000E+001  0.172420327249077E+007  0.626729927887449E+000  0.104207975311299E+001  0.249206889956814E+001  0.306525160253261E+000 -0.862101636245387E+006
  0.100000000000000E+001  0.490298114804645E+006  0.763677688109610E+000  0.870288857724083E+000  0.212285934233983E+001  0.306525160253261E+000 -0.245149057402322E+006
  0.100000000000000E+001  0.186191848644678E+006  0.525562851798845E+000  0.963963653653142E+000  0.163464474225632E+001  0.306525160253261E+000 -0.930959243223388E+005
  0.100000000000000E+001  0.147823951378652E+006  0.281099120113851E+000  0.827590211492122E+000  0.264899327578396E+001  0.306525160253261E+000 -0.739119756893258E+005
  0.100000000000000E+001  0.340054935417618E+006  0.214872317188450E+000  0.918258756939996E+000  0.267969146352763E+001  0.306525160253261E+000 -0.170027467708809E+006
  0.100000000000000E+001  0.280562569666588E+009  0.774710189175473E+000  0.113589163457892E+001  0.363491068254567E+001  0.306525160253261E+000 -0.140281284833294E+009
  0.100000000000000E+001  0.159125526803269E+006  0.575120069277303E+000  0.879707475158760E+000  0.165742871077059E+001  0.306525160253261E+000 -0.795627634016347E+005
  0.100000000000000E+001  0.296910899214875E+009  0.857724511371020E+000  0.933984582350573E+000  0.390726492986248E+001  0.306525160253261E+000 -0.148455449607438E+009
  0.100000000000000E+001  0.426665794103215E+006  0.781382167009615E+000  0.102535285002536E+001  0.187878577260965E+001  0.306525160253261E+000 -0.213332897051607E+006
  0.100000000000000E+001  0.199177227855660E+007  0.585360069678395E+000  0.112449494904949E+001  0.252643847909419E+001  0.306525160253261E+000 -0.995886139278298E+006
  0.100000000000000E+001  0.128669728269754E+006  0.547913725600239E+000  0.114325681302882E+001  0.206692372461583E+001  0.306525160253261E+000 -0.643348641348770E+005
  0.100000000000000E+001  0.194847432534264E+006  0.464275946624741E+000  0.108930024283165E+001  0.166246193537022E+001  0.306525160253261E+000 -0.974237162671320E+005
  0.100000000000000E+001  0.751224336609929E+008  0.537424525259756E+000  0.111703812599034E+001  0.386306533324819E+001  0.306525160253261E+000 -0.375612168304964E+008
  0.100000000000000E+001  0.111571935867249E+008  0.736217923407586E+000  0.935790957360592E+000  0.295512794748707E+001  0.306525160253261E+000 -0.557859679336247E+007
  0.100000000000000E+001  0.608803917779300E+005  0.432443242559904E+000  0.980767167477298E+000  0.214373457338269E+001  0.306525160253261E+000 -0.304401958889650E+005
  0.100000000000000E+001  0.861763045707430E+007  0.768960188754820E+000  0.112737837659147E+001  0.249238858473551E+001  0.306525160253261E+000 -0.430881522853715E+007
  0.100000000000000E+001  0.373810158865462E+006  0.648152777436969E+000  0.825329995083262E+000  0.232971663134787E+001  0.306525160253261E+000 -0.186905079432731E+006
  0.100000000000000E+001  0.500943476737736E+008  0.692239174865513E+000  0.109295403816052E+001  0.330473340756144E+001  0.306525160253261E+000 -0.250471738368868E+008
  0.100000000000000E+001  0.744260429110906E+006  0.159075789903134E+000  0.106174541503388E+001  0.215583347732444E+001  0.306525160253261E+000 -0.372130214555453E+006
  0.100000000000000E+001  0.113416641721314E+008  0.546248607046552E+000  0.881757071714644E+000  0.342181538954775E+001  0.306525160253261E+000 -0.567083208606572E+007
  0.100000000000000E+001  0.345807311128739E+004  0.281154141313455E+000  0.110207858684508E+001  0.284883182731081E+001  0.306525160253261E+000 -0.172903655564369E+004
  0.100000000000000E+001  0.102231983845539E+006  0.444497992928287E+000  0.104824614331995E+001  0.246026365577542E+001  0.306525160253261E+000 -0.511159919227697E+005
  0.100000000000000E+001  0.554669874352812E+006  0.186129128521286E+000  0.955724517116902E+000  0.248242117088158E+001  0.306525160253261E+000 -0.277334937176406E+006
  0.100000000000000E+001  0.240889568715963E+007  0.638196493093107E+000  0.871088550308457E+000  0.274187223005921E+001  0.306525160253261E+000 -0.120444784357982E+007
  0.100000000000000E+001  0.125140784466606E+006  0.567185758373501E+000  0.979091392977643E+000  0.165067935916103E+001  0.306525160253261E+000 -0.625703922333030E+005
  0.100000000000000E+001  0.596246236115696E+005  0.345034564859700E+000  0.911117240351107E+000  0.288589777588132E+001  0.306525160253261E+000 -0.298123118057848E+005
  0.100000000000000E+001  0.814980603844753E+006  0.151738774120686E+000  0.871938638363103E+000  0.205555067026655E+001  0.306525160253261E+000 -0.407490301922376E+006
  0.100000000000000E+001  0.198148451741408E+007  0.320316683391422E+000  0.896667394992562E+000  0.355422335763204E+001  0.306525160253261E+000 -0.990742258707040E+006
  0.100000000000000E+001  0.452238681276397E+007  0.897006936252108E+000  0.862202205919527E+000  0.249672804835372E+001  0.306525160253261E+000 -0.226119340638198E+007
  0.100000000000000E+001  0.688819355942930E+006  0.893833867065460E+000  0.885005905129350E+000  0.197254853824275E+001  0.306525160253261E+000 -0.344409677971465E+006
  0.100000000000000E+001  0.447180571057446E+007  0.832501408431302E+000  0.117712681141839E+001  0.208066475946356E+001  0.306525160253261E+000 -0.223590285528723E+007
  0.100000000000000E+001  0.334209429793274E+006  0.710009372732526E+000  0.109324801735649E+001  0.188480772951164E+001  0.306525160253261E+000 -0.167104714896637E+006
  0.100000000000000E+001  0.666913336247784E+006  0.639059196983355E+000  0.111033734136027E+001  0.215792268806463E+001  0.306525160253261E+000 -0.333456668123892E+006
  0.100000000000000E+001  0.291270712738459E+008  0.826700236623534E+000  0.862924105811331E+000  0.323147284896864E+001  0.306525160253261E+000 -0.145635356369230E+008
  0.100000000000000E+001  0.308734902687271E+007  0.613361350001218E+000  0.118253346899749E+001  0.248214681383163E+001  0.306525160253261E+000 -0.154367451343636E+007
  0.100000000000000E+001  0.151345850100571E+009  0.785650344329887E+000  0.879953804586316E+000  0.389831273252614E+001  0.306525160253261E+000 -0.756729250502853E+008
  0.100000000000000E+001  0.201638987240795E+006  0.232773271618858E+000  0.898113874314188E+000  0.279637078818262E+001  0.306525160253261E+000 -0.100819493620397E+006
  0.100000000000000E+001  0.714188560894638E+008  0.874492559120829E+000  0.109224185177312E+001  0.301473128503076E+001  0.306525160253261E+000 -0.357094280447319E+008
  0.100000000000000E+001  0.336816905932912E+006  0.155821461877205E+000  0.107892994427493E+001  0.313018598409277E+001  0.306525160253261E+000 -0.168408452966456E+006
  0.100000000000000E+001  0.108330492470274E+008  0.539398992459745E+000  0.996615917222993E+000  0.331239841438311E+001  0.306525160253261E+000 -0.541652462351369E+007
  0.100000000000000E+001  0.558030347202160E+005  0.497829059492176E+000  0.985852670178704E+000  0.226399457809023E+001  0.306525160253261E+000 -0.279015173601080E+005
  0.100000000000000E+001  0.157365060255989E+007  0.565893370387550E+000  0.851370470091306E+000  0.280078062357868E+001  0.306525160253261E+000 -0.786825301279947E+006
  0.100000000000000E+001  0.163023600893099E+007  0.428856575945016E+000  0.822127753137533E+000  0.318219035277687E+001  0.306525160253261E+000 -0.815118004465493E+006
  0.100000000000000E+001  0.812063225838722E+007  0.863236848807124E+000  0.112357130766478E+001  0.229054351127519E+001  0.306525160253261E+000 -0.406031612919361E+007
  0.100000000000000E+001  0.155889401039846E+008  0.472045669804351E+000  0.894295395695786E+000  0.371194096049935E+001  0.306525160253261E+000 -0.779447005199228E+007
  0.100000000000000E+001  0.404374624983670E+007  0.746904924589656E+000  0.995387808466540E+000  0.253358871811401E+001  0.306525160253261E+000 -0.202187312491835E+007
  0.100000000000000E+001  0.784091096002281E+006  0.183267244873932E+000  0.100851867163022E+001  0.178261811727377E+001  0.306525160253261E+000 -0.392045548001140E+006
  0.100000000000000E+001  0.161539476338748E+005  0.376985214578342E+000  0.110586759378519E+001  0.248255259155423E+001  0.306525160253261E+000 -0.807697381693741E+004
  0.100000000000000E+001  0.444861599207757E+006  0.355942679825696E+000  0.119183582542125E+001  0.287640652473768E+001  0.306525160253261E+000 -0.222430799603879E+006
  0.100000000000000E+001  0.921541346942741E+006  0.364903566169461E+000  0.105217596333203E+001  0.310139078198172E+001  0.306525160253261E+000 -0.460770673471370E+006
  0.100000000000000E+001  0.104240084472218E+009  0.879201117942627E+000  0.118995413663631E+001  0.291213807414047E+001  0.306525160253261E+000 -0.521200422361091E+008
  0.100000000000000E+001  0.305494176951565E+007  0.846120916420293E+000  0.888011137228060E+000  0.242355651174961E+001  0.306525160253261E+000 -0.152747088475782E+007
  0.100000000000000E+001  0.619015745168516E+003  0.247439441990667E+000  0.934666306468537E+000  0.315392957287617E+001  0.306525160253261E+000 -0.309507872584258E+003
  0.100000000000000E+001  0.247328763400389E+006  0.306997292963200E+000  0.103517082317428E+001  0.221374617603449E+001  0.306525160253261E+000 -0.123664381700195E+006
  0.100000000000000E+001  0.376502401153350E+006  0.557573052574090E+000  0.977057012502996E+000  0.239356360719269E+001  0.306525160253261E+000 -0.188251200576675E+006
  0.100000000000000E+001  0.832513149609847E+006  0.105605233908794E+000  0.114156682955790E+001  0.246824989413876E+001  0.306525160253261E+000 -0.416256574804924E+006
  0.100000000000000E+001  0.260295202731336E+005  0.158144199850162E+000  0.942348874961646E+000  0.389712521788671E+001  0.306525160253261E+000 -0.130147601365668E+005
  0.100000000000000E+001  0.303878896785976E+005  0.325214972720395E+000  0.115424516099468E+001  0.273224402315434E+001  0.306525160253261E+000 -0.151939448392988E+005
  0.100000000000000E+001  0.239009189490784E+008  0.745630557031706E+000  0.855095491697683E+000  0.331405094058196E+001  0.306525160253261E+000 -0.119504594745392E+008
  0.100000000000000E+001  0.115885272746976E+006  0.524735509663385E+000  0.934814934847461E+000  0.233004735656115E+001  0.306525160253261E+000 -0.579426363734882E+005
  0.100000000000000E+001  0.260974380509828E+006  0.226168555352143E+000  0.809615802357321E+000  0.278656970429194E+001  0.306525160253261E+000 -0.130487190254914E+006
  0.100000000000000E+001  0.144126357644695E+008  0.679226196208413E+000  0.909736670351412E+000  0.319011868650280E+001  0.306525160253261E+000 -0.720631788223474E+007
  0.100000000000000E+001  0.107632279203237E+006  0.783698666053616E+000  0.950523794263543E+000  0.168970427867635E+001  0.306525160253261E+000 -0.538161396016186E+005
  0.100000000000000E+001  0.530844272962966E+006  0.280738746664209E+000  0.963853515239585E+000  0.186555189463471E+001  0.306525160253261E+000 -0.265422136481483E+006
  0.100000000000000E+001  0.264831908960922E+006  0.268333568593524E+000  0.937281510855170E+000  0.245335341369668E+001  0.306525160253261E+000 -0.132415954480461E+006
  0.100000000000000E+001  0.648303342324934E+007  0.786630821909260E+000  0.113312392751059E+001  0.236207304286392E+001  0.306525160253261E+000 -0.324151671162467E+007
  0.100000000000000E+001  0.142090236043344E+007  0.754331043528016E+000  0.844365667692907E+000  0.241402738836242E+001  0.306525160253261E+000 -0.710451180216721E+006
  0.100000000000000E+001  0.164097791856466E+006  0.463763690180093E+000  0.100809816377100E+001  0.180028459070976E+001  0.306525160253261E+000 -0.820488959282331E+005
  0.100000000000000E+001  0.115963952060762E+006  0.489742828070738E+000  0.956640941902799E+000  0.187542821302735E+001  0.306525160253261E+000 -0.579819760303809E+005
  0.100000000000000E+001  0.178386188324680E+006  0.151858556232460E+000  0.103514313071186E+001  0.345375982696552E+001  0.306525160253261E+000 -0.891930941623399E+005
  0.100000000000000E+001  0.124064370474058E+009  0.632472023969496E+000  0.113349035379966E+001  0.371342510599667E+001  0.306525160253261E+000 -0.620321852370289E+008
  0.100000000000000E+001  0.147862358377615E+007  0.785013315615900E+000  0.100606256368190E+001  0.217595117670495E+001  0.306525160253261E+000 -0.739311791888076E+006
  0.100000000000000E+001  0.781962914699113E+005  0.688805076820756E+000  0.921343326720249E+000  0.185056420887209E+001  0.306525160253261E+000 -0.390981457349557E+005
  0.100000000000000E+001  0.710332237217944E+006  0.129315121016954E+000  0.979045251202762E+000  0.269285954402597E+001  0.306525160253261E+000 -0.355166118608972E+006
  0.100000000000000E+001  0.713114670330973E+006  0.171122916034196E+000  0.113540153503046E+001  0.208580379621190E+001  0.306525160253261E+000 -0.356557335165487E+006
  0.100000000000000E+001  0.290946909628948E+006  0.862811123344573E+000  0.831914463660426E+000  0.189486922997442E+001  0.306525160253261E+000 -0.145473454814474E+006
  0.100000000000000E+001  0.220813699674556E+008  0.754577873189755E+000  0.112503307446051E+001  0.281628656168924E+001  0.306525160253261E+000 -0.110406849837278E+008
  0.100000000000000E+001  0.455408857716829E+007  0.801835268551071E+000  0.993327646655794E+000  0.246848469228632E+001  0.306525160253261E+000 -0.227704428858415E+007
  0.100000000000000E+001  0.179832262729663E+009  0.827098317555215E+000  0.907978007681009E+000  0.382814425365866E+001  0.306525160253261E+000 -0.899161313648314E+008
  0.100000000000000E+001  0.107072148090569E+006  0.509040694269060E+000  0.991255885135301E+000  0.231303733763707E+001  0.306525160253261E+000 -0.535360740452845E+005
  0.100000000000000E+001  0.233439947267059E+008  0.614842756187791E+000  0.884169112408006E+000  0.353306475587500E+001  0.306525160253261E+000 -0.116719973633529E+008
  0.100000000000000E+001  0.779956643094752E+006  0.155423130947767E+000  0.943321242115392E+000  0.213022346028483E+001  0.306525160253261E+000 -0.389978321547376E+006
  0.100000000000000E+001  0.288803614013708E+005  0.423290239934064E+000  0.108685709083634E+001  0.235900757666563E+001  0.306525160253261E+000 -0.144401807006854E+005
  0.100000000000000E+001  0.400380147476260E+007  0.666792348436929E+000  0.827201005616017E+000  0.287711427965016E+001  0.306525160253261E+000 -0.200190073738130E+007
  0.100000000000000E+001  0.164064542915004E+009  0.899825657052785E+000  0.119542651578251E+001  0.301982038343709E+001  0.306525160253261E+000 -0.820322714575021E+008
  0.100000000000000E+001  0.106052883499347E+006  0.398192788245909E+000  0.118275994509251E+001  0.196555118092559E+001  0.306525160253261E+000 -0.530264417496734E+005
  0.100000000000000E+001  0.113716549962265E+009  0.758506066359829E+000  0.109699401863354E+001  0.342193905552401E+001  0.306525160253261E+000 -0.568582749811324E+008
  0.100000000000000E+001  0.689459181213784E+007  0.600121411583223E+000  0.104653742365447E+001  0.294780550527981E+001  0.306525160253261E+000 -0.344729590606892E+007
  0.100000000000000E+001  0.341338464935755E+005  0.326531745900272E+000  0.104746497275988E+001  0.253559555972322E+001  0.306525160253261E+000 -0.170669232467878E+005
  0.100000000000000E+001  0.209181504803024E+006  0.129978945542428E+000  0.107594335715077E+001  0.365313928791000E+001  0.306525160253261E+000 -0.104590752401512E+006
  0.100000000000000E+001  0.469700010346326E+007  0.643741538710158E+000  0.947070663633336E+000  0.284739152017589E+001  0.306525160253261E+000 -0.234850005173163E+007
  0.100000000000000E+001  0.636957765824341E+005  0.527381826472174E+000  0.117303845043449E+001  0.199249608370726E+001  0.306525160253261E+000 -0.318478882912170E+005
  0.100000000000000E+001  0.265260760005446E+008  0.534643608419245E+000  0.108475520461118E+001  0.353792162493790E+001  0.306525160253261E+000 -0.132630380002723E+008
  0.100000000000000E+001  0.162404836131415E+008  0.682127542070304E+000  0.103578555714033E+001  0.304747335046859E+001  0.306525160253261E+000 -0.812024180657074E+007
  0.100000000000000E+001  0.475081770351303E+006  0.666468076653647E+000  0.113337712054604E+001  0.199459777963724E+001  0.306525160253261E+000 -0.237540885175651E+006
  0.100000000000000E+001  0.320968715486307E+006  0.173830008575020E+000  0.920879491227445E+000  0.305144562524472E+001  0.306525160253261E+000 -0.160484357743154E+006
  0.100000000000000E+001  0.612941435480389E+006  0.111881360596801E+000  0.107478185051609E+001  0.317983652685832E+001  0.306525160253261E+000 -0.306470717740195E+006
  0.100000000000000E+001  0.422209832336155E+009  0.753927747986917E+000  0.112803595242679E+001  0.386452026042265E+001  0.306525160253261E+000 -0.211104916168077E+009
  0.100000000000000E+001  0.791205899380847E+006  0.168189197466378E+000  0.856522656011041E+000  0.199694831795456E+001  0.306525160253261E+000 -0.395602949690424E+006
  0.100000000000000E+001  0.241708261256992E+004  0.231571535994869E+000  0.865135125916062E+000  0.330634996714248E+001  0.306525160253261E+000 -0.120854130628496E+004
  0.100000000000000E+001  0.661023790932296E+006  0.164199351948068E+000  0.824624605904098E+000  0.250364098732300E+001  0.306525160253261E+000 -0.330511895466148E+006
  0.100000000000000E+001  0.770009258718485E+006  0.286301976447320E+000  0.103283747969110E+001  0.341650691326073E+001  0.306525160253261E+000 -0.385004629359242E+006
  0.100000000000000E+001  0.204263188745142E+007  0.616052912598832E+000  0.953262516038899E+000  0.266034145631891E+001  0.306525160253261E+000 -0.102131594372571E+007
  0.100000000000000E+001  0.456069725353325E+006  0.222044890236516E+000  0.100046656613749E+001  0.369697025339868E+001  0.306525160253261E+000 -0.228034862676662E+006
  0.100000000000000E+001  0.835787943874064E+006  0.106790078696098E+000  0.932747225350340E+000  0.254408157489266E+001  0.306525160253261E+000 -0.417893971937032E+006
  0.100000000000000E+001  0.302698893257967E+006  0.398561445999030E+000  0.815706473947519E+000  0.190561090047698E+001  0.306525160253261E+000 -0.151349446628984E+006
  0.100000000000000E+001  0.256513079161152E+005  0.429879966988306E+000  0.109015236102304E+001  0.231234105366501E+001  0.306525160253261E+000 -0.128256539580576E+005
  0.100000000000000E+001  0.313031729666690E+007  0.639442947780882E+000  0.984243793073164E+000  0.269358652350222E+001  0.306525160253261E+000 -0.156515864833345E+007
  0.100000000000000E+001  0.295331652030668E+006  0.112051635631887E+000  0.915001452694131E+000  0.383882171240184E+001  0.306525160253261E+000 -0.147665826015334E+006
  0.100000000000000E+001  0.328830832048450E+009  0.854154422974658E+000  0.109170054407150E+001  0.361620788564939E+001  0.306525160253261E+000 -0.164415416024225E+009
  0.100000000000000E+001  0.196392338325822E+006  0.299663988339844E+000  0.858455369845884E+000  0.245626378595532E+001  0.306525160253261E+000 -0.981961691629111E+005
  0.100000000000000E+001  0.999999970214021E+005  0.708259166496483E+000  0.103130118663958E+001  0.174379893510820E+001  0.306525160253261E+000 -0.499999985107011E+005
  0.100000000000000E+001  0.103917255042260E+008  0.558490086480787E+000  0.105102235985205E+001  0.318419204824419E+001  0.306525160253261E+000 -0.519586275211299E+007
  0.100000000000000E+001  0.858106928143556E+008  0.590582530594498E+000  0.103760749373354E+001  0.388386430385154E+001  0.306525160253261E+000 -0.429053464071778E+008
  0.100000000000000E+001  0.125753386368582E+006  0.364567710886314E+000  0.861625412464947E+000  0.231253444739223E+001  0.306525160253261E+000 -0.628766931842910E+005
  0.100000000000000E+001  0.924122131970467E+005  0.596216819801315E+000  0.931354461987280E+000  0.172207952573747E+001  0.306525160253261E+000 -0.462061065985234E+005
  0.100000000000000E+001  0.287102040551276E+007  0.625846062669718E+000  0.974863795763486E+000  0.270935691492462E+001  0.306525160253261E+000 -0.143551020275638E+007
  0.100000000000000E+001  0.229199243309435E+007  0.563419106278652E+000  0.903060058952113E+000  0.285962908294609E+001  0.306525160253261E+000 -0.114599621654717E+007
  0.100000000000000E+001  0.113744474896326E+006  0.522746770967076E+000  0.107328529259584E+001  0.168322026713187E+001  0.306525160253261E+000 -0.568722374481631E+005
  0.100000000000000E+001  0.962259354050735E+005  0.759913056821312E+000  0.887389167838275E+000  0.177792240957990E+001  0.306525160253261E+000 -0.481129677025367E+005
  0.100000000000000E+001  0.178313107537727E+008  0.726703412096201E+000  0.983548180510143E+000  0.306342177765567E+001  0.306525160253261E+000 -0.891565537688636E+007
  0.100000000000000E+001  0.940620730456333E+007  0.460475688061838E+000  0.107811762052509E+001  0.340484759934452E+001  0.306525160253261E+000 -0.470310365228166E+007
  0.100000000000000E+001  0.315237256738846E+008  0.821569999725937E+000  0.101317463173306E+001  0.300994194005802E+001  0.306525160253261E+000 -0.157618628369423E+008
  0.100000000000000E+001  0.178799609905613E+006  0.688453364709096E+000  0.924032093109577E+000  0.201378250053735E+001  0.306525160253261E+000 -0.893998049528064E+005
  0.100000000000000E+001  0.491095921897967E+007  0.423610889097198E+000  0.916236295003960E+000  0.343795137786949E+001  0.306525160253261E+000 -0.245547960948983E+007
  0.100000000000000E+001  0.396047187897644E+005  0.521140331018321E+000  0.110069265778964E+001  0.189837016209724E+001  0.306525160253261E+000 -0.198023593948822E+005
  0.100000000000000E+001  0.331284306239434E+006  0.291749690755804E+000  0.890127587952374E+000  0.224404196830362E+001  0.306525160253261E+000 -0.165642153119717E+006
  0.100000000000000E+001  0.821797513132210E+006  0.304755167893015E+000  0.113881584791412E+001  0.326593602246557E+001  0.306525160253261E+000 -0.410898756566105E+006
  0.100000000000000E+001  0.857509687455177E+006  0.151758406981097E+000  0.996554706204558E+000  0.174171286631125E+001  0.306525160253261E+000 -0.428754843727588E+006
  0.100000000000000E+001  0.331772745443856E+007  0.489869650104560E+000  0.104641935252041E+001  0.301764357480511E+001  0.306525160253261E+000 -0.165886372721928E+007
  0.100000000000000E+001  0.318610379468004E+008  0.535554972741658E+000  0.905619583433474E+000  0.381997865835558E+001  0.306525160253261E+000 -0.159305189734002E+008
  0.100000000000000E+001  0.406368397075682E+007  0.280821632215764E+000  0.906923677729403E+000  0.390157769751967E+001  0.306525160253261E+000 -0.203184198537841E+007
  0.100000000000000E+001  0.460468718375537E+006  0.161487900837206E+000  0.112701133411716E+001  0.281995123613557E+001  0.306525160253261E+000 -0.230234359187768E+006
  0.100000000000000E+001  0.887509022539068E+007  0.511635218970452E+000  0.869576853279635E+000  0.342835860950476E+001  0.306525160253261E+000 -0.443754511269534E+007
  0.100000000000000E+001  0.496541990163075E+006  0.285824065869685E+000  0.833367478111747E+000  0.199858373175744E+001  0.306525160253261E+000 -0.248270995081538E+006
  0.100000000000000E+001  0.124391951806619E+005  0.265209866767258E+000  0.926935529215730E+000  0.315870432626430E+001  0.306525160253261E+000 -0.621959759033095E+004
  0.100000000000000E+001  0.630547218680447E+008  0.638407166381781E+000  0.944948819279187E+000  0.378559778236421E+001  0.306525160253261E+000 -0.315273609340224E+008
  0.100000000000000E+001  0.654402497170397E+007  0.822385181396948E+000  0.116923449994150E+001  0.221919911282531E+001  0.306525160253261E+000 -0.327201248585198E+007
  0.100000000000000E+001  0.987677027756316E+005  0.393317313283500E+000  0.815936441636517E+000  0.230049115612655E+001  0.306525160253261E+000 -0.493838513878158E+005
  0.100000000000000E+001  0.762490110883939E+006  0.511669682054501E+000  0.103951797635530E+001  0.259373430557411E+001  0.306525160253261E+000 -0.381245055441969E+006
  0.100000000000000E+001  0.305089336776759E+006  0.156024727176105E+000  0.871235463982872E+000  0.327624575849398E+001  0.306525160253261E+000 -0.152544668388379E+006
  0.100000000000000E+001  0.181200074421994E+007  0.872723112397829E+000  0.106994595030202E+001  0.197338727283615E+001  0.306525160253261E+000 -0.906000372109972E+006
  0.100000000000000E+001  0.667841361792105E+006  0.740685018210963E+000  0.875738215690833E+000  0.222420517851947E+001  0.306525160253261E+000 -0.333920680896053E+006
  0.100000000000000E+001  0.263186769869409E+006  0.172195110769429E+000  0.891774110249969E+000  0.317327542145755E+001  0.306525160253261E+000 -0.131593384934705E+006
  0.100000000000000E+001  0.869276386173694E+008  0.782827975187592E+000  0.112121222016405E+001  0.321635527010071E+001  0.306525160253261E+000 -0.434638193086847E+008
  0.100000000000000E+001  0.668405258079228E+007  0.887515042849336E+000  0.839080198045428E+000  0.266318371354988E+001  0.306525160253261E+000 -0.334202629039614E+007
  0.100000000000000E+001  0.868777786400518E+006  0.151899154445558E+000  0.806659683128969E+000  0.178138578411752E+001  0.306525160253261E+000 -0.434388893200259E+006
  0.100000000000000E+001  0.338855171414317E+007  0.412872312568246E+000  0.841531945616805E+000  0.341018682280587E+001  0.306525160253261E+000 -0.169427585707158E+007
  0.100000000000000E+001  0.298055094102399E+006  0.474682016508506E+000  0.811827643358985E+000  0.168838347008474E+001  0.306525160253261E+000 -0.149027547051200E+006
  0.100000000000000E+001  0.492865992968244E+008  0.877298580921658E+000  0.103218008672391E+001  0.301312355811766E+001  0.306525160253261E+000 -0.246432996484122E+008
  0.100000000000000E+001  0.978379260790643E+005  0.564344192699007E+000  0.992046257480844E+000  0.214151703029399E+001  0.306525160253261E+000 -0.489189630395321E+005
  0.100000000000000E+001  0.156377265831886E+008  0.472723879628364E+000  0.979209367180013E+000  0.364424141250354E+001  0.306525160253261E+000 -0.781886329159431E+007
  0.100000000000000E+001  0.728350803840920E+006  0.223394592631148E+000  0.805927110591830E+000  0.179870602570365E+001  0.306525160253261E+000 -0.364175401920460E+006
  0.100000000000000E+001  0.536232154683216E+008  0.529786471439367E+000  0.106998459447227E+001  0.383970807757494E+001  0.306525160253261E+000 -0.268116077341608E+008
  0.100000000000000E+001  0.381718467989002E+005  0.489096146183292E+000  0.853935176581507E+000  0.220272325611134E+001  0.306525160253261E+000 -0.190859233994501E+005
  0.100000000000000E+001  0.992235856602447E+006  0.303072869642184E+000  0.116418158353767E+001  0.329325594999047E+001  0.306525160253261E+000 -0.496117928301223E+006
  0.100000000000000E+001  0.161266083631960E+007  0.814569136098833E+000  0.864002823445703E+000  0.232644309395399E+001  0.306525160253261E+000 -0.806330418159798E+006
  0.100000000000000E+001  0.490302103005698E+006  0.179666420942040E+000  0.115506472037108E+001  0.255686179315984E+001  0.306525160253261E+000 -0.245151051502849E+006
  0.100000000000000E+001  0.139442168158149E+006  0.314584372525211E+000  0.105227028491307E+001  0.300816896151118E+001  0.306525160253261E+000 -0.697210840790743E+005
  0.100000000000000E+001  0.695453623772484E+006  0.119755808881389E+000  0.883951792363069E+000  0.292575206789448E+001  0.306525160253261E+000 -0.347726811886242E+006
  0.100000000000000E+001  0.111107875545823E+010  0.876336321226524E+000  0.119651197100255E+001  0.386006001638980E+001  0.306525160253261E+000 -0.555539377729113E+009
  0.100000000000000E+001  0.121305296292770E+006  0.656576387322778E+000  0.824706288257771E+000  0.164587115958190E+001  0.306525160253261E+000 -0.606526481463848E+005
  0.100000000000000E+001  0.128561104511799E+006  0.211703376616462E+000  0.853276427155049E+000  0.308620298893991E+001  0.306525160253261E+000 -0.642805522558996E+005
  0.100000000000000E+001  0.328197410673775E+007  0.827420283929843E+000  0.116136334806412E+001  0.204205279247494E+001  0.306525160253261E+000 -0.164098705336888E+007
  0.100000000000000E+001  0.678240976590956E+008  0.821256907631004E+000  0.106580531806324E+001  0.316456549858688E+001  0.306525160253261E+000 -0.339120488295478E+008
  0.100000000000000E+001  0.356326608596778E+006  0.479290429063939E+000  0.805881667344811E+000  0.273380440621655E+001  0.306525160253261E+000 -0.178163304298389E+006
  0.100000000000000E+001  0.871844186491158E+005  0.245437712836517E+000  0.913032450242002E+000  0.291046271270670E+001  0.306525160253261E+000 -0.435922093245579E+005
  0.100000000000000E+001  0.115325247288701E+006  0.779539542189675E+000  0.935268850071081E+000  0.173137386279691E+001  0.306525160253261E+000 -0.576626236443506E+005
  0.100000000000000E+001  0.559812338643738E+005  0.183330588232686E+000  0.803457611186480E+000  0.379003680230738E+001  0.306525160253261E+000 -0.279906169321869E+005
  0.100000000000000E+001  0.366240887036540E+009  0.809380032128603E+000  0.108918985938888E+001  0.376159711989424E+001  0.306525160253261E+000 -0.183120443518270E+009
  0.100000000000000E+001  0.362616863917482E+005  0.241484784013873E+000  0.859264284284853E+000  0.337480959543221E+001  0.306525160253261E+000 -0.181308431958741E+005
  0.100000000000000E+001  0.488457991829077E+007  0.484479794924302E+000  0.860162438483904E+000  0.330839164346468E+001  0.306525160253261E+000 -0.244228995914538E+007
  0.100000000000000E+001  0.495378497739209E+007  0.517276965461929E+000  0.100919376775699E+001  0.309903889016853E+001  0.306525160253261E+000 -0.247689248869604E+007
  0.100000000000000E+001  0.559394411776096E+005  0.440871898272278E+000  0.116186353341239E+001  0.228931597741857E+001  0.306525160253261E+000 -0.279697205888048E+005
  0.100000000000000E+001  0.147706458114752E+008  0.625755445379111E+000  0.877134214899878E+000  0.334602927774994E+001  0.306525160253261E+000 -0.738532290573758E+007
  0.100000000000000E+001  0.743234993848428E+005  0.617804379368554E+000  0.101835729837434E+001  0.192350231610458E+001  0.306525160253261E+000 -0.371617496924214E+005
  0.100000000000000E+001  0.125644242915888E+006  0.225926388049805E+000  0.842809946404593E+000  0.299816104057199E+001  0.306525160253261E+000 -0.628221214579440E+005
  0.100000000000000E+001  0.278395457142292E+007  0.487309850735345E+000  0.979113977096077E+000  0.303770474991747E+001  0.306525160253261E+000 -0.139197728571146E+007
  0.100000000000000E+001  0.308337274666162E+006  0.404352047471780E+000  0.101660062415789E+001  0.171688207156326E+001  0.306525160253261E+000 -0.154168637333081E+006
  0.100000000000000E+001  0.665589815440952E+006  0.795012454688412E+000  0.900495574591978E+000  0.210189887160770E+001  0.306525160253261E+000 -0.332794907720476E+006
  0.100000000000000E+001  0.603942295990021E+006  0.218618989893055E+000  0.100540334287882E+001  0.206725288461975E+001  0.306525160253261E+000 -0.301971147995010E+006
  0.100000000000000E+001  0.565980338288797E+007  0.419441110051697E+000  0.855792643035300E+000  0.353455419742134E+001  0.306525160253261E+000 -0.282990169144399E+007
  0.100000000000000E+001  0.746172556141460E+008  0.706020615626726E+000  0.107024850876334E+001  0.345562629948565E+001  0.306525160253261E+000 -0.373086278070730E+008
  0.100000000000000E+001  0.983246854459477E+004  0.198059987138212E+000  0.931828703700855E+000  0.354679536459876E+001  0.306525160253261E+000 -0.491623427229739E+004
  0.100000000000000E+001  0.558421304217322E+007  0.310816383309094E+000  0.898240368009564E+000  0.387168766390190E+001  0.306525160253261E+000 -0.279210652108661E+007
  0.100000000000000E+001  0.704484148852735E+006  0.107968657265542E+000  0.107809923598801E+001  0.298960630387512E+001  0.306525160253261E+000 -0.352242074426367E+006
  0.100000000000000E+001  0.114265415127686E+006  0.528147283079304E+000  0.110688448627975E+001  0.163352138392433E+001  0.306525160253261E+000 -0.571327075638428E+005
  0.100000000000000E+001  0.236514166432052E+008  0.686344884895306E+000  0.880522351406665E+000  0.339194617566342E+001  0.306525160253261E+000 -0.118257083216026E+008
  0.100000000000000E+001  0.281121417635106E+008  0.482013222802164E+000  0.937373093764829E+000  0.388234224277470E+001  0.306525160253261E+000 -0.140560708817553E+008
  0.100000000000000E+001  0.640326637184447E+005  0.645857782022676E+000  0.884675565460904E+000  0.193802857792913E+001  0.306525160253261E+000 -0.320163318592224E+005
  0.100000000000000E+001  0.633046415197195E+005  0.301138214558394E+000  0.117124414515246E+001  0.248236604999680E+001  0.306525160253261E+000 -0.316523207598598E+005
  0.100000000000000E+001  0.149356901671960E+006  0.523150458582771E+000  0.951183645044000E+000  0.172643701395028E+001  0.306525160253261E+000 -0.746784508359800E+005
  0.100000000000000E+001  0.399558086262120E+006  0.225300550191116E+000  0.114372951906488E+001  0.235503773301535E+001  0.306525160253261E+000 -0.199779043131060E+006
  0.100000000000000E+001  0.297122625956437E+006  0.445296923213009E+000  0.947991015277223E+000  0.166222893652644E+001  0.306525160253261E+000 -0.148561312978218E+006
  0.100000000000000E+001  0.264041987737734E+006  0.369041402317574E+000  0.103837380778189E+001  0.287165002000181E+001  0.306525160253261E+000 -0.132020993868867E+006
  0.100000000000000E+001  0.186646662569909E+007  0.532033584202104E+000  0.106396369361463E+001  0.272393361000696E+001  0.306525160253261E+000 -0.933233312849547E+006
  0.100000000000000E+001  0.879314492441044E+005  0.504202741427801E+000  0.872410553658535E+000  0.240241457348462E+001  0.306525160253261E+000 -0.439657246220522E+005
  0.100000000000000E+001  0.175316101927245E+006  0.424786461993423E+000  0.888846799658459E+000  0.199716172376228E+001  0.306525160253261E+000 -0.876580509636225E+005
  0.100000000000000E+001  0.745594444132543E+005  0.637200630401250E+000  0.828846821250626E+000  0.181675517890338E+001  0.306525160253261E+000 -0.372797222066272E+005
  0.100000000000000E+001  0.134983629213429E+008  0.562095690605508E+000  0.102906915847396E+001  0.329217663134000E+001  0.306525160253261E+000 -0.674918146067143E+007
  0.100000000000000E+001  0.138771870147655E+006  0.581040529378149E+000  0.838857520927738E+000  0.172710528381162E+001  0.306525160253261E+000 -0.693859350738276E+005
  0.100000000000000E+001  0.682050366774254E+006  0.720702750202653E+000  0.116898386445705E+001  0.189088514951771E+001  0.306525160253261E+000 -0.341025183387127E+006
  0.100000000000000E+001  0.176510376065997E+007  0.580885223283699E+000  0.112393592975022E+001  0.250823089888549E+001  0.306525160253261E+000 -0.882551880329987E+006
  0.100000000000000E+001  0.447951541108664E+006  0.862413482584381E+000  0.806019684239380E+000  0.201508151080186E+001  0.306525160253261E+000 -0.223975770554332E+006
  0.100000000000000E+001  0.473461644371461E+006  0.312201376072991E+000  0.857168823479130E+000  0.189949946635263E+001  0.306525160253261E+000 -0.236730822185731E+006
  0.100000000000000E+001  0.649336075463131E+006  0.594969998767158E+000  0.910884929317824E+000  0.247530667517800E+001  0.306525160253261E+000 -0.324668037731566E+006
  0.100000000000000E+001  0.152372712274806E+006  0.443891780247578E+000  0.896450481079915E+000  0.197778929668175E+001  0.306525160253261E+000 -0.761863561374028E+005
  0.100000000000000E+001  0.510193477012881E+007  0.811650582038688E+000  0.117648720115413E+001  0.215945115659129E+001  0.306525160253261E+000 -0.255096738506441E+007
  0.100000000000000E+001  0.159365041057953E+006  0.316340516587377E+000  0.875079326206070E+000  0.243456555690514E+001  0.306525160253261E+000 -0.796825205289767E+005
  0.100000000000000E+001  0.132511854936369E+007  0.852397422028716E+000  0.886956523891245E+000  0.218949458350485E+001  0.306525160253261E+000 -0.662559274681845E+006
  0.100000000000000E+001  0.223043634894145E+006  0.187606875239003E+000  0.947482811123969E+000  0.307383938337372E+001  0.306525160253261E+000 -0.111521817447073E+006
  0.100000000000000E+001  0.534866449171847E+007  0.870211143034421E+000  0.102693369539878E+001  0.233927965980037E+001  0.306525160253261E+000 -0.267433224585924E+007
  0.100000000000000E+001  0.586640652840353E+006  0.205818089287526E+000  0.907043870989501E+000  0.227037314524565E+001  0.306525160253261E+000 -0.293320326420177E+006
  0.100000000000000E+001  0.182394025289459E+005  0.264028847076032E+000  0.868738529550444E+000  0.299805179515965E+001  0.306525160253261E+000 -0.911970126447296E+004
  0.100000000000000E+001  0.472674440821284E+005  0.529473954240395E+000  0.103367578943222E+001  0.190608398865483E+001  0.306525160253261E+000 -0.236337220410642E+005
  0.100000000000000E+001  0.103383819770946E+007  0.373627269039347E+000  0.849329454343660E+000  0.323486710521547E+001  0.306525160253261E+000 -0.516919098854731E+006
  0.100000000000000E+001  0.829927922222471E+005  0.257649940374772E+000  0.102275064407493E+001  0.278112024365478E+001  0.306525160253261E+000 -0.414963961111236E+005
  0.100000000000000E+001  0.262413551542482E+007  0.761711916663571E+000  0.100570782420744E+001  0.236907120434461E+001  0.306525160253261E+000 -0.131206775771241E+007
  0.100000000000000E+001  0.471322459803480E+006  0.340274508194685E+000  0.955064184742455E+000  0.170641837060619E+001  0.306525160253261E+000 -0.235661229901740E+006
  0.100000000000000E+001  0.274558340371951E+007  0.895700393392644E+000  0.881002236739465E+000  0.232735356469014E+001  0.306525160253261E+000 -0.137279170185976E+007
  0.100000000000000E+001  0.159120799267057E+009  0.802435037173233E+000  0.100822423884724E+001  0.363235643452187E+001  0.306525160253261E+000 -0.795603996335284E+008
  0.100000000000000E+001  0.330659601266377E+006  0.251985055651595E+000  0.119041460244192E+001  0.334354250337526E+001  0.306525160253261E+000 -0.165329800633189E+006
  0.100000000000000E+001  0.157992905243612E+006  0.729738643188070E+000  0.913591659409008E+000  0.191778601231318E+001  0.306525160253261E+000 -0.789964526218058E+005
