#        weight    minuslogpost         omega_c             n_s            lnas   minuslogprior minuslogprior__0            chi2 chi2__likelihood_CAMB
 4.9406565e-324       778.21249        0.240335      0.96618446       2.9828221     -0.30652516      -0.30652516        1557.038              1557.038
 1.0345715e-317       763.63746      0.26954508      0.86998437       2.8281068     -0.30652516      -0.30652516        1527.888              1527.888
 8.6469373e-308        740.7602       0.3065986      0.83205423       2.6974177     -0.30652516      -0.30652516       1482.1335             1482.1335
 4.2848282e-295       711.49795      0.29598226      0.85148145       2.7574836     -0.30652516      -0.30652516        1423.609              1423.609
 1.1162996e-291        703.6019      0.25045039      0.83949776       2.9601294     -0.30652516      -0.30652516       1407.8169             1407.8169
 2.5134174e-285       688.94399      0.25339423      0.99729859       2.8676178     -0.30652516      -0.30652516        1378.501              1378.501
 1.8125191e-282       682.33239      0.27748985      0.95142293       2.7438841     -0.30652516      -0.30652516       1365.2778             1365.2778
 1.6559356e-272       659.36612      0.23620679      0.87406934       3.0493738     -0.30652516      -0.30652516       1319.3453             1319.3453
 6.9115548e-254       616.45999      0.23630157      0.89226063       3.0423676     -0.30652516      -0.30652516        1233.533              1233.533
 8.2077446e-238       579.41597      0.27132325      0.81277011       2.8650126     -0.30652516      -0.30652516        1159.445              1159.445
 1.2358854e-233       569.76557      0.25948184      0.81046139       2.9453886     -0.30652516      -0.30652516       1140.1442             1140.1442
 1.3243514e-224       548.94239      0.28270483      0.92789865       2.7790513     -0.30652516      -0.30652516       1098.4978             1098.4978
 7.8239672e-223       544.83277      0.27863075      0.92792728       2.7538223     -0.30652516      -0.30652516       1090.2786             1090.2786
 3.3110565e-217       531.84641      0.24166598      0.87037459       3.0220639     -0.30652516      -0.30652516       1064.3059             1064.3059
 2.3101385e-203       499.93941      0.25193171      0.83043149       2.9761612     -0.30652516      -0.30652516       1000.4919             1000.4919
 3.8440211e-203       499.39942      0.29519584      0.91664099       2.7162687     -0.30652516      -0.30652516        999.4119              999.4119
 5.5829051e-201       494.39029      0.29427526      0.94036416       2.7011148     -0.30652516      -0.30652516       989.39363             989.39363
 1.8242463e-195       481.66255      0.28941679      0.84735108       2.7861602     -0.30652516      -0.30652516       963.93815             963.93815
 1.0735258e-194       479.85941      0.26962945      0.86247156       2.8843161     -0.30652516      -0.30652516       960.33188             960.33188
 1.2256945e-187       463.57799      0.25487396        0.848374       2.9346026     -0.30652516      -0.30652516       927.76902             927.76902
 2.3315208e-183       453.69386      0.28883103      0.83041935       2.7738796     -0.30652516      -0.30652516       908.00077             908.00077
 3.1935498e-180       446.44072      0.28972118      0.84833947       2.7825526     -0.30652516      -0.30652516        893.4945              893.4945
  2.771992e-179       444.24893      0.28596288      0.85536125       2.7661607     -0.30652516      -0.30652516       889.11092             889.11092
 4.0446627e-177       439.23516      0.27924011      0.96156655       2.7401218     -0.30652516      -0.30652516       879.08337             879.08337
  6.819215e-174       431.77429      0.28639951      0.94192648       2.7150889     -0.30652516      -0.30652516       864.16162             864.16162
 7.1889621e-173       429.38813      0.25601959      0.97604362       2.8703275     -0.30652516      -0.30652516        859.3893              859.3893
 3.6113408e-171       425.44065      0.29971379      0.88390283       2.6970631     -0.30652516      -0.30652516       851.49436             851.49436
 1.2705016e-169       421.84938      0.24302512      0.91994473       2.9885252     -0.30652516      -0.30652516       844.31181             844.31181
 1.9336148e-166       414.49087      0.29232163      0.92761139       2.6980122     -0.30652516      -0.30652516       829.59479             829.59479
 6.1248736e-161       401.79421       0.2962958      0.90400376       2.7133564     -0.30652516      -0.30652516       804.20147             804.20147
 1.2223366e-159       398.76986      0.26490045       0.9150899       2.8365277     -0.30652516      -0.30652516       798.15277             798.15277
 3.4875051e-156       390.78291      0.27425281      0.84286896       2.8327853     -0.30652516      -0.30652516       782.17887             782.17887
  4.399889e-156       390.51975      0.26900403      0.82188646        2.892706     -0.30652516      -0.30652516       781.65254             781.65254
 7.4735554e-156       389.95918      0.29310584      0.92930509       2.7117233     -0.30652516      -0.30652516       780.53142             780.53142
 3.5331838e-152       381.46724      0.29344181      0.91775794       2.7003706     -0.30652516      -0.30652516       763.54753             763.54753
 9.3053067e-150       375.86291      0.29083314      0.86323566       2.7432892     -0.30652516      -0.30652516       752.33888             752.33888
 2.2397023e-149        374.9538      0.29730513      0.90350354       2.6971789     -0.30652516      -0.30652516       750.52065             750.52065
 3.8361829e-142        358.2668       0.2552768      0.86119693       2.9270686     -0.30652516      -0.30652516       717.14665             717.14665
 1.8329228e-135        342.8565      0.28950589      0.84081809       2.7723189     -0.30652516      -0.30652516       686.32604             686.32604
  3.288059e-134       339.93875      0.27015281      0.91385954        2.850184     -0.30652516      -0.30652516       680.49056             680.49056
 5.7933788e-126       320.92088       0.2643746      0.95860522       2.8241577     -0.30652516      -0.30652516       642.45482             642.45482
 1.5472692e-124       317.60517      0.26110177      0.83986836       2.9267061     -0.30652516      -0.30652516       635.82338             635.82338
 1.5217483e-121       310.68327      0.29016413      0.86107777       2.7519154     -0.30652516      -0.30652516       621.97959             621.97959
 1.8161149e-121       310.47566      0.28641613      0.94255663       2.7341344     -0.30652516      -0.30652516       621.56437             621.56437
 6.0501406e-119       304.63634      0.28123337      0.83519989       2.8119892     -0.30652516      -0.30652516       609.88572             609.88572
 4.4270118e-118       302.61534      0.24768266      0.93568394       2.9423214     -0.30652516      -0.30652516       605.84372             605.84372
 1.2341329e-111       287.74382      0.26566942      0.95411893       2.8199225     -0.30652516      -0.30652516        576.1007              576.1007
 2.1468048e-111       287.15944      0.28624613      0.85065119       2.7774009     -0.30652516      -0.30652516       574.93193             574.93193
 1.2231267e-108       280.78348        0.277527      0.94798904       2.7803719     -0.30652516      -0.30652516       562.18002             562.18002
 6.7559063e-107       276.74112      0.29214516      0.88045175       2.7439657     -0.30652516      -0.30652516       554.09529             554.09529
 1.9655872e-106       275.64239      0.25452108      0.89801155       2.9390162     -0.30652516      -0.30652516       551.89783             551.89783
 9.0603032e-106       274.08351      0.26641265      0.92485355       2.8604329     -0.30652516      -0.30652516       548.78006             548.78006
 3.1780189e-105       272.79779      0.27634945      0.83255202       2.8443203     -0.30652516      -0.30652516       546.20864             546.20864
 3.4776836e-105       272.67691       0.2761132      0.91261655       2.8164851     -0.30652516      -0.30652516       545.96688             545.96688
 1.3885086e-100       262.05135      0.26867979      0.85120409       2.8613138     -0.30652516      -0.30652516       524.71576             524.71576
 1.9640941e-100       261.67378      0.26770684      0.83697016       2.8901899     -0.30652516      -0.30652516       523.96061             523.96061
  2.3603409e-99       259.15665      0.27591148      0.88443131       2.8011161     -0.30652516      -0.30652516       518.92635             518.92635
  4.4383751e-96       251.58664      0.27770375       0.8759676       2.7981315     -0.30652516      -0.30652516       503.78633             503.78633
   6.829735e-96       251.12487      0.25868135      0.85710707       2.9152159     -0.30652516      -0.30652516       502.86279             502.86279
  3.8910238e-93       244.74896      0.25821792      0.88614274       2.8971328     -0.30652516      -0.30652516       490.11096             490.11096
  2.3018971e-88        233.7302      0.28996014      0.88995665       2.7387828     -0.30652516      -0.30652516       468.07345             468.07345
    7.63869e-88       232.49993      0.25014359      0.88626569       2.9520786     -0.30652516      -0.30652516       465.61292             465.61292
  7.9281904e-86       228.32757      0.28984408      0.87436821       2.7550358     -0.30652516      -0.30652516       457.26819             457.26819
  7.2385738e-82       219.20823      0.26251364      0.94629235       2.8605393     -0.30652516      -0.30652516       439.02951             439.02951
  7.9026515e-82       219.06639       0.2861144      0.89670259       2.7495213     -0.30652516      -0.30652516       438.74583             438.74583
  1.1664911e-79       214.01776      0.28918103      0.90656288       2.7394145     -0.30652516      -0.30652516       428.64858             428.64858
  4.4810293e-77       208.01267      0.26810086      0.93621236       2.8167971     -0.30652516      -0.30652516        416.6384              416.6384
   1.909223e-72        197.3529      0.28479674      0.92124014       2.7452919     -0.30652516      -0.30652516       395.31886             395.31886
  6.8958684e-70       191.46351       0.2738589      0.94886046       2.7903129     -0.30652516      -0.30652516       383.54007             383.54007
  9.3739555e-70       191.09587      0.27366224       0.8857286       2.8422749     -0.30652516      -0.30652516       382.80479             382.80479
  2.8805299e-69       189.97325      0.26921079      0.94027917       2.8107548     -0.30652516      -0.30652516       380.55954             380.55954
  4.3796726e-64       177.91616      0.26361956      0.93725337       2.8605027     -0.30652516      -0.30652516       356.44537             356.44537
  1.8853091e-63       176.39583      0.27546402       0.9309834       2.7831979     -0.30652516      -0.30652516       353.40471             353.40471
  4.4366154e-59       166.26907      0.26159879      0.93027288       2.8762532     -0.30652516      -0.30652516       333.15118             333.15118
  2.8882135e-58       164.39573      0.26116708      0.93787492        2.871138     -0.30652516      -0.30652516       329.40452             329.40452
   4.197745e-57       161.71924      0.28485179       0.8979548       2.7587085     -0.30652516      -0.30652516       324.05153             324.05153
  3.0729516e-55       157.42598      0.28524784      0.88287727       2.7750791     -0.30652516      -0.30652516       315.46501             315.46501
  1.3798466e-49        144.2035      0.27587518      0.91559723       2.7896513     -0.30652516      -0.30652516       289.02004             289.02004
  6.8743375e-49       142.53313      0.28405376      0.87571426       2.7809039     -0.30652516      -0.30652516       285.67932             285.67932
  4.7070074e-48       140.48413      0.25477498      0.91972699       2.9106926     -0.30652516      -0.30652516       281.58131             281.58131
  4.4367724e-47       138.18004      0.26370777      0.93607201       2.8574972     -0.30652516      -0.30652516       276.97314             276.97314
  1.7862723e-44       132.18209      0.27667872       0.9314569       2.7825836     -0.30652516      -0.30652516       264.97722             264.97722
  3.6368774e-43       129.10397      0.26725205       0.9402895       2.8311485     -0.30652516      -0.30652516       258.82098             258.82098
  9.0781915e-42       125.88663      0.26087774      0.93066084       2.8755547     -0.30652516      -0.30652516       252.38631             252.38631
  8.8664026e-40       122.15237      0.26071755      0.93082586         2.87548     -0.30652516      -0.30652516       244.91778             244.91778
  2.9486742e-34       109.43777      0.27202043      0.93300344       2.8117159     -0.30652516      -0.30652516       219.48859             219.48859
  8.6347615e-31       101.23243      0.26344967      0.92757478       2.8543665     -0.30652516      -0.30652516       203.07791             203.07791
  4.0269454e-30       99.692632      0.25867065      0.92092693       2.8895122     -0.30652516      -0.30652516       199.99831             199.99831
  7.7504372e-20        76.01204       0.2631929      0.92273644       2.8612535     -0.30652516      -0.30652516       152.63713             152.63713
  1.0455244e-17       71.107516      0.26475436      0.92391589       2.8543196     -0.30652516      -0.30652516       142.82808             142.82808
