  0.988131291682493E-323  0.151211114020990E+004  0.265336601291677E+000  0.106385166250151E+001  0.300448736506223E+001  0.306525160253261E+000 -0.756055570104952E+003
  0.174603688558459E-316  0.148322312662077E+004  0.233278510167604E+000  0.962595009479199E+000  0.321371062403565E+001  0.306525160253261E+000 -0.741611563310386E+003
  0.964290805649299E-310  0.145211281390103E+004  0.224609595924999E+000  0.925302185412432E+000  0.331000075216829E+001  0.306525160253261E+000 -0.726056406950514E+003
  0.267239101215892E-309  0.145001259869148E+004  0.259280797212918E+000  0.101586601385291E+001  0.302429716548698E+001  0.306525160253261E+000 -0.725006299345740E+003
  0.298891137946538E-290  0.136222895053614E+004  0.266177523298523E+000  0.888318539505679E+000  0.310280784787575E+001  0.306525160253261E+000 -0.681114475268069E+003
  0.855249283499779E-289  0.135545960990056E+004  0.271551156708651E+000  0.953285367286889E+000  0.299856027477635E+001  0.306525160253261E+000 -0.677729804950278E+003
  0.153116717203495E-288  0.135423328139321E+004  0.264738795626865E+000  0.972871780391502E+000  0.302034207983556E+001  0.306525160253261E+000 -0.677116640696604E+003
  0.414757355344708E-288  0.135217875172544E+004  0.276762377707934E+000  0.105440754281706E+001  0.293970584572010E+001  0.306525160253261E+000 -0.676089375862722E+003
  0.722066144808356E-286  0.134179802186676E+004  0.225130406782065E+000  0.101655561889190E+001  0.326815857571390E+001  0.306525160253261E+000 -0.670899010933381E+003
  0.216835214309577E-279  0.131190624537552E+004  0.272098600612950E+000  0.974072982722943E+000  0.303389073245948E+001  0.306525160253261E+000 -0.655953122687758E+003
  0.384941379352255E-277  0.130148645493167E+004  0.225999296292228E+000  0.965734088697629E+000  0.329683815615514E+001  0.306525160253261E+000 -0.650743227465834E+003
  0.452026428515698E-277  0.130110361244030E+004  0.282307305234918E+000  0.935320507498023E+000  0.296540489890615E+001  0.306525160253261E+000 -0.650551806220149E+003
  0.155939149443745E-275  0.129396027832060E+004  0.227763044506669E+000  0.102906313449886E+001  0.324302792414097E+001  0.306525160253261E+000 -0.646980139160299E+003
  0.170030560502321E-265  0.124767400849324E+004  0.252517864292944E+000  0.943138054041078E+000  0.316097743448094E+001  0.306525160253261E+000 -0.623837004246622E+003
  0.194617040921262E-264  0.124273718389726E+004  0.255580991695097E+000  0.103738570794724E+001  0.308286865812655E+001  0.306525160253261E+000 -0.621368591948630E+003
  0.488005991767382E-260  0.122241637193777E+004  0.225025840392430E+000  0.950882484739681E+000  0.328979959439427E+001  0.306525160253261E+000 -0.611208185968884E+003
  0.427764916544047E-255  0.119959248548993E+004  0.265132217311353E+000  0.102862512794868E+001  0.303399939977838E+001  0.306525160253261E+000 -0.599796242744964E+003
  0.129911662125445E-249  0.117428335923048E+004  0.263491320711716E+000  0.102798539124694E+001  0.299917744810397E+001  0.306525160253261E+000 -0.587141679615242E+003
  0.671456077239542E-248  0.116633145791408E+004  0.262364834443247E+000  0.106162515811960E+001  0.299382443007651E+001  0.306525160253261E+000 -0.583165728957039E+003
  0.194123947242954E-238  0.112270011622794E+004  0.224699224928753E+000  0.975569386974726E+000  0.328096886816917E+001  0.306525160253261E+000 -0.561350058113972E+003
  0.538120379317158E-230  0.108375804056242E+004  0.279985631223210E+000  0.921301898052037E+000  0.299350905719468E+001  0.306525160253261E+000 -0.541879020281208E+003
  0.546499908430179E-226  0.106524491279803E+004  0.234880234141245E+000  0.104431562528511E+001  0.317869131185949E+001  0.306525160253261E+000 -0.532622456399016E+003
  0.466433054001045E-220  0.103786918763884E+004  0.254509088943796E+000  0.967816731190889E+000  0.313487256411970E+001  0.306525160253261E+000 -0.518934593819420E+003
  0.118664430820532E-216  0.102212459338239E+004  0.268447044729676E+000  0.902924746641332E+000  0.305727997813483E+001  0.306525160253261E+000 -0.511062296691195E+003
  0.117716569810129E-204  0.966817047465627E+003  0.232888631402411E+000  0.102017612699165E+001  0.319827989674684E+001  0.306525160253261E+000 -0.483408523732813E+003
  0.351924157967413E-202  0.955354891960976E+003  0.247589998860396E+000  0.995783463055752E+000  0.310915677675209E+001  0.306525160253261E+000 -0.477677445980488E+003
  0.412189575795983E-195  0.922741021967959E+003  0.275704879129658E+000  0.947303250490745E+000  0.302078799193665E+001  0.306525160253261E+000 -0.461370510983979E+003
  0.758585810044901E-193  0.912249193189285E+003  0.231259875580451E+000  0.100007727972898E+001  0.324198840682768E+001  0.306525160253261E+000 -0.456124596594642E+003
  0.363091531370589E-191  0.904450911437201E+003  0.237059500020583E+000  0.909958163336478E+000  0.324096689440590E+001  0.306525160253261E+000 -0.452225455718601E+003
  0.674892850194683E-190  0.898544399968272E+003  0.258422240503090E+000  0.943219516494906E+000  0.312312533144725E+001  0.306525160253261E+000 -0.449272199984136E+003
  0.329632273549747E-184  0.872284987989519E+003  0.276135111781948E+000  0.920902750777781E+000  0.302233588242888E+001  0.306525160253261E+000 -0.436142493994760E+003
  0.202309655035479E-179  0.850173950224656E+003  0.253945581933751E+000  0.911069604835939E+000  0.312788168289041E+001  0.306525160253261E+000 -0.425086975112328E+003
  0.831299310240201E-164  0.778208473234620E+003  0.269315011949548E+000  0.104247273301321E+001  0.297943650623422E+001  0.306525160253261E+000 -0.389104236617310E+003
  0.295912003435358E-155  0.738766253816125E+003  0.274150312768644E+000  0.100189181666224E+001  0.296837574672451E+001  0.306525160253261E+000 -0.369383126908062E+003
  0.812495763971593E-155  0.736684613346427E+003  0.258093050025407E+000  0.916652144289291E+000  0.310289171173125E+001  0.306525160253261E+000 -0.368342306673213E+003
  0.137221283646912E-154  0.735574931580574E+003  0.239692292022989E+000  0.102318660114500E+001  0.317568042840965E+001  0.306525160253261E+000 -0.367787465790287E+003
  0.813272793364245E-149  0.708928593812144E+003  0.265490012953478E+000  0.927040023468443E+000  0.308532175399914E+001  0.306525160253261E+000 -0.354464296906072E+003
  0.375763586309729E-148  0.705806093122097E+003  0.230825596718386E+000  0.976227640787599E+000  0.324116276696815E+001  0.306525160253261E+000 -0.352903046561049E+003
  0.178676375789759E-146  0.698020977378368E+003  0.247196351906931E+000  0.104607254492543E+001  0.310088081720601E+001  0.306525160253261E+000 -0.349010488689184E+003
  0.661163726261246E-146  0.695342583479144E+003  0.235653384770930E+000  0.929306497732038E+000  0.324343584399983E+001  0.306525160253261E+000 -0.347671291739572E+003
  0.272858868972764E-141  0.674025282843739E+003  0.275568061656733E+000  0.999076419450935E+000  0.296624696212075E+001  0.306525160253261E+000 -0.337012641421870E+003
  0.147444085084077E-130  0.624537878837157E+003  0.268892682295310E+000  0.924269300797650E+000  0.306233583449658E+001  0.306525160253261E+000 -0.312268939418578E+003
  0.162666617229051E-129  0.619674657746772E+003  0.244257813510635E+000  0.103007794757697E+001  0.314141069334181E+001  0.306525160253261E+000 -0.309837328873386E+003
  0.178863842727163E-128  0.614818100147500E+003  0.241074985979700E+000  0.994447382651391E+000  0.318826342550900E+001  0.306525160253261E+000 -0.307409050073750E+003
  0.112997210442308E-127  0.611069910102546E+003  0.234426796247937E+000  0.967966428409988E+000  0.321903870846982E+001  0.306525160253261E+000 -0.305534955051273E+003
  0.120405837220871E-119  0.574039995534220E+003  0.235449404917140E+000  0.101044185091585E+001  0.319707077507627E+001  0.306525160253261E+000 -0.287019997767110E+003
  0.126907472859507E-119  0.573873271722551E+003  0.253282957914677E+000  0.103689967267407E+001  0.308261344603551E+001  0.306525160253261E+000 -0.286936635861275E+003
  0.707934885819911E-116  0.556558430128223E+003  0.259268633138250E+000  0.916818254328112E+000  0.310169912785807E+001  0.306525160253261E+000 -0.278279215064111E+003
  0.105815146972393E-114  0.551087863328945E+003  0.241175500198732E+000  0.102241623079442E+001  0.314866226736083E+001  0.306525160253261E+000 -0.275543931664472E+003
  0.297679934139382E-112  0.539747329264586E+003  0.235431863864560E+000  0.944843935008623E+000  0.323415354969678E+001  0.306525160253261E+000 -0.269873664632293E+003
  0.934490297831877E-112  0.537397821183558E+003  0.272612515229017E+000  0.986545849735142E+000  0.300841806323306E+001  0.306525160253261E+000 -0.268698910591779E+003
  0.189289564353402E-109  0.526714213939262E+003  0.260433171654970E+000  0.976582207982650E+000  0.308845533683332E+001  0.306525160253261E+000 -0.263357106969631E+003
  0.400035337088731E-109  0.525156120708350E+003  0.233350694469337E+000  0.974202446345261E+000  0.323393494370662E+001  0.306525160253261E+000 -0.262578060354175E+003
  0.992597756915860E-107  0.514066691784207E+003  0.266909348907724E+000  0.946623106377226E+000  0.306530924728663E+001  0.306525160253261E+000 -0.257033345892104E+003
  0.468314486697425E-104  0.501692008814872E+003  0.239902333407873E+000  0.997114950299147E+000  0.316690661721850E+001  0.306525160253261E+000 -0.250846004407436E+003
  0.367783694448023E-103  0.497508585455219E+003  0.265316161984244E+000  0.947718559017742E+000  0.307406919044097E+001  0.306525160253261E+000 -0.248754292727610E+003
  0.527120797651334E-102  0.492122002429295E+003  0.240895761932812E+000  0.102177600937043E+001  0.315464951667008E+001  0.306525160253261E+000 -0.246061001214648E+003
  0.729082516665150E-102  0.491411744757246E+003  0.267320090408199E+000  0.968923168483383E+000  0.305144644901457E+001  0.306525160253261E+000 -0.245705872378623E+003
  0.105587764356005E-101  0.490609520094863E+003  0.266871666394673E+000  0.939076170075926E+000  0.304715846858295E+001  0.306525160253261E+000 -0.245304760047432E+003
  0.162593182411593E-101  0.489684559235673E+003  0.243207139706339E+000  0.987373748547768E+000  0.314926735715693E+001  0.306525160253261E+000 -0.244842279617836E+003
  0.122590124514184E-100  0.485582655328039E+003  0.236236320900414E+000  0.947265019992672E+000  0.322719195700221E+001  0.306525160253261E+000 -0.242791327664020E+003
  0.139560094665419E-100  0.485261814361047E+003  0.270884856972211E+000  0.959664499021105E+000  0.303389562555137E+001  0.306525160253261E+000 -0.242630907180524E+003
  0.838171600458833E-100  0.481614815926305E+003  0.268160604417704E+000  0.958361173665303E+000  0.302705307304002E+001  0.306525160253261E+000 -0.240807407963153E+003
  0.196310309230894E-099  0.479851154894384E+003  0.253234368900417E+000  0.102678162464205E+001  0.309099527955429E+001  0.306525160253261E+000 -0.239925577447192E+003
  0.388221970436411E-099  0.478425850282729E+003  0.264889155776746E+000  0.921729669171653E+000  0.308086203900702E+001  0.306525160253261E+000 -0.239212925141365E+003
  0.143548883711259E-096  0.466538599676563E+003  0.262283294666853E+000  0.997217098756888E+000  0.303316945931553E+001  0.306525160253261E+000 -0.233269299838282E+003
  0.652033545181527E-095  0.458845045413167E+003  0.237582267526627E+000  0.987270244108367E+000  0.318960560719586E+001  0.306525160253261E+000 -0.229422522706583E+003
  0.602648534246891E-092  0.445125515228702E+003  0.258593063623291E+000  0.973304112011847E+000  0.309953654902749E+001  0.306525160253261E+000 -0.222562757614351E+003
  0.160425072463882E-091  0.443105816064412E+003  0.271143729524545E+000  0.944153605829693E+000  0.302895330862767E+001  0.306525160253261E+000 -0.221552908032206E+003
  0.156367770318095E-082  0.401648973594376E+003  0.266889284522126E+000  0.985624209838234E+000  0.301820274403914E+001  0.306525160253261E+000 -0.200824486797188E+003
  0.322991820169751E-082  0.400136597749823E+003  0.253618478604135E+000  0.980775620634145E+000  0.312283057508270E+001  0.306525160253261E+000 -0.200068298874912E+003
  0.371756767762964E-082  0.399793828848549E+003  0.250777157559467E+000  0.100700127848948E+001  0.312067044963182E+001  0.306525160253261E+000 -0.199896914424275E+003
  0.133408588891832E-081  0.397176761894058E+003  0.239255449071931E+000  0.942927568188046E+000  0.321069773771370E+001  0.306525160253261E+000 -0.198588380947029E+003
  0.196949717159465E-081  0.396336154701910E+003  0.264634574640738E+000  0.101915327620895E+001  0.301587659803212E+001  0.306525160253261E+000 -0.198168077350955E+003
  0.700712305515845E-080  0.389131143311276E+003  0.250799212316117E+000  0.919549560758165E+000  0.315580036729249E+001  0.306525160253261E+000 -0.194565571655638E+003
  0.107466942649307E-079  0.388214258021816E+003  0.249961280517621E+000  0.998794696257143E+000  0.310326494660785E+001  0.306525160253261E+000 -0.194107129010908E+003
  0.592638514134916E-079  0.384737912034923E+003  0.265885120577815E+000  0.970123824844346E+000  0.303248685716599E+001  0.306525160253261E+000 -0.192368956017461E+003
  0.983644109196487E-077  0.374452669287278E+003  0.237576439807922E+000  0.959076537629098E+000  0.321060486209878E+001  0.306525160253261E+000 -0.187226334643639E+003
  0.329185084874629E-073  0.358159733212780E+003  0.257536599546767E+000  0.101983244148238E+001  0.305240947350669E+001  0.306525160253261E+000 -0.179079866606390E+003
  0.559879320756281E-073  0.357035987692916E+003  0.253670927382473E+000  0.964114788416389E+000  0.310111987277318E+001  0.306525160253261E+000 -0.178517993846458E+003
  0.188301264398593E-072  0.354548630412408E+003  0.242060714433161E+000  0.955502931563623E+000  0.319807181333301E+001  0.306525160253261E+000 -0.177274315206204E+003
  0.234763370313165E-072  0.354046017251960E+003  0.270530443387778E+000  0.991131734085481E+000  0.300272557579873E+001  0.306525160253261E+000 -0.177023008625980E+003
  0.323058547079940E-072  0.353345962944428E+003  0.248047411627408E+000  0.941374616397791E+000  0.315040955115841E+001  0.306525160253261E+000 -0.176672981472214E+003
  0.276487455973986E-071  0.348990585669818E+003  0.248271651206385E+000  0.924868548757920E+000  0.316811935796962E+001  0.306525160253261E+000 -0.174495292834909E+003
  0.533701111731042E-069  0.338403360953207E+003  0.249185728458435E+000  0.102375743126768E+001  0.311021084899743E+001  0.306525160253261E+000 -0.169201680476603E+003
  0.291109895273547E-068  0.334948917696950E+003  0.256002975162263E+000  0.956634283906491E+000  0.312086325709227E+001  0.306525160253261E+000 -0.167474458848475E+003
  0.263987032025838E-067  0.330477805917715E+003  0.267551325883950E+000  0.947155806603859E+000  0.305409330407577E+001  0.306525160253261E+000 -0.165238902958858E+003
  0.296624453144366E-067  0.330183128819709E+003  0.245650201759233E+000  0.953692449582837E+000  0.317948229565719E+001  0.306525160253261E+000 -0.165091564409855E+003
  0.100195218379191E-066  0.327687108125220E+003  0.260774198953891E+000  0.929445836724257E+000  0.309125417631521E+001  0.306525160253261E+000 -0.163843554062610E+003
  0.612988151814392E-066  0.324003114526276E+003  0.243837922253797E+000  0.952215295146261E+000  0.318925856643792E+001  0.306525160253261E+000 -0.162001557263138E+003
  0.119168539617537E-064  0.318006844471243E+003  0.259997183973250E+000  0.974402280776844E+000  0.308797503848761E+001  0.306525160253261E+000 -0.159003422235621E+003
  0.350007994178829E-064  0.315790466745267E+003  0.250160919077877E+000  0.100357375135283E+001  0.312467391912529E+001  0.306525160253261E+000 -0.157895233372634E+003
  0.344579291432269E-064  0.315760186961842E+003  0.261684874584029E+000  0.100388259980715E+001  0.303727785732305E+001  0.306525160253261E+000 -0.157880093480921E+003
  0.545568439192674E-064  0.314779635582464E+003  0.260809100559370E+000  0.945924448970273E+000  0.309672773477028E+001  0.306525160253261E+000 -0.157389817791232E+003
  0.200337422982727E-063  0.312116572476982E+003  0.256593816188077E+000  0.926818577783919E+000  0.312439678482087E+001  0.306525160253261E+000 -0.156058286238491E+003
  0.356736251505901E-063  0.310901041844535E+003  0.262601906404841E+000  0.950348140676720E+000  0.306397551572836E+001  0.306525160253261E+000 -0.155450520922267E+003
  0.126939942406735E-061  0.303695723429755E+003  0.243144779349080E+000  0.997974604833930E+000  0.315023255299522E+001  0.306525160253261E+000 -0.151847861714878E+003
  0.164665451479119E-060  0.298508606389159E+003  0.254850891978687E+000  0.926389304112048E+000  0.313312828973731E+001  0.306525160253261E+000 -0.149254303194579E+003
  0.116858383859075E-059  0.294527798968835E+003  0.268794263155712E+000  0.971094111709307E+000  0.303421723405068E+001  0.306525160253261E+000 -0.147263899484418E+003
  0.301195925842598E-059  0.292572659327295E+003  0.239537603388132E+000  0.973908760319996E+000  0.318854438895262E+001  0.306525160253261E+000 -0.146286329663648E+003
  0.677917254173398E-058  0.286283417289804E+003  0.268021479266014E+000  0.965177083423649E+000  0.304225655358850E+001  0.306525160253261E+000 -0.143141708644902E+003
  0.335940017660420E-057  0.283020889009165E+003  0.250757147188872E+000  0.955625109047822E+000  0.312545859206147E+001  0.306525160253261E+000 -0.141510444504582E+003
  0.373105356044708E-057  0.282749489270860E+003  0.245751509979144E+000  0.974291185593783E+000  0.316783482508056E+001  0.306525160253261E+000 -0.141374744635430E+003
  0.261323498470207E-056  0.278794979243689E+003  0.240681357470398E+000  0.981784937371407E+000  0.317609844561598E+001  0.306525160253261E+000 -0.139397489621844E+003
  0.104945770307811E-054  0.271347726262557E+003  0.246186545288203E+000  0.968817295777384E+000  0.314558467511805E+001  0.306525160253261E+000 -0.135673863131279E+003
  0.116296770773593E-054  0.271080779846605E+003  0.247557024450909E+000  0.950937475920938E+000  0.314879326576474E+001  0.306525160253261E+000 -0.135540389923302E+003
  0.285448208222332E-054  0.269223405904126E+003  0.269042001885407E+000  0.962381290608491E+000  0.303186191052219E+001  0.306525160253261E+000 -0.134611702952063E+003
  0.548419727019896E-054  0.267855901959526E+003  0.251713746876086E+000  0.101198074516876E+001  0.310698335227697E+001  0.306525160253261E+000 -0.133927950979763E+003
  0.203292348633134E-053  0.265173980126030E+003  0.252514525574245E+000  0.935996746518130E+000  0.313114850544485E+001  0.306525160253261E+000 -0.132586990063015E+003
  0.889270664947465E-053  0.262160923678495E+003  0.263182640069985E+000  0.997290329392864E+000  0.303456766234856E+001  0.306525160253261E+000 -0.131080461839247E+003
  0.448203865467003E-052  0.258864517102033E+003  0.266583666996732E+000  0.950329068097203E+000  0.305529680885172E+001  0.306525160253261E+000 -0.129432258551016E+003
  0.114167750962133E-051  0.256932962237284E+003  0.259737361341133E+000  0.101781068151739E+001  0.304919778635267E+001  0.306525160253261E+000 -0.128466481118642E+003
  0.813192160375574E-049  0.243734481398420E+003  0.266532576790633E+000  0.985609866643641E+000  0.302579979575156E+001  0.306525160253261E+000 -0.121867240699210E+003
  0.157496002486129E-048  0.242350902623782E+003  0.253262117004620E+000  0.938758418261756E+000  0.313986063005582E+001  0.306525160253261E+000 -0.121175451311891E+003
  0.219777088657807E-047  0.237017761675645E+003  0.241389098833502E+000  0.958364360438892E+000  0.319412104649739E+001  0.306525160253261E+000 -0.118508880837822E+003
  0.243271935242021E-047  0.236753086171507E+003  0.252096867381561E+000  0.933047231557792E+000  0.313875244793959E+001  0.306525160253261E+000 -0.118376543085754E+003
  0.157442297156012E-046  0.232956614405864E+003  0.264892230801823E+000  0.965400520619211E+000  0.304527597462303E+001  0.306525160253261E+000 -0.116478307202932E+003
  0.135179186159649E-044  0.223989646357833E+003  0.242368530177843E+000  0.997412254500656E+000  0.316193374616151E+001  0.306525160253261E+000 -0.111994823178916E+003
  0.280422411773689E-044  0.222468711287303E+003  0.249648700696317E+000  0.100895801477540E+001  0.311928236277881E+001  0.306525160253261E+000 -0.111234355643651E+003
  0.121755663389042E-043  0.219470559388800E+003  0.241861444943156E+000  0.974373164155408E+000  0.318501758890882E+001  0.306525160253261E+000 -0.109735279694400E+003
  0.149792540097875E-043  0.218994546084786E+003  0.241880211914526E+000  0.962852609708736E+000  0.318996414160147E+001  0.306525160253261E+000 -0.109497273042393E+003
  0.237734610032219E-041  0.208798855001794E+003  0.255346040727278E+000  0.100186722396451E+001  0.309314745889127E+001  0.306525160253261E+000 -0.104399427500897E+003
  0.383222238257638E-041  0.207782391464781E+003  0.263263820405642E+000  0.954675115373196E+000  0.306166126779717E+001  0.306525160253261E+000 -0.103891195732391E+003
  0.164777232711686E-040  0.204803719202527E+003  0.241828637676517E+000  0.971643708320759E+000  0.317696332146693E+001  0.306525160253261E+000 -0.102401859601264E+003
  0.192487794293610E-040  0.204431299308113E+003  0.259644568543316E+000  0.939397961915070E+000  0.309313166593369E+001  0.306525160253261E+000 -0.102215649654057E+003
  0.367527132822791E-039  0.198471057002217E+003  0.244653024476832E+000  0.100208216864722E+001  0.314488175124436E+001  0.306525160253261E+000 -0.992355285011086E+002
  0.456720721571287E-038  0.193369793609265E+003  0.258952636029282E+000  0.948357870982898E+000  0.310260960338494E+001  0.306525160253261E+000 -0.966848968046323E+002
  0.123041926326057E-037  0.191326173965588E+003  0.248425272594113E+000  0.100666898659361E+001  0.311709581809705E+001  0.306525160253261E+000 -0.956630869827941E+002
  0.138753856557394E-036  0.186419107691231E+003  0.253710203869832E+000  0.936205521620017E+000  0.312974816272510E+001  0.306525160253261E+000 -0.932095538456156E+002
  0.388604590366145E-036  0.184297842769500E+003  0.258725358562884E+000  0.100889529227388E+001  0.306442781699154E+001  0.306525160253261E+000 -0.921489213847501E+002
  0.731596388725725E-036  0.182970966190316E+003  0.252256970814289E+000  0.939022220855335E+000  0.313432297244063E+001  0.306525160253261E+000 -0.914854830951582E+002
  0.648434556733196E-035  0.178545588480070E+003  0.265482896477930E+000  0.966562919846097E+000  0.304525634507899E+001  0.306525160253261E+000 -0.892727942400348E+002
  0.280132018377966E-034  0.175557475171902E+003  0.249393825364029E+000  0.968870120114126E+000  0.314783649696777E+001  0.306525160253261E+000 -0.877787375859512E+002
  0.125656853759883E-033  0.172494174023217E+003  0.251372402137446E+000  0.100603462533519E+001  0.309924798645990E+001  0.306525160253261E+000 -0.862470870116086E+002
  0.256172099979559E-033  0.171008041355452E+003  0.258130197522894E+000  0.944395508411848E+000  0.310721806745157E+001  0.306525160253261E+000 -0.855040206777260E+002
  0.889605683031439E-033  0.168456640382878E+003  0.262678191286395E+000  0.100126653760740E+001  0.304258352555764E+001  0.306525160253261E+000 -0.842283201914391E+002
  0.346258733650599E-031  0.161071940755674E+003  0.244686879101623E+000  0.961218762227531E+000  0.317480648472941E+001  0.306525160253261E+000 -0.805359703778368E+002
  0.378486093464816E-031  0.160832411337733E+003  0.259558017267782E+000  0.967430158919973E+000  0.307229631373225E+001  0.306525160253261E+000 -0.804162056688667E+002
  0.481245426871528E-030  0.155685301730560E+003  0.252894258391385E+000  0.100020353697500E+001  0.310653528607304E+001  0.306525160253261E+000 -0.778426508652801E+002
  0.261017527145498E-029  0.152242167875379E+003  0.257826166455547E+000  0.965174895173670E+000  0.308308865609893E+001  0.306525160253261E+000 -0.761210839376893E+002
  0.310178888900564E-029  0.151835501291783E+003  0.255672677223377E+000  0.100913154616173E+001  0.308011915257273E+001  0.306525160253261E+000 -0.759177506458916E+002
  0.561677853756195E-028  0.145981229229314E+003  0.254377036829829E+000  0.953943850209102E+000  0.312562536891809E+001  0.306525160253261E+000 -0.729906146146571E+002
  0.565592050374993E-028  0.145905796736601E+003  0.257608538158980E+000  0.961098769871279E+000  0.308725897649877E+001  0.306525160253261E+000 -0.729528983683005E+002
  0.703092559047644E-027  0.140803852259663E+003  0.248138323111757E+000  0.988253393430431E+000  0.314150248430432E+001  0.306525160253261E+000 -0.704019261298314E+002
  0.100979145107453E-026  0.140018287825639E+003  0.247135489572765E+000  0.973649954249844E+000  0.315604233966424E+001  0.306525160253261E+000 -0.700091439128197E+002
  0.185497711021522E-025  0.134135317260260E+003  0.252811029396524E+000  0.963409776022016E+000  0.311277351938903E+001  0.306525160253261E+000 -0.670676586301301E+002
  0.629052301406079E-025  0.131631430221190E+003  0.250165159913521E+000  0.980081160645505E+000  0.311865786737662E+001  0.306525160253261E+000 -0.658157151105952E+002
  0.295730909745081E-024  0.128474245620228E+003  0.253769105176693E+000  0.950449557852725E+000  0.312929166235511E+001  0.306525160253261E+000 -0.642371228101140E+002
  0.461815010096087E-023  0.122916103221516E+003  0.261169148543428E+000  0.968615251658955E+000  0.307768036581091E+001  0.306525160253261E+000 -0.614580516107580E+002
  0.554706499803194E-023  0.122488010414512E+003  0.245509646782725E+000  0.988246474115323E+000  0.315323223860939E+001  0.306525160253261E+000 -0.612440052072562E+002
  0.754792657020406E-023  0.121810459216407E+003  0.245046398962285E+000  0.965051113167098E+000  0.316897985415643E+001  0.306525160253261E+000 -0.609052296082037E+002
  0.792053071260386E-023  0.121652545271739E+003  0.262669553599411E+000  0.975042586626604E+000  0.305457966043534E+001  0.306525160253261E+000 -0.608262726358696E+002
  0.106093124393996E-022  0.121006454084996E+003  0.261331769660132E+000  0.961034238542994E+000  0.307014247120663E+001  0.306525160253261E+000 -0.605032270424979E+002
  0.119179288786960E-021  0.116107117087074E+003  0.251338017829124E+000  0.961362746784284E+000  0.312363159769528E+001  0.306525160253261E+000 -0.580535585435372E+002
  0.109101048548461E-020  0.111617112551875E+003  0.263209204595934E+000  0.979345243623011E+000  0.305101718415060E+001  0.306525160253261E+000 -0.558085562759376E+002
  0.151007380870454E-020  0.110905460810800E+003  0.249716229907490E+000  0.949315939448489E+000  0.314470837080915E+001  0.306525160253261E+000 -0.554527304053999E+002
  0.188133213184800E-019  0.105799104153242E+003  0.263553084000897E+000  0.978567887933685E+000  0.305265679145217E+001  0.306525160253261E+000 -0.528995520766209E+002
  0.625061969791770E-019  0.103336159828283E+003  0.257810737882798E+000  0.956091322118384E+000  0.310268931723119E+001  0.306525160253261E+000 -0.516680799141415E+002
  0.392705966840219E-018  0.995990256062037E+002  0.260917542491570E+000  0.967436352475223E+000  0.306862757539699E+001  0.306525160253261E+000 -0.497995128031018E+002
  0.142596192455652E-017  0.969584008011123E+002  0.250334455393913E+000  0.954427986665839E+000  0.314513512317668E+001  0.306525160253261E+000 -0.484792004005562E+002
  0.923917523006619E-017  0.931596454835976E+002  0.257306950538160E+000  0.995903868534545E+000  0.307264903845897E+001  0.306525160253261E+000 -0.465798227417988E+002
  0.109496693287656E-016  0.927583888929320E+002  0.248731648509673E+000  0.978030090710416E+000  0.313050878391708E+001  0.306525160253261E+000 -0.463791944464660E+002
  0.569341994797339E-016  0.893996716788093E+002  0.262478915486035E+000  0.971531976708229E+000  0.306440974396776E+001  0.306525160253261E+000 -0.446998358394046E+002
  0.559652779605559E-016  0.893724578492767E+002  0.254131895711006E+000  0.956136957032820E+000  0.312354152961149E+001  0.306525160253261E+000 -0.446862289246384E+002
  0.153901214059000E-015  0.872877555970997E+002  0.256179414111969E+000  0.949876506899028E+000  0.311191890276367E+001  0.306525160253261E+000 -0.436438777985498E+002
  0.745755566106848E-015  0.840700383643636E+002  0.250831919342589E+000  0.976858559024913E+000  0.313204822017401E+001  0.306525160253261E+000 -0.420350191821818E+002
  0.974843466315858E-015  0.834727369998243E+002  0.252349525293605E+000  0.952536132800950E+000  0.312671594295655E+001  0.306525160253261E+000 -0.417363684999121E+002
  0.975659516684227E-015  0.834095201645867E+002  0.256578182710949E+000  0.999797509417675E+000  0.307824117072257E+001  0.306525160253261E+000 -0.417047600822934E+002
  0.105995565396993E-014  0.831822394859310E+002  0.245863255719902E+000  0.969507398008201E+000  0.315711449257220E+001  0.306525160253261E+000 -0.415911197429655E+002
  0.167657870559433E-014  0.822036398469499E+002  0.254564703379703E+000  0.981292968284267E+000  0.309409400504829E+001  0.306525160253261E+000 -0.411018199234749E+002
  0.413743657153106E-014  0.803354541731225E+002  0.249458160258683E+000  0.996224028168440E+000  0.312276929876479E+001  0.306525160253261E+000 -0.401677270865613E+002
  0.758878970430937E-014  0.790607194377837E+002  0.248227421752257E+000  0.957171327730161E+000  0.315046537994575E+001  0.306525160253261E+000 -0.395303597188918E+002
  0.156223152842900E-013  0.775551196412318E+002  0.258653686899692E+000  0.995648923921843E+000  0.306965663948516E+001  0.306525160253261E+000 -0.387775598206159E+002
  0.176036112705637E-013  0.772547689083585E+002  0.262147767729709E+000  0.975788327843705E+000  0.306241736989645E+001  0.306525160253261E+000 -0.386273844541793E+002
  0.220369936608220E-013  0.767439885822589E+002  0.250543885703250E+000  0.959717184507793E+000  0.314133171339065E+001  0.306525160253261E+000 -0.383719942911295E+002
  0.214263546227621E-013  0.767386470298357E+002  0.258834766460645E+000  0.955850414262545E+000  0.308993600304790E+001  0.306525160253261E+000 -0.383693235149179E+002
  0.586120535161787E-013  0.746644663563382E+002  0.250865467699087E+000  0.959794600425746E+000  0.313948040084272E+001  0.306525160253261E+000 -0.373322331781691E+002
  0.761281836662609E-013  0.740799666792409E+002  0.260340461789764E+000  0.983248010934010E+000  0.306392650568323E+001  0.306525160253261E+000 -0.370399833396205E+002
  0.142521719807285E-012  0.727642716397502E+002  0.261349302206745E+000  0.974392978329692E+000  0.306454990364278E+001  0.306525160253261E+000 -0.363821358198751E+002
  0.150381577964148E-012  0.725953653038590E+002  0.249766550847455E+000  0.995058229946667E+000  0.311948543980244E+001  0.306525160253261E+000 -0.362976826519295E+002
  0.257794146226584E-012  0.714558510534697E+002  0.253402955096431E+000  0.977258201504352E+000  0.311691877608622E+001  0.306525160253261E+000 -0.357279255267349E+002
  0.399845814187789E-012  0.705164724868044E+002  0.261693070702040E+000  0.971156605324588E+000  0.306744073113252E+001  0.306525160253261E+000 -0.352582362434022E+002
  0.492822962999589E-012  0.700367871697454E+002  0.247546392439381E+000  0.981271003101036E+000  0.313849157403317E+001  0.306525160253261E+000 -0.350183935848727E+002
  0.429724544001845E-011  0.656440848665347E+002  0.257877353357944E+000  0.970198037761512E+000  0.309429749338775E+001  0.306525160253261E+000 -0.328220424332673E+002
  0.102630911046146E-010  0.638413818501321E+002  0.257597715986142E+000  0.966518398246282E+000  0.308754059131578E+001  0.306525160253261E+000 -0.319206909250661E+002
  0.153832155795922E-010  0.629703926407991E+002  0.248611998366438E+000  0.971218434911016E+000  0.313708598504691E+001  0.306525160253261E+000 -0.314851963203996E+002
  0.157742425644521E-010  0.628586465740208E+002  0.249090786484024E+000  0.967899236337531E+000  0.313608654392382E+001  0.306525160253261E+000 -0.314293232870104E+002
  0.169518575097585E-010  0.626531052105358E+002  0.253523430912462E+000  0.966817327887061E+000  0.312142212504553E+001  0.306525160253261E+000 -0.313265526052679E+002
  0.183360471266224E-010  0.624345789026429E+002  0.251204596035143E+000  0.961000919886733E+000  0.312769480764078E+001  0.306525160253261E+000 -0.312172894513215E+002
  0.197820529341635E-010  0.622212231883273E+002  0.255352353632559E+000  0.987276421934320E+000  0.308797090642308E+001  0.306525160253261E+000 -0.311106115941637E+002
  0.105422475363415E-009  0.588132783851380E+002  0.251311400235683E+000  0.955256719944340E+000  0.313606008009766E+001  0.306525160253261E+000 -0.294066391925690E+002
  0.191856058382445E-009  0.575541959821579E+002  0.257079286925985E+000  0.959505623273915E+000  0.309621205975247E+001  0.306525160253261E+000 -0.287770979910789E+002
  0.291529948090730E-009  0.566558579779275E+002  0.251633571550744E+000  0.994679734042757E+000  0.311138047361126E+001  0.306525160253261E+000 -0.283279289889637E+002
  0.425004832117203E-009  0.558403990602772E+002  0.251682130508956E+000  0.956288166108019E+000  0.313410045121403E+001  0.306525160253261E+000 -0.279201995301386E+002
  0.437287420455160E-009  0.557218754368195E+002  0.255234621579974E+000  0.982430499345895E+000  0.310216945090009E+001  0.306525160253261E+000 -0.278609377184098E+002
  0.919305734099507E-009  0.541742760060788E+002  0.247532272427422E+000  0.980970916033883E+000  0.314317451783453E+001  0.306525160253261E+000 -0.270871380030394E+002
  0.136306048517017E-008  0.533249945709465E+002  0.254665977412018E+000  0.989182281718228E+000  0.309169027321656E+001  0.306525160253261E+000 -0.266624972854733E+002
  0.448291672585479E-008  0.508823685311517E+002  0.257879278770394E+000  0.970165567690580E+000  0.308452283003650E+001  0.306525160253261E+000 -0.254411842655759E+002
  0.634124308188239E-008  0.501272233548850E+002  0.254865126145907E+000  0.982973671563850E+000  0.309331554123724E+001  0.306525160253261E+000 -0.250636116774425E+002
  0.993243379267137E-008  0.491682185894908E+002  0.254318952381315E+000  0.964953856955063E+000  0.311688855277712E+001  0.306525160253261E+000 -0.245841092947454E+002
  0.986179251404386E-008  0.491209504607776E+002  0.248883384735127E+000  0.966011742835960E+000  0.314514432854154E+001  0.306525160253261E+000 -0.245604752303888E+002
  0.174124626132280E-007  0.479223706567775E+002  0.257783548625217E+000  0.983418161914241E+000  0.308540702524501E+001  0.306525160253261E+000 -0.239611853283887E+002
  0.243317112376702E-007  0.471916387458206E+002  0.248412217695840E+000  0.978369292459322E+000  0.313589401569322E+001  0.306525160253261E+000 -0.235958193729103E+002
  0.352415579741570E-007  0.463892043851103E+002  0.259982848386592E+000  0.972180809487896E+000  0.307457629661400E+001  0.306525160253261E+000 -0.231946021925552E+002
  0.651828662831069E-007  0.450977197940808E+002  0.257961510086127E+000  0.960244211102321E+000  0.309419497134436E+001  0.306525160253261E+000 -0.225488598970404E+002
  0.663538667472604E-007  0.450005656971862E+002  0.255956560409069E+000  0.968301853449008E+000  0.309609784230096E+001  0.306525160253261E+000 -0.225002828485931E+002
  0.696241641713806E-007  0.448428030671609E+002  0.253142778710249E+000  0.978279180921720E+000  0.311630910699782E+001  0.306525160253261E+000 -0.224214015335805E+002
  0.741109153302004E-007  0.446563574830295E+002  0.253862189778355E+000  0.956026008836505E+000  0.311902401160389E+001  0.306525160253261E+000 -0.223281787415148E+002
  0.759865459875002E-007  0.445448272231349E+002  0.255906181688895E+000  0.992521015036153E+000  0.308794531893079E+001  0.306525160253261E+000 -0.222724136115675E+002
  0.847224546587077E-007  0.442656351527631E+002  0.259055495881627E+000  0.978310212864301E+000  0.308037067646678E+001  0.306525160253261E+000 -0.221328175763815E+002
  0.924048099744580E-007  0.440304951181512E+002  0.258166454514643E+000  0.986629076750561E+000  0.307960576310830E+001  0.306525160253261E+000 -0.220152475590756E+002
  0.106003860370795E-006  0.436943588433218E+002  0.255084476089088E+000  0.983730301691029E+000  0.310133931877264E+001  0.306525160253261E+000 -0.218471794216609E+002
  0.104063170734593E-006  0.436697702987678E+002  0.259786147471948E+000  0.980413367720535E+000  0.307180220906514E+001  0.306525160253261E+000 -0.218348851493839E+002
  0.116820247458935E-006  0.433769504189325E+002  0.253530896931561E+000  0.993513841465664E+000  0.309926376256244E+001  0.306525160253261E+000 -0.216884752094663E+002
  0.124951258361126E-006  0.431808324591087E+002  0.253838238963935E+000  0.992588281793481E+000  0.309690840546617E+001  0.306525160253261E+000 -0.215904162295544E+002
  0.140622841668355E-006  0.428829737486609E+002  0.258505732595596E+000  0.986357546616652E+000  0.307711832838658E+001  0.306525160253261E+000 -0.214414868743305E+002
  0.491927524760925E-006  0.403169304842469E+002  0.256515327600089E+000  0.962063744846714E+000  0.309846005730141E+001  0.306525160253261E+000 -0.201584652421235E+002
  0.774438870892585E-006  0.393477725042962E+002  0.249462776462966E+000  0.986263765959933E+000  0.312796136953828E+001  0.306525160253261E+000 -0.196738862521481E+002
  0.777565887208133E-006  0.392781698803643E+002  0.259726230044422E+000  0.974066691989683E+000  0.307661897498602E+001  0.306525160253261E+000 -0.196390849401821E+002
  0.821748647741430E-006  0.391060941948183E+002  0.257214945380242E+000  0.966901113769643E+000  0.309109758600349E+001  0.306525160253261E+000 -0.195530470974091E+002
  0.135249746985498E-005  0.380480037313996E+002  0.252801696506633E+000  0.992045102483135E+000  0.310451829231287E+001  0.306525160253261E+000 -0.190240018656998E+002
  0.136403467217054E-005  0.379694721789490E+002  0.256614523832547E+000  0.965792724476378E+000  0.309505219593756E+001  0.306525160253261E+000 -0.189847360894745E+002
  0.175271158482499E-005  0.374064946872170E+002  0.252419533106254E+000  0.990707165163255E+000  0.310635457584367E+001  0.306525160253261E+000 -0.187032473436085E+002
  0.180407934476668E-005  0.372871786947184E+002  0.253324110482440E+000  0.991891792724995E+000  0.310288983228083E+001  0.306525160253261E+000 -0.186435893473592E+002
  0.177694438388717E-005  0.372559456822516E+002  0.255230543107742E+000  0.973493682149822E+000  0.310666423864653E+001  0.306525160253261E+000 -0.186279728411258E+002
  0.196159495737327E-005  0.369966770745987E+002  0.248937127381024E+000  0.969364938978636E+000  0.314205697838201E+001  0.306525160253261E+000 -0.184983385372993E+002
  0.328022444040300E-005  0.359068258554233E+002  0.253880024805190E+000  0.991859867599443E+000  0.309834872358872E+001  0.306525160253261E+000 -0.179534129277116E+002
  0.338604373206982E-005  0.357817818337387E+002  0.257368056620275E+000  0.981676403507413E+000  0.308826191932498E+001  0.306525160253261E+000 -0.178908909168693E+002
  0.380637402241782E-005  0.354862088431073E+002  0.257667099619650E+000  0.965210751342044E+000  0.309518262797335E+001  0.306525160253261E+000 -0.177431044215536E+002
  0.409185289038892E-005  0.352800238036315E+002  0.250197206265202E+000  0.973984014780341E+000  0.313402142217457E+001  0.306525160253261E+000 -0.176400119018157E+002
  0.549632141897699E-005  0.346283182089903E+002  0.252935731580105E+000  0.968256902508204E+000  0.311381416961542E+001  0.306525160253261E+000 -0.173141591044952E+002
  0.228123529970282E-004  0.317203285880580E+002  0.255162372402735E+000  0.974597703485470E+000  0.310604373569467E+001  0.306525160253261E+000 -0.158601642940290E+002
  0.224176388337301E-004  0.316936934515948E+002  0.253173683636770E+000  0.964698196265618E+000  0.311531808295388E+001  0.306525160253261E+000 -0.158468467257974E+002
  0.415929327880351E-004  0.303959857922388E+002  0.253529680064672E+000  0.990053018606714E+000  0.310088470823633E+001  0.306525160253261E+000 -0.151979928961194E+002
  0.490156917607091E-004  0.300060220370512E+002  0.258219875013481E+000  0.967589127030341E+000  0.308747822046489E+001  0.306525160253261E+000 -0.150030110185256E+002
  0.484602895836680E-004  0.299672703112436E+002  0.251063617168951E+000  0.965262291473772E+000  0.313284112774966E+001  0.306525160253261E+000 -0.149836351556218E+002
  0.506494029600871E-004  0.298173614899721E+002  0.257873507110677E+000  0.969472209004233E+000  0.308713796094115E+001  0.306525160253261E+000 -0.149086807449860E+002
  0.759167284354739E-004  0.289463989365466E+002  0.250989876950795E+000  0.980020239304837E+000  0.311932409375116E+001  0.306525160253261E+000 -0.144731994682733E+002
  0.851606807331679E-004  0.286550500742914E+002  0.256549239127377E+000  0.987487979697832E+000  0.308695065964310E+001  0.306525160253261E+000 -0.143275250371457E+002
  0.104130114185338E-003  0.281913039938892E+002  0.258154773793387E+000  0.974194966953969E+000  0.308292253742484E+001  0.306525160253261E+000 -0.140956519969446E+002
  0.101205237054746E-003  0.281867420966341E+002  0.257889202601451E+000  0.972033914182665E+000  0.309012021305703E+001  0.306525160253261E+000 -0.140933710483170E+002
  0.142820132313982E-003  0.274363277443165E+002  0.251712495863244E+000  0.976576089440304E+000  0.312397628556107E+001  0.306525160253261E+000 -0.137181638721582E+002
  0.170987942006016E-003  0.270147703932382E+002  0.256091972382487E+000  0.975258468052208E+000  0.309970879187175E+001  0.306525160253261E+000 -0.135073851966191E+002
  0.202020467561253E-003  0.266196751211103E+002  0.258320677550780E+000  0.980157289744712E+000  0.308105003684339E+001  0.306525160253261E+000 -0.133098375605551E+002
  0.201813253042799E-003  0.265601842776151E+002  0.255281670794457E+000  0.972455139163410E+000  0.310611587323401E+001  0.306525160253261E+000 -0.132800921388075E+002
  0.272443308200283E-003  0.258984654217859E+002  0.257148412416987E+000  0.982576583613212E+000  0.308773462186473E+001  0.306525160253261E+000 -0.129492327108929E+002
  0.272556789003285E-003  0.258360892179613E+002  0.250049197885967E+000  0.982975900705462E+000  0.312611650914212E+001  0.306525160253261E+000 -0.129180446089807E+002
  0.319519793975782E-003  0.254566014356852E+002  0.255313147977763E+000  0.978078912320245E+000  0.309507825057956E+001  0.306525160253261E+000 -0.127283007178426E+002
  0.352641021685720E-003  0.251977953605628E+002  0.254172744788979E+000  0.962063429315831E+000  0.311619864753056E+001  0.306525160253261E+000 -0.125988976802814E+002
  0.376446057775456E-003  0.250056037224977E+002  0.255539996527714E+000  0.978323696208717E+000  0.309377486917519E+001  0.306525160253261E+000 -0.125028018612488E+002
  0.525582525446013E-003  0.242765954939347E+002  0.254501108948985E+000  0.961320001580160E+000  0.311376753746588E+001  0.306525160253261E+000 -0.121382977469674E+002
  0.847890088772884E-003  0.232585645859092E+002  0.252170502186483E+000  0.964259266305107E+000  0.312653425497807E+001  0.306525160253261E+000 -0.116292822929546E+002
  0.830124230434303E-003  0.232393725691415E+002  0.258129155026791E+000  0.976991149017716E+000  0.308454665159745E+001  0.306525160253261E+000 -0.116196862845708E+002
  0.980665537710754E-003  0.228445170588731E+002  0.253265743924560E+000  0.963989079892740E+000  0.312073813300981E+001  0.306525160253261E+000 -0.114222585294366E+002
  0.116385121348511E-002  0.224404570707897E+002  0.255277264251325E+000  0.967051808816629E+000  0.310819894850973E+001  0.306525160253261E+000 -0.112202285353949E+002
  0.115568075788764E-002  0.223930036465740E+002  0.255251696773986E+000  0.971174387499331E+000  0.309975480665702E+001  0.306525160253261E+000 -0.111965018232870E+002
  0.183126070406570E-002  0.214108301934887E+002  0.254942526401528E+000  0.987360491941757E+000  0.309480839887087E+001  0.306525160253261E+000 -0.107054150967443E+002
  0.219107329482500E-002  0.209905131286642E+002  0.255748379989418E+000  0.984756336205134E+000  0.309411456645792E+001  0.306525160253261E+000 -0.104952565643321E+002
  0.212895414358113E-002  0.209864911433371E+002  0.254931384287779E+000  0.978050908908123E+000  0.310439287437274E+001  0.306525160253261E+000 -0.104932455716685E+002
  0.433794949176603E-002  0.195014059812088E+002  0.251682934273818E+000  0.975454507936233E+000  0.312402559837903E+001  0.306525160253261E+000 -0.975070299060439E+001
  0.429119620255543E-002  0.194615351437999E+002  0.251129130295383E+000  0.978025039218805E+000  0.312520392746610E+001  0.306525160253261E+000 -0.973076757189993E+001
  0.448850042158618E-002  0.193100855565197E+002  0.256390125075101E+000  0.966006004425968E+000  0.310082628098906E+001  0.306525160253261E+000 -0.965504277825987E+001
  0.439717541133640E-002  0.192896548018355E+002  0.253538914975329E+000  0.987120590630444E+000  0.310319753859405E+001  0.306525160253261E+000 -0.964482740091775E+001
  0.632165215635796E-002  0.185020750678526E+002  0.251723686546391E+000  0.978902117760193E+000  0.312148083572174E+001  0.306525160253261E+000 -0.925103753392631E+001
  0.626031777696505E-002  0.184600310389660E+002  0.250553202219505E+000  0.968791086176542E+000  0.313163501420782E+001  0.306525160253261E+000 -0.923001551948300E+001
  0.902900312756900E-002  0.176660656840330E+002  0.250284987176238E+000  0.973703811328242E+000  0.313121364474460E+001  0.306525160253261E+000 -0.883303284201652E+001
  0.115778886881535E-001  0.171072120350768E+002  0.253927237063311E+000  0.980376076866029E+000  0.310823695046463E+001  0.306525160253261E+000 -0.855360601753841E+001
  0.188382913096729E-001  0.160720798403606E+002  0.252127824799347E+000  0.974081344928165E+000  0.311659671404681E+001  0.306525160253261E+000 -0.803603992018028E+001
  0.189885624358782E-001  0.159946460217732E+002  0.254341454919728E+000  0.977820206012125E+000  0.310147128169657E+001  0.306525160253261E+000 -0.799732301088659E+001
  0.191080533725726E-001  0.159205565686738E+002  0.256785393756852E+000  0.977979230316905E+000  0.308881428587869E+001  0.306525160253261E+000 -0.796027828433689E+001
  0.185762476861443E-001  0.159154655117376E+002  0.250671246434499E+000  0.978981623944468E+000  0.312408120260956E+001  0.306525160253261E+000 -0.795773275586881E+001
  0.200148035263054E-001  0.157047453593179E+002  0.255422723272073E+000  0.981938243775393E+000  0.309793085654632E+001  0.306525160253261E+000 -0.785237267965893E+001
  0.302701115848111E-001  0.148158247754447E+002  0.257244697046774E+000  0.971986488984994E+000  0.309180480729427E+001  0.306525160253261E+000 -0.740791238772236E+001
  0.302352904056436E-001  0.147565834795418E+002  0.253440872172777E+000  0.985145502604118E+000  0.310454108597675E+001  0.306525160253261E+000 -0.737829173977089E+001
  0.294495458069356E-001  0.147477027845376E+002  0.251870404774939E+000  0.971739290964808E+000  0.311989474073292E+001  0.306525160253261E+000 -0.737385139226879E+001
  0.336332944409302E-001  0.144204834774796E+002  0.252058778264701E+000  0.976080995837570E+000  0.311609170616136E+001  0.306525160253261E+000 -0.721024173873981E+001
  0.468416581678420E-001  0.136964272472326E+002  0.253750791182605E+000  0.967449739388533E+000  0.311186718769975E+001  0.306525160253261E+000 -0.684821362361630E+001
  0.801312439490348E-001  0.125610981278532E+002  0.251121054712305E+000  0.979060498610825E+000  0.312298893357624E+001  0.306525160253261E+000 -0.628054906392659E+001
  0.794735515643367E-001  0.125160379269648E+002  0.255736353633564E+000  0.970667048396514E+000  0.309879703554300E+001  0.306525160253261E+000 -0.625801896348241E+001
  0.852906428076216E-001  0.123132136707342E+002  0.256384993222144E+000  0.970052552864165E+000  0.309842332494459E+001  0.306525160253261E+000 -0.615660683536710E+001
  0.884020674408451E-001  0.121800091420441E+002  0.252107432361931E+000  0.975465456240579E+000  0.312089484627517E+001  0.306525160253261E+000 -0.609000457102203E+001
  0.144151629119317E+000  0.111405250869772E+002  0.252725964794203E+000  0.973661739379459E+000  0.311379529849066E+001  0.306525160253261E+000 -0.557026254348859E+001
  0.139859231946001E+000  0.111394403594589E+002  0.252837100924401E+000  0.973792366472181E+000  0.311784057546816E+001  0.306525160253261E+000 -0.556972017972946E+001
  0.139041954550961E+000  0.110896184656822E+002  0.254186245748147E+000  0.966531501997201E+000  0.311293633206982E+001  0.306525160253261E+000 -0.554480923284110E+001
  0.160820938444390E+000  0.107370434611817E+002  0.254494400959871E+000  0.974584351203810E+000  0.310301253056576E+001  0.306525160253261E+000 -0.536852173059087E+001
  0.233875346927345E+000  0.992650673283441E+001  0.254715996707109E+000  0.969993883405228E+000  0.310501781249617E+001  0.306525160253261E+000 -0.496325336641720E+001
  0.248332487942180E+000  0.974500290057106E+001  0.254965461828411E+000  0.971409714698338E+000  0.310266176744658E+001  0.306525160253261E+000 -0.487250145028553E+001
  0.249217516405276E+000  0.967634448414170E+001  0.256308159598810E+000  0.979156350457528E+000  0.309252055899050E+001  0.306525160253261E+000 -0.483817224207085E+001
  0.257907106725793E+000  0.954625437952176E+001  0.253189626287362E+000  0.974250585606068E+000  0.311544649104431E+001  0.306525160253261E+000 -0.477312718976088E+001
  0.253204607503720E+000  0.952151422506937E+001  0.251851081010488E+000  0.976163275868378E+000  0.312128967409758E+001  0.306525160253261E+000 -0.476075711253469E+001
  0.270041036203603E+000  0.933121881535107E+001  0.254415609568203E+000  0.969090486879178E+000  0.311075496615411E+001  0.306525160253261E+000 -0.466560940767554E+001
  0.268435718089141E+000  0.928160041665176E+001  0.251716166211645E+000  0.973469912337228E+000  0.312339668652479E+001  0.306525160253261E+000 -0.464080020832588E+001
  0.279250692219966E+000  0.914106021386158E+001  0.254432935008536E+000  0.982427811374914E+000  0.310211920010409E+001  0.306525160253261E+000 -0.457053010693079E+001
  0.280519454241464E+000  0.907045057384384E+001  0.251715232035544E+000  0.973071448025422E+000  0.312107142614224E+001  0.306525160253261E+000 -0.453522528692192E+001
  0.304704676136792E+000  0.884350734766484E+001  0.252344387124793E+000  0.975393179681958E+000  0.311549968876547E+001  0.306525160253261E+000 -0.442175367383242E+001
  0.326417964095471E+000  0.864429277819609E+001  0.252600675654688E+000  0.979203189072615E+000  0.311521184617923E+001  0.306525160253261E+000 -0.432214638909805E+001
  0.326924813387310E+000  0.857964634616698E+001  0.252303784346651E+000  0.970252570477314E+000  0.312171948028979E+001  0.306525160253261E+000 -0.428982317308349E+001
  0.327992820824965E+000  0.851158001996274E+001  0.254641325404930E+000  0.980124602641007E+000  0.310299045700622E+001  0.306525160253261E+000 -0.425579000998137E+001
  0.321941982454768E+000  0.848727744226416E+001  0.253457945526545E+000  0.982571426597303E+000  0.310723804446339E+001  0.306525160253261E+000 -0.424363872113208E+001
  0.332887618557137E+000  0.835886692370691E+001  0.255044140127288E+000  0.974417178877675E+000  0.310444372242323E+001  0.306525160253261E+000 -0.417943346185345E+001
  0.334146022332453E+000  0.828977732869790E+001  0.255347339496179E+000  0.981197979286744E+000  0.309638444760215E+001  0.306525160253261E+000 -0.414488866434895E+001
  0.358588559318633E+000  0.808703887761731E+001  0.254225592135036E+000  0.978419380907602E+000  0.310671670308018E+001  0.306525160253261E+000 -0.404351943880866E+001
  0.374521713611566E+000  0.793854731103149E+001  0.253318526541641E+000  0.968122872372440E+000  0.311679107367950E+001  0.306525160253261E+000 -0.396927365551575E+001
  0.399529254901325E+000  0.774772957416430E+001  0.255345652743170E+000  0.974478102118768E+000  0.309901437163819E+001  0.306525160253261E+000 -0.387386478708215E+001
  0.452068740961291E+000  0.743909173937637E+001  0.254272795723131E+000  0.970681861530405E+000  0.310735299309732E+001  0.306525160253261E+000 -0.371954586968819E+001
  0.527063605585541E+000  0.707057445218801E+001  0.254257141682518E+000  0.974674263540735E+000  0.310481261821102E+001  0.306525160253261E+000 -0.353528722609400E+001
  0.555536851413045E+000  0.690380371267935E+001  0.254478148078309E+000  0.970669044318455E+000  0.310635029785511E+001  0.306525160253261E+000 -0.345190185633968E+001
  0.557056017589189E+000  0.683679867736228E+001  0.254016321318274E+000  0.981871762528076E+000  0.310422642144411E+001  0.306525160253261E+000 -0.341839933868114E+001
  0.587987060056636E+000  0.666717708822567E+001  0.254581419145734E+000  0.973331310298875E+000  0.310393112711322E+001  0.306525160253261E+000 -0.333358854411283E+001
  0.608510476313685E+000  0.653701539499218E+001  0.252126011956184E+000  0.978533793834935E+000  0.311736010010961E+001  0.306525160253261E+000 -0.326850769749609E+001
  0.601901606837966E+000  0.649731235913944E+001  0.255223198731577E+000  0.970232629714134E+000  0.310468147763425E+001  0.306525160253261E+000 -0.324865617956972E+001
  0.594899841431136E+000  0.645917090283181E+001  0.253215045210014E+000  0.980614878319725E+000  0.311017059568253E+001  0.306525160253261E+000 -0.322958545141591E+001
  0.614063114854080E+000  0.633421826921924E+001  0.253415508340028E+000  0.980286309110344E+000  0.310729301968207E+001  0.306525160253261E+000 -0.316710913460962E+001
  0.631402319024939E+000  0.621698388556373E+001  0.253553959985239E+000  0.969600808508493E+000  0.311483699974568E+001  0.306525160253261E+000 -0.310849194278186E+001
  0.653527722841935E+000  0.608655715759706E+001  0.255527529025140E+000  0.971982956843709E+000  0.310200608944464E+001  0.306525160253261E+000 -0.304327857879853E+001
  0.639111882664403E+000  0.606962469020593E+001  0.251876506640188E+000  0.975471276909990E+000  0.311942441815717E+001  0.306525160253261E+000 -0.303481234510296E+001
  0.635612979455461E+000  0.601906072096541E+001  0.255544455558578E+000  0.970784676473233E+000  0.310176592138239E+001  0.306525160253261E+000 -0.300953036048271E+001
  0.681112852098980E+000  0.581924109874340E+001  0.253112793436118E+000  0.971632271045924E+000  0.311649151553562E+001  0.306525160253261E+000 -0.290962054937170E+001
  0.662660095940069E+000  0.581262943095901E+001  0.255333143934466E+000  0.976859602760271E+000  0.310058109358259E+001  0.306525160253261E+000 -0.290631471547951E+001
  0.675851600268077E+000  0.571166342803141E+001  0.254984061019456E+000  0.969587208211598E+000  0.310583699603981E+001  0.306525160253261E+000 -0.285583171401571E+001
  0.744827116232408E+000  0.545576289672107E+001  0.253739495640436E+000  0.975864740631843E+000  0.311078415481978E+001  0.306525160253261E+000 -0.272788144836053E+001
  0.831541578183567E+000  0.517396124236712E+001  0.255712637222237E+000  0.975511739857472E+000  0.309748297643253E+001  0.306525160253261E+000 -0.258698062118356E+001
  0.814443556378774E+000  0.515397027315774E+001  0.253832254953724E+000  0.975522959817831E+000  0.310707843523661E+001  0.306525160253261E+000 -0.257698513657887E+001
  0.805716630548724E+000  0.511397299874704E+001  0.255534975071130E+000  0.973807355228149E+000  0.310085705768520E+001  0.306525160253261E+000 -0.255698649937352E+001
  0.805936174631500E+000  0.505188478965167E+001  0.255767601420743E+000  0.974323113577874E+000  0.309813700779775E+001  0.306525160253261E+000 -0.252594239482583E+001
  0.887924121383166E+000  0.479657799455941E+001  0.254538503406718E+000  0.976987274554549E+000  0.310246891516597E+001  0.306525160253261E+000 -0.239828899727970E+001
  0.955572823327591E+000  0.458818530679000E+001  0.253809476251883E+000  0.971010117578436E+000  0.311037801394579E+001  0.306525160253261E+000 -0.229409265339500E+001
  0.940770015425932E+000  0.455786653023320E+001  0.255273381880440E+000  0.977596871809886E+000  0.309866910444151E+001  0.306525160253261E+000 -0.227893326511660E+001
  0.921470252769361E+000  0.453777963290552E+001  0.252966833656831E+000  0.973838791850847E+000  0.311337767157581E+001  0.306525160253261E+000 -0.226888981645276E+001
  0.909977889233476E+000  0.450133670278197E+001  0.253339970648057E+000  0.979103690160669E+000  0.311035533527994E+001  0.306525160253261E+000 -0.225066835139098E+001
  0.888428877005053E+000  0.448772479678826E+001  0.254447805013976E+000  0.970090010867692E+000  0.310781360771733E+001  0.306525160253261E+000 -0.224386239839413E+001
  0.861866287223566E+000  0.448689039265259E+001  0.255397696356828E+000  0.974660386312950E+000  0.310114008457157E+001  0.306525160253261E+000 -0.224344519632629E+001
  0.868634717541730E+000  0.440970197643931E+001  0.252870699549405E+000  0.976847651190047E+000  0.311236446143039E+001  0.306525160253261E+000 -0.220485098821966E+001
  0.864856162115775E+000  0.435687762372133E+001  0.253268955466672E+000  0.979259444518159E+000  0.311049692814634E+001  0.306525160253261E+000 -0.217843881186067E+001
  0.863253073736040E+000  0.429904492561563E+001  0.255390467937510E+000  0.977345600529451E+000  0.309910529559026E+001  0.306525160253261E+000 -0.214952246280782E+001
  0.874537063898538E+000  0.421152804907997E+001  0.255508512275874E+000  0.973414876539793E+000  0.310066652601786E+001  0.306525160253261E+000 -0.210576402453999E+001
  0.903953087955188E+000  0.408381915440603E+001  0.254244351553929E+000  0.970105183401634E+000  0.310908224618473E+001  0.306525160253261E+000 -0.204190957720301E+001
  0.901561770047119E+000  0.402757364848788E+001  0.254946026771595E+000  0.971293770875231E+000  0.310438210266559E+001  0.306525160253261E+000 -0.201378682424394E+001
  0.876665372660101E+000  0.402203672922155E+001  0.255221406660656E+000  0.975824803995680E+000  0.309982281866219E+001  0.306525160253261E+000 -0.201101836461078E+001
  0.870181268952775E+000  0.397534104265933E+001  0.253902500404619E+000  0.971173467727090E+000  0.311181451325992E+001  0.306525160253261E+000 -0.198767052132966E+001
  0.920800654601939E+000  0.380071367882734E+001  0.252773525356548E+000  0.974961841878962E+000  0.311612478689173E+001  0.306525160253261E+000 -0.190035683941367E+001
  0.935343880921652E+000  0.370782900061286E+001  0.255001057023549E+000  0.972085225349259E+000  0.310462762251904E+001  0.306525160253261E+000 -0.185391450030643E+001
  0.100000000000000E+001  0.351260362282222E+001  0.253563182126034E+000  0.971635538232070E+000  0.311163812155563E+001  0.306525160253261E+000 -0.175630181141111E+001
  0.988850148215680E+000  0.347348526014311E+001  0.252950530386138E+000  0.971560879465616E+000  0.311569300185363E+001  0.306525160253261E+000 -0.173674263007155E+001
  0.965448642881005E+000  0.345984172971521E+001  0.254824398334674E+000  0.978020021744788E+000  0.310109478229566E+001  0.306525160253261E+000 -0.172992086485761E+001
  0.941374935288220E+000  0.344880122142648E+001  0.254053260322647E+000  0.976998042238593E+000  0.310776838903262E+001  0.306525160253261E+000 -0.172440061071324E+001
  0.969671116874120E+000  0.332802699297963E+001  0.254512730913260E+000  0.976111250831835E+000  0.310341399100767E+001  0.306525160253261E+000 -0.166401349648982E+001
  0.948696061426324E+000  0.331022064443471E+001  0.253830208799411E+000  0.979178267300399E+000  0.310622664125126E+001  0.306525160253261E+000 -0.165511032221736E+001
  0.922634606755042E+000  0.330438771588201E+001  0.253650196079699E+000  0.971574733713462E+000  0.311288534642402E+001  0.306525160253261E+000 -0.165219385794101E+001
  0.918055565410491E+000  0.325279512433535E+001  0.254898065967869E+000  0.975584258111271E+000  0.310349770967194E+001  0.306525160253261E+000 -0.162639756216767E+001
  0.895260601049053E+000  0.324153794162180E+001  0.254101673758452E+000  0.976317025781787E+000  0.310556964864902E+001  0.306525160253261E+000 -0.162076897081090E+001
  0.894290177102444E+000  0.318216371399187E+001  0.255242894853617E+000  0.974919965982417E+000  0.310066485751281E+001  0.306525160253261E+000 -0.159108185699594E+001
  0.915531233590953E+000  0.307367204752774E+001  0.252901518958729E+000  0.977711592565856E+000  0.311249879583628E+001  0.306525160253261E+000 -0.153683602376387E+001
  0.918302760553659E+000  0.300608340857467E+001  0.255140014992273E+000  0.973186960546516E+000  0.310261750815666E+001  0.306525160253261E+000 -0.150304170428734E+001
  0.913780686760722E+000  0.295441318513969E+001  0.253515168227973E+000  0.972630267477701E+000  0.311131348650350E+001  0.306525160253261E+000 -0.147720659256985E+001
  0.886482962339847E+000  0.295352724282930E+001  0.252811028215029E+000  0.973009981101068E+000  0.311648476682508E+001  0.306525160253261E+000 -0.147676362141465E+001
  0.868240849926667E+000  0.293356943202777E+001  0.254797354548742E+000  0.973942716026333E+000  0.310333609800544E+001  0.306525160253261E+000 -0.146678471601388E+001
  0.845347042018852E+000  0.292546993347029E+001  0.254998810926568E+000  0.976974729222902E+000  0.310153705439132E+001  0.306525160253261E+000 -0.146273496673515E+001
  0.822606363477354E+000  0.291846552029743E+001  0.254098215873433E+000  0.977412495153509E+000  0.310521751251737E+001  0.306525160253261E+000 -0.145923276014872E+001
  0.802492745668979E+000  0.290643215551987E+001  0.252733151172589E+000  0.974837690402289E+000  0.311486766498294E+001  0.306525160253261E+000 -0.145321607775993E+001
  0.784099989612206E+000  0.289126136880568E+001  0.253782349658223E+000  0.977877261022027E+000  0.310845228352781E+001  0.306525160253261E+000 -0.144563068440284E+001
  0.789271623319298E+000  0.281657010272353E+001  0.253319167178606E+000  0.972506103144587E+000  0.311417454791242E+001  0.306525160253261E+000 -0.140828505136177E+001
  0.773506919834512E+000  0.279537860190246E+001  0.253932021477843E+000  0.971094621962218E+000  0.311105811548610E+001  0.306525160253261E+000 -0.139768930095123E+001
  0.768926685242837E+000  0.274571326243269E+001  0.254154670714826E+000  0.978693902836018E+000  0.310484656777350E+001  0.306525160253261E+000 -0.137285663121634E+001
  0.760162770014236E+000  0.270709603660852E+001  0.253510580178300E+000  0.976925646714371E+000  0.311065373746456E+001  0.306525160253261E+000 -0.135354801830426E+001
  0.739894618382241E+000  0.269960234518434E+001  0.253903052465207E+000  0.975214358088931E+000  0.310960218659078E+001  0.306525160253261E+000 -0.134980117259217E+001
  0.724335905978999E+000  0.268056407813275E+001  0.253621247965246E+000  0.978041716991028E+000  0.310788633966622E+001  0.306525160253261E+000 -0.134028203906638E+001
  0.704343664685742E+000  0.267499845322546E+001  0.254209669138658E+000  0.972438718454872E+000  0.310915889610957E+001  0.306525160253261E+000 -0.133749922661273E+001
  0.707854909159602E+000  0.260350964586117E+001  0.253649401210111E+000  0.976236143460696E+000  0.310839907371238E+001  0.306525160253261E+000 -0.130175482293058E+001
  0.693045412492042E+000  0.258425355811289E+001  0.254633341649635E+000  0.977896576160615E+000  0.310277239269273E+001  0.306525160253261E+000 -0.129212677905644E+001
  0.675874008571848E+000  0.257288793380793E+001  0.253374393603082E+000  0.978320535664249E+000  0.310970072847415E+001  0.306525160253261E+000 -0.128644396690396E+001
  0.661765694311258E+000  0.255353486371246E+001  0.254281432141373E+000  0.976784973489935E+000  0.310627916657997E+001  0.306525160253261E+000 -0.127676743185623E+001
  0.654759323851653E+000  0.251327921356186E+001  0.253188471317127E+000  0.972907145596663E+000  0.311455761638642E+001  0.306525160253261E+000 -0.125663960678093E+001
  0.638057382673079E+000  0.250341490185942E+001  0.254861219501283E+000  0.973817567686002E+000  0.310333886254657E+001  0.306525160253261E+000 -0.125170745092971E+001
  0.621064423302599E+000  0.249585839055271E+001  0.254190865909370E+000  0.973613695054928E+000  0.310686672555513E+001  0.306525160253261E+000 -0.124792919527636E+001
  0.607658244953797E+000  0.247795945515091E+001  0.253583577475093E+000  0.971441123025114E+000  0.311268813762575E+001  0.306525160253261E+000 -0.123897972757546E+001
  0.591608288096514E+000  0.246995191071217E+001  0.254920376863701E+000  0.975618042612510E+000  0.310201478223314E+001  0.306525160253261E+000 -0.123497595535609E+001
  0.595735003848295E+000  0.239450618656369E+001  0.253280505374598E+000  0.974773324623848E+000  0.311317784615766E+001  0.306525160253261E+000 -0.119725309328185E+001
  0.579002570972437E+000  0.238994092092009E+001  0.254904115125856E+000  0.973924502126227E+000  0.310394280780131E+001  0.306525160253261E+000 -0.119497046046005E+001
  0.576516694396234E+000  0.233700284448804E+001  0.253846636377566E+000  0.973346230893568E+000  0.311079988397989E+001  0.306525160253261E+000 -0.116850142224402E+001
  0.588717275098226E+000  0.223357600193612E+001  0.254522219213195E+000  0.977170908213240E+000  0.310427116604956E+001  0.306525160253261E+000 -0.111678800096806E+001
  0.574530746548558E+000  0.222081757547329E+001  0.254429591532464E+000  0.976686469480883E+000  0.310400627756887E+001  0.306525160253261E+000 -0.111040878773665E+001
  0.576820327617092E+000  0.215131983263744E+001  0.254529244130693E+000  0.972422828411394E+000  0.310634235849548E+001  0.306525160253261E+000 -0.107565991631872E+001
  0.566122440538824E+000  0.212721740841582E+001  0.254378746772098E+000  0.973817008748177E+000  0.310734896674656E+001  0.306525160253261E+000 -0.106360870420791E+001
  0.549033991985289E+000  0.212697414122451E+001  0.254477816381300E+000  0.973280387313229E+000  0.310694936166102E+001  0.306525160253261E+000 -0.106348707061226E+001
  0.534256689285878E+000  0.211999870542238E+001  0.253474366097860E+000  0.977255422646356E+000  0.311029620924680E+001  0.306525160253261E+000 -0.105999935271119E+001
  0.524677530510886E+000  0.209464052555557E+001  0.254231760414572E+000  0.977873252224773E+000  0.310521830908427E+001  0.306525160253261E+000 -0.104732026277779E+001
  0.515982304339192E+000  0.206651995882416E+001  0.253830525232179E+000  0.971933419797560E+000  0.311055234173130E+001  0.306525160253261E+000 -0.103325997941208E+001
  0.501547374022244E+000  0.206172544826304E+001  0.253851114386101E+000  0.977605199307960E+000  0.310696871359781E+001  0.306525160253261E+000 -0.103086272413152E+001
  0.486706753986104E+000  0.206025467841902E+001  0.254448632644725E+000  0.975204339145945E+000  0.310613695707665E+001  0.306525160253261E+000 -0.103012733920951E+001
  0.472786009160192E+000  0.205674920037946E+001  0.253656763866419E+000  0.977858539063703E+000  0.310862556152801E+001  0.306525160253261E+000 -0.102837460018973E+001
  0.461200036703937E+000  0.204482789548764E+001  0.254553222715066E+000  0.972623165080672E+000  0.310647330036251E+001  0.306525160253261E+000 -0.102241394774382E+001
  0.449369155792978E+000  0.203525886770851E+001  0.252990088177710E+000  0.975604855031002E+000  0.311385777036763E+001  0.306525160253261E+000 -0.101762943385426E+001
  0.437259044373091E+000  0.202835340006278E+001  0.253966199591775E+000  0.977630474652087E+000  0.310633747510797E+001  0.306525160253261E+000 -0.101417670003139E+001
  0.426249768978244E+000  0.201781070622192E+001  0.253523940972635E+000  0.972270559833515E+000  0.311207817001164E+001  0.306525160253261E+000 -0.100890535311096E+001
  0.414105706939831E+000  0.201407581809752E+001  0.254542909468248E+000  0.975484177074825E+000  0.310533803555461E+001  0.306525160253261E+000 -0.100703790904876E+001
  0.401665338681557E+000  0.201353654264864E+001  0.253685228273339E+000  0.976463854811289E+000  0.310976857079297E+001  0.306525160253261E+000 -0.100676827132432E+001
  0.390661371349915E+000  0.200754947381966E+001  0.253704215832092E+000  0.972444529052727E+000  0.311174529393719E+001  0.306525160253261E+000 -0.100377473690983E+001
  0.382235207636749E+000  0.198961611826523E+001  0.253036655981308E+000  0.976449294543017E+000  0.311272833103494E+001  0.306525160253261E+000 -0.994808059132617E+000
  0.379517030087858E+000  0.194234615098518E+001  0.253713963392987E+000  0.976843331707014E+000  0.310927814284570E+001  0.306525160253261E+000 -0.971173075492592E+000
  0.383330310039932E+000  0.186080768383150E+001  0.253017691230078E+000  0.974004859181348E+000  0.311438370872329E+001  0.306525160253261E+000 -0.930403841915751E+000
  0.357074170856472E+000  0.176766313018056E+001  0.253588933018014E+000  0.977470052369079E+000  0.310892221047441E+001  0.306525160253261E+000 -0.883831565090278E+000
  0.366321491876858E+000  0.171652749169426E+001  0.253293082033332E+000  0.976484809178980E+000  0.311157123571709E+001  0.306525160253261E+000 -0.858263745847128E+000
  0.371993411395600E+000  0.168579788795811E+001  0.254502809431942E+000  0.976500242454536E+000  0.310456509304545E+001  0.306525160253261E+000 -0.842898943979057E+000
  0.372161355487243E+000  0.168489515050635E+001  0.254320221866268E+000  0.975460123194712E+000  0.310659567059524E+001  0.306525160253261E+000 -0.842447575253176E+000
  0.373675446154860E+000  0.167677491431414E+001  0.253489732131522E+000  0.977153320920664E+000  0.310988137487228E+001  0.306525160253261E+000 -0.838387457157068E+000
  0.390177613813005E+000  0.159034606261680E+001  0.253894055371520E+000  0.977081777091269E+000  0.310780875985470E+001  0.306525160253261E+000 -0.795173031308399E+000
  0.409968855171390E+000  0.149138778595360E+001  0.254023872392483E+000  0.976325449127779E+000  0.310669280705316E+001  0.306525160253261E+000 -0.745693892976800E+000
  0.412583322527286E+000  0.147867381482194E+001  0.254310488653135E+000  0.975904814447276E+000  0.310535352556211E+001  0.306525160253261E+000 -0.739336907410972E+000
  0.417958278312252E+000  0.145278694380036E+001  0.254353429293135E+000  0.976118238491411E+000  0.310573693186699E+001  0.306525160253261E+000 -0.726393471900180E+000
  0.420623916487174E+000  0.144007192471341E+001  0.254225234133901E+000  0.976573690730889E+000  0.310562157756381E+001  0.306525160253261E+000 -0.720035962356704E+000
  0.423780666726175E+000  0.142511812172368E+001  0.253376440979797E+000  0.975045189053106E+000  0.311203865656633E+001  0.306525160253261E+000 -0.712559060861839E+000
  0.439937023956325E+000  0.135028699499318E+001  0.254522207321111E+000  0.974719263998094E+000  0.310537190598872E+001  0.306525160253261E+000 -0.675143497496590E+000
  0.449978181478265E+000  0.130515198161632E+001  0.253765810458563E+000  0.974973030950550E+000  0.310892032623929E+001  0.306525160253261E+000 -0.652575990808160E+000
  0.450788367561057E+000  0.130155421790214E+001  0.254361433537570E+000  0.975510681377836E+000  0.310543036869977E+001  0.306525160253261E+000 -0.650777108951072E+000
  0.456150487859195E+000  0.127790462897491E+001  0.253653267568307E+000  0.975852025337535E+000  0.310997721006944E+001  0.306525160253261E+000 -0.638952314487454E+000
  0.458729793855251E+000  0.126662746897316E+001  0.253662105714545E+000  0.975193859184531E+000  0.310944410936950E+001  0.306525160253261E+000 -0.633313734486580E+000
  0.462124744912023E+000  0.125188044305139E+001  0.253589251974574E+000  0.976394151913411E+000  0.310974080660208E+001  0.306525160253261E+000 -0.625940221525697E+000
  0.481190268857071E+000  0.117102465110991E+001  0.254346042286736E+000  0.975261110196639E+000  0.310612969854832E+001  0.306525160253261E+000 -0.585512325554955E+000
  0.490072043270165E+000  0.113444535882797E+001  0.253732155697662E+000  0.976325541602941E+000  0.310884112491721E+001  0.306525160253261E+000 -0.567222679413987E+000
  0.500015587067168E+000  0.109427162944517E+001  0.254106549133581E+000  0.976058113678120E+000  0.310677310660167E+001  0.306525160253261E+000 -0.547135814722584E+000
  0.373728235773325E+000  0.183515279803743E+001  0.253728741322775E+000  0.972194708018552E+000  0.311142898117982E+001  0.306525160253261E+000 -0.917576399018717E+000
  0.376809738478480E+000  0.181872980479264E+001  0.254584585277558E+000  0.973172242242192E+000  0.310595800018262E+001  0.306525160253261E+000 -0.909364902396318E+000
  0.391030614939301E+000  0.174463886797159E+001  0.254206242280128E+000  0.972763205147897E+000  0.310856788039695E+001  0.306525160253261E+000 -0.872319433985797E+000
  0.393023730145377E+000  0.173447059577560E+001  0.254362293364589E+000  0.972660579445283E+000  0.310736539969894E+001  0.306525160253261E+000 -0.867235297887803E+000
  0.406791893793300E+000  0.166560710553876E+001  0.253402316867086E+000  0.972906071934069E+000  0.311256895904765E+001  0.306525160253261E+000 -0.832803552769379E+000
  0.407699473359584E+000  0.166114994378842E+001  0.254165325647371E+000  0.973906054369641E+000  0.310715554624633E+001  0.306525160253261E+000 -0.830574971894213E+000
  0.425522132950274E+000  0.157557665397690E+001  0.254454213828715E+000  0.973429924962876E+000  0.310617654776112E+001  0.306525160253261E+000 -0.787788326988451E+000
  0.430948798879338E+000  0.155023200608028E+001  0.253635834703462E+000  0.973704193998422E+000  0.311145342501329E+001  0.306525160253261E+000 -0.775116003040138E+000
  0.523132614868818E+000  0.116254058469224E+001  0.253627025734128E+000  0.973671177819478E+000  0.311085671957640E+001  0.306525160253261E+000 -0.581270292346120E+000
  0.534657467130754E+000  0.111895799297535E+001  0.253762268152007E+000  0.974060391186913E+000  0.310968624379868E+001  0.306525160253261E+000 -0.559478996487673E+000
  0.547832566490751E+000  0.107027117064352E+001  0.253778307716639E+000  0.973781201492119E+000  0.310991643657366E+001  0.306525160253261E+000 -0.535135585321760E+000
  0.510618027280225E+000  0.105230655307468E+001  0.253551073628064E+000  0.975497416186587E+000  0.311046318688586E+001  0.306525160253261E+000 -0.526153276537340E+000
  0.556435530875731E+000  0.880447540542816E+000  0.253975645414040E+000  0.974863758483771E+000  0.310825649278294E+001  0.306525160253261E+000 -0.440223770271408E+000
