  0.253894055371520E+000  0.977081777091269E+000  0.310780875985470E+001  0.306525160253261E+000 -0.795173031308399E+000 -0.795173031308399E+000 -0.147720659256985E+001
  0.254353429293135E+000  0.976118238491411E+000  0.310573693186699E+001  0.306525160253261E+000 -0.726393471900180E+000 -0.726393471900180E+000 -0.100890535311096E+001
  0.254584585277558E+000  0.973172242242192E+000  0.310595800018262E+001  0.306525160253261E+000 -0.909364902396318E+000 -0.909364902396318E+000 -0.971173075492592E+000
  0.254106549133581E+000  0.976058113678120E+000  0.310677310660167E+001  0.306525160253261E+000 -0.547135814722584E+000 -0.547135814722584E+000 -0.105999935271119E+001
  0.254454213828715E+000  0.973429924962876E+000  0.310617654776112E+001  0.306525160253261E+000 -0.787788326988451E+000 -0.787788326988451E+000 -0.140828505136177E+001
  0.254165325647371E+000  0.973906054369641E+000  0.310715554624633E+001  0.306525160253261E+000 -0.830574971894213E+000 -0.830574971894212E+000 -0.106360870420791E+001
  0.253627025734128E+000  0.973671177819478E+000  0.311085671957640E+001  0.306525160253261E+000 -0.581270292346120E+000 -0.581270292346120E+000 -0.210576402453999E+001
  0.254023872392483E+000  0.976325449127779E+000  0.310669280705316E+001  0.306525160253261E+000 -0.745693892976800E+000 -0.745693892976800E+000 -0.111678800096806E+001
  0.254346042286736E+000  0.975261110196639E+000  0.310612969854832E+001  0.306525160253261E+000 -0.585512325554955E+000 -0.585512325554955E+000 -0.125663960678093E+001
  0.253293082033332E+000  0.976484809178980E+000  0.311157123571709E+001  0.306525160253261E+000 -0.858263745847128E+000 -0.858263745847128E+000 -0.166401349648982E+001
  0.254310488653135E+000  0.975904814447276E+000  0.310535352556211E+001  0.306525160253261E+000 -0.739336907410972E+000 -0.739336907410972E+000 -0.134028203906638E+001
  0.253402316867086E+000  0.972906071934069E+000  0.311256895904765E+001  0.306525160253261E+000 -0.832803552769379E+000 -0.832803552769379E+000 -0.111040878773665E+001
  0.253765810458563E+000  0.974973030950550E+000  0.310892032623929E+001  0.306525160253261E+000 -0.652575990808160E+000 -0.652575990808160E+000 -0.102241394774382E+001
  0.253376440979797E+000  0.975045189053106E+000  0.311203865656633E+001  0.306525160253261E+000 -0.712559060861839E+000 -0.712559060861839E+000 -0.106348707061226E+001
  0.253975645414040E+000  0.974863758483771E+000  0.310825649278294E+001  0.306525160253261E+000 -0.440223770271408E+000 -0.440223770271408E+000 -0.119725309328185E+001
  0.253732155697662E+000  0.976325541602941E+000  0.310884112491721E+001  0.306525160253261E+000 -0.567222679413987E+000 -0.567222679413987E+000 -0.556972017972946E+001
  0.254361433537570E+000  0.975510681377836E+000  0.310543036869977E+001  0.306525160253261E+000 -0.650777108951072E+000 -0.650777108951072E+000 -0.146678471601388E+001
  0.253589251974574E+000  0.976394151913411E+000  0.310974080660208E+001  0.306525160253261E+000 -0.625940221525697E+000 -0.625940221525696E+000 -0.125170745092971E+001
  0.253489732131522E+000  0.977153320920664E+000  0.310988137487228E+001  0.306525160253261E+000 -0.838387457157068E+000 -0.838387457157068E+000 -0.119497046046005E+001
  0.253551073628064E+000  0.975497416186587E+000  0.311046318688586E+001  0.306525160253261E+000 -0.526153276537340E+000 -0.526153276537340E+000 -0.103086272413152E+001
  0.253653267568307E+000  0.975852025337535E+000  0.310997721006944E+001  0.306525160253261E+000 -0.638952314487454E+000 -0.638952314487454E+000 -0.146273496673515E+001
  0.254362293364589E+000  0.972660579445283E+000  0.310736539969894E+001  0.306525160253261E+000 -0.867235297887803E+000 -0.867235297887802E+000 -0.190035683941367E+001
  0.253762268152007E+000  0.974060391186913E+000  0.310968624379868E+001  0.306525160253261E+000 -0.559478996487673E+000 -0.559478996487673E+000 -0.100676827132432E+001
  0.254502809431942E+000  0.976500242454536E+000  0.310456509304545E+001  0.306525160253261E+000 -0.842898943979057E+000 -0.842898943979057E+000 -0.116850142224402E+001
  0.253662105714545E+000  0.975193859184531E+000  0.310944410936950E+001  0.306525160253261E+000 -0.633313734486580E+000 -0.633313734486580E+000 -0.100703790904876E+001
  0.254522207321111E+000  0.974719263998094E+000  0.310537190598872E+001  0.306525160253261E+000 -0.675143497496590E+000 -0.675143497496590E+000 -0.103012733920951E+001
  0.253588933018014E+000  0.977470052369079E+000  0.310892221047441E+001  0.306525160253261E+000 -0.883831565090278E+000 -0.883831565090278E+000 -0.123897972757546E+001
  0.253635834703462E+000  0.973704193998422E+000  0.311145342501329E+001  0.306525160253261E+000 -0.775116003040138E+000 -0.775116003040138E+000 -0.102837460018973E+001
  0.253728741322775E+000  0.972194708018552E+000  0.311142898117982E+001  0.306525160253261E+000 -0.917576399018717E+000 -0.917576399018717E+000 -0.116196862845708E+002
  0.253778307716639E+000  0.973781201492119E+000  0.310991643657366E+001  0.306525160253261E+000 -0.535135585321760E+000 -0.535135585321760E+000 -0.994808059132617E+000
  0.254320221866268E+000  0.975460123194712E+000  0.310659567059524E+001  0.306525160253261E+000 -0.842447575253176E+000 -0.842447575253175E+000 -0.100377473690983E+001
  0.254206242280128E+000  0.972763205147897E+000  0.310856788039695E+001  0.306525160253261E+000 -0.872319433985797E+000 -0.872319433985797E+000 -0.930403841915751E+000
