#        weight    minuslogpost         omega_c             n_s            lnas            m_nu   minuslogprior minuslogprior__0            chi2 chi2__likelihood_CAMB
 2.8638824e-313       725.59855      0.25425313       0.8793475       3.1935846      0.11563495      -1.2228159       -1.2228159       1453.6427             1453.6427
 1.5583626e-306       710.05822      0.23985472      0.90345821       3.2029679     0.041831751      -1.2228159       -1.2228159       1422.5621             1422.5621
 1.0553145e-303       703.50949      0.27323153       1.0652681       3.0890652      0.36927761      -1.2228159       -1.2228159       1409.4646             1409.4646
 1.0953797e-303       703.44146      0.28599849      0.98792568       2.9926073      0.20101184      -1.2228159       -1.2228159       1409.3285             1409.3285
 4.4968393e-289       669.76222      0.27917624      0.90889312       3.0297853     0.099289122      -1.2228159       -1.2228159       1341.9701             1341.9701
 3.6236203e-288       667.64477      0.23523481       1.0445157       3.2185365      0.18429256      -1.2228159       -1.2228159       1337.7352             1337.7352
 9.6790037e-288       666.63151      0.25332024      0.94415554       3.2230498      0.20985309      -1.2228159       -1.2228159       1335.7086             1335.7086
 1.9375158e-281       652.09119      0.24074167       0.9315758       3.2927238       0.1912642      -1.2228159       -1.2228159        1306.628              1306.628
 2.2056766e-278       645.02304      0.22186538      0.99081384       3.4341613      0.31474231      -1.2228159       -1.2228159       1292.4917             1292.4917
 5.1136634e-274       634.94105      0.23418944      0.91273347       3.3264684      0.18194197      -1.2228159       -1.2228159       1272.3277             1272.3277
 4.0121837e-272       630.54768      0.22540169      0.95386913       3.3263699      0.10095368      -1.2228159       -1.2228159        1263.541              1263.541
 3.8076746e-263       609.84596      0.25189944      0.88555794       3.1745108     0.043554349      -1.2228159       -1.2228159       1222.1376             1222.1376
 2.4909422e-261       605.63438      0.24229717      0.93679398       3.3339109      0.32366374      -1.2228159       -1.2228159       1213.7144             1213.7144
 1.4122582e-252       585.44781      0.25812838      0.93812444       3.2015244      0.22767536      -1.2228159       -1.2228159       1173.3413             1173.3413
 4.6368225e-252        584.2282      0.28255919      0.92264401       2.9718034     0.039017286      -1.2228159       -1.2228159        1170.902              1170.902
 2.1767638e-250       580.34845      0.23625492      0.95544076       3.2287438     0.019847057      -1.2228159       -1.2228159       1163.1425             1163.1425
 6.4130777e-244       565.42167      0.25006737       1.0422581       3.1186318     0.077764576      -1.2228159       -1.2228159        1133.289              1133.289
 1.5941497e-242       562.17772      0.23025921      0.97676735       3.3939954      0.32653883      -1.2228159       -1.2228159       1126.8011             1126.8011
 1.7311198e-237        550.5516       0.2459732      0.92468397       3.1993519     0.048712606      -1.2228159       -1.2228159       1103.5488             1103.5488
 5.6768983e-229       530.91251      0.26320234      0.94535054       3.2136668      0.37162058      -1.2228159       -1.2228159       1064.2707             1064.2707
  9.753842e-227       525.73531      0.27146946      0.97936603       3.0474344      0.09832171      -1.2228159       -1.2228159       1053.9163             1053.9163
 1.0472983e-222       516.42306      0.26261856      0.93650535       3.1066393      0.15757738      -1.2228159       -1.2228159       1035.2918             1035.2918
 2.3294344e-222       515.59288      0.23198495       1.0059283       3.2138052    0.0088383082      -1.2228159       -1.2228159       1033.6314             1033.6314
 4.7506535e-220       510.24428      0.24430917      0.88991357       3.2062752     0.046460072      -1.2228159       -1.2228159       1022.9342             1022.9342
 1.0241864e-213        495.6298       0.2627018       1.0047096       3.1917624      0.36011803      -1.2228159       -1.2228159       993.70523             993.70523
 2.0437207e-213       494.90815      0.27428355      0.96449469       3.0861055      0.22609636      -1.2228159       -1.2228159       992.26194             992.26194
 1.9581567e-210       488.01239      0.24730261       1.0642129       3.2095239      0.27864661      -1.2228159       -1.2228159       978.47042             978.47042
 2.7906887e-207       480.71958      0.22332528         1.00029       3.4020797      0.28931992      -1.2228159       -1.2228159        963.8848              963.8848
 1.5742112e-202       469.74842      0.23125357        1.057136       3.2885003      0.24067667      -1.2228159       -1.2228159       941.94247             941.94247
 7.8806524e-199       461.19924       0.2292544       1.0516703       3.3332982      0.33795452      -1.2228159       -1.2228159        924.8441              924.8441
 7.6455309e-198       458.89617      0.24658946      0.92123321        3.228656      0.19255409      -1.2228159       -1.2228159       920.23797             920.23797
 5.5748769e-193       447.66832      0.27184428      0.95892582       3.0666512      0.13077544      -1.2228159       -1.2228159       897.78228             897.78228
 1.8394341e-187       434.93085      0.22546181      0.98084101       3.4237697      0.36805076      -1.2228159       -1.2228159       872.30734             872.30734
 8.9277092e-186       431.01779      0.23910024      0.95322208       3.3139257      0.32019283      -1.2228159       -1.2228159       864.48122             864.48122
 1.3386114e-183       425.97679      0.27712202      0.93977115        3.015214     0.094857739      -1.2228159       -1.2228159       854.39922             854.39922
 1.8351376e-183       425.63054      0.25858442      0.94350306       3.1918214      0.29354757      -1.2228159       -1.2228159        853.7067              853.7067
 2.2241936e-182        423.1049      0.23755543      0.95768557       3.3372927      0.35355077      -1.2228159       -1.2228159       848.65544             848.65544
 2.5913673e-176       409.10583      0.27083818      0.98520529       3.0828536      0.25832065      -1.2228159       -1.2228159       820.65729             820.65729
 3.7940305e-176       408.69382      0.24549572       1.0509296       3.1352393      0.13369891      -1.2228159       -1.2228159       819.83326             819.83326
 7.2041136e-171       396.50889      0.24986194      0.95119669       3.1483305     0.011407514      -1.2228159       -1.2228159       795.46342             795.46342
 3.2955071e-167       388.04988      0.26168531       1.0048219       3.1633726      0.37084869      -1.2228159       -1.2228159       778.54538             778.54538
 1.1493823e-155       361.44142      0.24625577      0.92473403       3.2142808      0.10207699      -1.2228159       -1.2228159       725.32847             725.32847
 3.0377823e-155       360.43874      0.23521534       1.0384513       3.2201958      0.14576367      -1.2228159       -1.2228159       723.32312             723.32312
  3.201416e-154       358.05292      0.25486201      0.93305042       3.1189628      0.07996517      -1.2228159       -1.2228159       718.55147             718.55147
 1.3771516e-153       356.56314      0.26244903      0.96672769       3.1507292      0.28422569      -1.2228159       -1.2228159       715.57191             715.57191
 1.0682729e-149         347.576       0.2696777      0.97431372       3.0436241      0.14049555      -1.2228159       -1.2228159       697.59764             697.59764
 1.1392938e-136       317.54726      0.24566508       1.0660347       3.1939734      0.25333643      -1.2228159       -1.2228159       637.54015             637.54015
 7.9270033e-136       315.57662      0.25669863      0.97988259       3.1514533      0.15146161      -1.2228159       -1.2228159       633.59887             633.59887
 5.5204567e-129       299.78957      0.26377829      0.92222743       3.0976041      0.10340353      -1.2228159       -1.2228159       602.02477             602.02477
 2.0723969e-125       291.52821      0.26043779       1.0151581       3.0322147     0.057625925      -1.2228159       -1.2228159       585.50205             585.50205
 1.4735864e-123       287.23328       0.2592232       0.9949854       3.1784307       0.3495115      -1.2228159       -1.2228159       576.91218             576.91218
 4.6308955e-123       286.05745      0.23825123       1.0110037       3.2850567      0.24744551      -1.2228159       -1.2228159       574.56054             574.56054
 8.5464936e-123       285.41391      0.26187001       1.0639761       3.1350236      0.35161428      -1.2228159       -1.2228159       573.27345             573.27345
 4.6042473e-122        283.6991      0.24167927       1.0669648       3.2392767      0.31707098      -1.2228159       -1.2228159       569.84382             569.84382
 7.3620813e-120       278.59379      0.24494454       1.0085773       3.2357069      0.22385039      -1.2228159       -1.2228159       559.63321             559.63321
 5.4410996e-118       274.26021      0.27798122      0.94979222       2.9741357    0.0040437079      -1.2228159       -1.2228159       550.96605             550.96605
 7.7136454e-115       266.97267      0.27450639      0.97951227       2.9905946     0.066258877      -1.2228159       -1.2228159       536.39098             536.39098
 1.1052691e-113       264.27963       0.2424469      0.92253671       3.1799257    0.0062958691      -1.2228159       -1.2228159        531.0049              531.0049
  2.425064e-111       258.85792      0.24575218       0.9307505       3.1717847    0.0075005883      -1.2228159       -1.2228159       520.16148             520.16148
 9.1753888e-110        255.1939      0.26499316       1.0009903       3.1398272      0.33256375      -1.2228159       -1.2228159       512.83343             512.83343
  5.059627e-109       253.45577      0.27462343      0.99467744        2.978802     0.035376084      -1.2228159       -1.2228159       509.35718             509.35718
 1.4433667e-106       247.77156       0.2544779       1.0574424        3.144364      0.27322007      -1.2228159       -1.2228159       497.98875             497.98875
 1.7370001e-104       242.95044      0.25138658       1.0718869       3.1972569      0.37488466      -1.2228159       -1.2228159       488.34651             488.34651
 1.8444189e-104       242.85966      0.23169741       1.0097295       3.3239133      0.28985217      -1.2228159       -1.2228159       488.16496             488.16496
 8.3808923e-102       236.70993      0.26106191       1.0343541       3.0517285     0.093636471      -1.2228159       -1.2228159       475.86549             475.86549
 4.0905681e-101       235.09384      0.26913838       1.0081834       3.0016556     0.031142419      -1.2228159       -1.2228159       472.63332             472.63332
  1.3085672e-99       231.59765       0.2357097      0.96455198       3.3295001      0.29364352      -1.2228159       -1.2228159       465.64094             465.64094
  2.4783485e-96       224.02047      0.27230011      0.94198258       3.0161697     0.010159423      -1.2228159       -1.2228159       450.48656             450.48656
  5.0522328e-96       223.27746       0.2482666       1.0279974       3.0936879     0.017642016      -1.2228159       -1.2228159       449.00055             449.00055
  1.7394154e-95       222.01038      0.25667351       1.0589987         3.16257      0.35227673      -1.2228159       -1.2228159       446.46639             446.46639
  3.3595154e-95       221.32136      0.24690074       1.0554158       3.2010053      0.26788821      -1.2228159       -1.2228159       445.08836             445.08836
  6.3114516e-95       220.66002      0.26825954      0.97097986       3.0376728     0.042020266      -1.2228159       -1.2228159       443.76567             443.76567
  9.2586267e-95       220.24606      0.26630836       1.0083928       3.0311447     0.063062446      -1.2228159       -1.2228159       442.93775             442.93775
  1.8798432e-85        198.7838       0.2401963      0.97713056       3.2601606      0.23858351      -1.2228159       -1.2228159       400.01324             400.01324
  2.5073017e-82       191.55726      0.26002443      0.94622701       3.1262406      0.15434604      -1.2228159       -1.2228159       385.56015             385.56015
  2.7432464e-81       189.13397      0.23314525      0.98937338       3.3004136      0.22585352      -1.2228159       -1.2228159       380.71357             380.71357
  1.4687822e-78       182.82015      0.26337233       1.0226366        3.109002      0.26056928      -1.2228159       -1.2228159       368.08593             368.08593
  3.4033872e-77       179.64645      0.25958408       1.0288092       3.1064673      0.21709573      -1.2228159       -1.2228159       361.73854             361.73854
  3.8702105e-77       179.48714      0.25099075      0.95396411       3.2257382      0.23514589      -1.2228159       -1.2228159       361.41992             361.41992
  4.0922735e-76         177.098      0.25235387      0.98570839       3.2121946       0.2508426      -1.2228159       -1.2228159       356.64162             356.64162
  1.0312123e-75       176.14301      0.24687761       1.0063856        3.153491       0.1347913      -1.2228159       -1.2228159       354.73164             354.73164
  2.4677143e-75       175.23968       0.2449406       1.0304953       3.1874053      0.17070124      -1.2228159       -1.2228159       352.92498             352.92498
  1.4561787e-73       171.13121      0.23506723      0.99169917       3.3536403      0.35740718      -1.2228159       -1.2228159       344.70805             344.70805
   2.479925e-71       165.96286      0.25107075       1.0313074       3.1337376      0.13872705      -1.2228159       -1.2228159       334.37134             334.37134
  1.3816094e-68       159.60931      0.23510124       1.0094595       3.3349177      0.33110252      -1.2228159       -1.2228159       321.66425             321.66425
  5.5032932e-68       158.19644      0.24347271       1.0201909       3.2521002      0.32532959      -1.2228159       -1.2228159       318.83851             318.83851
  4.9570048e-67       155.96763      0.25219473       1.0325028       3.1456701      0.21309533      -1.2228159       -1.2228159       314.38089             314.38089
  4.5993578e-65       151.40657      0.23770979       1.0442902       3.3048722      0.37947294      -1.2228159       -1.2228159       305.25877             305.25877
  4.6187357e-64       149.06901      0.25504409       1.0071119       3.0721474     0.002462686      -1.2228159       -1.2228159       300.58365             300.58365
   6.109578e-62       144.15333      0.25250294       0.9687339       3.1268854      0.10179777      -1.2228159       -1.2228159       290.75229             290.75229
  1.1544533e-61       143.48621      0.23978502      0.98353137       3.2788354      0.27503007      -1.2228159       -1.2228159       289.41804             289.41804
  6.6395745e-60       139.40343      0.25222104      0.98318101       3.2582773      0.37522388      -1.2228159       -1.2228159       281.25249             281.25249
  1.2837976e-59        138.7133      0.24933348      0.95360272       3.2280971      0.24174541      -1.2228159       -1.2228159       279.87222             279.87222
   1.018535e-58        136.6114      0.26173937      0.98081235       3.1232873      0.21335763      -1.2228159       -1.2228159       275.66843             275.66843
  4.3219551e-56       130.53011      0.24804711       1.0004501       3.1980341      0.18405429      -1.2228159       -1.2228159       263.50586             263.50586
  1.0586115e-55       129.60351      0.26088721       1.0251517       3.1803045      0.38576525      -1.2228159       -1.2228159       261.65264             261.65264
  1.4150265e-53       124.67737      0.26161478      0.95475997       3.0779782     0.034304818      -1.2228159       -1.2228159       251.80038             251.80038
   5.477862e-53       123.29304      0.24427376       0.9623276       3.2620718       0.2604933      -1.2228159       -1.2228159        249.0317              249.0317
  1.6047722e-52       122.18741      0.26172948      0.97975264       3.0676316     0.093199666      -1.2228159       -1.2228159       246.82045             246.82045
   6.691755e-52       120.72875      0.24519916       0.9792972       3.2484812      0.27862173      -1.2228159       -1.2228159       243.90312             243.90312
   4.637538e-51       118.76208       0.2503114       1.0484481       3.2003738      0.31809678      -1.2228159       -1.2228159       239.96979             239.96979
  4.8968681e-50       116.37431      0.24085634       1.0321858       3.2603909      0.28340001      -1.2228159       -1.2228159       235.19426             235.19426
  1.8302646e-49       115.02509      0.26334757      0.98023024       3.0608121     0.054596687      -1.2228159       -1.2228159       232.49581             232.49581
  3.6950953e-49       114.29177      0.25972881       1.0233956       3.1857172      0.38737226      -1.2228159       -1.2228159       231.02918             231.02918
  1.4143499e-48       112.91875      0.25450594       1.0275763       3.1843504        0.289451      -1.2228159       -1.2228159       228.28314             228.28314
  7.3949278e-48       111.23386      0.24143899      0.99993836       3.2678568      0.25398587      -1.2228159       -1.2228159       224.91335             224.91335
  1.5664062e-47       110.45251      0.24447399       1.0376611       3.2312423      0.29989645      -1.2228159       -1.2228159       223.35065             223.35065
  8.6607777e-47       108.71172      0.25756776      0.99355946       3.1597708      0.26272948      -1.2228159       -1.2228159       219.86907             219.86907
  1.7300704e-46         107.989      0.25771383       1.0101476       3.2055715      0.36660699      -1.2228159       -1.2228159       218.42364             218.42364
  6.6799535e-45        104.3047      0.25071094         1.00541       3.1085712     0.074577847      -1.2228159       -1.2228159       211.05503             211.05503
  1.7220507e-42       98.721767      0.25205902      0.98596343       3.2461653      0.36647184      -1.2228159       -1.2228159       199.88916             199.88916
  2.3699843e-42       98.371627      0.25020048       1.0444095       3.2048582      0.31841183      -1.2228159       -1.2228159       199.18889             199.18889
  4.7386969e-42       97.647977      0.23967028       1.0011702       3.2250692      0.15328221      -1.2228159       -1.2228159       197.74159             197.74159
   7.815185e-42       97.116899      0.24231361       1.0044628       3.2541416      0.28285065      -1.2228159       -1.2228159       196.67943             196.67943
   8.339672e-41       94.718587      0.24894408       1.0036447       3.1898888      0.23283934      -1.2228159       -1.2228159       191.88281             191.88281
  9.2393758e-41       94.585365      0.26265654      0.96858724       3.0537152    0.0046813007      -1.2228159       -1.2228159       191.61636             191.61636
  3.9445843e-40       93.103139      0.26183271      0.99092128       3.1182204      0.20657054      -1.2228159       -1.2228159       188.65191             188.65191
  8.7030333e-39       89.978454      0.25670727       1.0156408       3.0917316      0.10594663      -1.2228159       -1.2228159       182.40254             182.40254
  5.0011026e-38        88.19911      0.24696806       1.0410176       3.2221161      0.30944496      -1.2228159       -1.2228159       178.84385             178.84385
  2.3034756e-37       86.640993      0.24705387      0.99118193       3.1573949      0.11791136      -1.2228159       -1.2228159       175.72762             175.72762
  8.3965589e-37       85.316818      0.24393261      0.95546422       3.1754267     0.048066023      -1.2228159       -1.2228159       173.07927             173.07927
  2.6237231e-36       84.146689      0.24923664      0.93940992       3.1411796     0.021822499      -1.2228159       -1.2228159       170.73901             170.73901
  6.9972962e-35       82.026325      0.25561711      0.96766258        3.117189     0.066497385      -1.2228159       -1.2228159       166.49828             166.49828
  1.2059873e-28       67.465784      0.26352772      0.99410968       3.0304414     0.022604944      -1.2228159       -1.2228159        137.3772              137.3772
  4.4137915e-28       66.168349      0.24487686      0.98430332       3.1476239     0.033212847      -1.2228159       -1.2228159       134.78233             134.78233
  5.1294755e-28       65.912719      0.26618282      0.97467747       3.0260091     0.021702061      -1.2228159       -1.2228159       134.27107             134.27107
  4.2900982e-26       61.486243      0.24806649       0.9945797       3.1201073     0.025377308      -1.2228159       -1.2228159       125.41812             125.41812
  2.0886614e-24       57.600859      0.24714445      0.99531983       3.1293421     0.044298292      -1.2228159       -1.2228159       117.64735             117.64735
    2.88894e-24       57.142961      0.25188889      0.97926826       3.0906723    0.0063940294      -1.2228159       -1.2228159       116.73155             116.73155
   8.705021e-24       56.039951      0.25322585      0.95769197       3.1110973     0.047549018      -1.2228159       -1.2228159       114.52553             114.52553
  1.1129243e-21       50.783639      0.25712426      0.97380462       3.0900948     0.035543621      -1.2228159       -1.2228159       104.01291             104.01291
  5.4087764e-21       48.884154      0.24692749      0.96001394       3.1657114     0.082763615      -1.2228159       -1.2228159       100.21394             100.21394
  2.9384452e-20       47.096401      0.24643326      0.96311801       3.1562528     0.058584454      -1.2228159       -1.2228159       96.638433             96.638433
  3.3160534e-19       44.672921      0.26155873      0.99114898       3.0416477     0.023774468      -1.2228159       -1.2228159       91.791474             91.791474
  4.6289919e-19       44.339357      0.25903512       0.9458668       3.0800543     0.017532004      -1.2228159       -1.2228159       91.124346             91.124346
  2.1326134e-16       37.983449      0.25805026      0.98826781       3.0543995     0.010091773      -1.2228159       -1.2228159        78.41253              78.41253
  1.4718021e-15       36.051725       0.2502257      0.95278155       3.1326221     0.036590416      -1.2228159       -1.2228159       74.549081             74.549081
  9.8850612e-14       31.359095      0.24819809      0.96793212       3.1294334     0.023118094      -1.2228159       -1.2228159       65.163821             65.163821
   1.489554e-12        28.56643      0.24776957      0.96505672         3.16653     0.089568087      -1.2228159       -1.2228159       59.578491             59.578491
  3.4826716e-11       25.191378      0.25626481      0.95090676         3.09514     0.021489152      -1.2228159       -1.2228159       52.828388             52.828388
  4.2266203e-11       24.997775      0.25852915      0.96762168       3.0618418    0.0046777383      -1.2228159       -1.2228159       52.441182             52.441182
  7.7675541e-10       21.607064      0.25171697      0.98532766       3.1041016      0.02358642      -1.2228159       -1.2228159        45.65976              45.65976
  8.7342842e-10       21.440974      0.24788895      0.97055403       3.1522623     0.075773817      -1.2228159       -1.2228159       45.327579             45.327579
  8.7644891e-10       21.437521      0.25390881      0.96349379       3.1218693     0.079933256      -1.2228159       -1.2228159       45.320674             45.320674
  9.7705759e-10       21.277561       0.2561269       0.9554885       3.1022041     0.043799008      -1.2228159       -1.2228159       45.000753             45.000753
  1.0398293e-09       21.215295      0.25939088      0.98624982       3.0503767    0.0016916621      -1.2228159       -1.2228159       44.876221             44.876221
  1.5794291e-08       18.340552      0.25899654       0.9845256       3.0676198     0.041592124      -1.2228159       -1.2228159       39.126736             39.126736
  3.6435551e-08       17.455865      0.25480393      0.95543617       3.0927221    0.0059837513      -1.2228159       -1.2228159       37.357362             37.357362
  5.0723481e-08       17.029711      0.24804486       0.9700295       3.1671731      0.10389348      -1.2228159       -1.2228159       36.505054             36.505054
   4.737244e-07       15.760555      0.25279561      0.96631617       3.1369747      0.10031037      -1.2228159       -1.2228159       33.966742             33.966742
   2.374494e-06        14.01511      0.25022562      0.98862621       3.1273555     0.069958664      -1.2228159       -1.2228159       30.475852             30.475852
  1.3862674e-05       11.894019      0.24987982      0.97552254       3.1461854     0.083196647      -1.2228159       -1.2228159       26.233671             26.233671
  4.6927989e-05       10.569245      0.24865902      0.97664402       3.1509309     0.088432044      -1.2228159       -1.2228159       23.584121             23.584121
  5.8364665e-05       10.351148      0.25157095      0.99141672       3.1358316      0.11355822      -1.2228159       -1.2228159       23.147928             23.147928
  0.00038248652       8.4711654      0.25510786      0.98499438       3.1047886     0.072929365      -1.2228159       -1.2228159       19.387963             19.387963
  0.00060218018       8.0173022      0.25079483      0.98628171       3.1462613      0.10980054      -1.2228159       -1.2228159       18.480236             18.480236
    0.010727374       4.9831541       0.2553609      0.97917197       3.1133592     0.093115667      -1.2228159       -1.2228159        12.41194              12.41194
    0.018807941        4.267523       0.2530318      0.98698478       3.1288825      0.10891114      -1.2228159       -1.2228159       10.980678             10.980678
    0.029275001       3.6709176      0.25038102      0.97959709       3.1369042     0.081217498      -1.2228159       -1.2228159        9.787467              9.787467
    0.041868933       3.1589568      0.25277658      0.97687552       3.1291373     0.086447499      -1.2228159       -1.2228159       8.7635453             8.7635453
    0.072686517        2.607345      0.25163136      0.98293339       3.1321764     0.088493796      -1.2228159       -1.2228159       7.6603217             7.6603217
     0.12044819       2.1022812       0.2538539      0.98038064       3.1235568     0.098657508      -1.2228159       -1.2228159       6.6501941             6.6501941
     0.10137177       2.0515626      0.25404662      0.97939941       3.1232276     0.095808096      -1.2228159       -1.2228159       6.5487571             6.5487571
     0.12263196       1.4557045      0.25310227      0.98194548       3.1249565     0.090345078      -1.2228159       -1.2228159       5.3570408             5.3570408
     0.13933915       1.1456598      0.25265393      0.98132526       3.1253244     0.088780748      -1.2228159       -1.2228159       4.7369514             4.7369514
     0.12878842       1.0420782      0.25332694      0.97679435       3.1280931     0.095934605      -1.2228159       -1.2228159       4.5297881             4.5297881
     0.14454885      0.92663159      0.25200226      0.97817747       3.1404499      0.10681844      -1.2228159       -1.2228159        4.298895              4.298895
     0.16475023      0.57267494      0.25184728      0.97828136       3.1385523      0.10158548      -1.2228159       -1.2228159       3.5909817             3.5909817
     0.16831195       0.5512864       0.2520334      0.98100395       3.1383576      0.10753355      -1.2228159       -1.2228159       3.5482046             3.5482046
     0.16901144      0.54713915      0.25180035      0.98109535       3.1377985      0.10338693      -1.2228159       -1.2228159       3.5399101             3.5399101
     0.19479931      0.40513567      0.25258539      0.97821119       3.1260829     0.085271642      -1.2228159       -1.2228159       3.2559031             3.2559031
