#        weight    minuslogpost         omega_c             n_s            lnas            m_nu   minuslogprior minuslogprior__0            chi2 chi2__likelihood_CAMB
 3.0369867e-313       725.59855      0.25425313       0.8793475       3.1935846      0.11563495      -1.2228159       -1.2228159       1453.6427             1453.6427
 1.6525562e-306       710.05822      0.23985472      0.90345821       3.2029679     0.041831751      -1.2228159       -1.2228159       1422.5621             1422.5621
 1.1191018e-303       703.50949      0.27323153       1.0652681       3.0890652      0.36927761      -1.2228159       -1.2228159       1409.4646             1409.4646
 1.1615888e-303       703.44146      0.28599849      0.98792568       2.9926073      0.20101184      -1.2228159       -1.2228159       1409.3285             1409.3285
  4.768646e-289       669.76222      0.27917624      0.90889312       3.0297853     0.099289122      -1.2228159       -1.2228159       1341.9701             1341.9701
 3.8426462e-288       667.64477      0.23523481       1.0445157       3.2185365      0.18429256      -1.2228159       -1.2228159       1337.7352             1337.7352
 1.0264041e-287       666.63151      0.25332024      0.94415554       3.2230498      0.20985309      -1.2228159       -1.2228159       1335.7086             1335.7086
 2.0546269e-281       652.09119      0.24074167       0.9315758       3.2927238       0.1912642      -1.2228159       -1.2228159        1306.628              1306.628
 2.3389964e-278       645.02304      0.22186538      0.99081384       3.4341613      0.31474231      -1.2228159       -1.2228159       1292.4917             1292.4917
 5.4227534e-274       634.94105      0.23418944      0.91273347       3.3264684      0.18194197      -1.2228159       -1.2228159       1272.3277             1272.3277
 4.2546959e-272       630.54768      0.22540169      0.95386913       3.3263699      0.10095368      -1.2228159       -1.2228159        1263.541              1263.541
 4.0378255e-263       609.84596      0.25189944      0.88555794       3.1745108     0.043554349      -1.2228159       -1.2228159       1222.1376             1222.1376
 2.6415045e-261       605.63438      0.24229717      0.93679398       3.3339109      0.32366374      -1.2228159       -1.2228159       1213.7144             1213.7144
 1.4976206e-252       585.44781      0.25812838      0.93812444       3.2015244      0.22767536      -1.2228159       -1.2228159       1173.3413             1173.3413
 4.9170903e-252        584.2282      0.28255919      0.92264401       2.9718034     0.039017286      -1.2228159       -1.2228159        1170.902              1170.902
 2.3083359e-250       580.34845      0.23625492      0.95544076       3.2287438     0.019847057      -1.2228159       -1.2228159       1163.1425             1163.1425
 6.8007095e-244       565.42167      0.25006737       1.0422581       3.1186318     0.077764576      -1.2228159       -1.2228159        1133.289              1133.289
 1.6905064e-242       562.17772      0.23025921      0.97676735       3.3939954      0.32653883      -1.2228159       -1.2228159       1126.8011             1126.8011
 1.8357555e-237        550.5516       0.2459732      0.92468397       3.1993519     0.048712606      -1.2228159       -1.2228159       1103.5488             1103.5488
 6.0200324e-229       530.91251      0.26320234      0.94535054       3.2136668      0.37162058      -1.2228159       -1.2228159       1064.2707             1064.2707
 1.0343403e-226       525.73531      0.27146946      0.97936603       3.0474344      0.09832171      -1.2228159       -1.2228159       1053.9163             1053.9163
 1.1106012e-222       516.42306      0.26261856      0.93650535       3.1066393      0.15757738      -1.2228159       -1.2228159       1035.2918             1035.2918
 2.4702346e-222       515.59288      0.23198495       1.0059283       3.2138052    0.0088383082      -1.2228159       -1.2228159       1033.6314             1033.6314
 5.0378018e-220       510.24428      0.24430917      0.88991357       3.2062752     0.046460072      -1.2228159       -1.2228159       1022.9342             1022.9342
 1.0860923e-213        495.6298       0.2627018       1.0047096       3.1917624      0.36011803      -1.2228159       -1.2228159       993.70523             993.70523
 2.1672513e-213       494.90815      0.27428355      0.96449469       3.0861055      0.22609636      -1.2228159       -1.2228159       992.26194             992.26194
 2.0765154e-210       488.01239      0.24730261       1.0642129       3.2095239      0.27864661      -1.2228159       -1.2228159       978.47042             978.47042
 2.9593689e-207       480.71958      0.22332528         1.00029       3.4020797      0.28931992      -1.2228159       -1.2228159        963.8848              963.8848
 1.6693627e-202       469.74842      0.23125357        1.057136       3.2885003      0.24067667      -1.2228159       -1.2228159       941.94247             941.94247
 8.3569901e-199       461.19924       0.2292544       1.0516703       3.3332982      0.33795452      -1.2228159       -1.2228159        924.8441              924.8441
  8.107657e-198       458.89617      0.24658946      0.92123321        3.228656      0.19255409      -1.2228159       -1.2228159       920.23797             920.23797
 5.9118445e-193       447.66832      0.27184428      0.95892582       3.0666512      0.13077544      -1.2228159       -1.2228159       897.78228             897.78228
 1.9506167e-187       434.93085      0.22546181      0.98084101       3.4237697      0.36805076      -1.2228159       -1.2228159       872.30734             872.30734
 9.4673351e-186       431.01779      0.23910024      0.95322208       3.3139257      0.32019283      -1.2228159       -1.2228159       864.48122             864.48122
 1.4195224e-183       425.97679      0.27712202      0.93977115        3.015214     0.094857739      -1.2228159       -1.2228159       854.39922             854.39922
 1.9460605e-183       425.63054      0.25858442      0.94350306       3.1918214      0.29354757      -1.2228159       -1.2228159        853.7067              853.7067
 2.3586327e-182        423.1049      0.23755543      0.95768557       3.3372927      0.35355077      -1.2228159       -1.2228159       848.65544             848.65544
 2.7479997e-176       409.10583      0.27083818      0.98520529       3.0828536      0.25832065      -1.2228159       -1.2228159       820.65729             820.65729
 4.0233567e-176       408.69382      0.24549572       1.0509296       3.1352393      0.13369891      -1.2228159       -1.2228159       819.83326             819.83326
 7.6395587e-171       396.50889      0.24986194      0.95119669       3.1483305     0.011407514      -1.2228159       -1.2228159       795.46342             795.46342
 3.4947005e-167       388.04988      0.26168531       1.0048219       3.1633726      0.37084869      -1.2228159       -1.2228159       778.54538             778.54538
 1.2188555e-155       361.44142      0.24625577      0.92473403       3.2142808      0.10207699      -1.2228159       -1.2228159       725.32847             725.32847
 3.2213979e-155       360.43874      0.23521534       1.0384513       3.2201958      0.14576367      -1.2228159       -1.2228159       723.32312             723.32312
 3.3949222e-154       358.05292      0.25486201      0.93305042       3.1189628      0.07996517      -1.2228159       -1.2228159       718.55147             718.55147
 1.4603921e-153       356.56314      0.26244903      0.96672769       3.1507292      0.28422569      -1.2228159       -1.2228159       715.57191             715.57191
 1.1328435e-149         347.576       0.2696777      0.97431372       3.0436241      0.14049555      -1.2228159       -1.2228159       697.59764             697.59764
 1.2081572e-136       317.54726      0.24566508       1.0660347       3.1939734      0.25333643      -1.2228159       -1.2228159       637.54015             637.54015
 8.4061427e-136       315.57662      0.25669863      0.97988259       3.1514533      0.15146161      -1.2228159       -1.2228159       633.59887             633.59887
 5.8541349e-129       299.78957      0.26377829      0.92222743       3.0976041      0.10340353      -1.2228159       -1.2228159       602.02477             602.02477
 2.1976607e-125       291.52821      0.26043779       1.0151581       3.0322147     0.057625925      -1.2228159       -1.2228159       585.50205             585.50205
 1.5626558e-123       287.23328       0.2592232       0.9949854       3.1784307       0.3495115      -1.2228159       -1.2228159       576.91218             576.91218
 4.9108052e-123       286.05745      0.23825123       1.0110037       3.2850567      0.24744551      -1.2228159       -1.2228159       574.56054             574.56054
 9.0630774e-123       285.41391      0.26187001       1.0639761       3.1350236      0.35161428      -1.2228159       -1.2228159       573.27345             573.27345
 4.8825462e-122        283.6991      0.24167927       1.0669648       3.2392767      0.31707098      -1.2228159       -1.2228159       569.84382             569.84382
 7.8070746e-120       278.59379      0.24494454       1.0085773       3.2357069      0.22385039      -1.2228159       -1.2228159       559.63321             559.63321
 5.7699811e-118       274.26021      0.27798122      0.94979222       2.9741357    0.0040437079      -1.2228159       -1.2228159       550.96605             550.96605
 8.1798886e-115       266.97267      0.27450639      0.97951227       2.9905946     0.066258877      -1.2228159       -1.2228159       536.39098             536.39098
 1.1720759e-113       264.27963       0.2424469      0.92253671       3.1799257    0.0062958691      -1.2228159       -1.2228159        531.0049              531.0049
 2.5716445e-111       258.85792      0.24575218       0.9307505       3.1717847    0.0075005883      -1.2228159       -1.2228159       520.16148             520.16148
 9.7299856e-110        255.1939      0.26499316       1.0009903       3.1398272      0.33256375      -1.2228159       -1.2228159       512.83343             512.83343
 5.3654508e-109       253.45577      0.27462343      0.99467744        2.978802     0.035376084      -1.2228159       -1.2228159       509.35718             509.35718
 1.5306095e-106       247.77156       0.2544779       1.0574424        3.144364      0.27322007      -1.2228159       -1.2228159       497.98875             497.98875
 1.8419913e-104       242.95044      0.25138658       1.0718869       3.1972569      0.37488466      -1.2228159       -1.2228159       488.34651             488.34651
 1.9559029e-104       242.85966      0.23169741       1.0097295       3.3239133      0.28985217      -1.2228159       -1.2228159       488.16496             488.16496
 8.8874665e-102       236.70993      0.26106191       1.0343541       3.0517285     0.093636471      -1.2228159       -1.2228159       475.86549             475.86549
 4.3378182e-101       235.09384      0.26913838       1.0081834       3.0016556     0.031142419      -1.2228159       -1.2228159       472.63332             472.63332
  1.3876621e-99       231.59765       0.2357097      0.96455198       3.3295001      0.29364352      -1.2228159       -1.2228159       465.64094             465.64094
  2.6281497e-96       224.02047      0.27230011      0.94198258       3.0161697     0.010159423      -1.2228159       -1.2228159       450.48656             450.48656
  5.3576097e-96       223.27746       0.2482666       1.0279974       3.0936879     0.017642016      -1.2228159       -1.2228159       449.00055             449.00055
  1.8445525e-95       222.01038      0.25667351       1.0589987         3.16257      0.35227673      -1.2228159       -1.2228159       446.46639             446.46639
  3.5625778e-95       221.32136      0.24690074       1.0554158       3.2010053      0.26788821      -1.2228159       -1.2228159       445.08836             445.08836
  6.6929406e-95       220.66002      0.26825954      0.97097986       3.0376728     0.042020266      -1.2228159       -1.2228159       443.76567             443.76567
  9.8182547e-95       220.24606      0.26630836       1.0083928       3.0311447     0.063062446      -1.2228159       -1.2228159       442.93775             442.93775
  1.9934683e-85        198.7838       0.2401963      0.97713056       3.2601606      0.23858351      -1.2228159       -1.2228159       400.01324             400.01324
  2.6588529e-82       191.55726      0.26002443      0.94622701       3.1262406      0.15434604      -1.2228159       -1.2228159       385.56015             385.56015
  2.9090591e-81       189.13397      0.23314525      0.98937338       3.3004136      0.22585352      -1.2228159       -1.2228159       380.71357             380.71357
  1.5575611e-78       182.82015      0.26337233       1.0226366        3.109002      0.26056928      -1.2228159       -1.2228159       368.08593             368.08593
  3.6091013e-77       179.64645      0.25958408       1.0288092       3.1064673      0.21709573      -1.2228159       -1.2228159       361.73854             361.73854
  4.1041413e-77       179.48714      0.25099075      0.95396411       3.2257382      0.23514589      -1.2228159       -1.2228159       361.41992             361.41992
  4.3396267e-76         177.098      0.25235387      0.98570839       3.2121946       0.2508426      -1.2228159       -1.2228159       356.64162             356.64162
  1.0935428e-75       176.14301      0.24687761       1.0063856        3.153491       0.1347913      -1.2228159       -1.2228159       354.73164             354.73164
  2.6168726e-75       175.23968       0.2449406       1.0304953       3.1874053      0.17070124      -1.2228159       -1.2228159       352.92498             352.92498
  1.5441959e-73       171.13121      0.23506723      0.99169917       3.3536403      0.35740718      -1.2228159       -1.2228159       344.70805             344.70805
  2.6298215e-71       165.96286      0.25107075       1.0313074       3.1337376      0.13872705      -1.2228159       -1.2228159       334.37134             334.37134
  1.4651193e-68       159.60931      0.23510124       1.0094595       3.3349177      0.33110252      -1.2228159       -1.2228159       321.66425             321.66425
   5.835934e-68       158.19644      0.24347271       1.0201909       3.2521002      0.32532959      -1.2228159       -1.2228159       318.83851             318.83851
  5.2566258e-67       155.96763      0.25219473       1.0325028       3.1456701      0.21309533      -1.2228159       -1.2228159       314.38089             314.38089
  4.8773612e-65       151.40657      0.23770979       1.0442902       3.3048722      0.37947294      -1.2228159       -1.2228159       305.25877             305.25877
  4.8979103e-64       149.06901      0.25504409       1.0071119       3.0721474     0.002462686      -1.2228159       -1.2228159       300.58365             300.58365
  6.4788651e-62       144.15333      0.25250294       0.9687339       3.1268854      0.10179777      -1.2228159       -1.2228159       290.75229             290.75229
   1.224233e-61       143.48621      0.23978502      0.98353137       3.2788354      0.27503007      -1.2228159       -1.2228159       289.41804             289.41804
  7.0408966e-60       139.40343      0.25222104      0.98318101       3.2582773      0.37522388      -1.2228159       -1.2228159       281.25249             281.25249
  1.3613954e-59        138.7133      0.24933348      0.95360272       3.2280971      0.24174541      -1.2228159       -1.2228159       279.87222             279.87222
  1.0800993e-58        136.6114      0.26173937      0.98081235       3.1232873      0.21335763      -1.2228159       -1.2228159       275.66843             275.66843
  4.5831911e-56       130.53011      0.24804711       1.0004501       3.1980341      0.18405429      -1.2228159       -1.2228159       263.50586             263.50586
  1.1225982e-55       129.60351      0.26088721       1.0251517       3.1803045      0.38576525      -1.2228159       -1.2228159       261.65264             261.65264
  1.5005563e-53       124.67737      0.26161478      0.95475997       3.0779782     0.034304818      -1.2228159       -1.2228159       251.80038             251.80038
  5.8089656e-53       123.29304      0.24427376       0.9623276       3.2620718       0.2604933      -1.2228159       -1.2228159        249.0317              249.0317
  1.7017709e-52       122.18741      0.26172948      0.97975264       3.0676316     0.093199666      -1.2228159       -1.2228159       246.82045             246.82045
  7.0962311e-52       120.72875      0.24519916       0.9792972       3.2484812      0.27862173      -1.2228159       -1.2228159       243.90312             243.90312
  4.9178492e-51       118.76208       0.2503114       1.0484481       3.2003738      0.31809678      -1.2228159       -1.2228159       239.96979             239.96979
  5.1928542e-50       116.37431      0.24085634       1.0321858       3.2603909      0.28340001      -1.2228159       -1.2228159       235.19426             235.19426
   1.940893e-49       115.02509      0.26334757      0.98023024       3.0608121     0.054596687      -1.2228159       -1.2228159       232.49581             232.49581
  3.9184415e-49       114.29177      0.25972881       1.0233956       3.1857172      0.38737226      -1.2228159       -1.2228159       231.02918             231.02918
  1.4998388e-48       112.91875      0.25450594       1.0275763       3.1843504        0.289451      -1.2228159       -1.2228159       228.28314             228.28314
  7.8419064e-48       111.23386      0.24143899      0.99993836       3.2678568      0.25398587      -1.2228159       -1.2228159       224.91335             224.91335
   1.661086e-47       110.45251      0.24447399       1.0376611       3.2312423      0.29989645      -1.2228159       -1.2228159       223.35065             223.35065
  9.1842693e-47       108.71172      0.25756776      0.99355946       3.1597708      0.26272948      -1.2228159       -1.2228159       219.86907             219.86907
  1.8346427e-46         107.989      0.25771383       1.0101476       3.2055715      0.36660699      -1.2228159       -1.2228159       218.42364             218.42364
  7.0837163e-45        104.3047      0.25071094         1.00541       3.1085712     0.074577847      -1.2228159       -1.2228159       211.05503             211.05503
  1.8261382e-42       98.721767      0.25205902      0.98596343       3.2461653      0.36647184      -1.2228159       -1.2228159       199.88916             199.88916
  2.5132355e-42       98.371627      0.25020048       1.0444095       3.2048582      0.31841183      -1.2228159       -1.2228159       199.18889             199.18889
  5.0251225e-42       97.647977      0.23967028       1.0011702       3.2250692      0.15328221      -1.2228159       -1.2228159       197.74159             197.74159
  8.2875657e-42       97.116899      0.24231361       1.0044628       3.2541416      0.28285065      -1.2228159       -1.2228159       196.67943             196.67943
  8.8437547e-41       94.718587      0.24894408       1.0036447       3.1898888      0.23283934      -1.2228159       -1.2228159       191.88281             191.88281
  9.7978401e-41       94.585365      0.26265654      0.96858724       3.0537152    0.0046813007      -1.2228159       -1.2228159       191.61636             191.61636
  4.1830106e-40       93.103139      0.26183271      0.99092128       3.1182204      0.20657054      -1.2228159       -1.2228159       188.65191             188.65191
   9.229079e-39       89.978454      0.25670727       1.0156408       3.0917316      0.10594663      -1.2228159       -1.2228159       182.40254             182.40254
   5.303389e-38        88.19911      0.24696806       1.0410176       3.2221161      0.30944496      -1.2228159       -1.2228159       178.84385             178.84385
  2.4427067e-37       86.640993      0.24705387      0.99118193       3.1573949      0.11791136      -1.2228159       -1.2228159       175.72762             175.72762
  8.9040801e-37       85.316818      0.24393261      0.95546422       3.1754267     0.048066023      -1.2228159       -1.2228159       173.07927             173.07927
  2.7823113e-36       84.146689      0.24923664      0.93940992       3.1411796     0.021822499      -1.2228159       -1.2228159       170.73901             170.73901
  3.6999456e-33       77.780576      0.25301222       1.0326361       3.2020364      0.34912037      -1.2228159       -1.2228159       158.00678             158.00678
    1.10279e-32       76.614358      0.25694523       1.0171711       3.1938701      0.35846984      -1.2228159       -1.2228159       155.67435             155.67435
  1.1421361e-29       69.671546      0.25591979       1.0254963       3.2149576      0.39702308      -1.2228159       -1.2228159       141.78872             141.78872
  2.2162087e-28        66.62602      0.25346765      0.99403869       3.2302328      0.35383083      -1.2228159       -1.2228159       135.69767             135.69767
  4.4158066e-28       65.782477       0.2422605       1.0120195       3.2782615      0.31290911      -1.2228159       -1.2228159       134.01059             134.01059
  2.2413688e-24        57.10714      0.25493951       1.0234097       3.2163138      0.38265032      -1.2228159       -1.2228159       116.65991             116.65991
   8.698532e-23       53.254331      0.25256276       1.0204198       3.2068963      0.33499899      -1.2228159       -1.2228159       108.95429             108.95429
  3.4516502e-22       51.876048      0.24050892       1.0044411       3.2938683      0.32530831      -1.2228159       -1.2228159       106.19773             106.19773
  5.5831666e-22       51.330606      0.24292642        1.015819       3.2721404      0.31710829      -1.2228159       -1.2228159       105.10684             105.10684
  1.6135293e-21       50.269353      0.24597233       1.0064541       3.2520727      0.32824043      -1.2228159       -1.2228159       102.98434             102.98434
  2.5506949e-21       49.811411      0.25036433       1.0303014       3.2390751      0.37257899      -1.2228159       -1.2228159       102.06845             102.06845
  2.1185435e-20       47.694463      0.24969899       1.0094373       3.2152517      0.30065732      -1.2228159       -1.2228159       97.834557             97.834557
  2.2753695e-18       43.017879      0.25225702       1.0174643       3.2330497       0.3851935      -1.2228159       -1.2228159        88.48139              88.48139
  7.2967784e-16       36.937263       0.2440408        1.025056       3.2852412      0.38332845      -1.2228159       -1.2228159       76.320158             76.320158
    1.14458e-14       34.184488      0.24356575       1.0151504       3.2534296      0.29747022      -1.2228159       -1.2228159       70.814609             70.814609
  1.2030916e-14       34.134632      0.24401308       1.0127377       3.2924483      0.38459082      -1.2228159       -1.2228159       70.714895             70.714895
  1.3468679e-14       33.941702      0.24479524       0.9976817       3.2632668      0.31615967      -1.2228159       -1.2228159       70.329035             70.329035
  3.4311578e-14       32.926543      0.24392419       1.0091253       3.2673761      0.31484702      -1.2228159       -1.2228159       68.298718             68.298718
  5.2375026e-14       32.503596      0.24435718       1.0153084       3.2875789      0.38025547      -1.2228159       -1.2228159       67.452824             67.452824
  5.6196292e-14       32.346164      0.24779058       1.0059422       3.2429907      0.32841314      -1.2228159       -1.2228159       67.137959             67.137959
  4.7023787e-13       30.221776      0.24290971       1.0074318       3.2696506      0.30959016      -1.2228159       -1.2228159       62.889183             62.889183
  2.4220926e-12       28.582627        0.244725       1.0164913       3.2896657      0.39851332      -1.2228159       -1.2228159       59.610886             59.610886
  2.1855633e-12       28.397703      0.24875627       1.0071555       3.2591745      0.37009935      -1.2228159       -1.2228159       59.241039             59.241039
   4.032259e-12        27.78525      0.24479044       1.0181818       3.2769005      0.37631706      -1.2228159       -1.2228159       58.016132             58.016132
  6.2406891e-12       27.348486       0.2452307       1.0035908       3.2695969      0.33496102      -1.2228159       -1.2228159       57.142605             57.142605
  9.8563167e-12       26.786104      0.25171093       1.0035352       3.2080793      0.29610228      -1.2228159       -1.2228159        56.01784              56.01784
  1.2626285e-11       26.433075       0.2458245       1.0032624       3.2695586      0.34672599      -1.2228159       -1.2228159       55.311782             55.311782
  2.2016845e-11       25.771688      0.25022294       1.0123841         3.24224      0.36488987      -1.2228159       -1.2228159       53.989007             53.989007
  5.0752315e-11       24.831178      0.24592515       1.0082973       3.2564819      0.31793642      -1.2228159       -1.2228159       52.107987             52.107987
  5.5968341e-11       24.733349       0.2489137       1.0078414       3.2398541      0.33668346      -1.2228159       -1.2228159       51.912329             51.912329
  1.3148254e-10       23.879261      0.24894612       1.0127899        3.252665      0.36336672      -1.2228159       -1.2228159       50.204154             50.204154
  1.4440812e-10       23.785492       0.2485137       1.0057748       3.2457359      0.34022078      -1.2228159       -1.2228159       50.016615             50.016615
  1.5225793e-10       23.732559      0.24716262       1.0195767       3.2546257      0.35034634      -1.2228159       -1.2228159        49.91075              49.91075
  1.4860509e-10       23.574521      0.24649642       1.0214668       3.2641609      0.37551289      -1.2228159       -1.2228159       49.594674             49.594674
  1.7267971e-09        21.12179      0.24566503       1.0033671       3.2602201      0.32454882      -1.2228159       -1.2228159       44.689211             44.689211
  2.9019342e-09       20.602681      0.24924214       1.0104219       3.2466185       0.3541359      -1.2228159       -1.2228159       43.650993             43.650993
  1.5469818e-07       16.626582      0.24891776       1.0107682       3.2342493      0.31669359      -1.2228159       -1.2228159       35.698796             35.698796
  1.5769542e-07       16.201928      0.24827885       1.0050916        3.225114      0.28762378      -1.2228159       -1.2228159       34.849487             34.849487
  2.1858827e-07       15.875403       0.2471447        1.001873       3.2380031      0.29486627      -1.2228159       -1.2228159       34.196438             34.196438
