#        weight    minuslogpost         omega_c             n_s            lnas            m_nu   minuslogprior minuslogprior__0            chi2 chi2__likelihood_CAMB
 1.6770406e-317       736.85614       0.2656517       1.0326224       3.1191066      0.25944294      -1.2228159       -1.2228159       1476.1579             1476.1579
   7.12849e-313       726.16796      0.25873744      0.89149997       3.1991176      0.22798404      -1.2228159       -1.2228159       1454.7816             1454.7816
 6.3096381e-311       721.65404      0.25283363       1.0690269       3.0974258      0.19979951      -1.2228159       -1.2228159       1445.7537             1445.7537
 1.5340709e-307       713.82708      0.23216525      0.97014548       3.3223124      0.28340671      -1.2228159       -1.2228159       1430.0998             1430.0998
 7.7911059e-291       675.32989       0.2185021      0.98976011       3.4212717       0.2820709      -1.2228159       -1.2228159       1353.1054             1353.1054
 3.4488702e-290       673.81147      0.25814897       1.0668713       3.0803368      0.22839054      -1.2228159       -1.2228159       1350.0686             1350.0686
 6.8795018e-287       666.18244      0.22553825       1.0129959       3.2423732       0.0212478      -1.2228159       -1.2228159       1334.8105             1334.8105
 5.3988537e-286       664.09144      0.28324583      0.98305819       3.0271939      0.26449063      -1.2228159       -1.2228159       1330.6285             1330.6285
 1.8966276e-271       630.56801      0.23729943         1.02888       3.1608126     0.070675409      -1.2228159       -1.2228159       1263.5816             1263.5816
 4.1205803e-270       627.45873      0.25626711       1.1024786       3.1644611      0.38550946      -1.2228159       -1.2228159       1257.3631             1257.3631
 2.1486159e-268       623.47396       0.2571658      0.98878867       3.2157942      0.30499954      -1.2228159       -1.2228159       1249.3936             1249.3936
 1.5718244e-257       598.42734      0.23069899       0.9444801       3.3518208      0.21132891      -1.2228159       -1.2228159       1199.3003             1199.3003
 1.8940782e-249       579.78939       0.2671275      0.98243258       3.1271508      0.33390057      -1.2228159       -1.2228159       1162.0244             1162.0244
 1.3808049e-233       543.23333        0.278658        1.018058       3.0330015      0.28485292      -1.2228159       -1.2228159       1088.9123             1088.9123
 4.8647644e-232       539.64062      0.28029979      0.99716968       3.0319835      0.25974994      -1.2228159       -1.2228159       1081.7269             1081.7269
 5.9593448e-231       537.10432      0.25358495      0.89185477       3.1520462     0.079280856      -1.2228159       -1.2228159       1076.6543             1076.6543
 7.4033103e-231       536.85658      0.26362129       0.9464854       3.1434358      0.26619637      -1.2228159       -1.2228159       1076.1588             1076.1588
 5.0204279e-207       481.95218        0.257166      0.93415197       3.1926792      0.19900332      -1.2228159       -1.2228159       966.34999             966.34999
 2.4865818e-199       464.20333      0.26390588      0.94606123       3.0708135    0.0001254251      -1.2228159       -1.2228159       930.85229             930.85229
 2.6240096e-198       461.81618       0.2505743       1.0165084        3.060463   7.1448215e-05      -1.2228159       -1.2228159       926.07799             926.07799
 5.1718152e-198       461.10689      0.24411733       1.0624828       3.2169746      0.25565163      -1.2228159       -1.2228159       924.65941             924.65941
 4.0341943e-197       459.02195       0.2561616        1.058616       3.0261983     0.017587757      -1.2228159       -1.2228159       920.48953             920.48953
 4.5499226e-195        454.2657      0.27165149       1.0304326       3.0577534      0.28260867      -1.2228159       -1.2228159       910.97704             910.97704
 3.3423229e-191       445.33304      0.26227668      0.88737758       3.0865534     0.015001321      -1.2228159       -1.2228159        893.1117              893.1117
 7.6773655e-191       444.47065      0.23947588       1.0290079       3.1993016      0.10663818      -1.2228159       -1.2228159       891.38694             891.38694
 4.2344479e-183       426.61422      0.25014303      0.99624483       3.0763125       0.0117722      -1.2228159       -1.2228159       855.67408             855.67408
 1.8875338e-182       425.08885      0.27092007       1.0285562       3.0259268      0.13774617      -1.2228159       -1.2228159       852.62333             852.62333
 1.3080324e-172       402.39897      0.25878648       1.0456351        3.196889      0.38932792      -1.2228159       -1.2228159       807.24358             807.24358
 8.1063579e-154       359.09755      0.25991006       1.0469465       3.0242243     0.035364295      -1.2228159       -1.2228159       720.64072             720.64072
 1.1525331e-150       351.80712      0.24121215       1.0348534       3.1817639      0.11035815      -1.2228159       -1.2228159       706.05987             706.05987
 5.5489812e-149       347.90211      0.23138029       1.0529903       3.3251545      0.32130351      -1.2228159       -1.2228159       698.24985             698.24985
 1.1570004e-147       344.83395      0.25942511      0.98714387       3.1257422      0.14043858      -1.2228159       -1.2228159       692.11354             692.11354
 4.2214448e-147       343.50883      0.24250585      0.96183559       3.1702167     0.073422768      -1.2228159       -1.2228159        689.4633              689.4633
 1.3423892e-143       335.41345      0.22712856      0.99781028       3.4162119      0.39948011      -1.2228159       -1.2228159       673.27253             673.27253
 1.0014525e-138       324.16275      0.23358869       1.0084805       3.2267974     0.080863257      -1.2228159       -1.2228159       650.77113             650.77113
 2.2896831e-136       318.69985      0.27498214      0.99025379       2.9805466      0.02281239      -1.2228159       -1.2228159       639.84533             639.84533
 9.4022246e-134       312.65137      0.24700314       1.0239393       3.2648331      0.34210277      -1.2228159       -1.2228159       627.74838             627.74838
 1.1302988e-132        310.1339      0.23520478       1.0243861       3.2546532      0.21895053      -1.2228159       -1.2228159       622.71342             622.71342
  1.787352e-132       309.64487       0.2766983      0.95162754       2.9936542     0.028967885      -1.2228159       -1.2228159       621.73537             621.73537
 9.9991564e-125       291.77424       0.2467683      0.92264747       3.1758092     0.077926151      -1.2228159       -1.2228159       585.99411             585.99411
 1.0594652e-124       291.68562      0.26721454      0.93220162       3.0312967     0.022517092      -1.2228159       -1.2228159       585.81687             585.81687
 2.5464185e-122       286.17275      0.25953453      0.96818476       3.2232685      0.38315752      -1.2228159       -1.2228159       574.79114             574.79114
 1.7413113e-120       281.91686      0.25915097       0.9481659       3.1866299      0.24998814      -1.2228159       -1.2228159       566.27935             566.27935
 2.7953561e-119       279.11018      0.25548065       1.0558314       3.1182218      0.20712451      -1.2228159       -1.2228159         560.666               560.666
 7.9423032e-118       275.73258      0.25174702       1.0438897       3.0865903     0.080459213      -1.2228159       -1.2228159       553.91079             553.91079
 7.1188984e-116       271.20609      0.25532386       1.0424761       3.0611234     0.069581219      -1.2228159       -1.2228159       544.85781             544.85781
 5.0806802e-111        259.9997      0.24583584       1.0335485       3.2127189      0.29808338      -1.2228159       -1.2228159       522.44503             522.44503
 1.4153517e-109       256.64183      0.27102933       1.0089593       3.0121842      0.11699865      -1.2228159       -1.2228159       515.72928             515.72928
 2.4252965e-105       246.86214      0.24306601       1.0578933       3.2564231       0.3869352      -1.2228159       -1.2228159       496.16991             496.16991
 7.8344796e-105       245.65879      0.24289324      0.98512591       3.3209631      0.37348772      -1.2228159       -1.2228159        493.7632              493.7632
 1.0967437e-103       242.98903      0.26342146      0.96565761       3.1646816      0.29552927      -1.2228159       -1.2228159        488.4237              488.4237
 2.2753566e-101        237.6233      0.23690656      0.94568463       3.2243423      0.05382699      -1.2228159       -1.2228159       477.69223             477.69223
 4.0897721e-101       237.00618      0.26093759      0.99652361        3.193163      0.35175603      -1.2228159       -1.2228159       476.45798             476.45798
  4.0273428e-97       227.78045      0.25297396      0.97001407        3.266679      0.39466389      -1.2228159       -1.2228159       458.00652             458.00652
  4.5692729e-91       213.80792      0.26168086      0.95736615       3.1193695      0.18257297      -1.2228159       -1.2228159       430.06146             430.06146
   1.571355e-90       212.54198      0.23389469       1.0363903       3.3479324      0.38190464      -1.2228159       -1.2228159       427.52958             427.52958
  5.1807351e-90        211.3182      0.23290991      0.97921084       3.2839045      0.17586926      -1.2228159       -1.2228159       425.08202             425.08202
  1.1516452e-88       208.18601      0.25936609      0.96189766       3.1349544      0.19758129      -1.2228159       -1.2228159       418.81765             418.81765
  1.2394155e-83       196.56886      0.26592485      0.98829355       3.1263722      0.26373781      -1.2228159       -1.2228159       395.58336             395.58336
  2.6988445e-77        181.9444      0.26011216       1.0498295       3.1731127      0.39191369      -1.2228159       -1.2228159       366.33443             366.33443
  2.4812304e-75       177.39252      0.27307254      0.97359134       2.9781053    0.0047935792      -1.2228159       -1.2228159       357.23068             357.23068
  1.6737147e-74       175.45288      0.23745457      0.98189145       3.2701722      0.18515128      -1.2228159       -1.2228159       353.35139             353.35139
  2.2706595e-74       175.11708      0.25623769       1.0420496       3.1778178      0.36736612      -1.2228159       -1.2228159       352.67979             352.67979
  1.8273828e-73       173.00091      0.24297416      0.95137478       3.2324018      0.17782653      -1.2228159       -1.2228159       348.44745             348.44745
  2.6300652e-72       170.30343       0.2376077       1.0262256       3.2472401      0.21815355      -1.2228159       -1.2228159       343.05249             343.05249
  4.3085671e-70       165.17389      0.24230065      0.97265012       3.2261147      0.13901061      -1.2228159       -1.2228159       332.79341             332.79341
  1.7000958e-65       154.56011      0.23819495      0.96095947       3.2453555       0.1455077      -1.2228159       -1.2228159       311.56586             311.56586
  2.2192051e-65       154.26288      0.24498374       1.0131092        3.135468     0.046712939      -1.2228159       -1.2228159       310.97139             310.97139
  5.6553523e-63       148.69148      0.24906342      0.92962882       3.1527723     0.028148817      -1.2228159       -1.2228159        299.8286              299.8286
  6.7867398e-61       143.87317       0.2562017       1.0197646       3.2169164      0.37915633      -1.2228159       -1.2228159       290.19198             290.19198
   1.329254e-60       143.17017      0.25840323      0.98176215       3.0699116     0.068941503      -1.2228159       -1.2228159       288.78597             288.78597
   1.690542e-60       142.89897      0.26381986      0.98718478        3.119616      0.21577399      -1.2228159       -1.2228159       288.24356             288.24356
  2.2866598e-60       142.56615      0.23933557      0.97847979       3.1980094      0.08539811      -1.2228159       -1.2228159       287.57793             287.57793
   3.160584e-60       142.21171      0.25758341       1.0316386       3.1543727       0.2741917      -1.2228159       -1.2228159       286.86906             286.86906
  1.7125529e-56       133.58337      0.24351555      0.98124317       3.1582845     0.064713407      -1.2228159       -1.2228159       269.61238             269.61238
  1.3628888e-55        131.4784      0.23900733       1.0078863       3.2177469      0.15200188      -1.2228159       -1.2228159       265.40242             265.40242
  2.1457932e-54       128.69114      0.24222086      0.99587151       3.3239338      0.39934505      -1.2228159       -1.2228159        259.8279              259.8279
  7.1791485e-54       127.45269      0.26635274      0.96248813       3.0313071     0.041716822      -1.2228159       -1.2228159       257.35102             257.35102
   8.984495e-54        127.1976      0.25909788      0.99956205       3.0859679      0.13152831      -1.2228159       -1.2228159       256.84084             256.84084
  1.3399341e-53       126.76713      0.24697672       1.0290098       3.2336472      0.29695056      -1.2228159       -1.2228159       255.97988             255.97988
  5.2229862e-52       123.07332      0.25845565       0.9554548       3.1498765       0.1905567      -1.2228159       -1.2228159       248.59227             248.59227
  2.2920868e-50       119.26098      0.24853171      0.96754361       3.2282377      0.22556552      -1.2228159       -1.2228159        240.9676              240.9676
   2.478981e-50       119.15183      0.25693873       1.0204496       3.1988817      0.35134836      -1.2228159       -1.2228159       240.74929             240.74929
  3.2554143e-50       118.84858      0.24518511      0.94163146       3.1580524     0.014250957      -1.2228159       -1.2228159        240.1428              240.1428
  2.7908002e-43       102.85371       0.2541353      0.94628364       3.0923675    0.0021445497      -1.2228159       -1.2228159       208.15305             208.15305
  1.1427829e-42       101.41321       0.2396929      0.98719566       3.2086259      0.11566983      -1.2228159       -1.2228159       205.27206             205.27206
  2.5563623e-41       98.274737      0.23959578       1.0104495       3.2810152      0.31092995      -1.2228159       -1.2228159       198.99511             198.99511
  7.3256565e-41       97.191168      0.24642277      0.99383888       3.2632783      0.30977112      -1.2228159       -1.2228159       196.82797             196.82797
  5.0148397e-40       95.236793      0.25559435       1.0175665       3.2241557      0.39351285      -1.2228159       -1.2228159       192.91922             192.91922
  2.9304444e-39       93.440684       0.2564297       1.0147048       3.1146657      0.14723402      -1.2228159       -1.2228159         189.327               189.327
  1.4009517e-37       89.542744      0.24535775      0.97274278       3.2319598      0.20003231      -1.2228159       -1.2228159       181.53112             181.53112
  1.1842402e-36       87.377438      0.25556412       1.0115275       3.1784737      0.27037824      -1.2228159       -1.2228159       177.20051             177.20051
  2.8759274e-36       86.459392      0.24135551       1.0044495       3.2835472      0.33566742      -1.2228159       -1.2228159       175.36442             175.36442
  1.2502336e-35        84.95908      0.24205774        1.005834       3.2062751      0.16826435      -1.2228159       -1.2228159       172.36379             172.36379
  2.1506186e-35       84.385883      0.26329412      0.99904027       3.0443578     0.063129992      -1.2228159       -1.2228159        171.2174              171.2174
   4.801049e-34       81.249448      0.24471574      0.96737348       3.2354683      0.21924187      -1.2228159       -1.2228159       164.94453             164.94453
  4.7933742e-34       81.220276      0.25134408       1.0074723       3.1252186     0.093627613      -1.2228159       -1.2228159       164.88618             164.88618
  6.0967309e-34       80.948986      0.26029702      0.97792335       3.1191241      0.17896368      -1.2228159       -1.2228159        164.3436              164.3436
  9.7848559e-34       80.445131      0.24412413       1.0161625       3.2152962      0.20866044      -1.2228159       -1.2228159       163.33589             163.33589
  1.5495947e-32       77.652032      0.24990225      0.98747261       3.2199076      0.25156635      -1.2228159       -1.2228159        157.7497              157.7497
  1.2218133e-30       73.253747      0.24393035      0.99394068       3.2411874      0.26264936      -1.2228159       -1.2228159       148.95313             148.95313
  6.3275715e-29        69.27581      0.24630579       1.0243792       3.2146963      0.25067777      -1.2228159       -1.2228159       140.99725             140.99725
  8.2230907e-29       68.983009         0.24592       1.0323795       3.2238339      0.28759682      -1.2228159       -1.2228159       140.41165             140.41165
  3.1225478e-28       67.617949      0.26715216      0.97205318        3.017364     0.010773114      -1.2228159       -1.2228159       137.68153             137.68153
  2.4947187e-27       65.509066      0.24680919       0.9810871       3.1442299     0.071230015      -1.2228159       -1.2228159       133.46376             133.46376
  3.3541306e-27       65.182277      0.24647994       1.0002917        3.141772     0.074816924      -1.2228159       -1.2228159       132.81019             132.81019
  8.1973592e-27       64.257886        0.256185      0.99808835       3.1506782      0.22853074      -1.2228159       -1.2228159        130.9614              130.9614
  1.2980156e-26       63.767505      0.24627659       1.0334879        3.234291      0.32593603      -1.2228159       -1.2228159       129.98064             129.98064
  2.7445716e-26       62.987945      0.25045804      0.95930957       3.1945623      0.18140861      -1.2228159       -1.2228159       128.42152             128.42152
   4.772115e-26       62.404009      0.25276122       1.0074976       3.1874752      0.24741807      -1.2228159       -1.2228159       127.25365             127.25365
  7.6441095e-26       61.902091      0.24507498      0.96998326        3.146629     0.022602676      -1.2228159       -1.2228159       126.24981             126.24981
  1.3734909e-25       61.285314      0.24619818       1.0076283       3.1776428      0.16495278      -1.2228159       -1.2228159       125.01626             125.01626
  1.0555798e-23       56.912638      0.25481769      0.98555612       3.1277456      0.14565087      -1.2228159       -1.2228159       116.27091             116.27091
  1.1225557e-23       56.820348       0.2597889      0.97817786       3.0513388     0.024211291      -1.2228159       -1.2228159       116.08633             116.08633
  1.1474004e-22       54.465101      0.25739378       1.0003695       3.0936775      0.09578929      -1.2228159       -1.2228159       111.37583             111.37583
  5.2748282e-21       50.606297      0.24563691      0.98356192       3.1692752     0.088002879      -1.2228159       -1.2228159       103.65823             103.65823
  5.5683019e-21       50.521381      0.24640635      0.98716146       3.1372441     0.046174164      -1.2228159       -1.2228159       103.48839             103.48839
  6.7307585e-21       50.301012      0.24606977      0.96480055       3.2087897      0.16153717      -1.2228159       -1.2228159       103.04766             103.04766
  3.9731698e-20       48.494778       0.2473245      0.97285688       3.1264239    0.0013228984      -1.2228159       -1.2228159       99.435189             99.435189
  5.1799691e-20       48.198772      0.24424638       1.0269619       3.2822997      0.38162954      -1.2228159       -1.2228159       98.843176             98.843176
  9.7124574e-20        47.53939      0.25043993       1.0306034       3.2199418      0.33548682      -1.2228159       -1.2228159       97.524412             97.524412
  1.0707794e-19       47.411056      0.26066985      0.96501575       3.0608508      0.03679059      -1.2228159       -1.2228159       97.267743             97.267743
  2.4871762e-19       46.537523      0.24787922      0.98981082       3.2141955      0.24859442      -1.2228159       -1.2228159       95.520678             95.520678
  6.1833617e-19       45.596037      0.24968018      0.98115624       3.1790618      0.15295542      -1.2228159       -1.2228159       93.637706             93.637706
  6.7839321e-19       45.472571      0.24694549       1.0042783       3.2012821      0.19895468      -1.2228159       -1.2228159       93.390773             93.390773
  8.1950049e-19       45.252831      0.24795854      0.99993473        3.164057      0.14982782      -1.2228159       -1.2228159       92.951294             92.951294
  1.4187426e-11       29.412583      0.25915921      0.98623375       3.0738369     0.070165841      -1.2228159       -1.2228159       61.270798             61.270798
  2.6972894e-11       28.770107      0.25461783      0.98537735       3.0969309     0.069167477      -1.2228159       -1.2228159       59.985845             59.985845
  2.5832876e-11       28.733248      0.24937945      0.98795564       3.1354449     0.070159491      -1.2228159       -1.2228159       59.912128             59.912128
  3.9166623e-11       28.237029      0.25432287      0.98757076       3.1083063     0.093393197      -1.2228159       -1.2228159       58.919689             58.919689
  8.7444514e-11       27.353806      0.25831573      0.97173652       3.1094878      0.11157563      -1.2228159       -1.2228159       57.153244             57.153244
  2.8305418e-10       25.956029      0.25353095      0.98780696       3.1020681     0.068335139      -1.2228159       -1.2228159        54.35769              54.35769
  4.9243181e-10       25.402311      0.25048961      0.98960048       3.1304861     0.093742135      -1.2228159       -1.2228159       53.250254             53.250254
  2.5248682e-09       23.624622      0.25244373      0.97507748       3.1263416     0.093336202      -1.2228159       -1.2228159       49.694876             49.694876
   2.674452e-09       23.567067         0.25581      0.99297514       3.0888479     0.069018768      -1.2228159       -1.2228159       49.579765             49.579765
   3.595059e-08       20.968666      0.24717913      0.98755543        3.162064      0.10511165      -1.2228159       -1.2228159       44.382963             44.382963
  8.1002716e-08       20.002178      0.25398521      0.98142768       3.1235905     0.092051669      -1.2228159       -1.2228159       42.449987             42.449987
  3.0736307e-07       18.668631      0.25827286      0.98357033       3.0935401     0.093416033      -1.2228159       -1.2228159       39.782893             39.782893
  9.3735748e-07       17.553596      0.25405138      0.98245133       3.0988043     0.059529078      -1.2228159       -1.2228159       37.552823             37.552823
   1.644224e-06       16.991637      0.25761483      0.98078209       3.0984305     0.096652381      -1.2228159       -1.2228159       36.428905             36.428905
  3.9291969e-06        16.02516      0.25254549      0.97095683       3.1321681     0.080693955      -1.2228159       -1.2228159       34.495952             34.495952
  4.0290767e-06       16.000058      0.25481359       0.9601039       3.1173939     0.070955377      -1.2228159       -1.2228159       34.445747             34.445747
  1.0324491e-05       14.953716      0.25358656      0.99176496       3.1043926      0.07055243      -1.2228159       -1.2228159       32.353063             32.353063
  1.1276093e-05        14.86555      0.25855594      0.98098603       3.0812275      0.06692784      -1.2228159       -1.2228159       32.176731             32.176731
  2.5103446e-05       13.842086      0.25336617      0.98648644       3.1032369     0.062822397      -1.2228159       -1.2228159       30.129803             30.129803
  0.00022120351       11.465337      0.25341829      0.98733649       3.0994433     0.052302863      -1.2228159       -1.2228159       25.376306             25.376306
    0.014386982       6.8203375       0.2531601      0.98334144        3.125419      0.10486018      -1.2228159       -1.2228159       16.086307             16.086307
    0.018466129         6.44556       0.2505755      0.97607816       3.1300033     0.063528206      -1.2228159       -1.2228159       15.336752             15.336752
    0.024582504       6.0988386      0.25349811      0.97320071       3.1081725     0.057994337      -1.2228159       -1.2228159       14.643309             14.643309
    0.027471197       5.9877355      0.25316352      0.98092483       3.1258432      0.10268215      -1.2228159       -1.2228159       14.421103             14.421103
    0.034608472       5.6922365      0.25010574      0.97617067       3.1529774      0.10806468      -1.2228159       -1.2228159       13.830105             13.830105
    0.035871475       5.6563926      0.25281506      0.97779733       3.1188345     0.078928516      -1.2228159       -1.2228159       13.758417             13.758417
    0.038432716        5.587426      0.25282038      0.98251395       3.1038621     0.045776596      -1.2228159       -1.2228159       13.620484             13.620484
    0.041681976       5.5062662      0.25559686      0.98183731       3.0934441     0.059947365      -1.2228159       -1.2228159       13.458164             13.458164
    0.044975063       5.2760762      0.25393572      0.98150871        3.124012      0.10796597      -1.2228159       -1.2228159       12.997784             12.997784
    0.057876817       4.8807666      0.25224774      0.98153199       3.1118326     0.052586432      -1.2228159       -1.2228159       12.207165             12.207165
    0.056539658       4.8351483       0.2544243      0.98162786       3.1222893      0.10217939      -1.2228159       -1.2228159       12.115928             12.115928
    0.091150848       4.1062604      0.25468772      0.97881189       3.1237783      0.10989499      -1.2228159       -1.2228159       10.658153             10.658153
     0.12194091       3.6527207      0.25142908      0.97545771       3.1274018     0.067703514      -1.2228159       -1.2228159       9.7510731             9.7510731
     0.17355263       3.1531729      0.25356838      0.98027821       3.1263496      0.10585571      -1.2228159       -1.2228159       8.7519777             8.7519777
     0.16663263       3.1473422      0.25178506      0.97200497       3.1198084     0.055955775      -1.2228159       -1.2228159       8.7403162             8.7403162
     0.15835315       3.1073343      0.25244905      0.97682611       3.1293939       0.0945685      -1.2228159       -1.2228159       8.6603004             8.6603004
     0.15578924       3.0792062      0.25105319      0.98054373       3.1378929     0.098980233      -1.2228159       -1.2228159       8.6040442             8.6040442
     0.17620679       2.8690406      0.25188487      0.97032485       3.1221634     0.057993095      -1.2228159       -1.2228159       8.1837131             8.1837131
     0.17090269       2.8570449      0.25577887      0.97925739       3.0905311     0.046005767      -1.2228159       -1.2228159       8.1597216             8.1597216
     0.16803188       2.8314259      0.25502636      0.97897957       3.0964618     0.055693665      -1.2228159       -1.2228159       8.1084836             8.1084836
     0.18279823       2.7471966      0.25579545      0.97334189       3.0973412     0.052671513      -1.2228159       -1.2228159       7.9400251             7.9400251
      0.1975914       2.6693784      0.25611814      0.97735382       3.0876723     0.046438632      -1.2228159       -1.2228159       7.7843886             7.7843886
     0.22105063       2.5571879      0.25399037      0.97970741       3.1139477     0.083074375      -1.2228159       -1.2228159       7.5600075             7.5600075
     0.22551208       2.4884158       0.2547037        0.981314       3.1144296     0.091590955      -1.2228159       -1.2228159       7.4224633             7.4224633
      0.2277475       2.4297618      0.25570099       0.9742234         3.10157     0.067954633      -1.2228159       -1.2228159       7.3051553             7.3051553
      0.2679534       2.2183961      0.25494272      0.97390972       3.1105168     0.078163819      -1.2228159       -1.2228159       6.8824239             6.8824239
     0.29516259       1.9819209      0.25151697       0.9768559       3.1348722     0.093003993      -1.2228159       -1.2228159       6.4094735             6.4094735
     0.28751667        1.921155      0.25184937      0.97390035       3.1327695     0.088089479      -1.2228159       -1.2228159       6.2879418             6.2879418
     0.30163393       1.8306621      0.25197511      0.98168273       3.1353435      0.10636256      -1.2228159       -1.2228159        6.106956              6.106956
       0.289993       1.8274598      0.25311475      0.96948786       3.1168403     0.062703219      -1.2228159       -1.2228159       6.1005514             6.1005514
     0.26594543       1.7914232      0.25196498      0.97211757       3.1285606     0.075971887      -1.2228159       -1.2228159       6.0284781             6.0284781
     0.28238211       1.7314531      0.25247438      0.97426353       3.1169539     0.062420871      -1.2228159       -1.2228159        5.908538              5.908538
     0.27405452       1.7205652      0.25451501      0.98059503       3.0986671     0.052080085      -1.2228159       -1.2228159       5.8867622             5.8867622
     0.26823594       1.7012033      0.25138579      0.98357327       3.1386926      0.10645584      -1.2228159       -1.2228159       5.8480384             5.8480384
     0.29033186       1.6220457      0.25230187      0.98229259       3.1348131      0.10480542      -1.2228159       -1.2228159       5.6897231             5.6897231
     0.28698105       1.5910945       0.2534172      0.97557692       3.1091642     0.059496546      -1.2228159       -1.2228159       5.6278208             5.6278208
     0.29196148       1.5313292      0.25486333       0.9785772       3.1004353     0.061103492      -1.2228159       -1.2228159       5.5082902             5.5082902
     0.34255782        1.328951      0.25279006      0.97923844       3.1199921     0.074069971      -1.2228159       -1.2228159       5.1035338             5.1035338
     0.36569339       1.2635962      0.25248642      0.98211385       3.1295521     0.099905446      -1.2228159       -1.2228159       4.9728242             4.9728242
     0.37043144       1.2507231      0.25156508       0.9794627       3.1395409      0.10268029      -1.2228159       -1.2228159       4.9470779             4.9470779
     0.36158544       1.2283731      0.25233622      0.97925851       3.1310328     0.098231205      -1.2228159       -1.2228159       4.9023779             4.9023779
     0.36003025       1.1861633      0.25476201      0.97759954       3.1057534     0.065538429      -1.2228159       -1.2228159       4.8179585             4.8179585
     0.37674523       1.0942622      0.25216345      0.97607009       3.1317913     0.092945032      -1.2228159       -1.2228159       4.6341562             4.6341562
     0.36487849        1.079747      0.25189012      0.98302262       3.1354907      0.10407395      -1.2228159       -1.2228159       4.6051258             4.6051258
     0.34911011        1.077404      0.25435563       0.9803394       3.1090819      0.07306307      -1.2228159       -1.2228159       4.6004398             4.6004398
     0.34580472       1.0403971      0.25224704      0.98144142       3.1250645     0.084517025      -1.2228159       -1.2228159        4.526426              4.526426
     0.34531794      0.99528579      0.25137541      0.97937446       3.1421264      0.10682029      -1.2228159       -1.2228159       4.4362034             4.4362034
     0.34037204      0.96319207      0.25141325      0.97844313        3.137387     0.097394894      -1.2228159       -1.2228159       4.3720159             4.3720159
     0.33331476      0.93762403      0.25533873      0.97697946       3.1010717     0.064365578      -1.2228159       -1.2228159       4.3208798             4.3208798
     0.32698254      0.91028451      0.25256297      0.98056528       3.1364311      0.11029892      -1.2228159       -1.2228159       4.2662008             4.2662008
     0.33605212      0.88292503      0.25147218      0.98045681       3.1413911       0.1078053      -1.2228159       -1.2228159       4.2114818             4.2114818
     0.32475865      0.86831883      0.25262465      0.97678641       3.1353951      0.10535235      -1.2228159       -1.2228159       4.1822694             4.1822694
     0.34073769      0.82028819      0.25165927      0.97646476        3.133616     0.089036758      -1.2228159       -1.2228159       4.0862082             4.0862082
     0.34428959      0.80991798      0.25340266      0.98175088       3.1214596     0.091308073      -1.2228159       -1.2228159       4.0654678             4.0654678
     0.34704791      0.80193828      0.25275693      0.98028805       3.1251356     0.087167141      -1.2228159       -1.2228159       4.0495083             4.0495083
      0.3536243      0.78316609      0.25378112      0.97778576       3.1190396     0.083254315      -1.2228159       -1.2228159        4.011964              4.011964
     0.34011521       0.7614921      0.25412731      0.97152138       3.1135677     0.069780589      -1.2228159       -1.2228159        3.968616              3.968616
     0.35406688      0.72129068      0.25284051       0.9772123        3.111352     0.054078764      -1.2228159       -1.2228159       3.8882131             3.8882131
     0.41697511      0.55774997      0.25179138      0.98101795       3.1376277      0.10496834      -1.2228159       -1.2228159       3.5611317             3.5611317
     0.49681421      0.38256038      0.25514918      0.97399248        3.100642     0.058168731      -1.2228159       -1.2228159       3.2107525             3.2107525
      0.4835662      0.26648745      0.25376667      0.97244069       3.1152244     0.068732281      -1.2228159       -1.2228159       2.9786067             2.9786067
     0.47063392      0.22460224      0.25255303      0.97692086       3.1239395     0.077988117      -1.2228159       -1.2228159       2.8948363             2.8948363
     0.47364079      0.14924071       0.2540142      0.97422188       3.1154004     0.074927304      -1.2228159       -1.2228159       2.7441132             2.7441132
       0.443549      0.14588878      0.25290474        0.977925       3.1263648     0.092035087      -1.2228159       -1.2228159       2.7374093             2.7374093
     0.44638086      0.13952452      0.25428657      0.97838157       3.1028826     0.055774628      -1.2228159       -1.2228159       2.7246808             2.7246808
     0.45250303     0.051794625      0.25287306      0.97598455       3.1208532     0.077195079      -1.2228159       -1.2228159        2.549221              2.549221
      0.4574687     0.040880616      0.25430879      0.97743914       3.1018435     0.054402913      -1.2228159       -1.2228159        2.527393              2.527393
     0.43867685    -0.071324639      0.25273085       0.9783824       3.1280592     0.092369869      -1.2228159       -1.2228159       2.3029825             2.3029825
     0.45789429     -0.11419995      0.25315606      0.97255449       3.1128749     0.057266617      -1.2228159       -1.2228159       2.2172319             2.2172319
     0.42738222     -0.12528306      0.25349691      0.97502305       3.1113355      0.06284673      -1.2228159       -1.2228159       2.1950657             2.1950657
      0.4305942     -0.13277043      0.25269039      0.97808091       3.1213388      0.07745621      -1.2228159       -1.2228159       2.1800909             2.1800909
      0.4383617     -0.15064867      0.25362703      0.97858739       3.1164744     0.078603108      -1.2228159       -1.2228159       2.1443344             2.1443344
     0.47049827      -0.2213966      0.25305367      0.97362256       3.1149613      0.06218482      -1.2228159       -1.2228159       2.0028386             2.0028386
      0.4810829     -0.24364392      0.25384127         0.97427       3.1095242     0.058280342      -1.2228159       -1.2228159       1.9583439             1.9583439
     0.49427645     -0.27069928      0.25487484      0.97556726       3.1006355     0.055960486      -1.2228159       -1.2228159       1.9042332             1.9042332
     0.51249211     -0.30688963      0.25449282      0.97534718       3.1076232     0.065528676      -1.2228159       -1.2228159       1.8318525             1.8318525
     0.44973094     -0.46393586      0.25353416      0.97440832        3.108064     0.054259966      -1.2228159       -1.2228159       1.5177601             1.5177601
     0.40920701     -0.50303894      0.25439684      0.97502177       3.1066558     0.061157151      -1.2228159       -1.2228159       1.4395539             1.4395539
     0.41169758     -0.50910683      0.25435599       0.9731762       3.1067863     0.059445333      -1.2228159       -1.2228159       1.4274181             1.4274181
     0.36174629     -0.53391155      0.25325738      0.97606941       3.1161263     0.070491633      -1.2228159       -1.2228159       1.3778087             1.3778087
     0.31080637     -0.53628925       0.2539555      0.97623078       3.1091855     0.062649918      -1.2228159       -1.2228159       1.3730533             1.3730533
     0.27486816     -0.56756137      0.25360439      0.97469962       3.1136806     0.067642736      -1.2228159       -1.2228159        1.310509              1.310509
     0.27990221     -0.58571011      0.25395517      0.97562287       3.1113462     0.067651709      -1.2228159       -1.2228159       1.2742116             1.2742116
     0.29167291     -0.62690281      0.25406017       0.9763536       3.1047778     0.055238879      -1.2228159       -1.2228159       1.1918262             1.1918262
     0.31340721     -0.69877314      0.25389053      0.97498091       3.1102229     0.063716699      -1.2228159       -1.2228159       1.0480855             1.0480855
     0.31747938     -0.71168269      0.25381591       0.9758503       3.1094387     0.062099549      -1.2228159       -1.2228159       1.0222664             1.0222664
     0.33265549     -0.75837719      0.25391659      0.97395355       3.1085895     0.058859778      -1.2228159       -1.2228159       0.9288774             0.9288774
