#        weight    minuslogpost         omega_c             n_s            lnas            m_nu   minuslogprior minuslogprior__0            chi2 chi2__likelihood_CAMB
 1.4086019e-317       736.85614       0.2656517       1.0326224       3.1191066      0.25944294      -1.2228159       -1.2228159       1476.1579             1476.1579
 5.9874558e-313       726.16796      0.25873744      0.89149997       3.1991176      0.22798404      -1.2228159       -1.2228159       1454.7816             1454.7816
 5.2996749e-311       721.65404      0.25283363       1.0690269       3.0974258      0.19979951      -1.2228159       -1.2228159       1445.7537             1445.7537
 1.2885171e-307       713.82708      0.23216525      0.97014548       3.3223124      0.28340671      -1.2228159       -1.2228159       1430.0998             1430.0998
 6.5440089e-291       675.32989       0.2185021      0.98976011       3.4212717       0.2820709      -1.2228159       -1.2228159       1353.1054             1353.1054
 2.8968208e-290       673.81147      0.25814897       1.0668713       3.0803368      0.22839054      -1.2228159       -1.2228159       1350.0686             1350.0686
 5.7783224e-287       666.18244      0.22553825       1.0129959       3.2423732       0.0212478      -1.2228159       -1.2228159       1334.8105             1334.8105
 4.5346768e-286       664.09144      0.28324583      0.98305819       3.0271939      0.26449063      -1.2228159       -1.2228159       1330.6285             1330.6285
 1.5930406e-271       630.56801      0.23729943         1.02888       3.1608126     0.070675409      -1.2228159       -1.2228159       1263.5816             1263.5816
 3.4610124e-270       627.45873      0.25626711       1.1024786       3.1644611      0.38550946      -1.2228159       -1.2228159       1257.3631             1257.3631
 1.8046939e-268       623.47396       0.2571658      0.98878867       3.2157942      0.30499954      -1.2228159       -1.2228159       1249.3936             1249.3936
 1.3202276e-257       598.42734      0.23069899       0.9444801       3.3518208      0.21132891      -1.2228159       -1.2228159       1199.3003             1199.3003
 1.5908993e-249       579.78939       0.2671275      0.98243258       3.1271508      0.33390057      -1.2228159       -1.2228159       1162.0244             1162.0244
  1.159784e-233       543.23333        0.278658        1.018058       3.0330015      0.28485292      -1.2228159       -1.2228159       1088.9123             1088.9123
 4.0860774e-232       539.64062      0.28029979      0.99716968       3.0319835      0.25974994      -1.2228159       -1.2228159       1081.7269             1081.7269
 5.0054519e-231       537.10432      0.25358495      0.89185477       3.1520462     0.079280856      -1.2228159       -1.2228159       1076.6543             1076.6543
 6.2182865e-231       536.85658      0.26362129       0.9464854       3.1434358      0.26619637      -1.2228159       -1.2228159       1076.1588             1076.1588
 4.2168244e-207       481.95218        0.257166      0.93415197       3.1926792      0.19900332      -1.2228159       -1.2228159       966.34999             966.34999
 2.0885627e-199       464.20333      0.26390588      0.94606123       3.0708135    0.0001254251      -1.2228159       -1.2228159       930.85229             930.85229
  2.203993e-198       461.81618       0.2505743       1.0165084        3.060463   7.1448215e-05      -1.2228159       -1.2228159       926.07799             926.07799
 4.3439796e-198       461.10689      0.24411733       1.0624828       3.2169746      0.25565163      -1.2228159       -1.2228159       924.65941             924.65941
  3.388454e-197       459.02195       0.2561616        1.058616       3.0261983     0.017587757      -1.2228159       -1.2228159       920.48953             920.48953
 3.8216314e-195        454.2657      0.27165149       1.0304326       3.0577534      0.28260867      -1.2228159       -1.2228159       910.97704             910.97704
 2.8073282e-191       445.33304      0.26227668      0.88737758       3.0865534     0.015001321      -1.2228159       -1.2228159        893.1117              893.1117
 6.4484747e-191       444.47065      0.23947588       1.0290079       3.1993016      0.10663818      -1.2228159       -1.2228159       891.38694             891.38694
 3.5566536e-183       426.61422      0.25014303      0.99624483       3.0763125       0.0117722      -1.2228159       -1.2228159       855.67408             855.67408
 1.5854025e-182       425.08885      0.27092007       1.0285562       3.0259268      0.13774617      -1.2228159       -1.2228159       852.62333             852.62333
 1.0986599e-172       402.39897      0.25878648       1.0456351        3.196889      0.38932792      -1.2228159       -1.2228159       807.24358             807.24358
 6.8087996e-154       359.09755      0.25991006       1.0469465       3.0242243     0.035364295      -1.2228159       -1.2228159       720.64072             720.64072
 9.6805091e-151       351.80712      0.24121215       1.0348534       3.1817639      0.11035815      -1.2228159       -1.2228159       706.05987             706.05987
 4.6607739e-149       347.90211      0.23138029       1.0529903       3.3251545      0.32130351      -1.2228159       -1.2228159       698.24985             698.24985
 9.7180315e-148       344.83395      0.25942511      0.98714387       3.1257422      0.14043858      -1.2228159       -1.2228159       692.11354             692.11354
 3.5457319e-147       343.50883      0.24250585      0.96183559       3.1702167     0.073422768      -1.2228159       -1.2228159        689.4633              689.4633
 1.1275173e-143       335.41345      0.22712856      0.99781028       3.4162119      0.39948011      -1.2228159       -1.2228159       673.27253             673.27253
 8.4115328e-139       324.16275      0.23358869       1.0084805       3.2267974     0.080863257      -1.2228159       -1.2228159       650.77113             650.77113
  1.923181e-136       318.69985      0.27498214      0.99025379       2.9805466      0.02281239      -1.2228159       -1.2228159       639.84533             639.84533
 7.8972412e-134       312.65137      0.24700314       1.0239393       3.2648331      0.34210277      -1.2228159       -1.2228159       627.74838             627.74838
 9.4937556e-133        310.1339      0.23520478       1.0243861       3.2546532      0.21895053      -1.2228159       -1.2228159       622.71342             622.71342
 1.5012564e-132       309.64487       0.2766983      0.95162754       2.9936542     0.028967885      -1.2228159       -1.2228159       621.73537             621.73537
  8.398624e-125       291.77424       0.2467683      0.92264747       3.1758092     0.077926151      -1.2228159       -1.2228159       585.99411             585.99411
 8.8988005e-125       291.68562      0.26721454      0.93220162       3.0312967     0.022517092      -1.2228159       -1.2228159       585.81687             585.81687
 2.1388216e-122       286.17275      0.25953453      0.96818476       3.2232685      0.38315752      -1.2228159       -1.2228159       574.79114             574.79114
 1.4625853e-120       281.91686      0.25915097       0.9481659       3.1866299      0.24998814      -1.2228159       -1.2228159       566.27935             566.27935
 2.3479126e-119       279.11018      0.25548065       1.0558314       3.1182218      0.20712451      -1.2228159       -1.2228159         560.666               560.666
 6.6710046e-118       275.73258      0.25174702       1.0438897       3.0865903     0.080459213      -1.2228159       -1.2228159       553.91079             553.91079
 5.9793996e-116       271.20609      0.25532386       1.0424761       3.0611234     0.069581219      -1.2228159       -1.2228159       544.85781             544.85781
 4.2674323e-111        259.9997      0.24583584       1.0335485       3.2127189      0.29808338      -1.2228159       -1.2228159       522.44503             522.44503
  1.188801e-109       256.64183      0.27102933       1.0089593       3.0121842      0.11699865      -1.2228159       -1.2228159       515.72928             515.72928
 2.0370872e-105       246.86214      0.24306601       1.0578933       3.2564231       0.3869352      -1.2228159       -1.2228159       496.16991             496.16991
   6.58044e-105       245.65879      0.24289324      0.98512591       3.3209631      0.37348772      -1.2228159       -1.2228159        493.7632              493.7632
 9.2119155e-104       242.98903      0.26342146      0.96565761       3.1646816      0.29552927      -1.2228159       -1.2228159        488.4237              488.4237
 1.9111477e-101        237.6233      0.23690656      0.94568463       3.2243423      0.05382699      -1.2228159       -1.2228159       477.69223             477.69223
 3.4351356e-101       237.00618      0.26093759      0.99652361        3.193163      0.35175603      -1.2228159       -1.2228159       476.45798             476.45798
  3.3826992e-97       227.78045      0.25297396      0.97001407        3.266679      0.39466389      -1.2228159       -1.2228159       458.00652             458.00652
  3.8378843e-91       213.80792      0.26168086      0.95736615       3.1193695      0.18257297      -1.2228159       -1.2228159       430.06146             430.06146
  1.3198334e-90       212.54198      0.23389469       1.0363903       3.3479324      0.38190464      -1.2228159       -1.2228159       427.52958             427.52958
  4.3514717e-90        211.3182      0.23290991      0.97921084       3.2839045      0.17586926      -1.2228159       -1.2228159       425.08202             425.08202
  9.6730515e-89       208.18601      0.25936609      0.96189766       3.1349544      0.19758129      -1.2228159       -1.2228159       418.81765             418.81765
  1.0410263e-83       196.56886      0.26592485      0.98829355       3.1263722      0.26373781      -1.2228159       -1.2228159       395.58336             395.58336
  2.2668493e-77        181.9444      0.26011216       1.0498295       3.1731127      0.39191369      -1.2228159       -1.2228159       366.33443             366.33443
  2.0840679e-75       177.39252      0.27307254      0.97359134       2.9781053    0.0047935792      -1.2228159       -1.2228159       357.23068             357.23068
  1.4058087e-74       175.45288      0.23745457      0.98189145       3.2701722      0.18515128      -1.2228159       -1.2228159       353.35139             353.35139
  1.9072025e-74       175.11708      0.25623769       1.0420496       3.1778178      0.36736612      -1.2228159       -1.2228159       352.67979             352.67979
  1.5348796e-73       173.00091      0.24297416      0.95137478       3.2324018      0.17782653      -1.2228159       -1.2228159       348.44745             348.44745
  2.2090792e-72       170.30343       0.2376077       1.0262256       3.2472401      0.21815355      -1.2228159       -1.2228159       343.05249             343.05249
  3.6189088e-70       165.17389      0.24230065      0.97265012       3.2261147      0.13901061      -1.2228159       -1.2228159       332.79341             332.79341
   1.427967e-65       154.56011      0.23819495      0.96095947       3.2453555       0.1455077      -1.2228159       -1.2228159       311.56586             311.56586
  1.8639842e-65       154.26288      0.24498374       1.0131092        3.135468     0.046712939      -1.2228159       -1.2228159       310.97139             310.97139
  4.7501185e-63       148.69148      0.24906342      0.92962882       3.1527723     0.028148817      -1.2228159       -1.2228159        299.8286              299.8286
  5.7004085e-61       143.87317       0.2562017       1.0197646       3.2169164      0.37915633      -1.2228159       -1.2228159       290.19198             290.19198
  1.1164847e-60       143.17017      0.25840323      0.98176215       3.0699116     0.068941503      -1.2228159       -1.2228159       288.78597             288.78597
  1.4199424e-60       142.89897      0.26381986      0.98718478        3.119616      0.21577399      -1.2228159       -1.2228159       288.24356             288.24356
  1.9206416e-60       142.56615      0.23933557      0.97847979       3.1980094      0.08539811      -1.2228159       -1.2228159       287.57793             287.57793
  2.6546796e-60       142.21171      0.25758341       1.0316386       3.1543727       0.2741917      -1.2228159       -1.2228159       286.86906             286.86906
  1.4384301e-56       133.58337      0.24351555      0.98124317       3.1582845     0.064713407      -1.2228159       -1.2228159       269.61238             269.61238
  1.1447356e-55        131.4784      0.23900733       1.0078863       3.2177469      0.15200188      -1.2228159       -1.2228159       265.40242             265.40242
  1.8023231e-54       128.69114      0.24222086      0.99587151       3.3239338      0.39934505      -1.2228159       -1.2228159        259.8279              259.8279
  6.0300056e-54       127.45269      0.26635274      0.96248813       3.0313071     0.041716822      -1.2228159       -1.2228159       257.35102             257.35102
  7.5463762e-54        127.1976      0.25909788      0.99956205       3.0859679      0.13152831      -1.2228159       -1.2228159       256.84084             256.84084
  1.1254552e-53       126.76713      0.24697672       1.0290098       3.2336472      0.29695056      -1.2228159       -1.2228159       255.97988             255.97988
  4.3869598e-52       123.07332      0.25845565       0.9554548       3.1498765       0.1905567      -1.2228159       -1.2228159       248.59227             248.59227
  1.9251999e-50       119.26098      0.24853171      0.96754361       3.2282377      0.22556552      -1.2228159       -1.2228159        240.9676              240.9676
  2.0821786e-50       119.15183      0.25693873       1.0204496       3.1988817      0.35134836      -1.2228159       -1.2228159       240.74929             240.74929
  2.7343307e-50       118.84858      0.24518511      0.94163146       3.1580524     0.014250957      -1.2228159       -1.2228159        240.1428              240.1428
  2.3440859e-43       102.85371       0.2541353      0.94628364       3.0923675    0.0021445497      -1.2228159       -1.2228159       208.15305             208.15305
  9.5986136e-43       101.41321       0.2396929      0.98719566       3.2086259      0.11566983      -1.2228159       -1.2228159       205.27206             205.27206
  2.1471737e-41       98.274737      0.23959578       1.0104495       3.2810152      0.31092995      -1.2228159       -1.2228159       198.99511             198.99511
  6.1530625e-41       97.191168      0.24642277      0.99383888       3.2632783      0.30977112      -1.2228159       -1.2228159       196.82797             196.82797
  4.2121307e-40       95.236793      0.25559435       1.0175665       3.2241557      0.39351285      -1.2228159       -1.2228159       192.91922             192.91922
  2.4613777e-39       93.440684       0.2564297       1.0147048       3.1146657      0.14723402      -1.2228159       -1.2228159         189.327               189.327
  1.1767059e-37       89.542744      0.24535775      0.97274278       3.2319598      0.20003231      -1.2228159       -1.2228159       181.53112             181.53112
   9.946827e-37       87.377438      0.25556412       1.0115275       3.1784737      0.27037824      -1.2228159       -1.2228159       177.20051             177.20051
  2.4155871e-36       86.459392      0.24135551       1.0044495       3.2835472      0.33566742      -1.2228159       -1.2228159       175.36442             175.36442
  1.0501128e-35        84.95908      0.24205774        1.005834       3.2062751      0.16826435      -1.2228159       -1.2228159       172.36379             172.36379
  1.8063761e-35       84.385883      0.26329412      0.99904027       3.0443578     0.063129992      -1.2228159       -1.2228159        171.2174              171.2174
  4.0325607e-34       81.249448      0.24471574      0.96737348       3.2354683      0.21924187      -1.2228159       -1.2228159       164.94453             164.94453
  4.0261145e-34       81.220276      0.25134408       1.0074723       3.1252186     0.093627613      -1.2228159       -1.2228159       164.88618             164.88618
  5.1208471e-34       80.948986      0.26029702      0.97792335       3.1191241      0.17896368      -1.2228159       -1.2228159        164.3436              164.3436
  8.2186259e-34       80.445131      0.24412413       1.0161625       3.2152962      0.20866044      -1.2228159       -1.2228159       163.33589             163.33589
  1.3015561e-32       77.652032      0.24990225      0.98747261       3.2199076      0.25156635      -1.2228159       -1.2228159        157.7497              157.7497
  1.0262416e-30       73.253747      0.24393035      0.99394068       3.2411874      0.26264936      -1.2228159       -1.2228159       148.95313             148.95313
  5.3147378e-29        69.27581      0.24630579       1.0243792       3.2146963      0.25067777      -1.2228159       -1.2228159       140.99725             140.99725
  6.9068474e-29       68.983009         0.24592       1.0323795       3.2238339      0.28759682      -1.2228159       -1.2228159       140.41165             140.41165
  2.6227318e-28       67.617949      0.26715216      0.97205318        3.017364     0.010773114      -1.2228159       -1.2228159       137.68153             137.68153
  2.0953972e-27       65.509066      0.24680919       0.9810871       3.1442299     0.071230015      -1.2228159       -1.2228159       133.46376             133.46376
  2.8172458e-27       65.182277      0.24647994       1.0002917        3.141772     0.074816924      -1.2228159       -1.2228159       132.81019             132.81019
  6.8852347e-27       64.257886        0.256185      0.99808835       3.1506782      0.22853074      -1.2228159       -1.2228159        130.9614              130.9614
  1.0902464e-26       63.767505      0.24627659       1.0334879        3.234291      0.32593603      -1.2228159       -1.2228159       129.98064             129.98064
   2.305257e-26       62.987945      0.25045804      0.95930957       3.1945623      0.18140861      -1.2228159       -1.2228159       128.42152             128.42152
  4.0082581e-26       62.404009      0.25276122       1.0074976       3.1874752      0.24741807      -1.2228159       -1.2228159       127.25365             127.25365
  6.4205418e-26       61.902091      0.24507498      0.96998326        3.146629     0.022602676      -1.2228159       -1.2228159       126.24981             126.24981
  1.1536407e-25       61.285314      0.24619818       1.0076283       3.1776428      0.16495278      -1.2228159       -1.2228159       125.01626             125.01626
   8.866166e-24       56.912638      0.25481769      0.98555612       3.1277456      0.14565087      -1.2228159       -1.2228159       116.27091             116.27091
  9.4287183e-24       56.820348       0.2597889      0.97817786       3.0513388     0.024211291      -1.2228159       -1.2228159       116.08633             116.08633
  9.6373975e-23       54.465101      0.25739378       1.0003695       3.0936775      0.09578929      -1.2228159       -1.2228159       111.37583             111.37583
  4.4305036e-21       50.606297      0.24563691      0.98356192       3.1692752     0.088002879      -1.2228159       -1.2228159       103.65823             103.65823
   4.677002e-21       50.521381      0.24640635      0.98716146       3.1372441     0.046174164      -1.2228159       -1.2228159       103.48839             103.48839
  5.6533879e-21       50.301012      0.24606977      0.96480055       3.2087897      0.16153717      -1.2228159       -1.2228159       103.04766             103.04766
  3.3371974e-20       48.494778       0.2473245      0.97285688       3.1264239    0.0013228984      -1.2228159       -1.2228159       99.435189             99.435189
  4.3508283e-20       48.198772      0.24424638       1.0269619       3.2822997      0.38162954      -1.2228159       -1.2228159       98.843176             98.843176
   8.157816e-20        47.53939      0.25043993       1.0306034       3.2199418      0.33548682      -1.2228159       -1.2228159       97.524412             97.524412
  8.9938323e-20       47.411056      0.26066985      0.96501575       3.0608508      0.03679059      -1.2228159       -1.2228159       97.267743             97.267743
   2.089062e-19       46.537523      0.24787922      0.98981082       3.2141955      0.24859442      -1.2228159       -1.2228159       95.520678             95.520678
  5.1936112e-19       45.596037      0.24968018      0.98115624       3.1790618      0.15295542      -1.2228159       -1.2228159       93.637706             93.637706
  5.6980502e-19       45.472571      0.24694549       1.0042783       3.2012821      0.19895468      -1.2228159       -1.2228159       93.390773             93.390773
  6.8832572e-19       45.252831      0.24795854      0.99993473        3.164057      0.14982782      -1.2228159       -1.2228159       92.951294             92.951294
  2.4365041e-17       43.206014      0.25690256      0.99702341       3.0584454    0.0077473277      -1.2228159       -1.2228159       88.857661             88.857661
  2.2533812e-17       43.129996      0.24786148      0.97568812       3.1208582     0.003628739      -1.2228159       -1.2228159       88.705624             88.705624
  1.3333313e-14        36.45931      0.26091147      0.95852891       3.0694971     0.029076791      -1.2228159       -1.2228159       75.364252             75.364252
  4.6256683e-12       30.476668      0.24860293      0.97849149       3.1250518     0.026049808      -1.2228159       -1.2228159       63.398968             63.398968
  8.3338564e-11       27.133393      0.25383264      0.98248791       3.0880925    0.0050068902      -1.2228159       -1.2228159       56.712417             56.712417
  1.5371609e-10       26.521197      0.24979992      0.95849512       3.1287701     0.031167308      -1.2228159       -1.2228159       55.488025             55.488025
  2.5823545e-10       25.801762       0.2598052      0.98706658       3.0607884     0.041940188      -1.2228159       -1.2228159       54.049155             54.049155
  1.0343987e-09       24.318748      0.25863452      0.98418985       3.0698559     0.035917796      -1.2228159       -1.2228159       51.083127             51.083127
   1.010532e-09       24.246781      0.25159426      0.97493835       3.1151395     0.032353188      -1.2228159       -1.2228159       50.939193             50.939193
  2.8884747e-08       20.798634      0.25927845      0.98237374        3.059974     0.032793928      -1.2228159       -1.2228159       44.042899             44.042899
  1.8917275e-06       16.354337      0.25285345      0.96728826        3.109182      0.02625038      -1.2228159       -1.2228159       35.154307             35.154307
  2.4029125e-06       16.115146      0.25315873      0.98055389       3.0916464     0.025128207      -1.2228159       -1.2228159       34.675925             34.675925
  3.8759507e-06       15.550026      0.25182008      0.98183777       3.1098858     0.037281929      -1.2228159       -1.2228159       33.545683             33.545683
  3.9792969e-06       15.523711      0.26062825      0.96894372       3.0607003     0.023632277      -1.2228159       -1.2228159       33.493055             33.493055
  4.1467546e-05       12.843433       0.2549745      0.97835339       3.0893762     0.043112468      -1.2228159       -1.2228159       28.132498             28.132498
  7.4954986e-05       12.251457       0.2521046      0.97435956       3.0992507      0.01717049      -1.2228159       -1.2228159       26.948545             26.948545
  0.00010765936       11.889372       0.2541224      0.98108642       3.0815559    0.0081613734      -1.2228159       -1.2228159       26.224376             26.224376
  0.00012289676          11.757      0.25851531      0.97802265       3.0746459     0.040907176      -1.2228159       -1.2228159       25.959631             25.959631
  0.00017503834       11.403339      0.25527202      0.98042589       3.0737309    0.0011445114      -1.2228159       -1.2228159        25.25231              25.25231
  0.00021029324       11.114481      0.25768512      0.96552048       3.0720175     0.016601395      -1.2228159       -1.2228159       24.674594             24.674594
  0.00047922702       10.290809      0.25705289      0.96817552       3.0699012    0.0042755416      -1.2228159       -1.2228159       23.027251             23.027251
   0.0008101518       9.7657622      0.25348278       0.9779594       3.0897174    0.0039847726      -1.2228159       -1.2228159       21.977156             21.977156
    0.002146463       8.6578757      0.25178019      0.97615489       3.1043505      0.02537561      -1.2228159       -1.2228159       19.761383             19.761383
   0.0034572103       8.0477037      0.25473621      0.96406012       3.1000965     0.029364257      -1.2228159       -1.2228159       18.541039             18.541039
    0.004751463       7.7297132      0.25255996      0.97901958       3.0982621     0.020363286      -1.2228159       -1.2228159       17.905058             17.905058
     0.01828614       5.8711967      0.25482449      0.96173175       3.0933975     0.020344705      -1.2228159       -1.2228159       14.188025             14.188025
    0.020619613       5.7510974      0.25294311      0.97674831        3.101612     0.038319518      -1.2228159       -1.2228159       13.947827             13.947827
    0.028386729       5.3136353      0.25641355      0.98121395       3.0797806     0.035755498      -1.2228159       -1.2228159       13.072902             13.072902
    0.042226275       4.9165144      0.25711477       0.9788366       3.0786879     0.035041316      -1.2228159       -1.2228159       12.278661             12.278661
    0.047987164       4.6550921      0.25142618      0.97269898         3.11671     0.043569536      -1.2228159       -1.2228159       11.755816             11.755816
    0.055236821       4.5143959      0.25447427      0.97999376       3.0879424     0.022369572      -1.2228159       -1.2228159       11.474424             11.474424
    0.055680665       4.5063927      0.25647287      0.96396397       3.0816994     0.018050564      -1.2228159       -1.2228159       11.458417             11.458417
    0.080013954       3.9615031      0.25762411      0.96455834       3.0779451     0.019317484      -1.2228159       -1.2228159       10.368638             10.368638
     0.11083838        3.635631      0.25242105      0.97436516       3.1051898     0.029195294      -1.2228159       -1.2228159       9.7168938             9.7168938
     0.33383766       1.8399021      0.25683306      0.97635126       3.0713806    0.0071970872      -1.2228159       -1.2228159        6.125436              6.125436
     0.36474339       1.6178315      0.25379952      0.96656167       3.1031832     0.033909097      -1.2228159       -1.2228159       5.6812948             5.6812948
     0.34302231       1.1402336      0.25625161      0.97344524       3.0894742     0.042077502      -1.2228159       -1.2228159        4.726099              4.726099
     0.36484975      0.99153205      0.25322438      0.97143525       3.1020289      0.02919277      -1.2228159       -1.2228159       4.4286959             4.4286959
     0.29076367       0.7260304      0.25619359      0.96690846        3.080239     0.012412468      -1.2228159       -1.2228159       3.8976926             3.8976926
     0.34154909       0.3537407      0.25480422      0.96735474        3.089869     0.012662699      -1.2228159       -1.2228159       3.1531132             3.1531132
     0.32605627      0.35137196      0.25525967      0.96557673       3.0856489    0.0073223008      -1.2228159       -1.2228159       3.1483757             3.1483757
     0.33206322      0.33311657      0.25704225       0.9717133       3.0764575     0.017744129      -1.2228159       -1.2228159       3.1118649             3.1118649
     0.33704663      0.31822066      0.25502352      0.97179836       3.0851169    0.0087438028      -1.2228159       -1.2228159       3.0820731             3.0820731
     0.34962558      0.12742845      0.25615275      0.97020612       3.0882253     0.035121339      -1.2228159       -1.2228159       2.7004887             2.7004887
     0.34291455       0.0980198      0.25608421      0.97277498       3.0796085     0.011723781      -1.2228159       -1.2228159       2.6416714             2.6416714
     0.34452243     0.093341901      0.25451669      0.96797296       3.0950752     0.024535473      -1.2228159       -1.2228159       2.6323156             2.6323156
     0.33461623     0.071223514      0.25474898      0.97456767       3.0921906     0.034284091      -1.2228159       -1.2228159       2.5880788             2.5880788
     0.30453455     0.018819783      0.25381107      0.97508965         3.10171     0.044773772      -1.2228159       -1.2228159       2.4832713             2.4832713
     0.31727178    -0.022154414      0.25452365      0.97411715        3.091932     0.025077698      -1.2228159       -1.2228159        2.401323              2.401323
     0.30642864    -0.036170732      0.25549976      0.97307316       3.0950312     0.045238095      -1.2228159       -1.2228159       2.3732903             2.3732903
     0.29435673    -0.044768403      0.25423692      0.96888282       3.0970149     0.027145178      -1.2228159       -1.2228159        2.356095              2.356095
     0.29511156    -0.047329439      0.25561965      0.97483664       3.0921317     0.042846438      -1.2228159       -1.2228159       2.3509729             2.3509729
     0.27704235    -0.084229829      0.25598561      0.96641264       3.0821579     0.011816509      -1.2228159       -1.2228159       2.2771721             2.2771721
     0.27390053     -0.12161462      0.25658697      0.96796436       3.0781958     0.013242147      -1.2228159       -1.2228159       2.2024025             2.2024025
     0.24017893     -0.32670607      0.25531248      0.97250862       3.0814397    0.0072307504      -1.2228159       -1.2228159       1.7922197             1.7922197
      0.2600274     -0.40610887      0.25554893      0.97076217       3.0893547     0.027946218      -1.2228159       -1.2228159        1.633414              1.633414
      0.2547931     -0.42351403      0.25515713      0.97442325       3.0958935     0.047207572      -1.2228159       -1.2228159       1.5986037             1.5986037
     0.25266864     -0.45288143      0.25499357      0.97175892       3.0892593     0.020946096      -1.2228159       -1.2228159       1.5398689             1.5398689
     0.24544178     -0.46160262       0.2560534      0.97034973        3.083822     0.020208213      -1.2228159       -1.2228159       1.5224265             1.5224265
      0.2489872     -0.47594435      0.25453445      0.96941441       3.0934409     0.024971913      -1.2228159       -1.2228159       1.4937431             1.4937431
     0.24200438     -0.48671936      0.25547721      0.97208811       3.0817972    0.0081531529      -1.2228159       -1.2228159       1.4721931             1.4721931
     0.23555651     -0.49893513      0.25367805      0.97538895       3.1048836      0.04963676      -1.2228159       -1.2228159       1.4477615             1.4477615
     0.22003475     -0.50773079      0.25687333      0.96866385       3.0766434     0.012536749      -1.2228159       -1.2228159       1.4301702             1.4301702
     0.21425001     -0.51882922      0.25406073      0.97267187       3.0982771     0.035674801      -1.2228159       -1.2228159       1.4079733             1.4079733
     0.20229459     -0.53551862      0.25355376       0.9742429       3.1071866     0.051994397      -1.2228159       -1.2228159       1.3745945             1.3745945
     0.20109136     -0.60101192      0.25616253       0.9665242       3.0800405    0.0043230298      -1.2228159       -1.2228159       1.2436079             1.2436079
     0.19361275     -0.63210546      0.25464726      0.97393578       3.1010111     0.049380807      -1.2228159       -1.2228159       1.1814209             1.1814209
     0.18856421     -0.63958559       0.2567025      0.97177041       3.0758245     0.013018609      -1.2228159       -1.2228159       1.1664606             1.1664606
     0.18364961     -0.64707818      0.25574517      0.97346977       3.0858135     0.026831661      -1.2228159       -1.2228159       1.1514754             1.1514754
     0.17958054     -0.65857389      0.25648243      0.96953062       3.0797196     0.017360096      -1.2228159       -1.2228159        1.128484              1.128484
     0.17399093      -0.6608548       0.2551015      0.97318037       3.0854688     0.016903073      -1.2228159       -1.2228159       1.1239222             1.1239222
     0.17510808     -0.66725501       0.2547214       0.9718411        3.095269     0.036716523      -1.2228159       -1.2228159       1.1111218             1.1111218
     0.17711854     -0.67867087      0.25530003      0.97011616       3.0916775     0.032672894      -1.2228159       -1.2228159       1.0882901             1.0882901
     0.17775453     -0.68225518      0.25556899      0.97306855       3.0895127     0.033109053      -1.2228159       -1.2228159       1.0811214             1.0811214
     0.17824759     -0.68502518      0.25570069      0.97087304        3.087861     0.030015707      -1.2228159       -1.2228159       1.0755814             1.0755814
     0.18030171     -0.69648326      0.25543727      0.97009633       3.0820257    0.0081114268      -1.2228159       -1.2228159       1.0526653             1.0526653
     0.19254261     -0.76216914      0.25569643      0.97078247       3.0891081     0.031646593      -1.2228159       -1.2228159       0.9212935             0.9212935
     0.19743361     -0.78725401      0.25381095      0.97434293       3.1048255     0.049271423      -1.2228159       -1.2228159      0.87112376            0.87112376
     0.19828654     -0.79156479      0.25593084      0.97076085       3.0860783     0.027558819      -1.2228159       -1.2228159      0.86250221            0.86250221
     0.19943374     -0.79733371      0.25431077       0.9715119        3.098458     0.035828677      -1.2228159       -1.2228159      0.85096437            0.85096437
      0.2003073     -0.80170434      0.25464072      0.97389544       3.0929939     0.031823475      -1.2228159       -1.2228159       0.8422231             0.8422231
     0.20273835     -0.81376791      0.25526424      0.96932763       3.0842708    0.0099616947      -1.2228159       -1.2228159      0.81809597            0.81809597
     0.20713779     -0.83523589      0.25581643      0.97059032       3.0857946     0.023220889      -1.2228159       -1.2228159      0.77516001            0.77516001
     0.20793212     -0.83906332      0.25684485      0.97058463       3.0747257     0.008624934      -1.2228159       -1.2228159      0.76750515            0.76750515
     0.21139048     -0.85555869      0.25534588      0.96864937       3.0870825     0.018397849      -1.2228159       -1.2228159       0.7345144             0.7345144
       0.214638     -0.87080454      0.25525943      0.97282098       3.0909987     0.032050367      -1.2228159       -1.2228159       0.7040227             0.7040227
     0.21748298     -0.88397227      0.25590037      0.97159063       3.0783325    0.0057207131      -1.2228159       -1.2228159      0.67768725            0.67768725
     0.21895341     -0.89071061      0.25517262       0.9739434       3.0898959     0.031339527      -1.2228159       -1.2228159      0.66421057            0.66421057
     0.21920815     -0.89187339      0.25576302      0.97257013       3.0865805     0.028686252      -1.2228159       -1.2228159      0.66188501            0.66188501
     0.22332614     -0.91048488      0.25615557      0.96853676       3.0802765     0.011997865      -1.2228159       -1.2228159      0.62466202            0.62466202
     0.22972004     -0.93871298      0.25568317      0.96982557       3.0870396     0.024284641      -1.2228159       -1.2228159      0.56820581            0.56820581
     0.23004435     -0.94012378       0.2569144      0.97057149       3.0727824    0.0022759432      -1.2228159       -1.2228159      0.56538422            0.56538422
     0.23287461      -0.9523518      0.25568029      0.96883276          3.0815    0.0052099776      -1.2228159       -1.2228159      0.54092819            0.54092819
     0.23332951      -0.9543033      0.25593179      0.96887623       3.0810647    0.0080948794      -1.2228159       -1.2228159      0.53702519            0.53702519
     0.23875619     -0.97729458      0.25646423      0.96812975       3.0774491    0.0069716077      -1.2228159       -1.2228159      0.49104263            0.49104263
     0.25331242      -1.0364752      0.25549246      0.97163621       3.0891856      0.03015431      -1.2228159       -1.2228159       0.3726813             0.3726813
      0.2543028      -1.0403773      0.25594979      0.96965324       3.0822179      0.01620265      -1.2228159       -1.2228159      0.36487715            0.36487715
     0.25765166      -1.0534602      0.25508979      0.97177612       3.0921134     0.032808108      -1.2228159       -1.2228159      0.33871143            0.33871143
      0.2900438      -1.1718836      0.25631049       0.9692109       3.0776181    0.0047826916      -1.2228159       -1.2228159      0.10186459            0.10186459
