#        weight    minuslogpost         omega_c             n_s            lnas            m_nu   minuslogprior minuslogprior__0            chi2 chi2__likelihood_CAMB
 2.0329764e-318       736.85614       0.2656517       1.0326224       3.1191066      0.25944294      -1.2228159       -1.2228159       1476.1579             1476.1579
 8.6414448e-314       726.16796      0.25873744      0.89149997       3.1991176      0.22798404      -1.2228159       -1.2228159       1454.7816             1454.7816
 7.6487993e-312       721.65404      0.25283363       1.0690269       3.0974258      0.19979951      -1.2228159       -1.2228159       1445.7537             1445.7537
  1.859663e-308       713.82708      0.23216525      0.97014548       3.3223124      0.28340671      -1.2228159       -1.2228159       1430.0998             1430.0998
 9.4446947e-292       675.32989       0.2185021      0.98976011       3.4212717       0.2820709      -1.2228159       -1.2228159       1353.1054             1353.1054
 4.1808604e-291       673.81147      0.25814897       1.0668713       3.0803368      0.22839054      -1.2228159       -1.2228159       1350.0686             1350.0686
 8.3396113e-288       666.18244      0.22553825       1.0129959       3.2423732       0.0212478      -1.2228159       -1.2228159       1334.8105             1334.8105
 6.5447095e-287       664.09144      0.28324583      0.98305819       3.0271939      0.26449063      -1.2228159       -1.2228159       1330.6285             1330.6285
 2.2991689e-272       630.56801      0.23729943         1.02888       3.1608126     0.070675409      -1.2228159       -1.2228159       1263.5816             1263.5816
 4.9951346e-271       627.45873      0.25626711       1.1024786       3.1644611      0.38550946      -1.2228159       -1.2228159       1257.3631             1257.3631
 2.6046393e-269       623.47396       0.2571658      0.98878867       3.2157942      0.30499954      -1.2228159       -1.2228159       1249.3936             1249.3936
 1.9054293e-258       598.42734      0.23069899       0.9444801       3.3518208      0.21132891      -1.2228159       -1.2228159       1199.3003             1199.3003
 2.2960785e-250       579.78939       0.2671275      0.98243258       3.1271508      0.33390057      -1.2228159       -1.2228159       1162.0244             1162.0244
 1.6738678e-234       543.23333        0.278658        1.018058       3.0330015      0.28485292      -1.2228159       -1.2228159       1088.9123             1088.9123
 5.8972648e-233       539.64062      0.28029979      0.99716968       3.0319835      0.25974994      -1.2228159       -1.2228159       1081.7269             1081.7269
 7.2241596e-232       537.10432      0.25358495      0.89185477       3.1520462     0.079280856      -1.2228159       -1.2228159       1076.6543             1076.6543
 8.9745931e-232       536.85658      0.26362129       0.9464854       3.1434358      0.26619637      -1.2228159       -1.2228159       1076.1588             1076.1588
 6.0859664e-208       481.95218        0.257166      0.93415197       3.1926792      0.19900332      -1.2228159       -1.2228159       966.34999             966.34999
 3.0143353e-200       464.20333      0.26390588      0.94606123       3.0708135    0.0001254251      -1.2228159       -1.2228159       930.85229             930.85229
  3.180931e-199       461.81618       0.2505743       1.0165084        3.060463   7.1448215e-05      -1.2228159       -1.2228159       926.07799             926.07799
 6.2694842e-199       461.10689      0.24411733       1.0624828       3.2169746      0.25565163      -1.2228159       -1.2228159       924.65941             924.65941
  4.890414e-198       459.02195       0.2561616        1.058616       3.0261983     0.017587757      -1.2228159       -1.2228159       920.48953             920.48953
 5.5156009e-196        454.2657      0.27165149       1.0304326       3.0577534      0.28260867      -1.2228159       -1.2228159       910.97704             910.97704
 4.0516995e-192       445.33304      0.26227668      0.88737758       3.0865534     0.015001321      -1.2228159       -1.2228159        893.1117              893.1117
 9.3068141e-192       444.47065      0.23947588       1.0290079       3.1993016      0.10663818      -1.2228159       -1.2228159       891.38694             891.38694
 5.1331696e-184       426.61422      0.25014303      0.99624483       3.0763125       0.0117722      -1.2228159       -1.2228159       855.67408             855.67408
 2.2881451e-183       425.08885      0.27092007       1.0285562       3.0259268      0.13774617      -1.2228159       -1.2228159       852.62333             852.62333
   1.58565e-173       402.39897      0.25878648       1.0456351        3.196889      0.38932792      -1.2228159       -1.2228159       807.24358             807.24358
  9.826856e-155       359.09755      0.25991006       1.0469465       3.0242243     0.035364295      -1.2228159       -1.2228159       720.64072             720.64072
 1.3971474e-151       351.80712      0.24121215       1.0348534       3.1817639      0.11035815      -1.2228159       -1.2228159       706.05987             706.05987
 6.7267002e-150       347.90211      0.23138029       1.0529903       3.3251545      0.32130351      -1.2228159       -1.2228159       698.24985             698.24985
 1.4025629e-148       344.83395      0.25942511      0.98714387       3.1257422      0.14043858      -1.2228159       -1.2228159       692.11354             692.11354
 5.1174067e-148       343.50883      0.24250585      0.96183559       3.1702167     0.073422768      -1.2228159       -1.2228159        689.4633              689.4633
 1.6272986e-144       335.41345      0.22712856      0.99781028       3.4162119      0.39948011      -1.2228159       -1.2228159       673.27253             673.27253
 1.2140014e-139       324.16275      0.23358869       1.0084805       3.2267974     0.080863257      -1.2228159       -1.2228159       650.77113             650.77113
 2.7756468e-137       318.69985      0.27498214      0.99025379       2.9805466      0.02281239      -1.2228159       -1.2228159       639.84533             639.84533
 1.1397758e-134       312.65137      0.24700314       1.0239393       3.2648331      0.34210277      -1.2228159       -1.2228159       627.74838             627.74838
 1.3701941e-133        310.1339      0.23520478       1.0243861       3.2546532      0.21895053      -1.2228159       -1.2228159       622.71342             622.71342
 2.1667007e-133       309.64487       0.2766983      0.95162754       2.9936542     0.028967885      -1.2228159       -1.2228159       621.73537             621.73537
 1.2121383e-125       291.77424       0.2467683      0.92264747       3.1758092     0.077926151      -1.2228159       -1.2228159       585.99411             585.99411
 1.2843267e-125       291.68562      0.26721454      0.93220162       3.0312967     0.022517092      -1.2228159       -1.2228159       585.81687             585.81687
 3.0868719e-123       286.17275      0.25953453      0.96818476       3.2232685      0.38315752      -1.2228159       -1.2228159       574.79114             574.79114
 2.1108882e-121       281.91686      0.25915097       0.9481659       3.1866299      0.24998814      -1.2228159       -1.2228159       566.27935             566.27935
 3.3886441e-120       279.11018      0.25548065       1.0558314       3.1182218      0.20712451      -1.2228159       -1.2228159         560.666               560.666
 9.6279823e-119       275.73258      0.25174702       1.0438897       3.0865903     0.080459213      -1.2228159       -1.2228159       553.91079             553.91079
 8.6298176e-117       271.20609      0.25532386       1.0424761       3.0611234     0.069581219      -1.2228159       -1.2228159       544.85781             544.85781
 6.1590067e-112        259.9997      0.24583584       1.0335485       3.2127189      0.29808338      -1.2228159       -1.2228159       522.44503             522.44503
 1.7157467e-110       256.64183      0.27102933       1.0089593       3.0121842      0.11699865      -1.2228159       -1.2228159       515.72928             515.72928
 2.9400428e-106       246.86214      0.24306601       1.0578933       3.2564231       0.3869352      -1.2228159       -1.2228159       496.16991             496.16991
 9.4972741e-106       245.65879      0.24289324      0.98512591       3.3209631      0.37348772      -1.2228159       -1.2228159        493.7632              493.7632
 1.3295173e-104       242.98903      0.26342146      0.96565761       3.1646816      0.29552927      -1.2228159       -1.2228159        488.4237              488.4237
 2.7582796e-102        237.6233      0.23690656      0.94568463       3.2243423      0.05382699      -1.2228159       -1.2228159       477.69223             477.69223
 4.9577877e-102       237.00618      0.26093759      0.99652361        3.193163      0.35175603      -1.2228159       -1.2228159       476.45798             476.45798
  4.8821084e-98       227.78045      0.25297396      0.97001407        3.266679      0.39466389      -1.2228159       -1.2228159       458.00652             458.00652
   5.539058e-92       213.80792      0.26168086      0.95736615       3.1193695      0.18257297      -1.2228159       -1.2228159       430.06146             430.06146
  1.9048603e-91       212.54198      0.23389469       1.0363903       3.3479324      0.38190464      -1.2228159       -1.2228159       427.52958             427.52958
  6.2802973e-91        211.3182      0.23290991      0.97921084       3.2839045      0.17586926      -1.2228159       -1.2228159       425.08202             425.08202
  1.3960711e-89       208.18601      0.25936609      0.96189766       3.1349544      0.19758129      -1.2228159       -1.2228159       418.81765             418.81765
  1.5024697e-84       196.56886      0.26592485      0.98829355       3.1263722      0.26373781      -1.2228159       -1.2228159       395.58336             395.58336
  3.2716488e-78        181.9444      0.26011216       1.0498295       3.1731127      0.39191369      -1.2228159       -1.2228159       366.33443             366.33443
  3.0078481e-76       177.39252      0.27307254      0.97359134       2.9781053    0.0047935792      -1.2228159       -1.2228159       357.23068             357.23068
  2.0289449e-75       175.45288      0.23745457      0.98189145       3.2701722      0.18515128      -1.2228159       -1.2228159       353.35139             353.35139
  2.7525856e-75       175.11708      0.25623769       1.0420496       3.1778178      0.36736612      -1.2228159       -1.2228159       352.67979             352.67979
  2.2152276e-74       173.00091      0.24297416      0.95137478       3.2324018      0.17782653      -1.2228159       -1.2228159       348.44745             348.44745
  3.1882717e-73       170.30343       0.2376077       1.0262256       3.2472401      0.21815355      -1.2228159       -1.2228159       343.05249             343.05249
  5.2230199e-71       165.17389      0.24230065      0.97265012       3.2261147      0.13901061      -1.2228159       -1.2228159       332.79341             332.79341
  2.0609252e-66       154.56011      0.23819495      0.96095947       3.2453555       0.1455077      -1.2228159       -1.2228159       311.56586             311.56586
  2.6902105e-66       154.26288      0.24498374       1.0131092        3.135468     0.046712939      -1.2228159       -1.2228159       310.97139             310.97139
  6.8556476e-64       148.69148      0.24906342      0.92962882       3.1527723     0.028148817      -1.2228159       -1.2228159        299.8286              299.8286
  8.2271614e-62       143.87317       0.2562017       1.0197646       3.2169164      0.37915633      -1.2228159       -1.2228159       290.19198             290.19198
  1.6113757e-61       143.17017      0.25840323      0.98176215       3.0699116     0.068941503      -1.2228159       -1.2228159       288.78597             288.78597
  2.0493436e-61       142.89897      0.26381986      0.98718478        3.119616      0.21577399      -1.2228159       -1.2228159       288.24356             288.24356
  2.7719818e-61       142.56615      0.23933557      0.97847979       3.1980094      0.08539811      -1.2228159       -1.2228159       287.57793             287.57793
  3.8313882e-61       142.21171      0.25758341       1.0316386       3.1543727       0.2741917      -1.2228159       -1.2228159       286.86906             286.86906
  2.0760261e-57       133.58337      0.24351555      0.98124317       3.1582845     0.064713407      -1.2228159       -1.2228159       269.61238             269.61238
  1.6521491e-56        131.4784      0.23900733       1.0078863       3.2177469      0.15200188      -1.2228159       -1.2228159       265.40242             265.40242
  2.6012176e-55       128.69114      0.24222086      0.99587151       3.3239338      0.39934505      -1.2228159       -1.2228159        259.8279              259.8279
  8.7028552e-55       127.45269      0.26635274      0.96248813       3.0313071     0.041716822      -1.2228159       -1.2228159       257.35102             257.35102
  1.0891369e-54        127.1976      0.25909788      0.99956205       3.0859679      0.13152831      -1.2228159       -1.2228159       256.84084             256.84084
  1.6243225e-54       126.76713      0.24697672       1.0290098       3.2336472      0.29695056      -1.2228159       -1.2228159       255.97988             255.97988
  6.3315158e-53       123.07332      0.25845565       0.9554548       3.1498765       0.1905567      -1.2228159       -1.2228159       248.59227             248.59227
  2.7785606e-51       119.26098      0.24853171      0.96754361       3.2282377      0.22556552      -1.2228159       -1.2228159        240.9676              240.9676
  3.0051214e-51       119.15183      0.25693873       1.0204496       3.1988817      0.35134836      -1.2228159       -1.2228159       240.74929             240.74929
  3.9463453e-51       118.84858      0.24518511      0.94163146       3.1580524     0.014250957      -1.2228159       -1.2228159        240.1428              240.1428
  3.3831212e-44       102.85371       0.2541353      0.94628364       3.0923675    0.0021445497      -1.2228159       -1.2228159       208.15305             208.15305
  1.3853278e-43       101.41321       0.2396929      0.98719566       3.2086259      0.11566983      -1.2228159       -1.2228159       205.27206             205.27206
  3.0989261e-42       98.274737      0.23959578       1.0104495       3.2810152      0.31092995      -1.2228159       -1.2228159       198.99511             198.99511
   8.880458e-42       97.191168      0.24642277      0.99383888       3.2632783      0.30977112      -1.2228159       -1.2228159       196.82797             196.82797
  6.0791922e-41       95.236793      0.25559435       1.0175665       3.2241557      0.39351285      -1.2228159       -1.2228159       192.91922             192.91922
  3.5524036e-40       93.440684       0.2564297       1.0147048       3.1146657      0.14723402      -1.2228159       -1.2228159         189.327               189.327
  1.6982905e-38       89.542744      0.24535775      0.97274278       3.2319598      0.20003231      -1.2228159       -1.2228159       181.53112             181.53112
   1.435584e-37       87.377438      0.25556412       1.0115275       3.1784737      0.27037824      -1.2228159       -1.2228159       177.20051             177.20051
  3.4863159e-37       86.459392      0.24135551       1.0044495       3.2835472      0.33566742      -1.2228159       -1.2228159       175.36442             175.36442
  1.5155839e-36        84.95908      0.24205774        1.005834       3.2062751      0.16826435      -1.2228159       -1.2228159       172.36379             172.36379
  2.6070672e-36       84.385883      0.26329412      0.99904027       3.0443578     0.063129992      -1.2228159       -1.2228159        171.2174              171.2174
  5.8200264e-35       81.249448      0.24471574      0.96737348       3.2354683      0.21924187      -1.2228159       -1.2228159       164.94453             164.94453
  5.8107228e-35       81.220276      0.25134408       1.0074723       3.1252186     0.093627613      -1.2228159       -1.2228159       164.88618             164.88618
  7.3907046e-35       80.948986      0.26029702      0.97792335       3.1191241      0.17896368      -1.2228159       -1.2228159        164.3436              164.3436
  1.1861599e-34       80.445131      0.24412413       1.0161625       3.2152962      0.20866044      -1.2228159       -1.2228159       163.33589             163.33589
  1.8784816e-33       77.652032      0.24990225      0.98747261       3.2199076      0.25156635      -1.2228159       -1.2228159        157.7497              157.7497
  1.4811317e-31       73.253747      0.24393035      0.99394068       3.2411874      0.26264936      -1.2228159       -1.2228159       148.95313             148.95313
   7.670539e-30        69.27581      0.24630579       1.0243792       3.2146963      0.25067777      -1.2228159       -1.2228159       140.99725             140.99725
  9.9683642e-30       68.983009         0.24592       1.0323795       3.2238339      0.28759682      -1.2228159       -1.2228159       140.41165             140.41165
  3.7852792e-29       67.617949      0.26715216      0.97205318        3.017364     0.010773114      -1.2228159       -1.2228159       137.68153             137.68153
  3.0241992e-28       65.509066      0.24680919       0.9810871       3.1442299     0.071230015      -1.2228159       -1.2228159       133.46376             133.46376
  4.0660132e-28       65.182277      0.24647994       1.0002917        3.141772     0.074816924      -1.2228159       -1.2228159       132.81019             132.81019
  9.9371715e-28       64.257886        0.256185      0.99808835       3.1506782      0.22853074      -1.2228159       -1.2228159        130.9614              130.9614
  1.5735071e-27       63.767505      0.24627659       1.0334879        3.234291      0.32593603      -1.2228159       -1.2228159       129.98064             129.98064
  3.3270811e-27       62.987945      0.25045804      0.95930957       3.1945623      0.18140861      -1.2228159       -1.2228159       128.42152             128.42152
  5.7849514e-27       62.404009      0.25276122       1.0074976       3.1874752      0.24741807      -1.2228159       -1.2228159       127.25365             127.25365
  9.2664998e-27       61.902091      0.24507498      0.96998326        3.146629     0.022602676      -1.2228159       -1.2228159       126.24981             126.24981
  1.6650014e-26       61.285314      0.24619818       1.0076283       3.1776428      0.16495278      -1.2228159       -1.2228159       125.01626             125.01626
  1.2796167e-24       56.912638      0.25481769      0.98555612       3.1277456      0.14565087      -1.2228159       -1.2228159       116.27091             116.27091
  1.3608075e-24       56.820348       0.2597889      0.97817786       3.0513388     0.024211291      -1.2228159       -1.2228159       116.08633             116.08633
  1.3909253e-23       54.465101      0.25739378       1.0003695       3.0936775      0.09578929      -1.2228159       -1.2228159       111.37583             111.37583
  6.3943608e-22       50.606297      0.24563691      0.98356192       3.1692752     0.088002879      -1.2228159       -1.2228159       103.65823             103.65823
  6.7501215e-22       50.521381      0.24640635      0.98716146       3.1372441     0.046174164      -1.2228159       -1.2228159       103.48839             103.48839
  8.1592986e-22       50.301012      0.24606977      0.96480055       3.2087897      0.16153717      -1.2228159       -1.2228159       103.04766             103.04766
  4.8164376e-21       48.494778       0.2473245      0.97285688       3.1264239    0.0013228984      -1.2228159       -1.2228159       99.435189             99.435189
  6.2793688e-21       48.198772      0.24424638       1.0269619       3.2822997      0.38162954      -1.2228159       -1.2228159       98.843176             98.843176
  1.1773835e-20        47.53939      0.25043993       1.0306034       3.2199418      0.33548682      -1.2228159       -1.2228159       97.524412             97.524412
  1.2980422e-20       47.411056      0.26066985      0.96501575       3.0608508      0.03679059      -1.2228159       -1.2228159       97.267743             97.267743
  3.0150559e-20       46.537523      0.24787922      0.98981082       3.2141955      0.24859442      -1.2228159       -1.2228159       95.520678             95.520678
   7.495722e-20       45.596037      0.24968018      0.98115624       3.1790618      0.15295542      -1.2228159       -1.2228159       93.637706             93.637706
  8.2237578e-20       45.472571      0.24694549       1.0042783       3.2012821      0.19895468      -1.2228159       -1.2228159       93.390773             93.390773
  9.9343174e-20       45.252831      0.24795854      0.99993473        3.164057      0.14982782      -1.2228159       -1.2228159       92.951294             92.951294
  3.1848962e-19       44.780969      0.25276403       1.0234351       3.1919506      0.30281256      -1.2228159       -1.2228159       92.007569             92.007569
  4.8199875e-19       44.366617      0.24772264       1.0063566       3.1795155      0.18775425      -1.2228159       -1.2228159       91.178866             91.178866
  6.4387827e-19       44.008056      0.24453405      0.99227103       3.2204043      0.19408867      -1.2228159       -1.2228159       90.461744             90.461744
  1.5348567e-17       40.767796      0.24931986      0.99839706       3.2320899        0.318659      -1.2228159       -1.2228159       83.981223             83.981223
  4.7112203e-17       39.577293      0.24354578       1.0013234       3.2284835      0.22897994      -1.2228159       -1.2228159       81.600217             81.600217
  6.1583239e-17       39.309435      0.24893501       1.0104595        3.252763      0.35587405      -1.2228159       -1.2228159       81.064502             81.064502
  1.2284175e-16       38.618928      0.25498371      0.97585129       3.1517038      0.17965083      -1.2228159       -1.2228159       79.683487             79.683487
  4.4794924e-16       37.325145      0.24376988      0.98100891       3.2302493      0.19912101      -1.2228159       -1.2228159       77.095921             77.095921
  8.7382806e-16       36.656941      0.25100155      0.99223372       3.1679381      0.19032105      -1.2228159       -1.2228159       75.759514             75.759514
  7.5011475e-15       34.507013      0.24911196        1.008217       3.2243632       0.2870184      -1.2228159       -1.2228159       71.459659             71.459659
  1.2626233e-13       31.683708      0.24602849       1.0165748        3.266134      0.35594093      -1.2228159       -1.2228159       65.813047             65.813047
  3.6731841e-13        30.61584       0.2449082      0.99813972       3.2126724      0.19463099      -1.2228159       -1.2228159       63.677313             63.677313
  2.3503889e-12       28.759733      0.24380823      0.99655804       3.2343202      0.23594673      -1.2228159       -1.2228159       59.965099             59.965099
  6.2011886e-12       27.789573      0.24621361       1.0023326       3.2643842       0.3377866      -1.2228159       -1.2228159       58.024778             58.024778
  3.0734619e-11       26.188925        0.254762       1.0029681        3.153785      0.21162553      -1.2228159       -1.2228159       54.823481             54.823481
  4.8021074e-11       25.519531      0.25522742       1.0012274       3.1506426      0.20394238      -1.2228159       -1.2228159       53.484693             53.484693
  6.9056071e-10       22.630523      0.25044111       1.0156217       3.2028628      0.27767557      -1.2228159       -1.2228159       47.706678             47.706678
  2.2593363e-07       16.616887      0.24728359      0.99529921       3.2238931       0.2603106      -1.2228159       -1.2228159       35.679406             35.679406
  5.8592174e-07       15.440798      0.24720451      0.99785116       3.2344527      0.27720726      -1.2228159       -1.2228159       33.327229             33.327229
  9.8890587e-07       14.917386      0.25154568      0.99636559       3.1961665      0.25608878      -1.2228159       -1.2228159       32.280403             32.280403
  0.00010048134       10.296257      0.24940995      0.99070288       3.2049231      0.23152727      -1.2228159       -1.2228159       23.038147             23.038147
  0.00073000505       7.6200308      0.25002523      0.99638089       3.2000708      0.24083245      -1.2228159       -1.2228159       17.685693             17.685693
  0.00082200448       7.5013364      0.25037472      0.99828232       3.1910413      0.22527118      -1.2228159       -1.2228159       17.448305             17.448305
   0.0014542804       6.9308158      0.24873488      0.99513381       3.1982509      0.21457647      -1.2228159       -1.2228159       16.307263             16.307263
