  0.889318162514244E-322  0.150753441124075E+004  0.287942142109788E+000  0.995806433210656E+000  0.295050142429516E+001  0.167171876648226E+000  0.529668711567471E+000 -0.753767205620376E+003
  0.503634763566232E-311  0.145794525560899E+004  0.284786416619321E+000  0.990155477943469E+000  0.301820727268858E+001  0.278281601791744E+000  0.529668711567471E+000 -0.728972627804493E+003
  0.552046579457624E-308  0.144387344757090E+004  0.280994147780894E+000  0.947879657351313E+000  0.298231895209696E+001  0.110792606990516E+000  0.529668711567471E+000 -0.721936723785451E+003
  0.209626328779552E-296  0.139047528178436E+004  0.228232616654290E+000  0.996750577853391E+000  0.324251432423327E+001  0.805450273213092E-001  0.529668711567471E+000 -0.695237640892180E+003
  0.239837375630381E-293  0.137631776687173E+004  0.260486668248918E+000  0.101454482170138E+001  0.312410085514903E+001  0.171416927942141E+000  0.529668711567471E+000 -0.688158883435865E+003
  0.393209181385720E-289  0.135683558954684E+004  0.276426062750029E+000  0.105494428228161E+001  0.297053904323795E+001  0.172735792756112E+000  0.529668711567471E+000 -0.678417794773422E+003
  0.162199027825618E-304  0.142916530136585E+004  0.244630459295082E+000  0.114898451452099E+001  0.329075520822281E+001  0.676277067118015E+000  0.529668711567471E+000 -0.714582650682923E+003
  0.386816489608088E-296  0.138977475717068E+004  0.276874362357103E+000  0.110476211458081E+001  0.312321767527451E+001  0.674209327193877E+000  0.529668711567471E+000 -0.694887378585341E+003
  0.382975260325904E-288  0.135295335568450E+004  0.227158982131406E+000  0.113092499489845E+001  0.343964786182152E+001  0.695960694731967E+000  0.529668711567471E+000 -0.676476677842252E+003
  0.911368850713576E-286  0.134126613177570E+004  0.284358379001837E+000  0.100275944599368E+001  0.299058788696243E+001  0.227577307772817E+000  0.529668711567471E+000 -0.670633065887850E+003
  0.296911315793895E-283  0.132962091434269E+004  0.235511510745019E+000  0.103677108322984E+001  0.337683555694977E+001  0.435761884205372E+000  0.529668711567471E+000 -0.664810457171346E+003
  0.108068285544696E-279  0.131314883869701E+004  0.252919126990623E+000  0.108024453768086E+001  0.311727022481819E+001  0.185904384445586E+000  0.529668711567471E+000 -0.656574419348506E+003
  0.184712982206721E-272  0.127976783236291E+004  0.240344609896004E+000  0.910809373982677E+000  0.328107757412375E+001  0.153283540238164E+000  0.529668711567471E+000 -0.639883916181456E+003
  0.466787938995914E-264  0.124099959180737E+004  0.265620211747324E+000  0.957388821351901E+000  0.307103419743722E+001  0.156192212346770E+000  0.529668711567471E+000 -0.620499795903687E+003
  0.222488659754804E-259  0.121938300344817E+004  0.220047999411499E+000  0.105669986237407E+001  0.344641282810642E+001  0.444013058443257E+000  0.529668711567471E+000 -0.609691501724084E+003
  0.329068909254111E-259  0.121852748606675E+004  0.282297752243300E+000  0.101935188482019E+001  0.301059437399978E+001  0.258264702433125E+000  0.529668711567471E+000 -0.609263743033373E+003
  0.648396018415652E-255  0.119867760109493E+004  0.262935110481401E+000  0.881959228211261E+000  0.311934982970411E+001  0.699128618371983E-001  0.529668711567471E+000 -0.599338800547467E+003
  0.516025789296284E-248  0.116682536431612E+004  0.267965293223146E+000  0.909065508710415E+000  0.312145495642274E+001  0.163260283073533E+000  0.529668711567471E+000 -0.583412682158062E+003
  0.163731245044986E-244  0.115070054439139E+004  0.246105373953118E+000  0.963170393593222E+000  0.321772532221844E+001  0.240626653711563E+000  0.529668711567471E+000 -0.575350272195695E+003
  0.742007963282457E-240  0.112918211570864E+004  0.247585079450108E+000  0.107251483609371E+001  0.327651520146690E+001  0.449092349687896E+000  0.529668711567471E+000 -0.564591057854319E+003
  0.735538193473024E-238  0.111991380969674E+004  0.244541507147887E+000  0.997375828125242E+000  0.332008466372016E+001  0.385946773386850E+000  0.529668711567471E+000 -0.559956904848368E+003
  0.612036475554895E-237  0.111567626068267E+004  0.282772974070698E+000  0.990350065973926E+000  0.299734020461108E+001  0.187541541201683E+000  0.529668711567471E+000 -0.557838130341334E+003
  0.548758987928972E-232  0.109279023340272E+004  0.244194770787817E+000  0.104777670322826E+001  0.327142582553047E+001  0.340812220714852E+000  0.529668711567471E+000 -0.546395116701358E+003
  0.958864104225414E-218  0.102712322934065E+004  0.223280520009835E+000  0.100412599896670E+001  0.347921664320189E+001  0.483034538398368E+000  0.529668711567471E+000 -0.513561614670323E+003
  0.958557576675749E-217  0.102244025718613E+004  0.248629768729573E+000  0.104702131136029E+001  0.315243057274755E+001  0.232199569415468E+000  0.529668711567471E+000 -0.511220128593065E+003
  0.462274556088147E-214  0.101000484647872E+004  0.229434170934784E+000  0.989792540093936E+000  0.327162719233731E+001  0.813029633731423E-001  0.529668711567471E+000 -0.505002423239358E+003
  0.382272331357968E-202  0.955044414276342E+003  0.261452637760199E+000  0.931118892146507E+000  0.308012329313523E+001  0.819238505841175E-001  0.529668711567471E+000 -0.477522207138171E+003
  0.193011857722214E-199  0.942517225567928E+003  0.249778209210293E+000  0.102052824257536E+001  0.329482436429587E+001  0.566486193773736E+000  0.529668711567471E+000 -0.471258612783964E+003
  0.728771986285064E-194  0.916834156075835E+003  0.263535993260954E+000  0.103472084365168E+001  0.302140551804783E+001  0.317058805717629E-001  0.529668711567471E+000 -0.458417078037918E+003
  0.292348352559281E-188  0.891029964615165E+003  0.267965614428123E+000  0.931051161296212E+000  0.312808388928983E+001  0.221570891818128E+000  0.529668711567471E+000 -0.445514982307582E+003
  0.237582444824100E-182  0.863728687030602E+003  0.227319400511186E+000  0.969721385294237E+000  0.331416607105849E+001  0.163564725423434E+000  0.529668711567471E+000 -0.431864343515301E+003
  0.202734338249328E-158  0.753355075860887E+003  0.248945049406280E+000  0.106929719699014E+001  0.318040249516129E+001  0.265646845192479E+000  0.529668711567471E+000 -0.376677537930444E+003
  0.204356839560811E-158  0.753339133389116E+003  0.259462103806298E+000  0.967141133852483E+000  0.311053302218589E+001  0.169943543626702E+000  0.529668711567471E+000 -0.376669566694558E+003
  0.215888886975256E-153  0.730118370862554E+003  0.252900784994602E+000  0.961724163909189E+000  0.320693771464349E+001  0.205677285282939E+000  0.529668711567471E+000 -0.365059185431277E+003
  0.195653700190624E-144  0.688783555164631E+003  0.236341683018418E+000  0.100265353019285E+001  0.325662760374838E+001  0.222271373645679E+000  0.529668711567471E+000 -0.344391777582316E+003
  0.100404869804449E-134  0.643899361188199E+003  0.246473613776540E+000  0.103127655165008E+001  0.320028775698382E+001  0.203356555225549E+000  0.529668711567471E+000 -0.321949680594100E+003
  0.714410497210896E-134  0.639893223172981E+003  0.252382537303007E+000  0.924958668598966E+000  0.321845510337044E+001  0.222826955084084E+000  0.529668711567471E+000 -0.319946611586491E+003
  0.181305274552502E-133  0.637948960023767E+003  0.249438995935833E+000  0.956124120340448E+000  0.328381705279464E+001  0.390149338230527E+000  0.529668711567471E+000 -0.318974480011884E+003
  0.319617292335672E-130  0.622839479833818E+003  0.256668465361962E+000  0.103347469863185E+001  0.310737838297567E+001  0.207427840514859E+000  0.529668711567471E+000 -0.311419739916909E+003
  0.108789986121264E-128  0.615706108091037E+003  0.268868613702228E+000  0.929343535487771E+000  0.306142429225378E+001  0.597189188986764E-001  0.529668711567471E+000 -0.307853054045518E+003
  0.232545267984726E-117  0.563451463386410E+003  0.269228463500897E+000  0.978413300945632E+000  0.310702525804160E+001  0.265861184577443E+000  0.529668711567471E+000 -0.281725731693205E+003
  0.305842752914442E-117  0.562903491019567E+003  0.251270217775903E+000  0.978119571637554E+000  0.317943267340718E+001  0.145470760709747E+000  0.529668711567471E+000 -0.281451745509783E+003
  0.109307281826994E-187  0.889253941675926E+003  0.231637188907765E+000  0.107476108560932E+001  0.346384475422434E+001  0.785500024574847E+000  0.529668711567471E+000 -0.444626970837963E+003
  0.676988485467229E-177  0.839555257317557E+003  0.241463845938949E+000  0.106448406565082E+001  0.339363399070248E+001  0.650346063171571E+000  0.529668711567471E+000 -0.419777628658778E+003
  0.334810944061178E-161  0.767280710818066E+003  0.267155303988319E+000  0.105816618074943E+001  0.325094794765978E+001  0.771846512770482E+000  0.529668711567471E+000 -0.383640355409033E+003
  0.872277008617848E-153  0.727887359833004E+003  0.257387998686031E+000  0.105362565704800E+001  0.332015468034610E+001  0.743114999698407E+000  0.529668711567471E+000 -0.363943679916502E+003
  0.166593656921051E-137  0.657515735634377E+003  0.251465460553295E+000  0.105957528636645E+001  0.329167801964965E+001  0.649111033484964E+000  0.529668711567471E+000 -0.328757867817188E+003
  0.358065255403396E-132  0.632959569520139E+003  0.263195436286502E+000  0.110702605974691E+001  0.322531286974597E+001  0.719262712308183E+000  0.529668711567471E+000 -0.316479784760070E+003
  0.550389127830736E-116  0.557041567959132E+003  0.269001037359626E+000  0.954678030820148E+000  0.309231614880271E+001  0.189592162553892E+000  0.529668711567471E+000 -0.278520783979566E+003
  0.348067057974163E-111  0.534850533793492E+003  0.252811686306150E+000  0.100309926833998E+001  0.322567588781367E+001  0.390658806662464E+000  0.529668711567471E+000 -0.267425266896746E+003
  0.429076061310061E-106  0.511246119356676E+003  0.245043134513071E+000  0.993482913992632E+000  0.315670206181560E+001  0.418656469022030E-001  0.529668711567471E+000 -0.255623059678338E+003
  0.394197397890430E-103  0.497521732189595E+003  0.267485495774528E+000  0.100465455102780E+001  0.314304474438518E+001  0.363209681887530E+000  0.529668711567471E+000 -0.248760866094797E+003
  0.995606451481828E-097  0.468037710560151E+003  0.266569488193091E+000  0.935295247200948E+000  0.306952197786082E+001  0.915883793241082E-001  0.529668711567471E+000 -0.234018855280076E+003
  0.146397865716140E-095  0.462579774254108E+003  0.236183921531925E+000  0.959367240493050E+000  0.323390931163630E+001  0.719948179750783E-001  0.529668711567471E+000 -0.231289887127054E+003
  0.870625208385620E-091  0.440511682399302E+003  0.260066138523714E+000  0.102438864054929E+001  0.322969111026432E+001  0.482126550219991E+000  0.529668711567471E+000 -0.220255841199651E+003
  0.856660982357108E-089  0.431252036698421E+003  0.234500821554139E+000  0.103807588998231E+001  0.340327363640632E+001  0.529280464998367E+000  0.529668711567471E+000 -0.215626018349210E+003
  0.979861134465916E-085  0.412562618737905E+003  0.248904573000336E+000  0.104328302466704E+001  0.331395677310999E+001  0.542988714998984E+000  0.529668711567471E+000 -0.206281309368953E+003
  0.830623945315902E-083  0.403597626541853E+003  0.249451322434302E+000  0.100819049602939E+001  0.308466640686983E+001  0.126414285359983E-001  0.529668711567471E+000 -0.201798813270926E+003
  0.289098365513050E-082  0.401018157455869E+003  0.231254005284603E+000  0.103894958829394E+001  0.339874928817604E+001  0.481405653359511E+000  0.529668711567471E+000 -0.200509078727934E+003
  0.224942623307495E-077  0.378409030563363E+003  0.242581325694993E+000  0.100448731783001E+001  0.316072868803391E+001  0.886577263482181E-001  0.529668711567471E+000 -0.189204515281681E+003
  0.129368472176135E-073  0.361009591902623E+003  0.235725733527835E+000  0.102954326976876E+001  0.334117110243996E+001  0.426222953318525E+000  0.529668711567471E+000 -0.180504795951312E+003
  0.194155250227612E-073  0.360197605119033E+003  0.241648800978323E+000  0.101547354577574E+001  0.330032555708424E+001  0.347316033233418E+000  0.529668711567471E+000 -0.180098802559517E+003
  0.154054344197891E-069  0.341983962978792E+003  0.250693400292941E+000  0.108274633176578E+001  0.326800570807145E+001  0.577081478062444E+000  0.529668711567471E+000 -0.170991981489396E+003
  0.546056063213250E-069  0.339371486538182E+003  0.257143543660497E+000  0.974343901558301E+000  0.320565957481314E+001  0.334027147375092E+000  0.529668711567471E+000 -0.169685743269091E+003
  0.333754668147212E-066  0.326380521472424E+003  0.254114036717370E+000  0.104399515067669E+001  0.314549352753254E+001  0.247751195929433E+000  0.529668711567471E+000 -0.163190260736212E+003
  0.250915672871969E-065  0.322192007761254E+003  0.240289336107880E+000  0.105221764593582E+001  0.330607381422390E+001  0.408592869220526E+000  0.529668711567471E+000 -0.161096003880627E+003
  0.733030885323107E-115  0.552792444077618E+003  0.233711914566694E+000  0.107376516460681E+001  0.343603932517502E+001  0.727158517341929E+000  0.529668711567471E+000 -0.276396222038809E+003
  0.555467272325789E-107  0.516505838879437E+003  0.238156966903199E+000  0.111099902982043E+001  0.338728735921966E+001  0.702954326308130E+000  0.529668711567471E+000 -0.258252919439719E+003
  0.388549559101506E-105  0.507774710365573E+003  0.234060968159818E+000  0.107363563966408E+001  0.344953815148714E+001  0.712570691912410E+000  0.529668711567471E+000 -0.253887355182786E+003
  0.290320851369543E-104  0.503516842171282E+003  0.244818762031229E+000  0.112887325426102E+001  0.334887699670580E+001  0.783100090766013E+000  0.529668711567471E+000 -0.251758421085641E+003
  0.659547633765592E-103  0.497034970911547E+003  0.243641522397058E+000  0.102566626960475E+001  0.340394452075185E+001  0.721561085514277E+000  0.529668711567471E+000 -0.248517485455774E+003
  0.125082217724095E-084  0.412415616142667E+003  0.246120589341536E+000  0.110475495891857E+001  0.331564420173924E+001  0.646538919257521E+000  0.529668711567471E+000 -0.206207808071333E+003
  0.990855308475886E-083  0.403460530414927E+003  0.252845974665900E+000  0.109544727570870E+001  0.328502466446889E+001  0.700749931647341E+000  0.529668711567471E+000 -0.201730265207463E+003
  0.212199107313941E-079  0.387911215637138E+003  0.249739541691339E+000  0.111433376615771E+001  0.331710164743762E+001  0.766335838970923E+000  0.529668711567471E+000 -0.193955607818569E+003
  0.320037398422443E-073  0.359057027450928E+003  0.253537281329345E+000  0.110077632438032E+001  0.329879316141698E+001  0.764323029630723E+000  0.529668711567471E+000 -0.179528513725464E+003
  0.408334982465664E-071  0.349359387051034E+003  0.255788241109820E+000  0.109211961284144E+001  0.326989531335757E+001  0.692624433943791E+000  0.529668711567471E+000 -0.174679693525517E+003
  0.457097007982085E-071  0.348923050486379E+003  0.254973180762814E+000  0.109071051124115E+001  0.326398299517477E+001  0.654675545156679E+000  0.529668711567471E+000 -0.174461525243190E+003
  0.756307223848983E-070  0.343310776230954E+003  0.258022276135882E+000  0.108557903815990E+001  0.327074551380112E+001  0.703239560621281E+000  0.529668711567471E+000 -0.171655388115477E+003
  0.515208880383897E-068  0.334632620313606E+003  0.235249280808746E+000  0.104147047573635E+001  0.342685164386497E+001  0.637214563249118E+000  0.529668711567471E+000 -0.167316310156803E+003
  0.346815025867969E-067  0.330819011808134E+003  0.244229995335859E+000  0.104581911536263E+001  0.339796447666694E+001  0.754217667931462E+000  0.529668711567471E+000 -0.165409505904067E+003
  0.103659115867407E-065  0.323756976226083E+003  0.250170077731920E+000  0.107676614979805E+001  0.336317721611230E+001  0.799053442238903E+000  0.529668711567471E+000 -0.161878488113041E+003
  0.509354873679893E-065  0.320700470998507E+003  0.246853981505358E+000  0.951142785434753E+000  0.313351093801200E+001  0.150887646106407E-001  0.529668711567471E+000 -0.160350235499253E+003
  0.198641362173721E-064  0.317903108102042E+003  0.256494175704191E+000  0.105819902757737E+001  0.322535850042896E+001  0.517448562915102E+000  0.529668711567471E+000 -0.158951554051021E+003
  0.841936180551062E-064  0.314939221010828E+003  0.271532799400291E+000  0.947012689723668E+000  0.300962499548493E+001  0.834805103628013E-002  0.529668711567471E+000 -0.157469610505414E+003
  0.126164816803766E-063  0.314054800357385E+003  0.240274770339692E+000  0.101570825372049E+001  0.327752875046611E+001  0.280037504197638E+000  0.529668711567471E+000 -0.157027400178693E+003
  0.103757141585066E-062  0.309765221776927E+003  0.247326815098415E+000  0.932676409339755E+000  0.316370938327113E+001  0.331198879628694E-001  0.529668711567471E+000 -0.154882610888464E+003
  0.232932193074936E-062  0.308072352314822E+003  0.259280814996951E+000  0.959195232849231E+000  0.306277353678900E+001  0.327554013702751E-001  0.529668711567471E+000 -0.154036176157411E+003
  0.210051975047665E-061  0.303598486260958E+003  0.252855321687018E+000  0.102819678432468E+001  0.309809238010751E+001  0.944574027949667E-001  0.529668711567471E+000 -0.151799243130479E+003
  0.364804994523009E-061  0.302418989707169E+003  0.265133116580190E+000  0.100733011415724E+001  0.301843910168358E+001  0.273728125005254E-001  0.529668711567471E+000 -0.151209494853584E+003
  0.217393366634654E-060  0.298700912551417E+003  0.246893758380758E+000  0.986931981200053E+000  0.325784126758835E+001  0.288307115928764E+000  0.529668711567471E+000 -0.149350456275708E+003
  0.179704484252521E-057  0.285123273494246E+003  0.241347878345698E+000  0.101986721638096E+001  0.326493558563946E+001  0.321775825213033E+000  0.529668711567471E+000 -0.142561636747123E+003
  0.234007498657697E-057  0.284525012029009E+003  0.259880262899852E+000  0.989589079824601E+000  0.318496392571018E+001  0.320463463078185E+000  0.529668711567471E+000 -0.142262506014504E+003
  0.127850515447440E-055  0.276385668768065E+003  0.254770253732222E+000  0.964855981897448E+000  0.310570052835383E+001  0.177953490845977E-001  0.529668711567471E+000 -0.138192834384032E+003
  0.513260543691896E-053  0.264327681562146E+003  0.247155622829845E+000  0.102004517151746E+001  0.316052157056793E+001  0.132366965824590E+000  0.529668711567471E+000 -0.132163840781073E+003
  0.724114583142597E-053  0.263571546368415E+003  0.235915294069202E+000  0.104797526111031E+001  0.335992992494885E+001  0.476979145426803E+000  0.529668711567471E+000 -0.131785773184207E+003
  0.493442233258439E-051  0.255060490587189E+003  0.244745188132602E+000  0.104041566185860E+001  0.325329124487823E+001  0.371806386248532E+000  0.529668711567471E+000 -0.127530245293595E+003
  0.184569676686355E-049  0.247683524972649E+003  0.246158387745919E+000  0.954445676249738E+000  0.323814175236717E+001  0.210502194263648E+000  0.529668711567471E+000 -0.123841762486324E+003
  0.229539946955200E-047  0.237971504891915E+003  0.260096936864242E+000  0.100658468477360E+001  0.306072385893522E+001  0.911690817939473E-001  0.529668711567471E+000 -0.118985752445957E+003
  0.584270081376553E-047  0.236037352708524E+003  0.255045360133182E+000  0.101157058458142E+001  0.318845455518130E+001  0.328527947819588E+000  0.529668711567471E+000 -0.118018676354262E+003
  0.279834467266748E-046  0.232838933084925E+003  0.252612106042565E+000  0.102411722696807E+001  0.315338565664677E+001  0.192632216832679E+000  0.529668711567471E+000 -0.116419466542463E+003
  0.128339128794655E-045  0.229727227325244E+003  0.253710394700967E+000  0.972277505728878E+000  0.322338588951009E+001  0.307651345679699E+000  0.529668711567471E+000 -0.114863613662622E+003
  0.129295059023578E-045  0.229712385589776E+003  0.241762664517829E+000  0.101837189981929E+001  0.330714136011278E+001  0.424276498081485E+000  0.529668711567471E+000 -0.114856192794888E+003
  0.225410445567856E-045  0.228532930744188E+003  0.244958612082452E+000  0.104054005989486E+001  0.333988799951642E+001  0.600705160558423E+000  0.529668711567471E+000 -0.114266465372094E+003
  0.339227999361505E-044  0.222976878803388E+003  0.239671558323680E+000  0.985560827688176E+000  0.322312947459250E+001  0.127434793613334E+000  0.529668711567471E+000 -0.111488439401694E+003
  0.839633450387610E-044  0.221098713193310E+003  0.249637156401967E+000  0.989265402317730E+000  0.316108073721970E+001  0.114642825103477E+000  0.529668711567471E+000 -0.110549356596655E+003
  0.222845936842333E-043  0.219080932884657E+003  0.254137765794374E+000  0.996458626922018E+000  0.312588226811776E+001  0.105970214326239E+000  0.529668711567471E+000 -0.109540466442328E+003
  0.121189677810658E-063  0.314234137614380E+003  0.239349955715563E+000  0.109845228351646E+001  0.340485126686569E+001  0.786042391064409E+000  0.529668711567471E+000 -0.157117068807190E+003
  0.101579542431968E-060  0.300463355181913E+003  0.251828544509658E+000  0.108667271883425E+001  0.332818715960492E+001  0.744477455906399E+000  0.529668711567471E+000 -0.150231677590956E+003
  0.884322447146584E-058  0.286925055620955E+003  0.236345968494075E+000  0.107840104668836E+001  0.341860879130744E+001  0.711366231858524E+000  0.529668711567471E+000 -0.143462527810477E+003
  0.346399235758256E-056  0.279589174818778E+003  0.245055491790556E+000  0.108645841243283E+001  0.336731997409353E+001  0.776118104743586E+000  0.529668711567471E+000 -0.139794587409389E+003
  0.845708516716713E-051  0.254778158315029E+003  0.244450068964514E+000  0.110730085513427E+001  0.337045068141855E+001  0.795189750479010E+000  0.529668711567471E+000 -0.127389079157514E+003
  0.448366904812234E-050  0.250866749736463E+003  0.250301679213896E+000  0.109388883863567E+001  0.330844755164805E+001  0.698013608119091E+000  0.529668711567471E+000 -0.125433374868232E+003
  0.884573893074959E-045  0.225906546319373E+003  0.243826303023322E+000  0.108446625103776E+001  0.338371048916069E+001  0.752225905582343E+000  0.529668711567471E+000 -0.112953273159687E+003
  0.183192181262241E-040  0.206029835948792E+003  0.252037956150408E+000  0.108249755143996E+001  0.333258163239943E+001  0.774887056910066E+000  0.529668711567471E+000 -0.103014917974396E+003
  0.209117102021464E-039  0.200658347647857E+003  0.248494595587655E+000  0.994442328570007E+000  0.312483129589770E+001  0.329977790688115E-001  0.529668711567471E+000 -0.100329173823928E+003
  0.699708110369271E-039  0.198744410782275E+003  0.249143685543774E+000  0.108645104369883E+001  0.332251897333323E+001  0.704320468143330E+000  0.529668711567471E+000 -0.993722053911376E+002
  0.219022438715071E-038  0.195835577162619E+003  0.248520957251484E+000  0.100279606036860E+001  0.312903707261617E+001  0.580445337522604E-001  0.529668711567471E+000 -0.979177885813095E+002
  0.142205715173409E-037  0.192032662612897E+003  0.240057750038706E+000  0.994148041771924E+000  0.321835694226564E+001  0.152705001143755E+000  0.529668711567471E+000 -0.960163313064484E+002
  0.826005774144118E-037  0.188452465182900E+003  0.258527629908548E+000  0.100032385401941E+001  0.316013105814692E+001  0.284147319824308E+000  0.529668711567471E+000 -0.942262325914502E+002
  0.190004098198856E-036  0.186724863924759E+003  0.255866016467813E+000  0.102412996917595E+001  0.318001998252059E+001  0.300794304455699E+000  0.529668711567471E+000 -0.933624319623797E+002
  0.345546759455686E-036  0.185467155945094E+003  0.257385078616954E+000  0.101248802788338E+001  0.306813890317226E+001  0.613412837464645E-001  0.529668711567471E+000 -0.927335779725468E+002
  0.341735566088145E-036  0.185427794094048E+003  0.253182050338409E+000  0.102440132493310E+001  0.315364019210418E+001  0.206299619922094E+000  0.529668711567471E+000 -0.927138970470239E+002
  0.370322948787459E-036  0.185205574336549E+003  0.253726847501971E+000  0.948745400312225E+000  0.315688338756853E+001  0.140191542420282E+000  0.529668711567471E+000 -0.926027871682745E+002
  0.154236357201355E-034  0.177685469140533E+003  0.238787369567519E+000  0.103695792504973E+001  0.331660155470494E+001  0.403485452621828E+000  0.529668711567471E+000 -0.888427345702666E+002
  0.176932242747941E-034  0.177349364549007E+003  0.242953606375223E+000  0.101990865902979E+001  0.334359033355188E+001  0.525728471787557E+000  0.529668711567471E+000 -0.886746822745034E+002
  0.324298989147859E-032  0.166865682767036E+003  0.244264413720331E+000  0.107814361390657E+001  0.336364637890668E+001  0.695770326642029E+000  0.529668711567471E+000 -0.834328413835180E+002
  0.372590125865004E-031  0.161921343141904E+003  0.246880084057404E+000  0.104327992697125E+001  0.334490572555702E+001  0.623170765591975E+000  0.529668711567471E+000 -0.809606715709520E+002
  0.190665749730828E-030  0.158594543765762E+003  0.239470866464020E+000  0.102518569572747E+001  0.334119741038306E+001  0.450183291225789E+000  0.529668711567471E+000 -0.792972718828808E+002
  0.413484525946217E-029  0.152379633866380E+003  0.243187477884828E+000  0.996252865650707E+000  0.323505704735891E+001  0.208285893879670E+000  0.529668711567471E+000 -0.761898169331899E+002
  0.616359810057550E-029  0.151519668931808E+003  0.248720641785778E+000  0.998473165867237E+000  0.310584556390622E+001  0.169132036378494E-001  0.529668711567471E+000 -0.757598344659038E+002
  0.107333481715397E-028  0.150348735950343E+003  0.245876019405373E+000  0.103420273356043E+001  0.331861393443151E+001  0.540804640410290E+000  0.529668711567471E+000 -0.751743679751716E+002
  0.267967967665223E-028  0.148457339012183E+003  0.244330278981686E+000  0.982004260465674E+000  0.320901840767783E+001  0.181347692143827E+000  0.529668711567471E+000 -0.742286695060917E+002
  0.358645702162170E-028  0.147812860596061E+003  0.248213260799569E+000  0.104989322275102E+001  0.330638100404583E+001  0.575999098398001E+000  0.529668711567471E+000 -0.739064302980305E+002
  0.153099965153546E-027  0.144848634940873E+003  0.243699545059260E+000  0.103205661479146E+001  0.334273313823720E+001  0.536507087224644E+000  0.529668711567471E+000 -0.724243174704365E+002
  0.150302970952962E-026  0.140218797460901E+003  0.248099468456212E+000  0.105526009688276E+001  0.330673756729341E+001  0.582434558679207E+000  0.529668711567471E+000 -0.701093987304504E+002
  0.273359990727350E-026  0.138960981122561E+003  0.266946709496662E+000  0.972300931310822E+000  0.301604925732017E+001  0.906363161892992E-002  0.529668711567471E+000 -0.694804905612807E+002
  0.147316958736057E-025  0.135530673872147E+003  0.242158396973413E+000  0.102319945040207E+001  0.331166231408252E+001  0.412219321643028E+000  0.529668711567471E+000 -0.677653369360733E+002
  0.643115612055432E-025  0.132521654431489E+003  0.246804987158910E+000  0.105653929282373E+001  0.334755957969663E+001  0.663137053106618E+000  0.529668711567471E+000 -0.662608272157445E+002
  0.174071053453739E-024  0.130468662808270E+003  0.250172071082294E+000  0.981084427747809E+000  0.313041774178273E+001  0.498823911437029E-001  0.529668711567471E+000 -0.652343314041349E+002
  0.586969621764343E-024  0.127976100495404E+003  0.249039402561688E+000  0.104692130919750E+001  0.324840683595594E+001  0.418544392325768E+000  0.529668711567471E+000 -0.639880502477018E+002
  0.646709614111495E-024  0.127720708562173E+003  0.251124378778333E+000  0.991285022426006E+000  0.311968330558340E+001  0.538329220448845E-001  0.529668711567471E+000 -0.638603542810864E+002
  0.883333624585929E-023  0.122430383888304E+003  0.259468380594928E+000  0.974687256415705E+000  0.307414223627119E+001  0.695412323784326E-001  0.529668711567471E+000 -0.612151919441520E+002
  0.918444494318489E-023  0.122290883546958E+003  0.247259591262764E+000  0.983993337641984E+000  0.317182338396872E+001  0.142536815240497E+000  0.529668711567471E+000 -0.611454417734791E+002
  0.552323930426407E-022  0.118641263578429E+003  0.244813777011512E+000  0.101243738284537E+001  0.330852876917664E+001  0.435209891344179E+000  0.529668711567471E+000 -0.593206317892145E+002
  0.626810654404830E-022  0.118326700653518E+003  0.243014647819583E+000  0.100962611167526E+001  0.324707020040594E+001  0.279036670996706E+000  0.529668711567471E+000 -0.591633503267591E+002
  0.926753066372903E-022  0.117483072051519E+003  0.248670426053047E+000  0.103317652139443E+001  0.321856541141461E+001  0.321849330969047E+000  0.529668711567471E+000 -0.587415360257597E+002
  0.234714208460586E-020  0.110957825384051E+003  0.256961343218302E+000  0.100110769371006E+001  0.317967794864957E+001  0.294358907658295E+000  0.529668711567471E+000 -0.554789126920256E+002
  0.311253717766770E-020  0.110331802561723E+003  0.253389972636988E+000  0.963051478419889E+000  0.310133166698173E+001  0.385565961875031E-001  0.529668711567471E+000 -0.551659012808616E+002
  0.342241340576368E-020  0.110080443704286E+003  0.265116321981247E+000  0.953007802628119E+000  0.303808499674138E+001  0.826396869624529E-003  0.529668711567471E+000 -0.550402218521431E+002
  0.419555031519365E-020  0.109611543309933E+003  0.261087666628397E+000  0.974538957125432E+000  0.305314642030622E+001  0.388444956826959E-001  0.529668711567471E+000 -0.548057716549664E+002
  0.786116209987458E-020  0.108294180131688E+003  0.253543946235906E+000  0.100884344539877E+001  0.313003562100591E+001  0.157652775406256E+000  0.529668711567471E+000 -0.541470900658438E+002
  0.987741641673481E-020  0.107776003742529E+003  0.249671047323498E+000  0.990947901398256E+000  0.310511316744598E+001  0.730101676662983E-002  0.529668711567471E+000 -0.538880018712645E+002
  0.381642918066897E-019  0.105011161769790E+003  0.254097166258712E+000  0.958513511185104E+000  0.315768473134985E+001  0.146827284021935E+000  0.529668711567471E+000 -0.525055808848948E+002
  0.783035054374833E-019  0.103512234327803E+003  0.246196863970517E+000  0.986899670422221E+000  0.326550798971965E+001  0.322611278373948E+000  0.529668711567471E+000 -0.517561171639016E+002
  0.345204744888828E-018  0.100483600344197E+003  0.246748177446412E+000  0.102946208990724E+001  0.331449551076332E+001  0.515499112702067E+000  0.529668711567471E+000 -0.502418001720986E+002
  0.571481422719166E-018  0.994138684827018E+002  0.250852831101090E+000  0.100785194649902E+001  0.313541134006558E+001  0.118694819882649E+000  0.529668711567471E+000 -0.497069342413509E+002
  0.123654463138030E-017  0.978086367559459E+002  0.246907547126611E+000  0.101931060493881E+001  0.323059911576194E+001  0.310935927498026E+000  0.529668711567471E+000 -0.489043183779730E+002
  0.123440574980811E-017  0.977505558830592E+002  0.249627456733115E+000  0.103613859725353E+001  0.329176898392496E+001  0.514794140480224E+000  0.529668711567471E+000 -0.488752779415296E+002
  0.161297437027680E-017  0.971540321067101E+002  0.242900067654627E+000  0.987864094388360E+000  0.321851685914794E+001  0.167126115736332E+000  0.529668711567471E+000 -0.485770160533551E+002
  0.394815644032556E-017  0.953021511164697E+002  0.250670586590288E+000  0.101586714357273E+001  0.325626671573875E+001  0.400918375663485E+000  0.529668711567471E+000 -0.476510755582348E+002
  0.417985554576213E-016  0.905213817301199E+002  0.246218709976633E+000  0.104245867119054E+001  0.330763966258136E+001  0.507932802232733E+000  0.529668711567471E+000 -0.452606908650599E+002
  0.778588390750432E-015  0.846105969244940E+002  0.254776543851634E+000  0.996493854660657E+000  0.313774830732513E+001  0.151737215493045E+000  0.529668711567471E+000 -0.423052984622470E+002
  0.164866619636861E-014  0.830485749081526E+002  0.244186673621471E+000  0.103442498744190E+001  0.330366127691980E+001  0.451106105480443E+000  0.529668711567471E+000 -0.415242874540763E+002
  0.191947848095233E-014  0.826828577318838E+002  0.258423537014532E+000  0.970990574511529E+000  0.311497919248426E+001  0.131704617232954E+000  0.529668711567471E+000 -0.413414288659419E+002
  0.604615758126710E-014  0.803265755443479E+002  0.243913193034411E+000  0.102076758793588E+001  0.326528377851099E+001  0.330702488924311E+000  0.529668711567471E+000 -0.401632877721740E+002
  0.135258401866850E-013  0.786546742588650E+002  0.250737744261497E+000  0.100157124765750E+001  0.317478689597839E+001  0.213534246208299E+000  0.529668711567471E+000 -0.393273371294325E+002
  0.177258078107621E-013  0.780522915370918E+002  0.249177170941486E+000  0.981524029842184E+000  0.315813964498909E+001  0.103455907653502E+000  0.529668711567471E+000 -0.390261457685459E+002
  0.201317457022236E-012  0.731310254112127E+002  0.248897184543062E+000  0.982661889048797E+000  0.311733060501938E+001  0.175803684415003E-001  0.529668711567471E+000 -0.365655127056064E+002
  0.196160873223946E-012  0.731213779858380E+002  0.246837030382374E+000  0.103508569438558E+001  0.326546818879834E+001  0.406070704949750E+000  0.529668711567471E+000 -0.365606889929190E+002
  0.224040111715788E-012  0.727940546651936E+002  0.247967623728701E+000  0.102409705962553E+001  0.328662321738685E+001  0.454172829742075E+000  0.529668711567471E+000 -0.363970273325968E+002
  0.227053760126630E-012  0.727057879234403E+002  0.243692554271130E+000  0.100717902533902E+001  0.322888202612798E+001  0.233502444042804E+000  0.529668711567471E+000 -0.363528939617201E+002
  0.408527320598870E-012  0.714695006577846E+002  0.251208301252725E+000  0.102263537735326E+001  0.320262428904562E+001  0.298607074496062E+000  0.529668711567471E+000 -0.357347503288923E+002
  0.429727591130032E-012  0.713067719272883E+002  0.256617009187432E+000  0.961852730594374E+000  0.307378807190840E+001  0.640789202406722E-002  0.529668711567471E+000 -0.356533859636441E+002
  0.447221747176973E-012  0.711654225072211E+002  0.255237376131424E+000  0.100349667616565E+001  0.311542434789590E+001  0.130472381153020E+000  0.529668711567471E+000 -0.355827112536105E+002
  0.162651089805704E-011  0.685216033980880E+002  0.245550814744189E+000  0.100112186933902E+001  0.327451122546006E+001  0.352763062447771E+000  0.529668711567471E+000 -0.342608016990440E+002
  0.158737513339400E-011  0.685087708300728E+002  0.247903418812799E+000  0.997644475967576E+000  0.321778006292038E+001  0.239949537250902E+000  0.529668711567471E+000 -0.342543854150364E+002
  0.193670774206261E-011  0.680494121152672E+002  0.259521770430264E+000  0.966673222832042E+000  0.308811827518927E+001  0.799894742941697E-001  0.529668711567471E+000 -0.340247060576336E+002
  0.240016852754042E-011  0.675587698711344E+002  0.252507052245800E+000  0.983744741836127E+000  0.314676928722935E+001  0.124054151404317E+000  0.529668711567471E+000 -0.337793849355672E+002
  0.498176047124425E-011  0.660367377894967E+002  0.247520561593701E+000  0.965650650120993E+000  0.317635743176361E+001  0.110586721033262E+000  0.529668711567471E+000 -0.330183688947483E+002
  0.128311547732840E-010  0.640830087852832E+002  0.248531414563185E+000  0.103203885933635E+001  0.326271202893165E+001  0.416749893236539E+000  0.529668711567471E+000 -0.320415043926416E+002
  0.213959882147505E-010  0.629988109528215E+002  0.246259102693807E+000  0.991030906955480E+000  0.325312081718857E+001  0.299459580099371E+000  0.529668711567471E+000 -0.314994054764107E+002
  0.334082112526764E-010  0.620460710798825E+002  0.250066538465654E+000  0.100596418398934E+001  0.315334082276051E+001  0.152063093214180E+000  0.529668711567471E+000 -0.310230355399413E+002
  0.346376617499334E-010  0.619122480339199E+002  0.249153794436510E+000  0.997838936499710E+000  0.313863562867450E+001  0.962455241297188E-001  0.529668711567471E+000 -0.309561240169600E+002
  0.446988107968907E-010  0.613406940821891E+002  0.250376374306558E+000  0.102204651557110E+001  0.324782768733559E+001  0.399678309752732E+000  0.529668711567471E+000 -0.306703470410946E+002
  0.110796733955204E-009  0.594636499653138E+002  0.245613973756709E+000  0.995345285777101E+000  0.319945539985400E+001  0.185526821219088E+000  0.529668711567471E+000 -0.297318249826569E+002
  0.125699338608447E-009  0.591497155340300E+002  0.249644072516900E+000  0.994692322320740E+000  0.314700810345144E+001  0.107743026174112E+000  0.529668711567471E+000 -0.295748577670150E+002
  0.156974719401665E-009  0.586437883856002E+002  0.252831607402808E+000  0.996597441982862E+000  0.310874811563515E+001  0.811532154775855E-001  0.529668711567471E+000 -0.293218941928001E+002
  0.187837007312468E-009  0.582232653983878E+002  0.248199510665186E+000  0.981118170814536E+000  0.313803543271049E+001  0.678598625822833E-001  0.529668711567471E+000 -0.291116326991939E+002
  0.184006438529553E-009  0.582029297918496E+002  0.246575915699183E+000  0.969947022265157E+000  0.318223311005437E+001  0.124736619463149E+000  0.529668711567471E+000 -0.291014648959248E+002
  0.521062123982440E-009  0.560595894234578E+002  0.251964363097821E+000  0.100211136994671E+001  0.321378475858017E+001  0.300194213247949E+000  0.529668711567471E+000 -0.280297947117289E+002
  0.105526006295220E-008  0.545866996137916E+002  0.256885688138788E+000  0.974224973802294E+000  0.307688528295127E+001  0.399105787534480E-002  0.529668711567471E+000 -0.272933498068958E+002
  0.127531482311605E-008  0.541463446434519E+002  0.249394185129543E+000  0.966233327904128E+000  0.317843318927852E+001  0.141731656788902E+000  0.529668711567471E+000 -0.270731723217260E+002
  0.218787416906949E-008  0.530053267158818E+002  0.256768052613070E+000  0.979195481136347E+000  0.313470810331664E+001  0.159937944899464E+000  0.529668711567471E+000 -0.265026633579409E+002
  0.225260794575829E-008  0.528854668812336E+002  0.248511481047825E+000  0.992504336064380E+000  0.320151397669016E+001  0.206548106861601E+000  0.529668711567471E+000 -0.264427334406168E+002
  0.361826466795410E-008  0.518761117530785E+002  0.244958071914993E+000  0.100564983191102E+001  0.323601733047568E+001  0.269074900896294E+000  0.529668711567471E+000 -0.259380558765392E+002
  0.383779615193752E-008  0.516967609444033E+002  0.251569635021486E+000  0.984952041485015E+000  0.309506936877230E+001  0.882766561118922E-002  0.529668711567471E+000 -0.258483804722017E+002
  0.882409849517225E-008  0.499700413050682E+002  0.260239771112482E+000  0.964321782130202E+000  0.306252704626562E+001  0.270990691596211E-001  0.529668711567471E+000 -0.249850206525341E+002
  0.939512498523584E-008  0.497830890035844E+002  0.257162137366212E+000  0.978684262656123E+000  0.310148381272717E+001  0.993937244216598E-001  0.529668711567471E+000 -0.248915445017922E+002
  0.107453467970964E-007  0.494529819489999E+002  0.247434263044926E+000  0.983054272005309E+000  0.314758302936116E+001  0.765369589190494E-001  0.529668711567471E+000 -0.247264909745000E+002
  0.107810164489221E-007  0.493848105386505E+002  0.244343713485461E+000  0.100593011363492E+001  0.324887591869098E+001  0.287023874325016E+000  0.529668711567471E+000 -0.246924052693253E+002
  0.126425218621199E-007  0.490047091574405E+002  0.255866884228732E+000  0.992843340963921E+000  0.310479249305087E+001  0.106608024959361E+000  0.529668711567471E+000 -0.245023545787203E+002
  0.132619989840821E-007  0.488474921538742E+002  0.257875674073908E+000  0.981767815327283E+000  0.307630874373404E+001  0.358088509660065E-001  0.529668711567471E+000 -0.244237460769371E+002
  0.142261255705866E-007  0.486455940830075E+002  0.249624882638342E+000  0.101979690746781E+001  0.324873477768714E+001  0.381570760946786E+000  0.529668711567471E+000 -0.243227970415037E+002
  0.163990164374879E-007  0.482997682524776E+002  0.251913096780753E+000  0.100171316356069E+001  0.314692054467024E+001  0.149331297128748E+000  0.529668711567471E+000 -0.241498841262388E+002
  0.326182447368396E-007  0.468629240819021E+002  0.256453382042281E+000  0.975745692382379E+000  0.309150239674162E+001  0.424871766546405E-001  0.529668711567471E+000 -0.234314620409511E+002
  0.440565318024145E-007  0.462001770913408E+002  0.255809227883974E+000  0.995265687993558E+000  0.310688986412737E+001  0.109929649130634E+000  0.529668711567471E+000 -0.231000885456704E+002
  0.216919363176253E-006  0.429505296474635E+002  0.248462471808411E+000  0.101797050926439E+001  0.323142358330545E+001  0.318222659274853E+000  0.529668711567471E+000 -0.214752648237317E+002
  0.240868542360185E-006  0.426795350679910E+002  0.252772903873489E+000  0.977051232598908E+000  0.315649448872810E+001  0.162045595580614E+000  0.529668711567471E+000 -0.213397675339955E+002
  0.272065480055892E-006  0.423744088395787E+002  0.251833467803021E+000  0.100615816057402E+001  0.317817219614290E+001  0.233718047411112E+000  0.529668711567471E+000 -0.211872044197894E+002
  0.266305342267064E-006  0.423556639604838E+002  0.259878098815603E+000  0.977401641343875E+000  0.307398877195006E+001  0.593737211408351E-001  0.529668711567471E+000 -0.211778319802419E+002
  0.372241749010669E-006  0.416243207382875E+002  0.260729917177003E+000  0.962402853062014E+000  0.306118360048987E+001  0.116920921587702E-001  0.529668711567471E+000 -0.208121603691437E+002
  0.968118991327964E-006  0.396684002827543E+002  0.260231242058017E+000  0.976547926888167E+000  0.305418970083869E+001  0.245353664058636E-002  0.529668711567471E+000 -0.198342001413772E+002
  0.129168273839106E-005  0.390132666744083E+002  0.252898768759573E+000  0.962759195226458E+000  0.313951972686169E+001  0.102765739295516E+000  0.529668711567471E+000 -0.195066333372041E+002
  0.132396084441269E-005  0.388854611147298E+002  0.251845768591521E+000  0.964908033859353E+000  0.312114179961730E+001  0.394026693646700E-001  0.529668711567471E+000 -0.194427305573649E+002
  0.135001759588935E-005  0.387680402024504E+002  0.260538735878101E+000  0.961469787328242E+000  0.306348116382728E+001  0.177939328323809E-001  0.529668711567471E+000 -0.193840201012252E+002
  0.239586031262210E-005  0.373941333279264E+002  0.256290278200958E+000  0.979404880736936E+000  0.310604074355431E+001  0.819057195949559E-001  0.529668711567471E+000 -0.186970666639632E+002
  0.237359383400968E-005  0.373400724117029E+002  0.251289008785581E+000  0.986151941437434E+000  0.310662578378572E+001  0.373470617439964E-001  0.529668711567471E+000 -0.186700362058515E+002
  0.376918637445625E-005  0.363424291831194E+002  0.256196512464581E+000  0.969384610928210E+000  0.311176474322424E+001  0.819101204087492E-001  0.529668711567471E+000 -0.181712145915597E+002
  0.372543928362730E-005  0.362930426727880E+002  0.253085992680445E+000  0.999191266727395E+000  0.313941318307091E+001  0.152224948731173E+000  0.529668711567471E+000 -0.181465213363940E+002
  0.895018197962665E-005  0.343971465615634E+002  0.254491776629677E+000  0.981971564993509E+000  0.313264072435452E+001  0.137708778224737E+000  0.529668711567471E+000 -0.171985732807817E+002
  0.141384100779581E-004  0.334125212265378E+002  0.257708607433711E+000  0.985359099275383E+000  0.308529048059470E+001  0.723690060188216E-001  0.529668711567471E+000 -0.167062606132689E+002
  0.137349240970314E-004  0.334002454257419E+002  0.256401689198028E+000  0.969168386148464E+000  0.311325701019951E+001  0.900342020635531E-001  0.529668711567471E+000 -0.167001227128709E+002
  0.174506475144257E-004  0.328511928630865E+002  0.254404347134329E+000  0.965832518830271E+000  0.311590305712879E+001  0.781715592122411E-001  0.529668711567471E+000 -0.164255964315432E+002
  0.241363452822069E-004  0.320645230148254E+002  0.252269725444964E+000  0.985570726303598E+000  0.309988713376938E+001  0.299739607298011E-001  0.529668711567471E+000 -0.160322615074127E+002
  0.276962126622952E-004  0.317215661726643E+002  0.250627229522790E+000  0.100056396934335E+001  0.315937653859397E+001  0.162090504009799E+000  0.529668711567471E+000 -0.158607830863321E+002
  0.282768136171209E-004  0.316122700989808E+002  0.247679652899065E+000  0.977916759572378E+000  0.317488925420815E+001  0.133863765519231E+000  0.529668711567471E+000 -0.158061350494904E+002
  0.286991253467053E-004  0.315148180265130E+002  0.252221663023283E+000  0.993234305401719E+000  0.315034392837065E+001  0.161786085336486E+000  0.529668711567471E+000 -0.157574090132565E+002
  0.467146774314156E-004  0.304070517562914E+002  0.253962075921822E+000  0.994837102587335E+000  0.312273366218306E+001  0.118072128814861E+000  0.529668711567471E+000 -0.152035258781457E+002
  0.473468769477414E-004  0.303145872036154E+002  0.255803534408059E+000  0.990177110341118E+000  0.311908462212364E+001  0.127501264695319E+000  0.529668711567471E+000 -0.151572936018077E+002
  0.685373605112511E-004  0.295092512683566E+002  0.248695534678719E+000  0.990446725543671E+000  0.315917418209346E+001  0.121222736407585E+000  0.529668711567471E+000 -0.147546256341783E+002
  0.356666359769910E-006  0.408695225488519E+002  0.253063548233077E+000  0.989265694481098E+000  0.318551730634201E+001  0.239110723636148E+000  0.529668711567471E+000 -0.204347612744259E+002
  0.453022873224681E-006  0.403912388715544E+002  0.250583589025770E+000  0.980235799490849E+000  0.319726092822572E+001  0.218836625538984E+000  0.529668711567471E+000 -0.201956194357772E+002
  0.114241986319748E-005  0.385413161481367E+002  0.249085842409646E+000  0.996485999041212E+000  0.319548337992628E+001  0.225845276018470E+000  0.529668711567471E+000 -0.192706580740684E+002
  0.138441481236128E-005  0.381570584831409E+002  0.249643369775901E+000  0.100128488984282E+001  0.322995604462082E+001  0.306739753946828E+000  0.529668711567471E+000 -0.190785292415704E+002
  0.146652443673190E-005  0.380418230023498E+002  0.248738775785346E+000  0.982791236495371E+000  0.320733276656310E+001  0.224341434690646E+000  0.529668711567471E+000 -0.190209115011749E+002
  0.330524042857105E-005  0.360519519988025E+002  0.247475154058057E+000  0.996767954728846E+000  0.322506367198257E+001  0.267870553980376E+000  0.529668711567471E+000 -0.180259759994013E+002
  0.203478086356282E-004  0.324170239892835E+002  0.252658947453199E+000  0.988757923848585E+000  0.318096998843213E+001  0.224733713629391E+000  0.529668711567471E+000 -0.162085119946417E+002
  0.435920797478542E-004  0.308932194805702E+002  0.247900995882995E+000  0.100653236502655E+001  0.321767728161734E+001  0.260669474549137E+000  0.529668711567471E+000 -0.154466097402851E+002
  0.119723022858245E-003  0.288726085698255E+002  0.249622674893003E+000  0.100681931406819E+001  0.320675288295107E+001  0.260783685329335E+000  0.529668711567471E+000 -0.144363042849127E+002
  0.120222105112229E-003  0.288642886180442E+002  0.251879707904308E+000  0.995470681433738E+000  0.319267575904349E+001  0.249314016725143E+000  0.529668711567471E+000 -0.144321443090221E+002
  0.100596030226471E-003  0.285511633279332E+002  0.251875122763325E+000  0.982889873038983E+000  0.311635686618165E+001  0.547207328532134E-001  0.529668711567471E+000 -0.142755816639666E+002
  0.107785927383415E-003  0.283515513900344E+002  0.255086530911002E+000  0.981697203341308E+000  0.314088530914355E+001  0.153391816566780E+000  0.529668711567471E+000 -0.141757756950172E+002
  0.107840000837046E-003  0.282890049752494E+002  0.260522401155693E+000  0.975674527873602E+000  0.305180745932433E+001  0.126302868387205E-001  0.529668711567471E+000 -0.141445024876247E+002
  0.108494518847205E-003  0.282153596594334E+002  0.254688140641492E+000  0.991107687348073E+000  0.310904907900707E+001  0.900260997733333E-001  0.529668711567471E+000 -0.141076798297167E+002
  0.109205246098170E-003  0.281407574437365E+002  0.250001649726912E+000  0.100149867628944E+001  0.317137760013894E+001  0.182500374205533E+000  0.529668711567471E+000 -0.140703787218682E+002
  0.171739256046812E-003  0.271737175863456E+002  0.258428978812905E+000  0.966345834410108E+000  0.307415876629099E+001  0.325365015512443E-001  0.529668711567471E+000 -0.135868587931728E+002
  0.317441086351196E-003  0.258835445231354E+002  0.253863049008561E+000  0.984433173579041E+000  0.309492641577058E+001  0.465958621954200E-001  0.529668711567471E+000 -0.129417722615677E+002
  0.312212117601733E-003  0.258552200566044E+002  0.255409345401152E+000  0.988011874901870E+000  0.309659219093323E+001  0.666173010316489E-001  0.529668711567471E+000 -0.129276100283022E+002
  0.428849077600535E-003  0.251588322679667E+002  0.252398755183844E+000  0.982682268876089E+000  0.316949288169729E+001  0.188298304204148E+000  0.529668711567471E+000 -0.125794161339834E+002
  0.453500114654824E-003  0.249855080190122E+002  0.250478928267646E+000  0.976548579476548E+000  0.314524276732376E+001  0.924397345454461E-001  0.529668711567471E+000 -0.124927540095061E+002
  0.550758857834947E-003  0.245353616088814E+002  0.256760612853386E+000  0.985752741147963E+000  0.308488043080865E+001  0.582381811563104E-001  0.529668711567471E+000 -0.122676808044407E+002
  0.661888185531484E-003  0.241062191538195E+002  0.253530158128492E+000  0.985604065001115E+000  0.316098908386376E+001  0.185924310511053E+000  0.529668711567471E+000 -0.120531095769097E+002
  0.889098247089439E-003  0.234544536246282E+002  0.256455442796370E+000  0.983628380906665E+000  0.308954804934028E+001  0.565154408276982E-001  0.529668711567471E+000 -0.117272268123141E+002
  0.935419453189840E-003  0.232913357109743E+002  0.247781592046459E+000  0.981863491640084E+000  0.317275888800076E+001  0.133321031605507E+000  0.529668711567471E+000 -0.116456678554872E+002
  0.102206273909280E-002  0.230526261622507E+002  0.248422603098005E+000  0.980922865890280E+000  0.318552661700309E+001  0.162627676861638E+000  0.529668711567471E+000 -0.115263130811253E+002
  0.126868672552419E-002  0.225587640196888E+002  0.250283539239295E+000  0.100081152439457E+001  0.317760328679464E+001  0.198102948426761E+000  0.529668711567471E+000 -0.112793820098444E+002
  0.123438041992907E-002  0.225520469646153E+002  0.247462334153053E+000  0.100067075488715E+001  0.321327799528855E+001  0.240911950360783E+000  0.529668711567471E+000 -0.112760234823076E+002
  0.146094811076241E-002  0.221534707353537E+002  0.254604105603052E+000  0.983479951054675E+000  0.314062516516599E+001  0.148202918995876E+000  0.529668711567471E+000 -0.110767353676769E+002
  0.141723577064506E-002  0.221526819816899E+002  0.256959147004814E+000  0.983196518822423E+000  0.307115902681729E+001  0.259133091030965E-001  0.529668711567471E+000 -0.110763409908450E+002
  0.154621717152115E-002  0.219169325055274E+002  0.255568431474433E+000  0.980404730908220E+000  0.310583106407555E+001  0.884009591875117E-001  0.529668711567471E+000 -0.109584662527637E+002
  0.159675370348449E-002  0.217910667494420E+002  0.256426094692794E+000  0.960318512783859E+000  0.308182120058300E+001  0.134665936432603E-001  0.529668711567471E+000 -0.108955333747210E+002
  0.330274280602080E-002  0.202759621446096E+002  0.254595423080332E+000  0.979410704522878E+000  0.308522179523082E+001  0.113638799189413E-001  0.529668711567471E+000 -0.101379810723048E+002
  0.328491115457684E-002  0.202252461689071E+002  0.254127363048289E+000  0.984400010990307E+000  0.310053184585238E+001  0.520437757505934E-001  0.529668711567471E+000 -0.101126230844535E+002
  0.320775345776615E-002  0.202112403936660E+002  0.252088493241011E+000  0.991313665943596E+000  0.312860298603372E+001  0.102162164358412E+000  0.529668711567471E+000 -0.101056201968330E+002
  0.319163467690026E-002  0.201597722989098E+002  0.259363337846101E+000  0.974208375512090E+000  0.305650868008765E+001  0.849024028245725E-002  0.529668711567471E+000 -0.100798861494549E+002
  0.316140534899286E-002  0.201172621096076E+002  0.254021338012524E+000  0.976100336438469E+000  0.311895151002752E+001  0.932987527578343E-001  0.529668711567471E+000 -0.100586310548038E+002
  0.371902613396859E-002  0.197308284269976E+002  0.251641850892129E+000  0.966537858828476E+000  0.313512904650079E+001  0.766660290983819E-001  0.529668711567471E+000 -0.986541421349880E+001
  0.363957832098151E-002  0.197124731356918E+002  0.253364750580493E+000  0.988266978081312E+000  0.311219770814581E+001  0.762676502993182E-001  0.529668711567471E+000 -0.985623656784588E+001
  0.413387997782931E-002  0.193962326206681E+002  0.252539744296985E+000  0.995147058963206E+000  0.315290783606564E+001  0.165552035291603E+000  0.529668711567471E+000 -0.969811631033403E+001
  0.409534386256848E-002  0.193534207889267E+002  0.251876654145443E+000  0.973594412302852E+000  0.312079766760533E+001  0.527599707493148E-001  0.529668711567471E+000 -0.967671039446334E+001
  0.435148539412351E-002  0.191705443283459E+002  0.251753871887258E+000  0.995434013492539E+000  0.317911791860149E+001  0.212893422959946E+000  0.529668711567471E+000 -0.958527216417296E+001
  0.442750253454764E-002  0.190743641982045E+002  0.250781284216269E+000  0.974226511807594E+000  0.315971633064752E+001  0.135195705008612E+000  0.529668711567471E+000 -0.953718209910227E+001
  0.640951090188526E-002  0.182729262758050E+002  0.255180249660810E+000  0.965803889941557E+000  0.310063533439280E+001  0.391832938946727E-001  0.529668711567471E+000 -0.913646313790251E+001
  0.631011320177797E-002  0.182426416568941E+002  0.257988725737685E+000  0.962569631339599E+000  0.307045790321421E+001  0.827664547085138E-002  0.529668711567471E+000 -0.912132082844706E+001
  0.622822115454066E-002  0.182072240463408E+002  0.252230988317973E+000  0.994911878101701E+000  0.316494985956576E+001  0.187086820055712E+000  0.529668711567471E+000 -0.910361202317039E+001
  0.639196766061587E-002  0.180937779569349E+002  0.252966464514271E+000  0.993423451436686E+000  0.314981051144397E+001  0.164201279607449E+000  0.529668711567471E+000 -0.904688897846744E+001
  0.691342520107039E-002  0.178753885327347E+002  0.258601104245735E+000  0.961798915520070E+000  0.306609906892940E+001  0.650340845831299E-003  0.529668711567471E+000 -0.893769426636737E+001
  0.817357959480865E-002  0.173188763014841E+002  0.250868312714155E+000  0.990864174048987E+000  0.316088751724712E+001  0.161930391245223E+000  0.529668711567471E+000 -0.865943815074206E+001
  0.962912587320464E-002  0.169911053041660E+002  0.252658068032085E+000  0.990652880590348E+000  0.312813241042620E+001  0.109240948404423E+000  0.529668711567471E+000 -0.849555265208301E+001
  0.109879298815783E-001  0.166295151030800E+002  0.250424488489691E+000  0.988216148943285E+000  0.314125298734293E+001  0.106723688351349E+000  0.529668711567471E+000 -0.831475755153998E+001
  0.116147674056140E-001  0.164209748670864E+002  0.249690630200592E+000  0.985804520495170E+000  0.315294801903105E+001  0.121758759211864E+000  0.529668711567471E+000 -0.821048743354322E+001
  0.133881827769090E-001  0.161367846773402E+002  0.251439917565484E+000  0.990683716933425E+000  0.314016497059570E+001  0.117112401421167E+000  0.529668711567471E+000 -0.806839233867010E+001
  0.155284466173203E-001  0.157375957446314E+002  0.255462840792370E+000  0.978632639348312E+000  0.311320550439403E+001  0.908638963523918E-001  0.529668711567471E+000 -0.786879787231572E+001
  0.181976642898988E-001  0.153177698706350E+002  0.249690955691830E+000  0.985451106035287E+000  0.316320009099725E+001  0.144279126697470E+000  0.529668711567471E+000 -0.765888493531748E+001
  0.184979341427514E-001  0.152850382551102E+002  0.252916512620534E+000  0.980484530074300E+000  0.312543444825912E+001  0.858585579705380E-001  0.529668711567471E+000 -0.764251912755509E+001
  0.211620501406865E-001  0.150159373911835E+002  0.252743491422112E+000  0.979033841544186E+000  0.315116787066064E+001  0.147233122318813E+000  0.529668711567471E+000 -0.750796869559177E+001
  0.200599659702829E-001  0.149004529283975E+002  0.252737409072098E+000  0.991908827198662E+000  0.314369306920630E+001  0.144228711955520E+000  0.529668711567471E+000 -0.745022646419873E+001
  0.246001676031583E-001  0.144923985885656E+002  0.251746424134972E+000  0.971422202117299E+000  0.314468430659139E+001  0.109977344377193E+000  0.529668711567471E+000 -0.724619929428280E+001
  0.326883977497686E-001  0.139238646885327E+002  0.253203570307992E+000  0.987646108654989E+000  0.312542120617450E+001  0.102336254342759E+000  0.529668711567471E+000 -0.696193234426635E+001
  0.414142955121143E-001  0.132150867824498E+002  0.253911436220919E+000  0.969724424112566E+000  0.312572724110654E+001  0.927100087713580E-001  0.529668711567471E+000 -0.660754339122488E+001
  0.535092381365099E-001  0.125883135727881E+002  0.250652905078287E+000  0.980682443260883E+000  0.313215373193882E+001  0.807992654188286E-001  0.529668711567471E+000 -0.629415678639404E+001
  0.544830568414530E-001  0.124379258346127E+002  0.250274880480401E+000  0.979372218372238E+000  0.316857375125862E+001  0.152612257636944E+000  0.529668711567471E+000 -0.621896291730634E+001
  0.539427790196973E-001  0.123435408724019E+002  0.252243501240629E+000  0.984175026920045E+000  0.315526925958015E+001  0.149967870346397E+000  0.529668711567471E+000 -0.617177043620093E+001
  0.514613649570224E-001  0.123234090563898E+002  0.254267401568442E+000  0.970076582512147E+000  0.312153346894152E+001  0.848859991849620E-001  0.529668711567471E+000 -0.616170452819491E+001
  0.565069469916675E-001  0.121363445462391E+002  0.252830744008687E+000  0.985592933379973E+000  0.314843002834067E+001  0.144832466482059E+000  0.529668711567471E+000 -0.606817227311953E+001
  0.740823631624868E-001  0.113591506673823E+002  0.251837197960086E+000  0.977880538989626E+000  0.311769456439874E+001  0.615020011620309E-001  0.529668711567471E+000 -0.567957533369117E+001
  0.709243700907920E-001  0.113319606210176E+002  0.252746424220972E+000  0.988116375744648E+000  0.314889734715771E+001  0.153100631595344E+000  0.529668711567471E+000 -0.566598031050880E+001
  0.102314679254704E+000  0.105990825098650E+002  0.253266678869107E+000  0.971462890407553E+000  0.311926571776269E+001  0.756871558217590E-001  0.529668711567471E+000 -0.529954125493250E+001
  0.781744855589963E-002  0.176802380943765E+002  0.254257811980214E+000  0.983706536678825E+000  0.309162506144033E+001  0.401203438906651E-001  0.529668711567471E+000 -0.884011904718823E+001
  0.175867523669373E-001  0.155763386157439E+002  0.257847698280224E+000  0.972607609525574E+000  0.306575993338855E+001  0.106343475087253E-001  0.529668711567471E+000 -0.778816930787193E+001
  0.175478982934659E-001  0.154325461210601E+002  0.258814026534337E+000  0.973218291956911E+000  0.306798422973166E+001  0.230614093821097E-001  0.529668711567471E+000 -0.771627306053003E+001
  0.182073454123529E-001  0.149434855527769E+002  0.255231023276658E+000  0.975230368590616E+000  0.309551058973364E+001  0.401461104289321E-001  0.529668711567471E+000 -0.747174277638845E+001
  0.260441111274206E-001  0.139772261158084E+002  0.255952102083727E+000  0.960242752543657E+000  0.308560908052213E+001  0.126849218590953E-001  0.529668711567471E+000 -0.698861305790419E+001
  0.249998401877147E-001  0.139378213720151E+002  0.254092243265784E+000  0.975099339869866E+000  0.308833529386792E+001  0.188994688492834E-001  0.529668711567471E+000 -0.696891068600755E+001
  0.258476835957523E-001  0.137498690181137E+002  0.251939318444783E+000  0.968157472342480E+000  0.311244697627765E+001  0.313797339749472E-001  0.529668711567471E+000 -0.687493450905685E+001
  0.377934151218869E-001  0.129900412244435E+002  0.256350406238592E+000  0.979381223982354E+000  0.307398455476220E+001  0.187825431275982E-001  0.529668711567471E+000 -0.649502061222174E+001
  0.525160870683836E-001  0.119674287934858E+002  0.258105493536541E+000  0.969527085288540E+000  0.307307252190409E+001  0.183099382612728E-001  0.529668711567471E+000 -0.598371439674290E+001
  0.626715576366576E-001  0.116138524424875E+002  0.257738734512285E+000  0.977894694636912E+000  0.307020484362281E+001  0.224379655003668E-001  0.529668711567471E+000 -0.580692622124374E+001
  0.901652932861982E-001  0.107651294800220E+002  0.253173222333710E+000  0.973383711071915E+000  0.310226111726392E+001  0.277560168217128E-001  0.529668711567471E+000 -0.538256474001102E+001
  0.112791671020126E+000  0.101960843965139E+002  0.255997902101751E+000  0.972080895803509E+000  0.308603419329205E+001  0.360940676752379E-001  0.529668711567471E+000 -0.509804219825694E+001
  0.110233780298693E+000  0.101207133765445E+002  0.256270104035043E+000  0.974985606999358E+000  0.307584990863647E+001  0.272567875046383E-002  0.529668711567471E+000 -0.506035668827227E+001
  0.131903642281578E+000  0.985547940172317E+001  0.253036067577413E+000  0.973023339893116E+000  0.313620834690741E+001  0.107135108934619E+000  0.529668711567471E+000 -0.492773970086159E+001
  0.170650919493076E+000  0.922606579361288E+001  0.253182623072653E+000  0.971612914423243E+000  0.312381936072522E+001  0.766710067959554E-001  0.529668711567471E+000 -0.461303289680644E+001
  0.193913752493515E+000  0.885616212210130E+001  0.253522954084397E+000  0.982690355775430E+000  0.311444000790429E+001  0.816690803868765E-001  0.529668711567471E+000 -0.442808106105065E+001
  0.195510194843560E+000  0.883976404176489E+001  0.256569314323705E+000  0.976359962658487E+000  0.309037168322947E+001  0.558645399458436E-001  0.529668711567471E+000 -0.441988202088244E+001
  0.202472242108709E+000  0.876978349068235E+001  0.252278778013059E+000  0.987948383980627E+000  0.314947889360178E+001  0.145206927599268E+000  0.529668711567471E+000 -0.438489174534118E+001
  0.215575997129835E+000  0.839403580252222E+001  0.254242623139064E+000  0.981445198774188E+000  0.312640847568010E+001  0.112487628352043E+000  0.529668711567471E+000 -0.419701790126111E+001
  0.205672276402523E+000  0.825252871429355E+001  0.252371115313978E+000  0.987267042796039E+000  0.314921035892163E+001  0.146795211669096E+000  0.529668711567471E+000 -0.412626435714677E+001
  0.202495588012979E+000  0.816934371063254E+001  0.250749242571637E+000  0.983809137767262E+000  0.315027092902978E+001  0.120694332259680E+000  0.529668711567471E+000 -0.408467185531627E+001
  0.218249983968601E+000  0.801949766553973E+001  0.252084198824227E+000  0.971716332259205E+000  0.312155154969790E+001  0.586959148990387E-001  0.529668711567471E+000 -0.400974883276986E+001
  0.224514584343808E+000  0.796289857058699E+001  0.250453561483148E+000  0.978684667442217E+000  0.315637815065583E+001  0.125905055587732E+000  0.529668711567471E+000 -0.398144928529350E+001
  0.227868247046189E+000  0.780416766960686E+001  0.250479387484956E+000  0.979218961692246E+000  0.315273493420229E+001  0.120767992192213E+000  0.529668711567471E+000 -0.390208383480343E+001
  0.218326434354517E+000  0.776064312733699E+001  0.250806262869902E+000  0.976105151552096E+000  0.314789293723610E+001  0.108819241378968E+000  0.529668711567471E+000 -0.388032156366849E+001
  0.223563199570335E+000  0.758416048882934E+001  0.251899145306361E+000  0.971305209660832E+000  0.312980949701928E+001  0.759163752834441E-001  0.529668711567471E+000 -0.379208024441467E+001
  0.231413857142644E+000  0.738605634516605E+001  0.256052160389461E+000  0.975832504939773E+000  0.309827627389833E+001  0.647038514345964E-001  0.529668711567471E+000 -0.369302817258302E+001
  0.213717748031595E+000  0.729483303300103E+001  0.254960538109423E+000  0.979889485803296E+000  0.311227993965220E+001  0.878398723534721E-001  0.529668711567471E+000 -0.364741651650052E+001
  0.231030551774131E+000  0.713904553198430E+001  0.253108564057777E+000  0.983063370520760E+000  0.313862947394718E+001  0.125311600015361E+000  0.529668711567471E+000 -0.356952276599215E+001
  0.272055144771597E+000  0.681213588530545E+001  0.254308851457245E+000  0.981508466586942E+000  0.310058541940458E+001  0.560141872326795E-001  0.529668711567471E+000 -0.340606794265272E+001
  0.254088752398107E+000  0.681079246033576E+001  0.251152205981354E+000  0.978241028266247E+000  0.315120896097628E+001  0.124310007805150E+000  0.529668711567471E+000 -0.340539623016788E+001
  0.248020064905280E+000  0.672115466757753E+001  0.254282487166520E+000  0.970925170053670E+000  0.311039247156105E+001  0.665399676942262E-001  0.529668711567471E+000 -0.336057733378876E+001
  0.252747600397710E+000  0.668339123935401E+001  0.252235813988439E+000  0.972745690264158E+000  0.313036983452422E+001  0.863590796743645E-001  0.529668711567471E+000 -0.334169561967701E+001
  0.262360103169764E+000  0.660873796778847E+001  0.254504838417755E+000  0.977832432923325E+000  0.311141286592206E+001  0.808816358071003E-001  0.529668711567471E+000 -0.330436898389423E+001
  0.285486254240832E+000  0.643978620377376E+001  0.254941856918932E+000  0.971105629397952E+000  0.310921390059671E+001  0.683000236274988E-001  0.529668711567471E+000 -0.321989310188688E+001
  0.112096447713335E+000  0.100872008665601E+002  0.253889433870733E+000  0.965242250959188E+000  0.311062281447223E+001  0.514135591277590E-001  0.529668711567471E+000 -0.504360043328007E+001
  0.111761251437380E+000  0.996411328147571E+001  0.258646391416665E+000  0.971199425660041E+000  0.306683026850840E+001  0.167064343041620E-001  0.529668711567471E+000 -0.498205664073785E+001
  0.113476618731649E+000  0.968332319375382E+001  0.254858941963931E+000  0.970066834196523E+000  0.309501241147768E+001  0.395035001440574E-001  0.529668711567471E+000 -0.484166159687691E+001
  0.164444671579277E+000  0.870580240781987E+001  0.252757500900582E+000  0.968308298061359E+000  0.310559382234156E+001  0.293851787641384E-001  0.529668711567471E+000 -0.435290120390993E+001
  0.175305867227082E+000  0.857788622710756E+001  0.257731240975450E+000  0.966667480842933E+000  0.307358159013049E+001  0.847093228172142E-002  0.529668711567471E+000 -0.428894311355378E+001
  0.185104322455975E+000  0.834786236285767E+001  0.255017625604259E+000  0.979353479880915E+000  0.308565417663022E+001  0.242155229321615E-001  0.529668711567471E+000 -0.417393118142884E+001
  0.191622529440812E+000  0.793494610276215E+001  0.255299921604179E+000  0.972317995561828E+000  0.309490062687586E+001  0.374100802592357E-001  0.529668711567471E+000 -0.396747305138107E+001
  0.203571523177522E+000  0.781396617486830E+001  0.256626630288486E+000  0.977916535241218E+000  0.308313368305161E+001  0.395397975058363E-001  0.529668711567471E+000 -0.390698308743415E+001
  0.193058591755919E+000  0.769756226728572E+001  0.255831353484719E+000  0.963090636784666E+000  0.308719096383467E+001  0.184343178311625E-001  0.529668711567471E+000 -0.384878113364286E+001
  0.218281146610452E+000  0.745198193092925E+001  0.257659814235185E+000  0.963619927467571E+000  0.307115112824672E+001  0.969614674435648E-003  0.529668711567471E+000 -0.372599096546462E+001
  0.222915084656448E+000  0.729565106842867E+001  0.256528441346597E+000  0.976674139444690E+000  0.308405308745419E+001  0.415166950879718E-001  0.529668711567471E+000 -0.364782553421434E+001
  0.251282625440672E+000  0.663345809950483E+001  0.254507023469066E+000  0.979668176803635E+000  0.309445982177241E+001  0.433513176996599E-001  0.529668711567471E+000 -0.331672904975242E+001
  0.292316000376204E+000  0.639250314673681E+001  0.252873318906864E+000  0.969468982999018E+000  0.312052456061601E+001  0.667317207499722E-001  0.529668711567471E+000 -0.319625157336841E+001
  0.299625393435591E+000  0.634310795542013E+001  0.252409381468019E+000  0.970165730303682E+000  0.312168498884027E+001  0.642208934995033E-001  0.529668711567471E+000 -0.317155397771007E+001
  0.307513785431820E+000  0.629113413328558E+001  0.251624536090319E+000  0.983979756991966E+000  0.313976751555099E+001  0.113679232717973E+000  0.529668711567471E+000 -0.314556706664279E+001
  0.317892316572456E+000  0.622474857050933E+001  0.252872509998413E+000  0.984319642444140E+000  0.312624279302423E+001  0.992759846832889E-001  0.529668711567471E+000 -0.311237428525467E+001
  0.344631352300483E+000  0.606322336376502E+001  0.254120593153076E+000  0.980995863881155E+000  0.311668158864350E+001  0.867894706063506E-001  0.529668711567471E+000 -0.303161168188251E+001
  0.379910893738590E+000  0.586830049699076E+001  0.251021632722011E+000  0.981461260589597E+000  0.314351067068273E+001  0.110508507452729E+000  0.529668711567471E+000 -0.293415024849538E+001
  0.327235702384597E+000  0.549386806658506E+001  0.251173617102500E+000  0.977830558099516E+000  0.313618174584475E+001  0.896533896094912E-001  0.529668711567471E+000 -0.274693403329253E+001
  0.361237224013552E+000  0.529615974837416E+001  0.251927981483848E+000  0.981393968674331E+000  0.314752844822654E+001  0.130302579660343E+000  0.529668711567471E+000 -0.264807987418708E+001
  0.621317152147173E+000  0.421154616675831E+001  0.252135010889293E+000  0.974889733559198E+000  0.313318391893705E+001  0.924104394505493E-001  0.529668711567471E+000 -0.210577308337915E+001
  0.654889843193526E+000  0.410629540754936E+001  0.252541908232948E+000  0.982425806145821E+000  0.313139772170376E+001  0.104031905683636E+000  0.529668711567471E+000 -0.205314770377468E+001
  0.262528521933127E+000  0.587295077092415E+001  0.252713256762114E+000  0.970308591356731E+000  0.311278111368733E+001  0.458525487767725E-001  0.529668711567471E+000 -0.293647538546208E+001
  0.258923863442803E+000  0.582786683492242E+001  0.257018527958623E+000  0.969229933016056E+000  0.308030433484042E+001  0.280866566049956E-001  0.529668711567471E+000 -0.291393341746121E+001
  0.253083358780759E+000  0.580076182485098E+001  0.256009446288750E+000  0.978104035383539E+000  0.308177144605726E+001  0.290116468132927E-001  0.529668711567471E+000 -0.290038091242549E+001
  0.249305398762202E+000  0.575810707616439E+001  0.256359509976341E+000  0.976905433231551E+000  0.308575862212482E+001  0.407351260317348E-001  0.529668711567471E+000 -0.287905353808219E+001
  0.243440277090892E+000  0.573298579214454E+001  0.256395119077049E+000  0.965681141495738E+000  0.308610793094672E+001  0.262330996985439E-001  0.529668711567471E+000 -0.286649289607227E+001
  0.246934664585381E+000  0.570448150820449E+001  0.254843318803413E+000  0.975842514506398E+000  0.309862750599564E+001  0.463198351453100E-001  0.529668711567471E+000 -0.285224075410225E+001
  0.247259736164169E+000  0.562636972873616E+001  0.256486539163886E+000  0.974321032451873E+000  0.308202532375863E+001  0.333419984937713E-001  0.529668711567471E+000 -0.281318486436808E+001
  0.248451058622599E+000  0.546854072161448E+001  0.255755381116331E+000  0.964814343546871E+000  0.308595521458746E+001  0.112176239656434E-001  0.529668711567471E+000 -0.273427036080724E+001
  0.256404413631413E+000  0.526260267404589E+001  0.256662446753656E+000  0.969688271789995E+000  0.308645810162219E+001  0.370260287173813E-001  0.529668711567471E+000 -0.263130133702294E+001
  0.355261907554637E+000  0.454022134148599E+001  0.255529994466418E+000  0.971194543978756E+000  0.308154889711980E+001  0.224949021612357E-002  0.529668711567471E+000 -0.227011067074300E+001
  0.347719591812775E+000  0.451295650367193E+001  0.255268999516072E+000  0.970040999187808E+000  0.310096488294410E+001  0.521653278328719E-001  0.529668711567471E+000 -0.225647825183596E+001
  0.385335974692463E+000  0.410395265312190E+001  0.255021673591277E+000  0.972005933982161E+000  0.309130760028322E+001  0.335327130247976E-001  0.529668711567471E+000 -0.205197632656095E+001
  0.385916749896342E+000  0.403536089331338E+001  0.253490854984295E+000  0.978568178548894E+000  0.310415892610725E+001  0.493791249606118E-001  0.529668711567471E+000 -0.201768044665669E+001
  0.404612471168134E+000  0.387516509696929E+001  0.255770252683080E+000  0.970795802396814E+000  0.308024854559488E+001  0.124876858530997E-002  0.529668711567471E+000 -0.193758254848465E+001
  0.395922093965062E+000  0.385301002776451E+001  0.254875243350955E+000  0.975073020276466E+000  0.309487544344514E+001  0.440565175695752E-001  0.529668711567471E+000 -0.192650501388225E+001
  0.427752199682629E+000  0.363277719067937E+001  0.255840648020740E+000  0.967433026482899E+000  0.308506444670200E+001  0.141978567338448E-001  0.529668711567471E+000 -0.181638859533968E+001
  0.480868429627765E+000  0.333309826022826E+001  0.255673943883128E+000  0.972436659376247E+000  0.309408409756469E+001  0.476175414496301E-001  0.529668711567471E+000 -0.166654913011413E+001
  0.504412152011172E+000  0.317191861817751E+001  0.254018160350941E+000  0.968851789511282E+000  0.310119396919293E+001  0.369159665796210E-001  0.529668711567471E+000 -0.158595930908876E+001
  0.495969359383918E+000  0.314009806539571E+001  0.254980576442409E+000  0.974832260689793E+000  0.309469139703994E+001  0.384382506694796E-001  0.529668711567471E+000 -0.157004903269786E+001
  0.485680172781404E+000  0.311644606536463E+001  0.256143497494607E+000  0.972128766525425E+000  0.308423895536335E+001  0.304076544075168E-001  0.529668711567471E+000 -0.155822303268232E+001
  0.488223171743071E+000  0.304042183194543E+001  0.254921224731777E+000  0.970745093015815E+000  0.309237793112940E+001  0.254264946266506E-001  0.529668711567471E+000 -0.152021091597272E+001
  0.484116587912163E+000  0.299173590357046E+001  0.255231311960382E+000  0.968946698515911E+000  0.308942429115677E+001  0.261073043202709E-001  0.529668711567471E+000 -0.149586795178523E+001
  0.474117179321015E+000  0.296789877177356E+001  0.256063551673548E+000  0.970251595703406E+000  0.307802006958142E+001  0.946840666932956E-002  0.529668711567471E+000 -0.148394938588678E+001
  0.100000000000000E+001  0.223806768837550E+001  0.252537784455836E+000  0.976419035263948E+000  0.312152729420868E+001  0.732922285770640E-001  0.529668711567471E+000 -0.111903384418775E+001
  0.908075853159088E+000  0.198463531604418E+001  0.253899095681221E+000  0.976822940883324E+000  0.311531452747551E+001  0.772020582441715E-001  0.529668711567471E+000 -0.992317658022089E+000
  0.915592274714858E+000  0.196814884242945E+001  0.253414521096959E+000  0.977863462432425E+000  0.311855784741618E+001  0.806009557533295E-001  0.529668711567471E+000 -0.984074421214723E+000
  0.788295899898162E+000  0.169217994509267E+001  0.253269070352934E+000  0.976566153197308E+000  0.311771573806947E+001  0.733908928559733E-001  0.529668711567471E+000 -0.846089972546334E+000
  0.832644810610748E+000  0.158271269199338E+001  0.253497396506330E+000  0.976994337343354E+000  0.311517111850848E+001  0.729628325523209E-001  0.529668711567471E+000 -0.791356345996692E+000
  0.848143119801864E+000  0.154582820900272E+001  0.253359914633576E+000  0.976343089662567E+000  0.311857641745656E+001  0.769161486140678E-001  0.529668711567471E+000 -0.772914104501361E+000
  0.469330987117573E+000  0.292261163793175E+001  0.255706725253904E+000  0.972689565566252E+000  0.309267997487199E+001  0.450257812257407E-001  0.529668711567471E+000 -0.146130581896588E+001
  0.459130979289769E+000  0.290097743571502E+001  0.254023504158827E+000  0.969399852464656E+000  0.309962664788380E+001  0.307567201454466E-001  0.529668711567471E+000 -0.145048871785751E+001
  0.477771803924366E+000  0.275580240292973E+001  0.254626008220642E+000  0.971631146251758E+000  0.310352536483595E+001  0.548712045303006E-001  0.529668711567471E+000 -0.137790120146487E+001
  0.502760941928051E+000  0.258825961385168E+001  0.254608600342332E+000  0.975979201589542E+000  0.309078124077393E+001  0.284288359801691E-001  0.529668711567471E+000 -0.129412980692584E+001
  0.493466069939641E+000  0.256000134816771E+001  0.256244757994797E+000  0.974509069995693E+000  0.307922250006371E+001  0.209560162437816E-001  0.529668711567471E+000 -0.128000067408385E+001
  0.478438454526109E+000  0.255627474581706E+001  0.255672153198911E+000  0.972826847128079E+000  0.307839645493833E+001  0.108974714468840E-002  0.529668711567471E+000 -0.127813737290853E+001
  0.470381901529896E+000  0.252466041964125E+001  0.255063579067176E+000  0.971126126979590E+000  0.309513591131254E+001  0.355645581455483E-001  0.529668711567471E+000 -0.126233020982062E+001
  0.459883880012852E+000  0.250422257068321E+001  0.255885135178909E+000  0.972081244304396E+000  0.307867333184473E+001  0.309917837943436E-002  0.529668711567471E+000 -0.125211128534160E+001
  0.460382634514099E+000  0.250205470064900E+001  0.255373210780955E+000  0.974538497893067E+000  0.309453432117084E+001  0.439798841109883E-001  0.529668711567471E+000 -0.125102735032450E+001
  0.449675026952829E+000  0.248131719394976E+001  0.255647637864415E+000  0.969943000501523E+000  0.309296284730602E+001  0.398415369754130E-001  0.529668711567471E+000 -0.124065859697488E+001
  0.434908926757335E+000  0.248029111891782E+001  0.256639952369076E+000  0.973015135038374E+000  0.307478598237195E+001  0.747127869291476E-002  0.529668711567471E+000 -0.124014555945891E+001
  0.424125478974078E+000  0.246270260149871E+001  0.253471276831971E+000  0.977514328616091E+000  0.310839820996986E+001  0.583789946097482E-001  0.529668711567471E+000 -0.123135130074935E+001
  0.463509372905464E+000  0.221730498936126E+001  0.255041914516563E+000  0.969867737077235E+000  0.308351295997232E+001  0.254791029163376E-002  0.529668711567471E+000 -0.110865249468063E+001
  0.452511824207116E+000  0.219752731236325E+001  0.256619611500288E+000  0.965259503057290E+000  0.307800642529024E+001  0.429722787229381E-002  0.529668711567471E+000 -0.109876365618163E+001
  0.453124736635224E+000  0.212701710751805E+001  0.253917778722505E+000  0.974171081276695E+000  0.310286017233847E+001  0.478351646072765E-001  0.529668711567471E+000 -0.106350855375903E+001
  0.474145339857055E+000  0.196852109521361E+001  0.256877898195608E+000  0.965494078590384E+000  0.307597701015700E+001  0.302220146546951E-002  0.529668711567471E+000 -0.984260547606804E+000
  0.457657570333870E+000  0.190592366105265E+001  0.255091778411040E+000  0.972748007713162E+000  0.309977045625548E+001  0.525549235513729E-001  0.529668711567471E+000 -0.952961830526323E+000
  0.486874400904401E+000  0.178215377168395E+001  0.254898664734536E+000  0.968721298055013E+000  0.308642305668736E+001  0.883714860027967E-002  0.529668711567471E+000 -0.891076885841976E+000
  0.481682734279475E+000  0.173579170122243E+001  0.255579980702277E+000  0.969423472449013E+000  0.308926697575887E+001  0.300327402653583E-001  0.529668711567471E+000 -0.867895850611214E+000
  0.464465900983658E+000  0.167520400078927E+001  0.255045313354555E+000  0.972240689227445E+000  0.309072276480188E+001  0.312114629259460E-001  0.529668711567471E+000 -0.837602000394634E+000
  0.450067775311722E+000  0.167260427949983E+001  0.254674309905461E+000  0.976022164317054E+000  0.309396251550752E+001  0.371421534016136E-001  0.529668711567471E+000 -0.836302139749915E+000
  0.435642503452920E+000  0.167217707870784E+001  0.254011238359247E+000  0.973994864073507E+000  0.309712612690266E+001  0.333797743607413E-001  0.529668711567471E+000 -0.836088539353920E+000
  0.421728960108560E+000  0.167151568853253E+001  0.255997424778879E+000  0.972845686677783E+000  0.308413238617396E+001  0.280555382576000E-001  0.529668711567471E+000 -0.835757844266265E+000
  0.411596049091099E+000  0.165457689899705E+001  0.254576351594951E+000  0.968865677389771E+000  0.309218303368340E+001  0.199148474551662E-001  0.529668711567471E+000 -0.827288449498524E+000
  0.401163664337281E+000  0.164034309430691E+001  0.254526375561885E+000  0.976672153028866E+000  0.309973738370348E+001  0.494051445965621E-001  0.529668711567471E+000 -0.820171547153455E+000
  0.390265562514416E+000  0.162984754388364E+001  0.255108940112613E+000  0.971201175522152E+000  0.309800803461138E+001  0.459501488745574E-001  0.529668711567471E+000 -0.814923771941819E+000
  0.383037689867306E+000  0.147661527550952E+001  0.256524831656214E+000  0.972769480985462E+000  0.307787948751698E+001  0.177679900797247E-001  0.529668711567471E+000 -0.738307637754760E+000
  0.375897237272151E+000  0.145270713896654E+001  0.255128332567433E+000  0.969590438048950E+000  0.309372308502305E+001  0.345636175491220E-001  0.529668711567471E+000 -0.726353569483269E+000
  0.365728226000651E+000  0.144601441212428E+001  0.254753497456005E+000  0.975196846970427E+000  0.310223637019996E+001  0.563603209213426E-001  0.529668711567471E+000 -0.723007206062142E+000
  0.358642992454479E+000  0.142359721870087E+001  0.254192492498704E+000  0.974161832141273E+000  0.309580303362306E+001  0.327752267878001E-001  0.529668711567471E+000 -0.711798609350436E+000
  0.351228574521916E+000  0.140383434681170E+001  0.254747226472783E+000  0.972683493634404E+000  0.309427806869550E+001  0.362131566123941E-001  0.529668711567471E+000 -0.701917173405848E+000
  0.349165682080363E+000  0.135407238483521E+001  0.253941421314895E+000  0.972701582708541E+000  0.309888194921657E+001  0.338502446118017E-001  0.529668711567471E+000 -0.677036192417603E+000
  0.340477733477257E+000  0.134292269442375E+001  0.254408346302896E+000  0.971415477131887E+000  0.309971514517274E+001  0.423834349209031E-001  0.529668711567471E+000 -0.671461347211875E+000
  0.330209746578614E+000  0.134262274028564E+001  0.254857396776620E+000  0.975323351289851E+000  0.309974935790112E+001  0.522789592630385E-001  0.529668711567471E+000 -0.671311370142821E+000
  0.329273601594565E+000  0.128675747754093E+001  0.254754351637239E+000  0.975198963946353E+000  0.309669092955863E+001  0.424795044397314E-001  0.529668711567471E+000 -0.643378738770466E+000
  0.319413493964199E+000  0.128601923663174E+001  0.254432586918927E+000  0.972784494360859E+000  0.309655738740168E+001  0.373117282382134E-001  0.529668711567471E+000 -0.643009618315872E+000
  0.311113445751831E+000  0.127713363877845E+001  0.254906391113717E+000  0.968785709358564E+000  0.309333853581503E+001  0.280597384805883E-001  0.529668711567471E+000 -0.638566819389228E+000
  0.302425883447302E+000  0.127223309934169E+001  0.254218233077122E+000  0.972509995633712E+000  0.309515189967223E+001  0.279843212375747E-001  0.529668711567471E+000 -0.636116549670847E+000
  0.293386260511690E+000  0.127138217793281E+001  0.254412699191976E+000  0.975718183686560E+000  0.309934428781075E+001  0.452350477117763E-001  0.529668711567471E+000 -0.635691088966406E+000
  0.286212222572438E+000  0.125935178755418E+001  0.253924583908636E+000  0.972383908638328E+000  0.310468974671765E+001  0.464437681944380E-001  0.529668711567471E+000 -0.629675893777090E+000
  0.280350955469797E+000  0.123919115405520E+001  0.254138596211394E+000  0.973879958943670E+000  0.309706989897668E+001  0.348789580980384E-001  0.529668711567471E+000 -0.619595577027600E+000
  0.274765553055749E+000  0.121789589869386E+001  0.255436328171311E+000  0.968395028507240E+000  0.308256329610783E+001  0.600279242830251E-002  0.529668711567471E+000 -0.608947949346928E+000
  0.272677037258159E+000  0.117161281844888E+001  0.253642065220641E+000  0.973561056846077E+000  0.310751498755334E+001  0.527939413656319E-001  0.529668711567471E+000 -0.585806409224441E+000
  0.268344824306843E+000  0.114210004077172E+001  0.255876012442443E+000  0.969862047180717E+000  0.308357196903231E+001  0.159188986019951E-001  0.529668711567471E+000 -0.571050020385861E+000
  0.262707809484439E+000  0.112301749807922E+001  0.255824071463659E+000  0.973107971436046E+000  0.308126273623892E+001  0.176951997430765E-001  0.529668711567471E+000 -0.561508749039608E+000
  0.255388766889806E+000  0.111798510835796E+001  0.253898777795337E+000  0.974214525391603E+000  0.310654439966914E+001  0.528564461679651E-001  0.529668711567471E+000 -0.558992554178979E+000
  0.248931345225868E+000  0.110766143852194E+001  0.255705609790099E+000  0.973003516091824E+000  0.308199725991441E+001  0.178704174196089E-001  0.529668711567471E+000 -0.553830719260970E+000
  0.248183097219976E+000  0.105213885611040E+001  0.255150171667591E+000  0.968993579238203E+000  0.308871268666722E+001  0.212034792509612E-001  0.529668711567471E+000 -0.526069428055200E+000
  0.251201978551519E+000  0.966414454854048E+000  0.253872529675383E+000  0.973525540132101E+000  0.310722034211507E+001  0.549646885715069E-001  0.529668711567471E+000 -0.483207227427024E+000
  0.243725666621280E+000  0.965299208147992E+000  0.254162437929128E+000  0.975193102258732E+000  0.310666064891349E+001  0.586522595977873E-001  0.529668711567471E+000 -0.482649604073996E+000
  0.242734280523718E+000  0.911907743610471E+000  0.254924050727462E+000  0.974724676406473E+000  0.309473250782440E+001  0.411681113181415E-001  0.529668711567471E+000 -0.455953871805235E+000
  0.236926470705117E+000  0.898799439161877E+000  0.255795288284723E+000  0.972136335804423E+000  0.307914547588171E+001  0.670397793362690E-002  0.529668711567471E+000 -0.449399719580939E+000
  0.230891261321106E+000  0.888862068481012E+000  0.254194138333600E+000  0.975206307101899E+000  0.310097072023977E+001  0.460863952499961E-001  0.529668711567471E+000 -0.444431034240506E+000
  0.231383004835504E+000  0.884607073246552E+000  0.254594723969108E+000  0.972989190555831E+000  0.310196860111811E+001  0.510976567339004E-001  0.529668711567471E+000 -0.442303536623276E+000
  0.231878321985754E+000  0.880330287680228E+000  0.254363775640433E+000  0.975258951873109E+000  0.309938622484117E+001  0.448143580727266E-001  0.529668711567471E+000 -0.440165143840114E+000
  0.232977510429380E+000  0.870871953155061E+000  0.254637088217699E+000  0.969998820130429E+000  0.309319013277875E+001  0.254014924704579E-001  0.529668711567471E+000 -0.435435976577530E+000
  0.236642356239851E+000  0.839655895489033E+000  0.254661455386261E+000  0.969955428328552E+000  0.309472440042920E+001  0.300144425436403E-001  0.529668711567471E+000 -0.419827947744517E+000
  0.237866751402543E+000  0.829334509784197E+000  0.255794738894831E+000  0.973311073549022E+000  0.308485761070033E+001  0.256154291212144E-001  0.529668711567471E+000 -0.414667254892099E+000
  0.237986379601524E+000  0.828328920507112E+000  0.254118412267733E+000  0.974333980429343E+000  0.310279708214333E+001  0.492231116003673E-001  0.529668711567471E+000 -0.414164460253556E+000
  0.238268162317303E+000  0.825962263823694E+000  0.254904283243260E+000  0.970324700087646E+000  0.309533656589681E+001  0.350715770705638E-001  0.529668711567471E+000 -0.412981131911847E+000
  0.241812863214702E+000  0.796427538423612E+000  0.254530255899894E+000  0.971085957130919E+000  0.309838007718279E+001  0.382035168292146E-001  0.529668711567471E+000 -0.398213769211806E+000
  0.244134102444597E+000  0.777320458442551E+000  0.254352302669417E+000  0.973980108927436E+000  0.310247670237739E+001  0.493933084884835E-001  0.529668711567471E+000 -0.388660229221276E+000
  0.244552753049279E+000  0.773893718374619E+000  0.255654918651985E+000  0.972745996000347E+000  0.308173984179027E+001  0.135807693336063E-001  0.529668711567471E+000 -0.386946859187309E+000
  0.245527850701035E+000  0.765935036222913E+000  0.255033167808857E+000  0.971001949650279E+000  0.309495119682781E+001  0.377714166600879E-001  0.529668711567471E+000 -0.382967518111457E+000
  0.248654542642365E+000  0.740626699010515E+000  0.256675892922311E+000  0.967276954554830E+000  0.307645706329623E+001  0.467043182585595E-002  0.529668711567471E+000 -0.370313349505258E+000
  0.250607851185794E+000  0.724977064397856E+000  0.254919972110274E+000  0.970465484598834E+000  0.309494993787350E+001  0.345191252530543E-001  0.529668711567471E+000 -0.362488532198928E+000
  0.251974820179536E+000  0.714097482251532E+000  0.254900942942083E+000  0.971817159838646E+000  0.309426354303707E+001  0.335665102687921E-001  0.529668711567471E+000 -0.357048741125766E+000
  0.256271165913059E+000  0.680283555991483E+000  0.255443002819720E+000  0.970129702673569E+000  0.308977425338997E+001  0.293156123089807E-001  0.529668711567471E+000 -0.340141777995742E+000
  0.261440025922051E+000  0.640345985799405E+000  0.255988711565747E+000  0.970627265640255E+000  0.308391383196270E+001  0.211001050579386E-001  0.529668711567471E+000 -0.320172992899702E+000
  0.271944842148848E+000  0.561557288415526E+000  0.255694873251969E+000  0.968959829384388E+000  0.308476190276293E+001  0.162105309256693E-001  0.529668711567471E+000 -0.280778644207763E+000
  0.273606831017378E+000  0.549371502233773E+000  0.256129596237651E+000  0.971093048889594E+000  0.308109973885906E+001  0.160510008914567E-001  0.529668711567471E+000 -0.274685751116887E+000
  0.278038161981816E+000  0.517239052273970E+000  0.255832749135099E+000  0.971366991126746E+000  0.308588288245595E+001  0.258564996182922E-001  0.529668711567471E+000 -0.258619526136985E+000
  0.278336984353551E+000  0.515090700375533E+000  0.254483019694852E+000  0.973839503174144E+000  0.309689583829714E+001  0.386710214410095E-001  0.529668711567471E+000 -0.257545350187766E+000
  0.284921225645333E+000  0.468330325808098E+000  0.255706819232195E+000  0.970813061755893E+000  0.308217845204761E+001  0.146339741836562E-001  0.529668711567471E+000 -0.234165162904049E+000
  0.293815916522620E+000  0.406848933528873E+000  0.254975960122687E+000  0.970294359392486E+000  0.309166220255849E+001  0.271077758023549E-001  0.529668711567471E+000 -0.203424466764437E+000
  0.298955942884360E+000  0.372163378802715E+000  0.255262199993294E+000  0.969908992683877E+000  0.308876701091369E+001  0.226137878584753E-001  0.529668711567471E+000 -0.186081689401357E+000
  0.303684652725246E+000  0.340776134546832E+000  0.255999552038342E+000  0.970999262829111E+000  0.307973680702520E+001  0.955065326084392E-002  0.529668711567471E+000 -0.170388067273416E+000
  0.306262364658769E+000  0.323871536564989E+000  0.256107854381129E+000  0.971720385263154E+000  0.307942432376035E+001  0.131645131351575E-001  0.529668711567471E+000 -0.161935768282494E+000
  0.310621886437475E+000  0.295603060926122E+000  0.254987565524575E+000  0.971871325607358E+000  0.309216926100902E+001  0.302673007920966E-001  0.529668711567471E+000 -0.147801530463061E+000
  0.314336122616291E+000  0.271830072299346E+000  0.256242145963497E+000  0.969998562994679E+000  0.307746701437812E+001  0.700100971464195E-002  0.529668711567471E+000 -0.135915036149673E+000
  0.321355483327427E+000  0.227659937277457E+000  0.254968887960399E+000  0.971766992007204E+000  0.309037555337744E+001  0.263057605440640E-001  0.529668711567471E+000 -0.113829968638729E+000
  0.322125262958831E+000  0.222874836849515E+000  0.255290304179457E+000  0.971100993214736E+000  0.308910018775579E+001  0.268819384931603E-001  0.529668711567471E+000 -0.111437418424758E+000
  0.352507330701602E+000  0.426129707394067E-001  0.255599918733292E+000  0.970619332658391E+000  0.308351823983232E+001  0.148884965702444E-001  0.529668711567471E+000 -0.213064853697035E-001
  0.355136454741725E+000  0.277516170954277E-001  0.255960552777247E+000  0.969634336815307E+000  0.308033227971611E+001  0.913643784020265E-002  0.529668711567471E+000 -0.138758085477140E-001
