  0.988131291682493E-323  0.150896500306038E+004  0.287942142109788E+000  0.995806433210656E+000  0.295050142429516E+001  0.167171876648226E+000  0.529668711567471E+000 -0.753767205620376E+003
  0.675064003405860E-312  0.145937584742862E+004  0.284786416619321E+000  0.990155477943469E+000  0.301820727268858E+001  0.278281601791744E+000  0.529668711567471E+000 -0.728972627804493E+003
  0.739954429188262E-309  0.144530403939053E+004  0.280994147780894E+000  0.947879657351313E+000  0.298231895209696E+001  0.110792606990516E+000  0.529668711567471E+000 -0.721936723785451E+003
  0.280979787262369E-297  0.139190587360399E+004  0.228232616654290E+000  0.996750577853391E+000  0.324251432423327E+001  0.805450273213092E-001  0.529668711567471E+000 -0.695237640892180E+003
  0.321474192552682E-294  0.137774835869136E+004  0.260486668248918E+000  0.101454482170138E+001  0.312410085514903E+001  0.171416927942141E+000  0.529668711567471E+000 -0.688158883435865E+003
  0.527051314491822E-290  0.135826618136647E+004  0.276426062750029E+000  0.105494428228161E+001  0.297053904323795E+001  0.172735792756112E+000  0.529668711567471E+000 -0.678417794773422E+003
  0.122158426988600E-286  0.134269672359533E+004  0.284358379001837E+000  0.100275944599368E+001  0.299058788696243E+001  0.227577307772817E+000  0.529668711567471E+000 -0.670633065887850E+003
  0.397975191538474E-284  0.133105150616232E+004  0.235511510745019E+000  0.103677108322984E+001  0.337683555694977E+001  0.435761884205372E+000  0.529668711567471E+000 -0.664810457171346E+003
  0.144853006103495E-280  0.131457943051664E+004  0.252919126990623E+000  0.108024453768086E+001  0.311727022481819E+001  0.185904384445586E+000  0.529668711567471E+000 -0.656574419348506E+003
  0.247586334918914E-273  0.128119842418254E+004  0.240344609896004E+000  0.910809373982677E+000  0.328107757412375E+001  0.153283540238164E+000  0.529668711567471E+000 -0.639883916181456E+003
  0.625675107508279E-265  0.124243018362700E+004  0.265620211747324E+000  0.957388821351901E+000  0.307103419743722E+001  0.156192212346770E+000  0.529668711567471E+000 -0.620499795903687E+003
  0.298220250529392E-260  0.122081359526780E+004  0.220047999411499E+000  0.105669986237407E+001  0.344641282810642E+001  0.444013058443257E+000  0.529668711567471E+000 -0.609691501724084E+003
  0.441078716853857E-260  0.121995807788637E+004  0.282297752243300E+000  0.101935188482019E+001  0.301059437399978E+001  0.258264702433125E+000  0.529668711567471E+000 -0.609263743033373E+003
  0.869099680259099E-256  0.120010819291456E+004  0.262935110481401E+000  0.881959228211261E+000  0.311934982970411E+001  0.699128618371983E-001  0.529668711567471E+000 -0.599338800547467E+003
  0.691672736638095E-249  0.116825595613575E+004  0.267965293223146E+000  0.909065508710415E+000  0.312145495642274E+001  0.163260283073533E+000  0.529668711567471E+000 -0.583412682158062E+003
  0.219462749115441E-245  0.115213113621102E+004  0.246105373953118E+000  0.963170393593222E+000  0.321772532221844E+001  0.240626653711563E+000  0.529668711567471E+000 -0.575350272195695E+003
  0.994575637916844E-241  0.113061270752827E+004  0.247585079450108E+000  0.107251483609371E+001  0.327651520146690E+001  0.449092349687896E+000  0.529668711567471E+000 -0.564591057854319E+003
  0.985903661666176E-239  0.112134440151636E+004  0.244541507147887E+000  0.997375828125242E+000  0.332008466372016E+001  0.385946773386850E+000  0.529668711567471E+000 -0.559956904848368E+003
  0.820363928994209E-238  0.111710685250230E+004  0.282772974070698E+000  0.990350065973926E+000  0.299734020461108E+001  0.187541541201683E+000  0.529668711567471E+000 -0.557838130341334E+003
  0.735547793944950E-233  0.109422082522234E+004  0.244194770787817E+000  0.104777670322826E+001  0.327142582553047E+001  0.340812220714852E+000  0.529668711567471E+000 -0.546395116701358E+003
  0.128524615007741E-218  0.102855382116028E+004  0.223280520009835E+000  0.100412599896670E+001  0.347921664320189E+001  0.483034538398368E+000  0.529668711567471E+000 -0.513561614670323E+003
  0.128483528543945E-217  0.102387084900576E+004  0.248629768729573E+000  0.104702131136029E+001  0.315243057274755E+001  0.232199569415468E+000  0.529668711567471E+000 -0.511220128593065E+003
  0.619625441053491E-215  0.101143543829835E+004  0.229434170934784E+000  0.989792540093936E+000  0.327162719233731E+001  0.813029633731423E-001  0.529668711567471E+000 -0.505002423239358E+003
  0.512391735172797E-203  0.956475006095971E+003  0.261452637760199E+000  0.931118892146507E+000  0.308012329313523E+001  0.819238505841175E-001  0.529668711567471E+000 -0.477522207138171E+003
  0.258710015281212E-200  0.943947817387557E+003  0.249778209210293E+000  0.102052824257536E+001  0.329482436429587E+001  0.566486193773736E+000  0.529668711567471E+000 -0.471258612783964E+003
  0.976834345481922E-195  0.918264747895464E+003  0.263535993260954E+000  0.103472084365168E+001  0.302140551804783E+001  0.317058805717629E-001  0.529668711567471E+000 -0.458417078037918E+003
  0.391859068404502E-189  0.892460556434794E+003  0.267965614428123E+000  0.931051161296212E+000  0.312808388928983E+001  0.221570891818128E+000  0.529668711567471E+000 -0.445514982307582E+003
  0.318451719269249E-183  0.865159278850231E+003  0.227319400511186E+000  0.969721385294237E+000  0.331416607105849E+001  0.163564725423434E+000  0.529668711567471E+000 -0.431864343515301E+003
  0.271741873092565E-159  0.754785667680517E+003  0.248945049406280E+000  0.106929719699014E+001  0.318040249516129E+001  0.265646845192479E+000  0.529668711567471E+000 -0.376677537930444E+003
  0.273916647969308E-159  0.754769725208745E+003  0.259462103806298E+000  0.967141133852483E+000  0.311053302218589E+001  0.169943543626702E+000  0.529668711567471E+000 -0.376669566694558E+003
  0.289374020371311E-154  0.731548962682183E+003  0.252900784994602E+000  0.961724163909189E+000  0.320693771464349E+001  0.205677285282939E+000  0.529668711567471E+000 -0.365059185431277E+003
  0.262251098784795E-145  0.690214146984261E+003  0.236341683018418E+000  0.100265353019285E+001  0.325662760374838E+001  0.222271373645679E+000  0.529668711567471E+000 -0.344391777582316E+003
  0.134581085887489E-135  0.645329953007829E+003  0.246473613776540E+000  0.103127655165008E+001  0.320028775698382E+001  0.203356555225549E+000  0.529668711567471E+000 -0.321949680594100E+003
  0.957584434612786E-135  0.641323814992610E+003  0.252382537303007E+000  0.924958668598966E+000  0.321845510337044E+001  0.222826955084084E+000  0.529668711567471E+000 -0.319946611586491E+003
  0.243018697936940E-134  0.639379551843396E+003  0.249438995935833E+000  0.956124120340448E+000  0.328381705279464E+001  0.390149338230527E+000  0.529668711567471E+000 -0.318974480011884E+003
  0.428409920302993E-131  0.624270071653447E+003  0.256668465361962E+000  0.103347469863185E+001  0.310737838297567E+001  0.207427840514859E+000  0.529668711567471E+000 -0.311419739916909E+003
  0.145820362044192E-129  0.617136699910666E+003  0.268868613702228E+000  0.929343535487771E+000  0.306142429225378E+001  0.597189188986764E-001  0.529668711567471E+000 -0.307853054045518E+003
  0.311699967783783E-118  0.564882055206039E+003  0.269228463500897E+000  0.978413300945632E+000  0.310702525804160E+001  0.265861184577443E+000  0.529668711567471E+000 -0.281725731693205E+003
  0.409946747385961E-118  0.564334082839196E+003  0.251270217775903E+000  0.978119571637554E+000  0.317943267340718E+001  0.145470760709747E+000  0.529668711567471E+000 -0.281451745509783E+003
  0.737732807466343E-117  0.558472159778762E+003  0.269001037359626E+000  0.954678030820148E+000  0.309231614880271E+001  0.189592162553892E+000  0.529668711567471E+000 -0.278520783979566E+003
  0.466543532351167E-112  0.536281125613121E+003  0.252811686306150E+000  0.100309926833998E+001  0.322567588781367E+001  0.390658806662464E+000  0.529668711567471E+000 -0.267425266896746E+003
  0.575126708215481E-107  0.512676711176305E+003  0.245043134513071E+000  0.993482913992632E+000  0.315670206181560E+001  0.418656469022030E-001  0.529668711567471E+000 -0.255623059678338E+003
  0.528375904131372E-104  0.498952324009224E+003  0.267485495774528E+000  0.100465455102780E+001  0.314304474438518E+001  0.363209681887530E+000  0.529668711567471E+000 -0.248760866094797E+003
  0.133449500624801E-097  0.469468302379780E+003  0.266569488193091E+000  0.935295247200948E+000  0.306952197786082E+001  0.915883793241082E-001  0.529668711567471E+000 -0.234018855280076E+003
  0.196229363954786E-096  0.464010366073737E+003  0.236183921531925E+000  0.959367240493050E+000  0.323390931163630E+001  0.719948179750783E-001  0.529668711567471E+000 -0.231289887127054E+003
  0.116697214162777E-091  0.441942274218932E+003  0.260066138523714E+000  0.102438864054929E+001  0.322969111026432E+001  0.482126550219991E+000  0.529668711567471E+000 -0.220255841199651E+003
  0.114825471580816E-089  0.432682628518050E+003  0.234500821554139E+000  0.103807588998231E+001  0.340327363640632E+001  0.529280464998367E+000  0.529668711567471E+000 -0.215626018349210E+003
  0.131339023447971E-085  0.413993210557535E+003  0.248904573000336E+000  0.104328302466704E+001  0.331395677310999E+001  0.542988714998984E+000  0.529668711567471E+000 -0.206281309368953E+003
  0.111335508668543E-083  0.405028218361482E+003  0.249451322434302E+000  0.100819049602939E+001  0.308466640686983E+001  0.126414285359983E-001  0.529668711567471E+000 -0.201798813270926E+003
  0.387502837609605E-083  0.402448749275498E+003  0.231254005284603E+000  0.103894958829394E+001  0.339874928817604E+001  0.481405653359511E+000  0.529668711567471E+000 -0.200509078727934E+003
  0.301509504131260E-078  0.379839622382992E+003  0.242581325694993E+000  0.100448731783001E+001  0.316072868803391E+001  0.886577263482181E-001  0.529668711567471E+000 -0.189204515281681E+003
  0.173403436496441E-074  0.362440183722253E+003  0.235725733527835E+000  0.102954326976876E+001  0.334117110243996E+001  0.426222953318525E+000  0.529668711567471E+000 -0.180504795951312E+003
  0.260242600356743E-074  0.361628196938662E+003  0.241648800978323E+000  0.101547354577574E+001  0.330032555708424E+001  0.347316033233418E+000  0.529668711567471E+000 -0.180098802559517E+003
  0.206491985580151E-070  0.343414554798422E+003  0.250693400292941E+000  0.108274633176578E+001  0.326800570807145E+001  0.577081478062444E+000  0.529668711567471E+000 -0.170991981489396E+003
  0.731924836771539E-070  0.340802078357811E+003  0.257143543660497E+000  0.974343901558301E+000  0.320565957481314E+001  0.334027147375092E+000  0.529668711567471E+000 -0.169685743269091E+003
  0.447359433329786E-067  0.327811113292054E+003  0.254114036717370E+000  0.104399515067669E+001  0.314549352753254E+001  0.247751195929433E+000  0.529668711567471E+000 -0.163190260736212E+003
  0.336323365460939E-066  0.323622599580883E+003  0.240289336107880E+000  0.105221764593582E+001  0.330607381422390E+001  0.408592869220526E+000  0.529668711567471E+000 -0.161096003880627E+003
  0.682731147756436E-066  0.322131062818136E+003  0.246853981505358E+000  0.951142785434753E+000  0.313351093801200E+001  0.150887646106407E-001  0.529668711567471E+000 -0.160350235499253E+003
  0.266255713249527E-065  0.319333699921671E+003  0.256494175704191E+000  0.105819902757737E+001  0.322535850042896E+001  0.517448562915102E+000  0.529668711567471E+000 -0.158951554051021E+003
  0.112851782634860E-064  0.316369812830458E+003  0.271532799400291E+000  0.947012689723668E+000  0.300962499548493E+001  0.834805103628013E-002  0.529668711567471E+000 -0.157469610505414E+003
  0.169109307938116E-064  0.315485392177014E+003  0.240274770339692E+000  0.101570825372049E+001  0.327752875046611E+001  0.280037504197638E+000  0.529668711567471E+000 -0.157027400178693E+003
  0.139074417508800E-063  0.311195813596556E+003  0.247326815098415E+000  0.932676409339755E+000  0.316370938327113E+001  0.331198879628694E-001  0.529668711567471E+000 -0.154882610888464E+003
  0.312218596002721E-063  0.309502944134451E+003  0.259280814996951E+000  0.959195232849231E+000  0.306277353678900E+001  0.327554013702751E-001  0.529668711567471E+000 -0.154036176157411E+003
  0.281550316730502E-062  0.305029078080587E+003  0.252855321687018E+000  0.102819678432468E+001  0.309809238010751E+001  0.944574027949667E-001  0.529668711567471E+000 -0.151799243130479E+003
  0.488978795507721E-062  0.303849581526798E+003  0.265133116580190E+000  0.100733011415724E+001  0.301843910168358E+001  0.273728125005254E-001  0.529668711567471E+000 -0.151209494853584E+003
  0.291390600908209E-061  0.300131504371046E+003  0.246893758380758E+000  0.986931981200053E+000  0.325784126758835E+001  0.288307115928764E+000  0.529668711567471E+000 -0.149350456275708E+003
  0.240873024153695E-058  0.286553865313876E+003  0.241347878345698E+000  0.101986721638096E+001  0.326493558563946E+001  0.321775825213033E+000  0.529668711567471E+000 -0.142561636747123E+003
  0.313659918453204E-058  0.285955603848638E+003  0.259880262899852E+000  0.989589079824601E+000  0.318496392571018E+001  0.320463463078185E+000  0.529668711567471E+000 -0.142262506014504E+003
  0.171368791510841E-056  0.277816260587694E+003  0.254770253732222E+000  0.964855981897448E+000  0.310570052835383E+001  0.177953490845977E-001  0.529668711567471E+000 -0.138192834384032E+003
  0.687966245539605E-054  0.265758273381775E+003  0.247155622829845E+000  0.102004517151746E+001  0.316052157056793E+001  0.132366965824590E+000  0.529668711567471E+000 -0.132163840781073E+003
  0.970591636601881E-054  0.265002138188044E+003  0.235915294069202E+000  0.104797526111031E+001  0.335992992494885E+001  0.476979145426803E+000  0.529668711567471E+000 -0.131785773184207E+003
  0.661402098364407E-052  0.256491082406819E+003  0.244745188132602E+000  0.104041566185860E+001  0.325329124487823E+001  0.371806386248532E+000  0.529668711567471E+000 -0.127530245293595E+003
  0.247394250485363E-050  0.249114116792278E+003  0.246158387745919E+000  0.954445676249738E+000  0.323814175236717E+001  0.210502194263648E+000  0.529668711567471E+000 -0.123841762486324E+003
  0.307671683414893E-048  0.239402096711544E+003  0.260096936864242E+000  0.100658468477360E+001  0.306072385893522E+001  0.911690817939473E-001  0.529668711567471E+000 -0.118985752445957E+003
  0.783146297150450E-048  0.237467944528153E+003  0.255045360133182E+000  0.101157058458142E+001  0.318845455518130E+001  0.328527947819588E+000  0.529668711567471E+000 -0.118018676354262E+003
  0.375085656172394E-047  0.234269524904555E+003  0.252612106042565E+000  0.102411722696807E+001  0.315338565664677E+001  0.192632216832679E+000  0.529668711567471E+000 -0.116419466542463E+003
  0.172023721047377E-046  0.231157819144874E+003  0.253710394700967E+000  0.972277505728878E+000  0.322338588951009E+001  0.307651345679699E+000  0.529668711567471E+000 -0.114863613662622E+003
  0.173305034677799E-046  0.231142977409406E+003  0.241762664517829E+000  0.101837189981929E+001  0.330714136011278E+001  0.424276498081485E+000  0.529668711567471E+000 -0.114856192794888E+003
  0.302136565626632E-046  0.229963522563817E+003  0.244958612082452E+000  0.104054005989486E+001  0.333988799951642E+001  0.600705160558423E+000  0.529668711567471E+000 -0.114266465372094E+003
  0.454695799182127E-045  0.224407470623018E+003  0.239671558323680E+000  0.985560827688176E+000  0.322312947459250E+001  0.127434793613334E+000  0.529668711567471E+000 -0.111488439401694E+003
  0.112543128356923E-044  0.222529305012939E+003  0.249637156401967E+000  0.989265402317730E+000  0.316108073721970E+001  0.114642825103477E+000  0.529668711567471E+000 -0.110549356596655E+003
  0.298699139038441E-044  0.220511524704286E+003  0.254137765794374E+000  0.996458626922018E+000  0.312588226811776E+001  0.105970214326239E+000  0.529668711567471E+000 -0.109540466442328E+003
  0.280297227838704E-040  0.202088939467486E+003  0.248494595587655E+000  0.994442328570007E+000  0.312483129589770E+001  0.329977790688115E-001  0.529668711567471E+000 -0.100329173823928E+003
  0.293574183138817E-039  0.197266168982248E+003  0.248520957251484E+000  0.100279606036860E+001  0.312903707261617E+001  0.580445337522604E-001  0.529668711567471E+000 -0.979177885813095E+002
  0.190610272237975E-038  0.193463254432526E+003  0.240057750038706E+000  0.994148041771924E+000  0.321835694226564E+001  0.152705001143755E+000  0.529668711567471E+000 -0.960163313064484E+002
  0.110716496371300E-037  0.189883057002530E+003  0.258527629908548E+000  0.100032385401941E+001  0.316013105814692E+001  0.284147319824308E+000  0.529668711567471E+000 -0.942262325914502E+002
  0.254678462394081E-037  0.188155455744388E+003  0.255866016467813E+000  0.102412996917595E+001  0.318001998252059E+001  0.300794304455699E+000  0.529668711567471E+000 -0.933624319623797E+002
  0.463165364419294E-037  0.186897747764723E+003  0.257385078616954E+000  0.101248802788338E+001  0.306813890317226E+001  0.613412837464645E-001  0.529668711567471E+000 -0.927335779725468E+002
  0.458056901623318E-037  0.186858385913677E+003  0.253182050338409E+000  0.102440132493310E+001  0.315364019210418E+001  0.206299619922094E+000  0.529668711567471E+000 -0.927138970470239E+002
  0.496374973384658E-037  0.186636166156178E+003  0.253726847501971E+000  0.948745400312225E+000  0.315688338756853E+001  0.140191542420282E+000  0.529668711567471E+000 -0.926027871682745E+002
  0.206735952906631E-035  0.179116060960162E+003  0.238787369567519E+000  0.103695792504973E+001  0.331660155470494E+001  0.403485452621828E+000  0.529668711567471E+000 -0.888427345702666E+002
  0.237157155862095E-035  0.178779956368636E+003  0.242953606375223E+000  0.101990865902979E+001  0.334359033355188E+001  0.525728471787557E+000  0.529668711567471E+000 -0.886746822745034E+002
  0.434685192030399E-033  0.168296274586665E+003  0.244264413720331E+000  0.107814361390657E+001  0.336364637890668E+001  0.695770326642029E+000  0.529668711567471E+000 -0.834328413835180E+002
  0.499413861374741E-032  0.163351934961533E+003  0.246880084057404E+000  0.104327992697125E+001  0.334490572555702E+001  0.623170765591975E+000  0.529668711567471E+000 -0.809606715709520E+002
  0.255565329553266E-031  0.160025135585391E+003  0.239470866464020E+000  0.102518569572747E+001  0.334119741038306E+001  0.450183291225789E+000  0.529668711567471E+000 -0.792972718828808E+002
  0.554228062920601E-030  0.153810225686009E+003  0.243187477884828E+000  0.996252865650707E+000  0.323505704735891E+001  0.208285893879670E+000  0.529668711567471E+000 -0.761898169331899E+002
  0.826158857598310E-030  0.152950260751437E+003  0.248720641785778E+000  0.998473165867237E+000  0.310584556390622E+001  0.169132036378494E-001  0.529668711567471E+000 -0.757598344659038E+002
  0.143868086771852E-029  0.151779327769972E+003  0.245876019405373E+000  0.103420273356043E+001  0.331861393443151E+001  0.540804640410290E+000  0.529668711567471E+000 -0.751743679751716E+002
  0.359179989393820E-029  0.149887930831812E+003  0.244330278981686E+000  0.982004260465674E+000  0.320901840767783E+001  0.181347692143827E+000  0.529668711567471E+000 -0.742286695060917E+002
  0.480722978276576E-029  0.149243452415690E+003  0.248213260799569E+000  0.104989322275102E+001  0.330638100404583E+001  0.575999098398001E+000  0.529668711567471E+000 -0.739064302980305E+002
  0.205212751132795E-028  0.146279226760502E+003  0.243699545059260E+000  0.103205661479146E+001  0.334273313823720E+001  0.536507087224644E+000  0.529668711567471E+000 -0.724243174704365E+002
  0.201463704722310E-027  0.141649389280530E+003  0.248099468456212E+000  0.105526009688276E+001  0.330673756729341E+001  0.582434558679207E+000  0.529668711567471E+000 -0.701093987304504E+002
  0.366407371095968E-027  0.140391572942190E+003  0.266946709496662E+000  0.972300931310822E+000  0.301604925732017E+001  0.906363161892992E-002  0.529668711567471E+000 -0.694804905612807E+002
  0.197461301577849E-026  0.136961265691776E+003  0.242158396973413E+000  0.102319945040207E+001  0.331166231408252E+001  0.412219321643028E+000  0.529668711567471E+000 -0.677653369360733E+002
  0.862021907803742E-026  0.133952246251118E+003  0.246804987158910E+000  0.105653929282373E+001  0.334755957969663E+001  0.663137053106618E+000  0.529668711567471E+000 -0.662608272157445E+002
  0.233322063372124E-025  0.131899254627899E+003  0.250172071082294E+000  0.981084427747809E+000  0.313041774178273E+001  0.498823911437029E-001  0.529668711567471E+000 -0.652343314041349E+002
  0.786764718024802E-025  0.129406692315033E+003  0.249039402561688E+000  0.104692130919750E+001  0.324840683595594E+001  0.418544392325768E+000  0.529668711567471E+000 -0.639880502477018E+002
  0.866839250830320E-025  0.129151300381802E+003  0.251124378778333E+000  0.991285022426006E+000  0.311968330558340E+001  0.538329220448845E-001  0.529668711567471E+000 -0.638603542810864E+002
  0.118400629998565E-023  0.123860975707933E+003  0.259468380594928E+000  0.974687256415705E+000  0.307414223627119E+001  0.695412323784326E-001  0.529668711567471E+000 -0.612151919441520E+002
  0.123106834970759E-023  0.123721475366587E+003  0.247259591262764E+000  0.983993337641984E+000  0.317182338396872E+001  0.142536815240497E+000  0.529668711567471E+000 -0.611454417734791E+002
  0.740326186002766E-023  0.120071855398058E+003  0.244813777011512E+000  0.101243738284537E+001  0.330852876917664E+001  0.435209891344179E+000  0.529668711567471E+000 -0.593206317892145E+002
  0.840167002655802E-023  0.119757292473147E+003  0.243014647819583E+000  0.100962611167526E+001  0.324707020040594E+001  0.279036670996706E+000  0.529668711567471E+000 -0.591633503267591E+002
  0.124220502715595E-022  0.118913663871148E+003  0.248670426053047E+000  0.103317652139443E+001  0.321856541141461E+001  0.321849330969047E+000  0.529668711567471E+000 -0.587415360257597E+002
  0.314607180999983E-021  0.112388417203680E+003  0.256961343218302E+000  0.100110769371006E+001  0.317967794864957E+001  0.294358907658295E+000  0.529668711567471E+000 -0.554789126920256E+002
  0.417199518361551E-021  0.111762394381352E+003  0.253389972636988E+000  0.963051478419889E+000  0.310133166698173E+001  0.385565961875031E-001  0.529668711567471E+000 -0.551659012808616E+002
  0.458734833679520E-021  0.111511035523915E+003  0.265116321981247E+000  0.953007802628119E+000  0.303808499674138E+001  0.826396869624529E-003  0.529668711567471E+000 -0.550402218521431E+002
  0.562364871757784E-021  0.111042135129562E+003  0.261087666628397E+000  0.974538957125432E+000  0.305314642030622E+001  0.388444956826959E-001  0.529668711567471E+000 -0.548057716549664E+002
  0.105369762821187E-020  0.109724771951317E+003  0.253543946235906E+000  0.100884344539877E+001  0.313003562100591E+001  0.157652775406256E+000  0.529668711567471E+000 -0.541470900658438E+002
  0.132395314063560E-020  0.109206595562158E+003  0.249671047323498E+000  0.990947901398256E+000  0.310511316744598E+001  0.730101676662983E-002  0.529668711567471E+000 -0.538880018712645E+002
  0.511548079637441E-020  0.106441753589419E+003  0.254097166258712E+000  0.958513511185104E+000  0.315768473134985E+001  0.146827284021935E+000  0.529668711567471E+000 -0.525055808848948E+002
  0.104956769637745E-019  0.104942826147432E+003  0.246196863970517E+000  0.986899670422221E+000  0.326550798971965E+001  0.322611278373948E+000  0.529668711567471E+000 -0.517561171639016E+002
  0.462706933549493E-019  0.101914192163826E+003  0.246748177446412E+000  0.102946208990724E+001  0.331449551076332E+001  0.515499112702067E+000  0.529668711567471E+000 -0.502418001720986E+002
  0.766004583083134E-019  0.100844460302331E+003  0.250852831101090E+000  0.100785194649902E+001  0.313541134006558E+001  0.118694819882649E+000  0.529668711567471E+000 -0.497069342413509E+002
  0.165744469928223E-018  0.992392285755751E+002  0.246907547126611E+000  0.101931060493881E+001  0.323059911576194E+001  0.310935927498026E+000  0.529668711567471E+000 -0.489043183779730E+002
  0.165457777654102E-018  0.991811477026884E+002  0.249627456733115E+000  0.103613859725353E+001  0.329176898392496E+001  0.514794140480224E+000  0.529668711567471E+000 -0.488752779415296E+002
  0.216200511671719E-018  0.985846239263393E+002  0.242900067654627E+000  0.987864094388360E+000  0.321851685914794E+001  0.167126115736332E+000  0.529668711567471E+000 -0.485770160533551E+002
  0.529204591398369E-018  0.967327429360988E+002  0.250670586590288E+000  0.101586714357273E+001  0.325626671573875E+001  0.400918375663485E+000  0.529668711567471E+000 -0.476510755582348E+002
  0.560261169898541E-017  0.919519735497490E+002  0.246218709976633E+000  0.104245867119054E+001  0.330763966258136E+001  0.507932802232733E+000  0.529668711567471E+000 -0.452606908650599E+002
  0.104360745938583E-015  0.860411887441231E+002  0.254776543851634E+000  0.996493854660657E+000  0.313774830732513E+001  0.151737215493045E+000  0.529668711567471E+000 -0.423052984622470E+002
  0.220984587107600E-015  0.844791667277817E+002  0.244186673621471E+000  0.103442498744190E+001  0.330366127691980E+001  0.451106105480443E+000  0.529668711567471E+000 -0.415242874540763E+002
  0.257283833749653E-015  0.841134495515129E+002  0.258423537014532E+000  0.970990574511529E+000  0.311497919248426E+001  0.131704617232954E+000  0.529668711567471E+000 -0.413414288659419E+002
  0.810417317724312E-015  0.817571673639771E+002  0.243913193034411E+000  0.102076758793588E+001  0.326528377851099E+001  0.330702488924311E+000  0.529668711567471E+000 -0.401632877721740E+002
  0.181298204301247E-014  0.800852660784942E+002  0.250737744261497E+000  0.100157124765750E+001  0.317478689597839E+001  0.213534246208299E+000  0.529668711567471E+000 -0.393273371294325E+002
  0.237593900380677E-014  0.794828833567209E+002  0.249177170941486E+000  0.981524029842184E+000  0.315813964498909E+001  0.103455907653502E+000  0.529668711567471E+000 -0.390261457685459E+002
  0.269842708097012E-013  0.745616172308419E+002  0.248897184543062E+000  0.982661889048797E+000  0.311733060501938E+001  0.175803684415003E-001  0.529668711567471E+000 -0.365655127056064E+002
  0.262930905428522E-013  0.745519698054672E+002  0.246837030382374E+000  0.103508569438558E+001  0.326546818879834E+001  0.406070704949750E+000  0.529668711567471E+000 -0.365606889929190E+002
  0.300299791990061E-013  0.742246464848227E+002  0.247967623728701E+000  0.102409705962553E+001  0.328662321738685E+001  0.454172829742075E+000  0.529668711567471E+000 -0.363970273325968E+002
  0.304339238248038E-013  0.741363797430694E+002  0.243692554271130E+000  0.100717902533902E+001  0.322888202612798E+001  0.233502444042804E+000  0.529668711567471E+000 -0.363528939617201E+002
  0.547583503947398E-013  0.729000924774137E+002  0.251208301252725E+000  0.102263537735326E+001  0.320262428904562E+001  0.298607074496062E+000  0.529668711567471E+000 -0.357347503288923E+002
  0.576000008393342E-013  0.727373637469174E+002  0.256617009187432E+000  0.961852730594374E+000  0.307378807190840E+001  0.640789202406722E-002  0.529668711567471E+000 -0.356533859636441E+002
  0.599448896102353E-013  0.725960143268502E+002  0.255237376131424E+000  0.100349667616565E+001  0.311542434789590E+001  0.130472381153020E+000  0.529668711567471E+000 -0.355827112536105E+002
  0.218014926262723E-012  0.699521952177171E+002  0.245550814744189E+000  0.100112186933902E+001  0.327451122546006E+001  0.352763062447771E+000  0.529668711567471E+000 -0.342608016990440E+002
  0.212769230794319E-012  0.699393626497020E+002  0.247903418812799E+000  0.997644475967576E+000  0.321778006292038E+001  0.239949537250902E+000  0.529668711567471E+000 -0.342543854150364E+002
  0.259593216425787E-012  0.694800039348964E+002  0.259521770430264E+000  0.966673222832042E+000  0.308811827518927E+001  0.799894742941697E-001  0.529668711567471E+000 -0.340247060576336E+002
  0.321714760826326E-012  0.689893616907635E+002  0.252507052245800E+000  0.983744741836127E+000  0.314676928722935E+001  0.124054151404317E+000  0.529668711567471E+000 -0.337793849355672E+002
  0.667747226959418E-012  0.674673296091258E+002  0.247520561593701E+000  0.965650650120993E+000  0.317635743176361E+001  0.110586721033262E+000  0.529668711567471E+000 -0.330183688947483E+002
  0.171986751832080E-011  0.655136006049123E+002  0.248531414563185E+000  0.103203885933635E+001  0.326271202893165E+001  0.416749893236539E+000  0.529668711567471E+000 -0.320415043926416E+002
  0.286788413070524E-011  0.644294027724506E+002  0.246259102693807E+000  0.991030906955480E+000  0.325312081718857E+001  0.299459580099371E+000  0.529668711567471E+000 -0.314994054764107E+002
  0.447798334552953E-011  0.634766628995117E+002  0.250066538465654E+000  0.100596418398934E+001  0.315334082276051E+001  0.152063093214180E+000  0.529668711567471E+000 -0.310230355399413E+002
  0.464277692903603E-011  0.633428398535491E+002  0.249153794436510E+000  0.997838936499710E+000  0.313863562867450E+001  0.962455241297188E-001  0.529668711567471E+000 -0.309561240169600E+002
  0.599135729834735E-011  0.627712859018183E+002  0.250376374306558E+000  0.102204651557110E+001  0.324782768733559E+001  0.399678309752732E+000  0.529668711567471E+000 -0.306703470410946E+002
  0.148510174830364E-010  0.608942417849429E+002  0.245613973756709E+000  0.995345285777101E+000  0.319945539985400E+001  0.185526821219088E+000  0.529668711567471E+000 -0.297318249826569E+002
  0.168485388390140E-010  0.605803073536592E+002  0.249644072516900E+000  0.994692322320740E+000  0.314700810345144E+001  0.107743026174112E+000  0.529668711567471E+000 -0.295748577670150E+002
  0.210406409919214E-010  0.600743802052294E+002  0.252831607402808E+000  0.996597441982862E+000  0.310874811563515E+001  0.811532154775855E-001  0.529668711567471E+000 -0.293218941928001E+002
  0.251773728338108E-010  0.596538572180169E+002  0.248199510665186E+000  0.981118170814536E+000  0.313803543271049E+001  0.678598625822833E-001  0.529668711567471E+000 -0.291116326991939E+002
  0.246639295044428E-010  0.596335216114787E+002  0.246575915699183E+000  0.969947022265157E+000  0.318223311005437E+001  0.124736619463149E+000  0.529668711567471E+000 -0.291014648959248E+002
  0.698423359314901E-010  0.574901812430869E+002  0.251964363097821E+000  0.100211136994671E+001  0.321378475858017E+001  0.300194213247949E+000  0.529668711567471E+000 -0.280297947117289E+002
  0.141445375550415E-009  0.560172914334207E+002  0.256885688138788E+000  0.974224973802294E+000  0.307688528295127E+001  0.399105787534480E-002  0.529668711567471E+000 -0.272933498068958E+002
  0.170941164584592E-009  0.555769364630811E+002  0.249394185129543E+000  0.966233327904128E+000  0.317843318927852E+001  0.141731656788902E+000  0.529668711567471E+000 -0.270731723217260E+002
  0.293259163656138E-009  0.544359185355110E+002  0.256768052613070E+000  0.979195481136347E+000  0.313470810331664E+001  0.159937944899464E+000  0.529668711567471E+000 -0.265026633579409E+002
  0.301935975824058E-009  0.543160587008628E+002  0.248511481047825E+000  0.992504336064380E+000  0.320151397669016E+001  0.206548106861601E+000  0.529668711567471E+000 -0.264427334406168E+002
  0.484986424453311E-009  0.533067035727076E+002  0.244958071914993E+000  0.100564983191102E+001  0.323601733047568E+001  0.269074900896294E+000  0.529668711567471E+000 -0.259380558765392E+002
  0.514412074382961E-009  0.531273527640325E+002  0.251569635021486E+000  0.984952041485015E+000  0.309506936877230E+001  0.882766561118922E-002  0.529668711567471E+000 -0.258483804722017E+002
  0.118276808661907E-008  0.514006331246973E+002  0.260239771112482E+000  0.964321782130202E+000  0.306252704626562E+001  0.270990691596211E-001  0.529668711567471E+000 -0.249850206525341E+002
  0.125930756647991E-008  0.512136808232136E+002  0.257162137366212E+000  0.978684262656123E+000  0.310148381272717E+001  0.993937244216598E-001  0.529668711567471E+000 -0.248915445017922E+002
  0.144028914434867E-008  0.508835737686291E+002  0.247434263044926E+000  0.983054272005309E+000  0.314758302936116E+001  0.765369589190494E-001  0.529668711567471E+000 -0.247264909745000E+002
  0.144507024758129E-008  0.508154023582797E+002  0.244343713485461E+000  0.100593011363492E+001  0.324887591869098E+001  0.287023874325016E+000  0.529668711567471E+000 -0.246924052693253E+002
  0.169458346380430E-008  0.504353009770697E+002  0.255866884228732E+000  0.992843340963921E+000  0.310479249305087E+001  0.106608024959361E+000  0.529668711567471E+000 -0.245023545787203E+002
  0.177761718907928E-008  0.502780839735033E+002  0.257875674073908E+000  0.981767815327283E+000  0.307630874373404E+001  0.358088509660065E-001  0.529668711567471E+000 -0.244237460769371E+002
  0.190684717881731E-008  0.500761859026366E+002  0.249624882638342E+000  0.101979690746781E+001  0.324873477768714E+001  0.381570760946786E+000  0.529668711567471E+000 -0.243227970415037E+002
  0.219809800455128E-008  0.497303600721068E+002  0.251913096780753E+000  0.100171316356069E+001  0.314692054467024E+001  0.149331297128748E+000  0.529668711567471E+000 -0.241498841262388E+002
  0.437209749385408E-008  0.482935159015313E+002  0.256453382042281E+000  0.975745692382379E+000  0.309150239674162E+001  0.424871766546405E-001  0.529668711567471E+000 -0.234314620409511E+002
  0.590526724645273E-008  0.476307689109700E+002  0.255809227883974E+000  0.995265687993558E+000  0.310688986412737E+001  0.109929649130634E+000  0.529668711567471E+000 -0.231000885456704E+002
  0.290755254233588E-007  0.443811214670926E+002  0.248462471808411E+000  0.101797050926439E+001  0.323142358330545E+001  0.318222659274853E+000  0.529668711567471E+000 -0.214752648237317E+002
  0.322856351988757E-007  0.441101268876201E+002  0.252772903873489E+000  0.977051232598908E+000  0.315649448872810E+001  0.162045595580614E+000  0.529668711567471E+000 -0.213397675339955E+002
  0.364672229641203E-007  0.438050006592079E+002  0.251833467803021E+000  0.100615816057402E+001  0.317817219614290E+001  0.233718047411112E+000  0.529668711567471E+000 -0.211872044197894E+002
  0.356951432831328E-007  0.437862557801130E+002  0.259878098815603E+000  0.977401641343875E+000  0.307398877195006E+001  0.593737211408351E-001  0.529668711567471E+000 -0.211778319802419E+002
  0.498946902596295E-007  0.430549125579166E+002  0.260729917177003E+000  0.962402853062014E+000  0.306118360048987E+001  0.116920921587702E-001  0.529668711567471E+000 -0.208121603691437E+002
  0.163287782684423E-006  0.406394159143177E+002  0.260231242058017E+000  0.976547926888167E+000  0.305418970083869E+001  0.245353664058636E-002  0.529668711567471E+000 -0.198342001413772E+002
  0.217861659747329E-006  0.399842823059717E+002  0.252898768759573E+000  0.962759195226458E+000  0.313951972686169E+001  0.102765739295516E+000  0.529668711567471E+000 -0.195066333372041E+002
  0.223305846266482E-006  0.398564767462932E+002  0.251845768591521E+000  0.964908033859353E+000  0.312114179961730E+001  0.394026693646700E-001  0.529668711567471E+000 -0.194427305573649E+002
  0.227700708066214E-006  0.397390558340138E+002  0.260538735878101E+000  0.961469787328242E+000  0.306348116382728E+001  0.177939328323809E-001  0.529668711567471E+000 -0.193840201012252E+002
  0.404097762335026E-006  0.383651489594898E+002  0.256290278200958E+000  0.979404880736936E+000  0.310604074355431E+001  0.819057195949559E-001  0.529668711567471E+000 -0.186970666639632E+002
  0.400342186880580E-006  0.383110880432664E+002  0.251289008785581E+000  0.986151941437434E+000  0.310662578378572E+001  0.373470617439964E-001  0.529668711567471E+000 -0.186700362058515E+002
  0.635729792641577E-006  0.373134448146828E+002  0.256196512464581E+000  0.969384610928210E+000  0.311176474322424E+001  0.819101204087492E-001  0.529668711567471E+000 -0.181712145915597E+002
  0.628351189882680E-006  0.372640583043514E+002  0.253085992680445E+000  0.999191266727395E+000  0.313941318307091E+001  0.152224948731173E+000  0.529668711567471E+000 -0.181465213363940E+002
  0.150958237899109E-005  0.353681621931268E+002  0.254491776629677E+000  0.981971564993509E+000  0.313264072435452E+001  0.137708778224737E+000  0.529668711567471E+000 -0.171985732807817E+002
  0.238465483374739E-005  0.343835368581013E+002  0.257708607433711E+000  0.985359099275383E+000  0.308529048059470E+001  0.723690060188216E-001  0.529668711567471E+000 -0.167062606132689E+002
  0.231660087368677E-005  0.343712610573053E+002  0.256401689198028E+000  0.969168386148464E+000  0.311325701019951E+001  0.900342020635531E-001  0.529668711567471E+000 -0.167001227128709E+002
  0.294331333706139E-005  0.338222084946499E+002  0.254404347134329E+000  0.965832518830271E+000  0.311590305712879E+001  0.781715592122411E-001  0.529668711567471E+000 -0.164255964315432E+002
  0.407095650280666E-005  0.330355386463888E+002  0.252269725444964E+000  0.985570726303598E+000  0.309988713376938E+001  0.299739607298011E-001  0.529668711567471E+000 -0.160322615074127E+002
  0.467138150877403E-005  0.326925818042277E+002  0.250627229522790E+000  0.100056396934335E+001  0.315937653859397E+001  0.162090504009799E+000  0.529668711567471E+000 -0.158607830863321E+002
  0.476930856462889E-005  0.325832857305442E+002  0.247679652899065E+000  0.977916759572378E+000  0.317488925420815E+001  0.133863765519231E+000  0.529668711567471E+000 -0.158061350494904E+002
  0.484053776945103E-005  0.324858336580764E+002  0.252221663023283E+000  0.993234305401719E+000  0.315034392837065E+001  0.161786085336486E+000  0.529668711567471E+000 -0.157574090132565E+002
  0.787913073178198E-005  0.313780673878548E+002  0.253962075921822E+000  0.994837102587335E+000  0.312273366218306E+001  0.118072128814861E+000  0.529668711567471E+000 -0.152035258781457E+002
  0.798576065863982E-005  0.312856028351788E+002  0.255803534408059E+000  0.990177110341118E+000  0.311908462212364E+001  0.127501264695319E+000  0.529668711567471E+000 -0.151572936018077E+002
  0.115598534159257E-004  0.304802668999200E+002  0.248695534678719E+000  0.990446725543671E+000  0.315917418209346E+001  0.121222736407585E+000  0.529668711567471E+000 -0.147546256341783E+002
  0.169670287120430E-004  0.295221789594966E+002  0.251875122763325E+000  0.982889873038983E+000  0.311635686618165E+001  0.547207328532134E-001  0.529668711567471E+000 -0.142755816639666E+002
  0.181797126641221E-004  0.293225670215978E+002  0.255086530911002E+000  0.981697203341308E+000  0.314088530914355E+001  0.153391816566780E+000  0.529668711567471E+000 -0.141757756950172E+002
  0.181888329627884E-004  0.292600206068128E+002  0.260522401155693E+000  0.975674527873602E+000  0.305180745932433E+001  0.126302868387205E-001  0.529668711567471E+000 -0.141445024876247E+002
  0.182992272382476E-004  0.291863752909968E+002  0.254688140641492E+000  0.991107687348073E+000  0.310904907900707E+001  0.900260997733333E-001  0.529668711567471E+000 -0.141076798297167E+002
  0.184191020449015E-004  0.291117730752999E+002  0.250001649726912E+000  0.100149867628944E+001  0.317137760013894E+001  0.182500374205533E+000  0.529668711567471E+000 -0.140703787218682E+002
  0.289664003815171E-004  0.281447332179090E+002  0.258428978812905E+000  0.966345834410108E+000  0.307415876629099E+001  0.325365015512443E-001  0.529668711567471E+000 -0.135868587931728E+002
  0.535411985381265E-004  0.268545601546988E+002  0.253863049008561E+000  0.984433173579041E+000  0.309492641577058E+001  0.465958621954200E-001  0.529668711567471E+000 -0.129417722615677E+002
  0.526592545617410E-004  0.268262356881678E+002  0.255409345401152E+000  0.988011874901870E+000  0.309659219093323E+001  0.666173010316489E-001  0.529668711567471E+000 -0.129276100283022E+002
  0.723318265780504E-004  0.261298478995301E+002  0.252398755183844E+000  0.982682268876089E+000  0.316949288169729E+001  0.188298304204148E+000  0.529668711567471E+000 -0.125794161339834E+002
  0.764895935648802E-004  0.259565236505756E+002  0.250478928267646E+000  0.976548579476548E+000  0.314524276732376E+001  0.924397345454461E-001  0.529668711567471E+000 -0.124927540095061E+002
  0.928937387813395E-004  0.255063772404448E+002  0.256760612853386E+000  0.985752741147963E+000  0.308488043080865E+001  0.582381811563104E-001  0.529668711567471E+000 -0.122676808044407E+002
  0.111637366035141E-003  0.250772347853829E+002  0.253530158128492E+000  0.985604065001115E+000  0.316098908386376E+001  0.185924310511053E+000  0.529668711567471E+000 -0.120531095769097E+002
  0.149959749427806E-003  0.244254692561916E+002  0.256455442796370E+000  0.983628380906665E+000  0.308954804934028E+001  0.565154408276982E-001  0.529668711567471E+000 -0.117272268123141E+002
  0.157772515320382E-003  0.242623513425377E+002  0.247781592046459E+000  0.981863491640084E+000  0.317275888800076E+001  0.133321031605507E+000  0.529668711567471E+000 -0.116456678554872E+002
  0.172386204511810E-003  0.240236417938141E+002  0.248422603098005E+000  0.980922865890280E+000  0.318552661700309E+001  0.162627676861638E+000  0.529668711567471E+000 -0.115263130811253E+002
  0.213983037403122E-003  0.235297796512522E+002  0.250283539239295E+000  0.100081152439457E+001  0.317760328679464E+001  0.198102948426761E+000  0.529668711567471E+000 -0.112793820098444E+002
  0.208196764617547E-003  0.235230625961787E+002  0.247462334153053E+000  0.100067075488715E+001  0.321327799528855E+001  0.240911950360783E+000  0.529668711567471E+000 -0.112760234823076E+002
  0.246410802556580E-003  0.231244863669171E+002  0.254604105603052E+000  0.983479951054675E+000  0.314062516516599E+001  0.148202918995876E+000  0.529668711567471E+000 -0.110767353676769E+002
  0.239038061026204E-003  0.231236976132533E+002  0.256959147004814E+000  0.983196518822423E+000  0.307115902681729E+001  0.259133091030965E-001  0.529668711567471E+000 -0.110763409908450E+002
  0.260792708073979E-003  0.228879481370908E+002  0.255568431474433E+000  0.980404730908220E+000  0.310583106407555E+001  0.884009591875117E-001  0.529668711567471E+000 -0.109584662527637E+002
  0.269316451872801E-003  0.227620823810054E+002  0.256426094692794E+000  0.960318512783859E+000  0.308182120058300E+001  0.134665936432603E-001  0.529668711567471E+000 -0.108955333747210E+002
  0.557057091538214E-003  0.212469777761730E+002  0.254595423080332E+000  0.979410704522878E+000  0.308522179523082E+001  0.113638799189413E-001  0.529668711567471E+000 -0.101379810723048E+002
  0.554049516176129E-003  0.211962618004705E+002  0.254127363048289E+000  0.984400010990307E+000  0.310053184585238E+001  0.520437757505934E-001  0.529668711567471E+000 -0.101126230844535E+002
  0.541035713800480E-003  0.211822560252294E+002  0.252088493241011E+000  0.991313665943596E+000  0.312860298603372E+001  0.102162164358412E+000  0.529668711567471E+000 -0.101056201968330E+002
  0.538317039742080E-003  0.211307879304732E+002  0.259363337846101E+000  0.974208375512090E+000  0.305650868008765E+001  0.849024028245725E-002  0.529668711567471E+000 -0.100798861494549E+002
  0.533218410368775E-003  0.210882777411710E+002  0.254021338012524E+000  0.976100336438469E+000  0.311895151002752E+001  0.932987527578343E-001  0.529668711567471E+000 -0.100586310548038E+002
  0.627269516041784E-003  0.207018440585610E+002  0.251641850892129E+000  0.966537858828476E+000  0.313512904650079E+001  0.766660290983819E-001  0.529668711567471E+000 -0.986541421349880E+001
  0.613869451237775E-003  0.206834887672552E+002  0.253364750580493E+000  0.988266978081312E+000  0.311219770814581E+001  0.762676502993182E-001  0.529668711567471E+000 -0.985623656784588E+001
  0.697240836622126E-003  0.203672482522315E+002  0.252539744296985E+000  0.995147058963206E+000  0.315290783606564E+001  0.165552035291603E+000  0.529668711567471E+000 -0.969811631033403E+001
  0.690741143019812E-003  0.203244364204901E+002  0.251876654145443E+000  0.973594412302852E+000  0.312079766760533E+001  0.527599707493148E-001  0.529668711567471E+000 -0.967671039446334E+001
  0.733943252590705E-003  0.201415599599093E+002  0.251753871887258E+000  0.995434013492539E+000  0.317911791860149E+001  0.212893422959946E+000  0.529668711567471E+000 -0.958527216417296E+001
  0.746764683031648E-003  0.200453798297680E+002  0.250781284216269E+000  0.974226511807594E+000  0.315971633064752E+001  0.135195705008612E+000  0.529668711567471E+000 -0.953718209910227E+001
  0.108106011000246E-002  0.192439419073684E+002  0.255180249660810E+000  0.965803889941557E+000  0.310063533439280E+001  0.391832938946727E-001  0.529668711567471E+000 -0.913646313790251E+001
  0.106429519763132E-002  0.192136572884575E+002  0.257988725737685E+000  0.962569631339599E+000  0.307045790321421E+001  0.827664547085138E-002  0.529668711567471E+000 -0.912132082844706E+001
  0.105048287607514E-002  0.191782396779042E+002  0.252230988317973E+000  0.994911878101701E+000  0.316494985956576E+001  0.187086820055712E+000  0.529668711567471E+000 -0.910361202317039E+001
  0.107810117934039E-002  0.190647935884983E+002  0.252966464514271E+000  0.993423451436686E+000  0.314981051144397E+001  0.164201279607449E+000  0.529668711567471E+000 -0.904688897846744E+001
  0.116605281163725E-002  0.188464041642981E+002  0.258601104245735E+000  0.961798915520070E+000  0.306609906892940E+001  0.650340845831299E-003  0.529668711567471E+000 -0.893769426636737E+001
  0.224021970796210E-002  0.173188763014841E+002  0.250868312714155E+000  0.990864174048987E+000  0.316088751724712E+001  0.161930391245223E+000  0.529668711567471E+000 -0.865943815074206E+001
  0.263915672458877E-002  0.169911053041660E+002  0.252658068032085E+000  0.990652880590348E+000  0.312813241042620E+001  0.109240948404423E+000  0.529668711567471E+000 -0.849555265208301E+001
  0.301157856051852E-002  0.166295151030800E+002  0.250424488489691E+000  0.988216148943285E+000  0.314125298734293E+001  0.106723688351349E+000  0.529668711567471E+000 -0.831475755153998E+001
  0.318338257352732E-002  0.164209748670864E+002  0.249690630200592E+000  0.985804520495170E+000  0.315294801903105E+001  0.121758759211864E+000  0.529668711567471E+000 -0.821048743354322E+001
  0.366944134607554E-002  0.161367846773402E+002  0.251439917565484E+000  0.990683716933425E+000  0.314016497059570E+001  0.117112401421167E+000  0.529668711567471E+000 -0.806839233867010E+001
  0.425604617201659E-002  0.157375957446314E+002  0.255462840792370E+000  0.978632639348312E+000  0.311320550439403E+001  0.908638963523918E-001  0.529668711567471E+000 -0.786879787231572E+001
  0.498762698866993E-002  0.153177698706350E+002  0.249690955691830E+000  0.985451106035287E+000  0.316320009099725E+001  0.144279126697470E+000  0.529668711567471E+000 -0.765888493531748E+001
  0.506992513408645E-002  0.152850382551102E+002  0.252916512620534E+000  0.980484530074300E+000  0.312543444825912E+001  0.858585579705380E-001  0.529668711567471E+000 -0.764251912755509E+001
  0.580010768062482E-002  0.150159373911835E+002  0.252743491422112E+000  0.979033841544186E+000  0.315116787066064E+001  0.147233122318813E+000  0.529668711567471E+000 -0.750796869559177E+001
  0.549804777532466E-002  0.149004529283975E+002  0.252737409072098E+000  0.991908827198662E+000  0.314369306920630E+001  0.144228711955520E+000  0.529668711567471E+000 -0.745022646419873E+001
  0.674242902323583E-002  0.144923985885656E+002  0.251746424134972E+000  0.971422202117299E+000  0.314468430659139E+001  0.109977344377193E+000  0.529668711567471E+000 -0.724619929428280E+001
  0.895925610209341E-002  0.139238646885327E+002  0.253203570307992E+000  0.987646108654989E+000  0.312542120617450E+001  0.102336254342759E+000  0.529668711567471E+000 -0.696193234426635E+001
  0.113508555121346E-001  0.132150867824498E+002  0.253911436220919E+000  0.969724424112566E+000  0.312572724110654E+001  0.927100087713580E-001  0.529668711567471E+000 -0.660754339122488E+001
  0.146658448041029E-001  0.125883135727881E+002  0.250652905078287E+000  0.980682443260883E+000  0.313215373193882E+001  0.807992654188286E-001  0.529668711567471E+000 -0.629415678639404E+001
  0.149327496319682E-001  0.124379258346127E+002  0.250274880480401E+000  0.979372218372238E+000  0.316857375125862E+001  0.152612257636944E+000  0.529668711567471E+000 -0.621896291730634E+001
  0.147846699552449E-001  0.123435408724019E+002  0.252243501240629E+000  0.984175026920045E+000  0.315526925958015E+001  0.149967870346397E+000  0.529668711567471E+000 -0.617177043620093E+001
  0.141045624671684E-001  0.123234090563898E+002  0.254267401568442E+000  0.970076582512147E+000  0.312153346894152E+001  0.848859991849620E-001  0.529668711567471E+000 -0.616170452819491E+001
  0.154874586855316E-001  0.121363445462391E+002  0.252830744008687E+000  0.985592933379973E+000  0.314843002834067E+001  0.144832466482059E+000  0.529668711567471E+000 -0.606817227311953E+001
  0.203045395281177E-001  0.113591506673823E+002  0.251837197960086E+000  0.977880538989626E+000  0.311769456439874E+001  0.615020011620309E-001  0.529668711567471E+000 -0.567957533369117E+001
  0.194389948503229E-001  0.113319606210176E+002  0.252746424220972E+000  0.988116375744648E+000  0.314889734715771E+001  0.153100631595344E+000  0.529668711567471E+000 -0.566598031050880E+001
  0.280424700367250E-001  0.105990825098650E+002  0.253266678869107E+000  0.971462890407553E+000  0.311926571776269E+001  0.756871558217590E-001  0.529668711567471E+000 -0.529954125493250E+001
  0.361522311691748E-001  0.985547940172317E+001  0.253036067577413E+000  0.973023339893116E+000  0.313620834690741E+001  0.107135108934619E+000  0.529668711567471E+000 -0.492773970086159E+001
  0.467721086698724E-001  0.922606579361288E+001  0.253182623072653E+000  0.971612914423243E+000  0.312381936072522E+001  0.766710067959554E-001  0.529668711567471E+000 -0.461303289680644E+001
  0.531480002050468E-001  0.885616212210130E+001  0.253522954084397E+000  0.982690355775430E+000  0.311444000790429E+001  0.816690803868765E-001  0.529668711567471E+000 -0.442808106105065E+001
  0.535855541033985E-001  0.883976404176489E+001  0.256569314323705E+000  0.976359962658487E+000  0.309037168322947E+001  0.558645399458436E-001  0.529668711567471E+000 -0.441988202088244E+001
  0.554937162874502E-001  0.876978349068235E+001  0.252278778013059E+000  0.987948383980627E+000  0.314947889360178E+001  0.145206927599268E+000  0.529668711567471E+000 -0.438489174534118E+001
  0.590852014997895E-001  0.839403580252222E+001  0.254242623139064E+000  0.981445198774188E+000  0.312640847568010E+001  0.112487628352043E+000  0.529668711567471E+000 -0.419701790126111E+001
  0.563707836491861E-001  0.825252871429355E+001  0.252371115313978E+000  0.987267042796039E+000  0.314921035892163E+001  0.146795211669096E+000  0.529668711567471E+000 -0.412626435714677E+001
  0.555001149472098E-001  0.816934371063254E+001  0.250749242571637E+000  0.983809137767262E+000  0.315027092902978E+001  0.120694332259680E+000  0.529668711567471E+000 -0.408467185531627E+001
  0.598180894524363E-001  0.801949766553973E+001  0.252084198824227E+000  0.971716332259205E+000  0.312155154969790E+001  0.586959148990387E-001  0.529668711567471E+000 -0.400974883276986E+001
  0.615350949651690E-001  0.796289857058699E+001  0.250453561483148E+000  0.978684667442217E+000  0.315637815065583E+001  0.125905055587732E+000  0.529668711567471E+000 -0.398144928529350E+001
  0.624542688953405E-001  0.780416766960686E+001  0.250479387484956E+000  0.979218961692246E+000  0.315273493420229E+001  0.120767992192213E+000  0.529668711567471E+000 -0.390208383480343E+001
  0.598390430210929E-001  0.776064312733699E+001  0.250806262869902E+000  0.976105151552096E+000  0.314789293723610E+001  0.108819241378968E+000  0.529668711567471E+000 -0.388032156366849E+001
  0.612743388429989E-001  0.758416048882934E+001  0.251899145306361E+000  0.971305209660832E+000  0.312980949701928E+001  0.759163752834441E-001  0.529668711567471E+000 -0.379208024441467E+001
  0.634260518849959E-001  0.738605634516605E+001  0.256052160389461E+000  0.975832504939773E+000  0.309827627389833E+001  0.647038514345964E-001  0.529668711567471E+000 -0.369302817258302E+001
  0.585758914473341E-001  0.729483303300103E+001  0.254960538109423E+000  0.979889485803296E+000  0.311227993965220E+001  0.878398723534721E-001  0.529668711567471E+000 -0.364741651650052E+001
  0.633209953145236E-001  0.713904553198430E+001  0.253108564057777E+000  0.983063370520760E+000  0.313862947394718E+001  0.125311600015361E+000  0.529668711567471E+000 -0.356952276599215E+001
  0.745650409224503E-001  0.681213588530545E+001  0.254308851457245E+000  0.981508466586942E+000  0.310058541940458E+001  0.560141872326795E-001  0.529668711567471E+000 -0.340606794265272E+001
  0.696408010824622E-001  0.681079246033576E+001  0.251152205981354E+000  0.978241028266247E+000  0.315120896097628E+001  0.124310007805150E+000  0.529668711567471E+000 -0.340539623016788E+001
  0.679774914926798E-001  0.672115466757753E+001  0.254282487166520E+000  0.970925170053670E+000  0.311039247156105E+001  0.665399676942262E-001  0.529668711567471E+000 -0.336057733378876E+001
  0.692732173197041E-001  0.668339123935401E+001  0.252235813988439E+000  0.972745690264158E+000  0.313036983452422E+001  0.863590796743645E-001  0.529668711567471E+000 -0.334169561967701E+001
  0.719078179745350E-001  0.660873796778847E+001  0.254504838417755E+000  0.977832432923325E+000  0.311141286592206E+001  0.808816358071003E-001  0.529668711567471E+000 -0.330436898389423E+001
  0.782462476426843E-001  0.643978620377376E+001  0.254941856918932E+000  0.971105629397952E+000  0.310921390059671E+001  0.683000236274988E-001  0.529668711567471E+000 -0.321989310188688E+001
  0.801181486519505E-001  0.639250314673681E+001  0.252873318906864E+000  0.969468982999018E+000  0.312052456061601E+001  0.667317207499722E-001  0.529668711567471E+000 -0.319625157336841E+001
  0.821215115843038E-001  0.634310795542013E+001  0.252409381468019E+000  0.970165730303682E+000  0.312168498884027E+001  0.642208934995033E-001  0.529668711567471E+000 -0.317155397771007E+001
  0.842835669003503E-001  0.629113413328558E+001  0.251624536090319E+000  0.983979756991966E+000  0.313976751555099E+001  0.113679232717973E+000  0.529668711567471E+000 -0.314556706664279E+001
  0.871281210802247E-001  0.622474857050933E+001  0.252872509998413E+000  0.984319642444140E+000  0.312624279302423E+001  0.992759846832889E-001  0.529668711567471E+000 -0.311237428525467E+001
  0.944567723908297E-001  0.606322336376502E+001  0.254120593153076E+000  0.980995863881155E+000  0.311668158864350E+001  0.867894706063506E-001  0.529668711567471E+000 -0.303161168188251E+001
  0.104126210744096E+000  0.586830049699076E+001  0.251021632722011E+000  0.981461260589597E+000  0.314351067068273E+001  0.110508507452729E+000  0.529668711567471E+000 -0.293415024849538E+001
  0.896889619936410E-001  0.549386806658506E+001  0.251173617102500E+000  0.977830558099516E+000  0.313618174584475E+001  0.896533896094912E-001  0.529668711567471E+000 -0.274693403329253E+001
  0.990081198938425E-001  0.529615974837416E+001  0.251927981483848E+000  0.981393968674331E+000  0.314752844822654E+001  0.130302579660343E+000  0.529668711567471E+000 -0.264807987418708E+001
  0.170290986096107E+000  0.421154616675831E+001  0.252135010889293E+000  0.974889733559198E+000  0.313318391893705E+001  0.924104394505493E-001  0.529668711567471E+000 -0.210577308337915E+001
  0.179492609847239E+000  0.410629540754936E+001  0.252541908232948E+000  0.982425806145821E+000  0.313139772170376E+001  0.104031905683636E+000  0.529668711567471E+000 -0.205314770377468E+001
  0.274080613270708E+000  0.223806768837550E+001  0.252537784455836E+000  0.976419035263948E+000  0.312152729420868E+001  0.732922285770640E-001  0.529668711567471E+000 -0.111903384418775E+001
  0.248885986730164E+000  0.198463531604418E+001  0.253899095681221E+000  0.976822940883324E+000  0.311531452747551E+001  0.772020582441715E-001  0.529668711567471E+000 -0.992317658022089E+000
  0.250946092159770E+000  0.196814884242945E+001  0.253414521096959E+000  0.977863462432425E+000  0.311855784741618E+001  0.806009557533295E-001  0.529668711567471E+000 -0.984074421214723E+000
  0.216056623682873E+000  0.169217994509267E+001  0.253269070352934E+000  0.976566153197308E+000  0.311771573806947E+001  0.733908928559733E-001  0.529668711567471E+000 -0.846089972546334E+000
  0.228211800328866E+000  0.158271269199338E+001  0.253497396506330E+000  0.976994337343354E+000  0.311517111850848E+001  0.729628325523209E-001  0.529668711567471E+000 -0.791356345996692E+000
  0.232459586416626E+000  0.154582820900272E+001  0.253359914633576E+000  0.976343089662567E+000  0.311857641745656E+001  0.769161486140678E-001  0.529668711567471E+000 -0.772914104501361E+000
