  0.725913641151082E+000  0.663345809950483E+001  0.254507023469066E+000  0.979668176803635E+000  0.309445982177241E+001  0.433513176996599E-001  0.529668711567471E+000 -0.331672904975242E+001
  0.725913641151082E+000  0.100872008665601E+002  0.253889433870733E+000  0.965242250959188E+000  0.311062281447223E+001  0.514135591277590E-001  0.529668711567471E+000 -0.504360043328007E+001
  0.725913641151082E+000  0.729565106842867E+001  0.256528441346597E+000  0.976674139444690E+000  0.308405308745419E+001  0.415166950879718E-001  0.529668711567471E+000 -0.364782553421434E+001
  0.725913641151082E+000  0.870580240781987E+001  0.252757500900582E+000  0.968308298061359E+000  0.310559382234156E+001  0.293851787641384E-001  0.529668711567471E+000 -0.435290120390993E+001
  0.725913641151082E+000  0.834786236285767E+001  0.255017625604259E+000  0.979353479880915E+000  0.308565417663022E+001  0.242155229321615E-001  0.529668711567471E+000 -0.417393118142884E+001
  0.725913641151082E+000  0.793494610276215E+001  0.255299921604179E+000  0.972317995561828E+000  0.309490062687586E+001  0.374100802592357E-001  0.529668711567471E+000 -0.396747305138107E+001
  0.725913641151082E+000  0.745198193092925E+001  0.257659814235185E+000  0.963619927467571E+000  0.307115112824672E+001  0.969614674435648E-003  0.529668711567471E+000 -0.372599096546462E+001
  0.725913641151082E+000  0.587295077092415E+001  0.252713256762114E+000  0.970308591356731E+000  0.311278111368733E+001  0.458525487767725E-001  0.529668711567471E+000 -0.293647538546208E+001
  0.725913641151082E+000  0.582786683492242E+001  0.257018527958623E+000  0.969229933016056E+000  0.308030433484042E+001  0.280866566049956E-001  0.529668711567471E+000 -0.291393341746121E+001
  0.725913641151082E+000  0.580076182485098E+001  0.256009446288750E+000  0.978104035383539E+000  0.308177144605726E+001  0.290116468132927E-001  0.529668711567471E+000 -0.290038091242549E+001
  0.725913641151082E+000  0.573298579214454E+001  0.256395119077049E+000  0.965681141495738E+000  0.308610793094672E+001  0.262330996985439E-001  0.529668711567471E+000 -0.286649289607227E+001
  0.725913641151082E+000  0.570448150820449E+001  0.254843318803413E+000  0.975842514506398E+000  0.309862750599564E+001  0.463198351453100E-001  0.529668711567471E+000 -0.285224075410225E+001
  0.725913641151082E+000  0.562636972873616E+001  0.256486539163886E+000  0.974321032451873E+000  0.308202532375863E+001  0.333419984937713E-001  0.529668711567471E+000 -0.281318486436808E+001
  0.725913641151082E+000  0.546854072161448E+001  0.255755381116331E+000  0.964814343546871E+000  0.308595521458746E+001  0.112176239656434E-001  0.529668711567471E+000 -0.273427036080724E+001
  0.725913641151082E+000  0.526260267404589E+001  0.256662446753656E+000  0.969688271789995E+000  0.308645810162219E+001  0.370260287173813E-001  0.529668711567471E+000 -0.263130133702294E+001
  0.725913641151082E+000  0.451295650367193E+001  0.255268999516072E+000  0.970040999187808E+000  0.310096488294410E+001  0.521653278328719E-001  0.529668711567471E+000 -0.225647825183596E+001
  0.725913641151082E+000  0.410395265312190E+001  0.255021673591277E+000  0.972005933982161E+000  0.309130760028322E+001  0.335327130247976E-001  0.529668711567471E+000 -0.205197632656095E+001
  0.725913641151082E+000  0.403536089331338E+001  0.253490854984295E+000  0.978568178548894E+000  0.310415892610725E+001  0.493791249606118E-001  0.529668711567471E+000 -0.201768044665669E+001
  0.725913641151082E+000  0.363277719067937E+001  0.255840648020740E+000  0.967433026482899E+000  0.308506444670200E+001  0.141978567338448E-001  0.529668711567471E+000 -0.181638859533968E+001
  0.725913641151082E+000  0.333309826022826E+001  0.255673943883128E+000  0.972436659376247E+000  0.309408409756469E+001  0.476175414496301E-001  0.529668711567471E+000 -0.166654913011413E+001
  0.725913641151082E+000  0.317191861817751E+001  0.254018160350941E+000  0.968851789511282E+000  0.310119396919293E+001  0.369159665796210E-001  0.529668711567471E+000 -0.158595930908876E+001
  0.725913641151082E+000  0.314009806539571E+001  0.254980576442409E+000  0.974832260689793E+000  0.309469139703994E+001  0.384382506694796E-001  0.529668711567471E+000 -0.157004903269786E+001
  0.725913641151082E+000  0.311644606536463E+001  0.256143497494607E+000  0.972128766525425E+000  0.308423895536335E+001  0.304076544075168E-001  0.529668711567471E+000 -0.155822303268232E+001
  0.725913641151082E+000  0.304042183194543E+001  0.254921224731777E+000  0.970745093015815E+000  0.309237793112940E+001  0.254264946266506E-001  0.529668711567471E+000 -0.152021091597272E+001
  0.725913641151082E+000  0.296789877177356E+001  0.256063551673548E+000  0.970251595703406E+000  0.307802006958142E+001  0.946840666932956E-002  0.529668711567471E+000 -0.148394938588678E+001
  0.725913641151082E+000  0.292261163793175E+001  0.255706725253904E+000  0.972689565566252E+000  0.309267997487199E+001  0.450257812257407E-001  0.529668711567471E+000 -0.146130581896588E+001
  0.725913641151082E+000  0.290097743571502E+001  0.254023504158827E+000  0.969399852464656E+000  0.309962664788380E+001  0.307567201454466E-001  0.529668711567471E+000 -0.145048871785751E+001
  0.725913641151082E+000  0.275580240292973E+001  0.254626008220642E+000  0.971631146251758E+000  0.310352536483595E+001  0.548712045303006E-001  0.529668711567471E+000 -0.137790120146487E+001
  0.725913641151082E+000  0.258825961385168E+001  0.254608600342332E+000  0.975979201589542E+000  0.309078124077393E+001  0.284288359801691E-001  0.529668711567471E+000 -0.129412980692584E+001
  0.725913641151082E+000  0.256000134816771E+001  0.256244757994797E+000  0.974509069995693E+000  0.307922250006371E+001  0.209560162437816E-001  0.529668711567471E+000 -0.128000067408385E+001
  0.725913641151082E+000  0.255627474581706E+001  0.255672153198911E+000  0.972826847128079E+000  0.307839645493833E+001  0.108974714468840E-002  0.529668711567471E+000 -0.127813737290853E+001
  0.725913641151082E+000  0.252466041964125E+001  0.255063579067176E+000  0.971126126979590E+000  0.309513591131254E+001  0.355645581455483E-001  0.529668711567471E+000 -0.126233020982062E+001
  0.725913641151082E+000  0.250422257068321E+001  0.255885135178909E+000  0.972081244304396E+000  0.307867333184473E+001  0.309917837943436E-002  0.529668711567471E+000 -0.125211128534160E+001
  0.725913641151082E+000  0.248131719394976E+001  0.255647637864415E+000  0.969943000501523E+000  0.309296284730602E+001  0.398415369754130E-001  0.529668711567471E+000 -0.124065859697488E+001
  0.725913641151082E+000  0.248029111891782E+001  0.256639952369076E+000  0.973015135038374E+000  0.307478598237195E+001  0.747127869291476E-002  0.529668711567471E+000 -0.124014555945891E+001
  0.725913641151082E+000  0.246270260149871E+001  0.253471276831971E+000  0.977514328616091E+000  0.310839820996986E+001  0.583789946097482E-001  0.529668711567471E+000 -0.123135130074935E+001
  0.725913641151082E+000  0.221730498936126E+001  0.255041914516563E+000  0.969867737077235E+000  0.308351295997232E+001  0.254791029163376E-002  0.529668711567471E+000 -0.110865249468063E+001
  0.725913641151082E+000  0.219752731236325E+001  0.256619611500288E+000  0.965259503057290E+000  0.307800642529024E+001  0.429722787229381E-002  0.529668711567471E+000 -0.109876365618163E+001
  0.725913641151082E+000  0.212701710751805E+001  0.253917778722505E+000  0.974171081276695E+000  0.310286017233847E+001  0.478351646072765E-001  0.529668711567471E+000 -0.106350855375903E+001
  0.725913641151082E+000  0.196852109521361E+001  0.256877898195608E+000  0.965494078590384E+000  0.307597701015700E+001  0.302220146546951E-002  0.529668711567471E+000 -0.984260547606804E+000
  0.725913641151082E+000  0.190592366105265E+001  0.255091778411040E+000  0.972748007713162E+000  0.309977045625548E+001  0.525549235513729E-001  0.529668711567471E+000 -0.952961830526323E+000
  0.725913641151082E+000  0.178215377168395E+001  0.254898664734536E+000  0.968721298055013E+000  0.308642305668736E+001  0.883714860027967E-002  0.529668711567471E+000 -0.891076885841976E+000
  0.725913641151082E+000  0.173579170122243E+001  0.255579980702277E+000  0.969423472449013E+000  0.308926697575887E+001  0.300327402653583E-001  0.529668711567471E+000 -0.867895850611214E+000
  0.725913641151082E+000  0.167520400078927E+001  0.255045313354555E+000  0.972240689227445E+000  0.309072276480188E+001  0.312114629259460E-001  0.529668711567471E+000 -0.837602000394634E+000
  0.725913641151082E+000  0.167260427949983E+001  0.254674309905461E+000  0.976022164317054E+000  0.309396251550752E+001  0.371421534016136E-001  0.529668711567471E+000 -0.836302139749915E+000
  0.725913641151082E+000  0.167217707870784E+001  0.254011238359247E+000  0.973994864073507E+000  0.309712612690266E+001  0.333797743607413E-001  0.529668711567471E+000 -0.836088539353920E+000
  0.725913641151082E+000  0.167151568853253E+001  0.255997424778879E+000  0.972845686677783E+000  0.308413238617396E+001  0.280555382576000E-001  0.529668711567471E+000 -0.835757844266265E+000
  0.725913641151082E+000  0.164034309430691E+001  0.254526375561885E+000  0.976672153028866E+000  0.309973738370348E+001  0.494051445965621E-001  0.529668711567471E+000 -0.820171547153455E+000
  0.725913641151082E+000  0.162984754388364E+001  0.255108940112613E+000  0.971201175522152E+000  0.309800803461138E+001  0.459501488745574E-001  0.529668711567471E+000 -0.814923771941819E+000
  0.725913641151082E+000  0.147661527550952E+001  0.256524831656214E+000  0.972769480985462E+000  0.307787948751698E+001  0.177679900797247E-001  0.529668711567471E+000 -0.738307637754760E+000
  0.725913641151082E+000  0.145270713896654E+001  0.255128332567433E+000  0.969590438048950E+000  0.309372308502305E+001  0.345636175491220E-001  0.529668711567471E+000 -0.726353569483269E+000
  0.725913641151082E+000  0.144601441212428E+001  0.254753497456005E+000  0.975196846970427E+000  0.310223637019996E+001  0.563603209213426E-001  0.529668711567471E+000 -0.723007206062142E+000
  0.725913641151082E+000  0.142359721870087E+001  0.254192492498704E+000  0.974161832141273E+000  0.309580303362306E+001  0.327752267878001E-001  0.529668711567471E+000 -0.711798609350436E+000
  0.725913641151082E+000  0.140383434681170E+001  0.254747226472783E+000  0.972683493634404E+000  0.309427806869550E+001  0.362131566123941E-001  0.529668711567471E+000 -0.701917173405848E+000
  0.725913641151082E+000  0.135407238483521E+001  0.253941421314895E+000  0.972701582708541E+000  0.309888194921657E+001  0.338502446118017E-001  0.529668711567471E+000 -0.677036192417603E+000
  0.725913641151082E+000  0.134262274028564E+001  0.254857396776620E+000  0.975323351289851E+000  0.309974935790112E+001  0.522789592630385E-001  0.529668711567471E+000 -0.671311370142821E+000
  0.725913641151082E+000  0.128601923663174E+001  0.254432586918927E+000  0.972784494360859E+000  0.309655738740168E+001  0.373117282382134E-001  0.529668711567471E+000 -0.643009618315872E+000
  0.725913641151082E+000  0.125935178755418E+001  0.253924583908636E+000  0.972383908638328E+000  0.310468974671765E+001  0.464437681944380E-001  0.529668711567471E+000 -0.629675893777090E+000
  0.725913641151082E+000  0.123919115405520E+001  0.254138596211394E+000  0.973879958943670E+000  0.309706989897668E+001  0.348789580980384E-001  0.529668711567471E+000 -0.619595577027600E+000
  0.725913641151082E+000  0.121789589869386E+001  0.255436328171311E+000  0.968395028507240E+000  0.308256329610783E+001  0.600279242830251E-002  0.529668711567471E+000 -0.608947949346928E+000
  0.725913641151082E+000  0.112301749807922E+001  0.255824071463659E+000  0.973107971436046E+000  0.308126273623892E+001  0.176951997430765E-001  0.529668711567471E+000 -0.561508749039608E+000
  0.725913641151082E+000  0.966414454854048E+000  0.253872529675383E+000  0.973525540132101E+000  0.310722034211507E+001  0.549646885715069E-001  0.529668711567471E+000 -0.483207227427024E+000
  0.725913641151082E+000  0.965299208147992E+000  0.254162437929128E+000  0.975193102258732E+000  0.310666064891349E+001  0.586522595977873E-001  0.529668711567471E+000 -0.482649604073996E+000
  0.725913641151082E+000  0.839655895489033E+000  0.254661455386261E+000  0.969955428328552E+000  0.309472440042920E+001  0.300144425436403E-001  0.529668711567471E+000 -0.419827947744517E+000
  0.725913641151082E+000  0.829334509784197E+000  0.255794738894831E+000  0.973311073549022E+000  0.308485761070033E+001  0.256154291212144E-001  0.529668711567471E+000 -0.414667254892099E+000
  0.725913641151082E+000  0.828328920507112E+000  0.254118412267733E+000  0.974333980429343E+000  0.310279708214333E+001  0.492231116003673E-001  0.529668711567471E+000 -0.414164460253556E+000
  0.725913641151082E+000  0.740626699010515E+000  0.256675892922311E+000  0.967276954554830E+000  0.307645706329623E+001  0.467043182585595E-002  0.529668711567471E+000 -0.370313349505258E+000
  0.725913641151082E+000  0.714097482251532E+000  0.254900942942083E+000  0.971817159838646E+000  0.309426354303707E+001  0.335665102687921E-001  0.529668711567471E+000 -0.357048741125766E+000
  0.725913641151082E+000  0.549371502233773E+000  0.256129596237651E+000  0.971093048889594E+000  0.308109973885906E+001  0.160510008914567E-001  0.529668711567471E+000 -0.274685751116887E+000
  0.725913641151082E+000  0.517239052273970E+000  0.255832749135099E+000  0.971366991126746E+000  0.308588288245595E+001  0.258564996182922E-001  0.529668711567471E+000 -0.258619526136985E+000
  0.725913641151082E+000  0.406848933528873E+000  0.254975960122687E+000  0.970294359392486E+000  0.309166220255849E+001  0.271077758023549E-001  0.529668711567471E+000 -0.203424466764437E+000
  0.725913641151082E+000  0.372163378802715E+000  0.255262199993294E+000  0.969908992683877E+000  0.308876701091369E+001  0.226137878584753E-001  0.529668711567471E+000 -0.186081689401357E+000
  0.725913641151082E+000  0.340776134546832E+000  0.255999552038342E+000  0.970999262829111E+000  0.307973680702520E+001  0.955065326084392E-002  0.529668711567471E+000 -0.170388067273416E+000
  0.725913641151082E+000  0.323871536564989E+000  0.256107854381129E+000  0.971720385263154E+000  0.307942432376035E+001  0.131645131351575E-001  0.529668711567471E+000 -0.161935768282494E+000
  0.725913641151082E+000  0.295603060926122E+000  0.254987565524575E+000  0.971871325607358E+000  0.309216926100902E+001  0.302673007920966E-001  0.529668711567471E+000 -0.147801530463061E+000
  0.725913641151082E+000  0.271830072299346E+000  0.256242145963497E+000  0.969998562994679E+000  0.307746701437812E+001  0.700100971464195E-002  0.529668711567471E+000 -0.135915036149673E+000
  0.725913641151082E+000  0.227659937277457E+000  0.254968887960399E+000  0.971766992007204E+000  0.309037555337744E+001  0.263057605440640E-001  0.529668711567471E+000 -0.113829968638729E+000
  0.725913641151082E+000  0.426129707394067E-001  0.255599918733292E+000  0.970619332658391E+000  0.308351823983232E+001  0.148884965702444E-001  0.529668711567471E+000 -0.213064853697035E-001
  0.725913641151082E+000  0.277516170954277E-001  0.255960552777247E+000  0.969634336815307E+000  0.308033227971611E+001  0.913643784020265E-002  0.529668711567471E+000 -0.138758085477140E-001
