#        weight    minuslogpost         omega_c             n_s            lnas            m_nu   minuslogprior minuslogprior__0            chi2 chi2__likelihood_CAMB
 5.3242649e-303       704.53868      0.27135362       1.0997493       2.9530592      0.72044479     -0.52966871      -0.52966871       1410.1367             1410.1367
 1.8540864e-301       700.95762      0.24879063       1.0757424       3.1623617      0.77744664     -0.52966871      -0.52966871       1402.9746             1402.9746
 2.3733129e-296       689.16703      0.25440934      0.89935038       3.0671463      0.31732506     -0.52966871      -0.52966871       1379.3934             1379.3934
  2.048852e-293       682.37551      0.22719501      0.95270497       3.1568616      0.25395374     -0.52966871      -0.52966871       1365.8104             1365.8104
 4.8706249e-292       679.17621      0.23414876       1.0328193       3.2913042      0.78012418     -0.52966871      -0.52966871       1359.4118             1359.4118
 4.9541119e-287       667.61552       0.2327392        1.005165       3.1467311      0.36126931     -0.52966871      -0.52966871       1336.2904             1336.2904
 2.3234315e-285       663.73675      0.28439786       1.0656315       2.8944967      0.67891465     -0.52966871      -0.52966871       1328.5328             1328.5328
 1.2656569e-272       634.37982      0.24904412       1.0306405       2.9975934      0.31196027     -0.52966871      -0.52966871        1269.819              1269.819
  1.611011e-272       634.10778      0.25579291       1.0592853       3.0804077      0.78658541     -0.52966871      -0.52966871       1269.2749             1269.2749
 1.3151785e-243       567.50493      0.27328908      0.93788453       2.9304647      0.30484728     -0.52966871      -0.52966871       1136.0692             1136.0692
  4.365451e-235       547.85373      0.24908442       1.0117498       3.0571392       0.4949415     -0.52966871      -0.52966871       1096.7668             1096.7668
  1.514278e-219       512.04038      0.22945128      0.98346344       3.1951193      0.41886668     -0.52966871      -0.52966871       1025.1401             1025.1401
 4.5941184e-216       503.99201      0.27688009       1.0086002       2.9970932      0.68463372     -0.52966871      -0.52966871       1009.0434             1009.0434
 4.6859481e-211       492.42853      0.23720254      0.90528892       3.1389013      0.33013233     -0.52966871      -0.52966871       985.91639             985.91639
 1.8351104e-206       481.82229       0.2766259      0.98494377       2.9968693      0.74618974     -0.52966871      -0.52966871       964.70392             964.70392
 5.1102552e-205       478.46479      0.27558861      0.82900324       2.9103832      0.19905312     -0.52966871      -0.52966871       957.98892             957.98892
 8.1685238e-189       441.12362      0.24571978      0.94327982       3.1879545      0.57143158     -0.52966871      -0.52966871       883.30657             883.30657
 1.8459474e-188       440.27756      0.25138102      0.91476418       2.9506999       0.1410042     -0.52966871      -0.52966871       881.61445             881.61445
 4.5739376e-183       427.82648      0.27436391       1.0080533        2.850719      0.29695358     -0.52966871      -0.52966871       856.71229             856.71229
 1.6810648e-175       410.37597      0.25881168      0.97756345       2.9054153      0.14705947     -0.52966871      -0.52966871       821.81128             821.81128
 2.2130902e-174       407.76765      0.27921073      0.91716675       2.9750544      0.52579431     -0.52966871      -0.52966871       816.59464             816.59464
 6.0440637e-173       404.42961      0.27106384      0.94774212       2.8502028      0.20879559     -0.52966871      -0.52966871       809.91856             809.91856
 3.3350447e-169       395.78309      0.27563298       1.0190858       2.9932869      0.78379476     -0.52966871      -0.52966871       792.62551             792.62551
 2.3397766e-167       391.50158      0.24231127      0.90955666       2.9834356      0.05233035     -0.52966871      -0.52966871       784.06249             784.06249
 3.5175528e-165       386.45793       0.2565413      0.98741619       2.9864992      0.38835277     -0.52966871      -0.52966871       773.97519             773.97519
 1.1264297e-156        366.8426      0.27796625      0.95027279       2.7743332     0.045587683     -0.52966871      -0.52966871       734.74454             734.74454
 2.1172759e-151       354.66783      0.27191843      0.95144882       2.7931689     0.013882363     -0.52966871      -0.52966871       710.39499             710.39499
 1.8206506e-147       345.57765      0.26480636      0.90599296        2.863054    0.0084107733     -0.52966871      -0.52966871       692.21464             692.21464
 7.4476993e-143       334.92783       0.2623047      0.84590502        2.953506      0.17453882     -0.52966871      -0.52966871       670.91499             670.91499
 7.4989716e-143       334.89019       0.2672157      0.98092332       2.8500328      0.18144358     -0.52966871      -0.52966871       670.83973             670.83973
 3.7583342e-140       328.64246      0.25502129      0.98553439       3.1241573      0.62058811     -0.52966871      -0.52966871       658.34425             658.34425
 4.4338556e-135       316.93347      0.28703472      0.88031739       2.8287264      0.20178376     -0.52966871      -0.52966871       634.92627             634.92627
 2.1044016e-133       313.04276       0.2514809      0.94471201       3.0742597      0.37096132     -0.52966871      -0.52966871       627.14486             627.14486
 3.5839161e-130       305.57181      0.24655041         0.89821       3.1002645      0.32146498     -0.52966871      -0.52966871       612.20296             612.20296
 2.8772584e-127        298.8529      0.25445839       1.0171743       3.0013804      0.38737358     -0.52966871      -0.52966871       598.76514             598.76514
 3.1853196e-125       294.11525      0.26854877      0.87368922       2.9143654      0.14234062     -0.52966871      -0.52966871       589.28983             589.28983
 8.7098341e-125       293.07857      0.23768589      0.98311867       3.1853469      0.55474117     -0.52966871      -0.52966871       587.21649             587.21649
 3.1080557e-119       280.26275      0.26528106      0.89869083       2.8622597     0.006849915     -0.52966871      -0.52966871       561.58483             561.58483
 3.6737898e-119       280.06475      0.24520511      0.89476832       3.0757115      0.24914369     -0.52966871      -0.52966871       561.18884             561.18884
 5.1542585e-116       272.78762      0.25622198       1.0443061       3.0358884      0.55570499     -0.52966871      -0.52966871       546.63458             546.63458
 4.6037175e-113       265.96206      0.24053375      0.94259914       3.0771292      0.25339103     -0.52966871      -0.52966871       532.98345             532.98345
 1.1083725e-112       265.05267      0.25706482      0.90701043       2.9345506     0.089263063     -0.52966871      -0.52966871       531.16468             531.16468
 1.4210411e-108       255.56306      0.26516323      0.98053517       3.0397397      0.55785727     -0.52966871      -0.52966871       512.18546             512.18546
 1.4722482e-107        253.1943      0.26172502      0.95059074       3.0907174      0.67354456     -0.52966871      -0.52966871       507.44794             507.44794
 4.3182778e-105        247.4823      0.26350647      0.96042403       2.8412931     0.074812304     -0.52966871      -0.52966871       496.02393             496.02393
 3.9767286e-104       245.23134      0.23939901       0.9376816       3.1598628      0.42396443     -0.52966871      -0.52966871       491.52201             491.52201
 1.3254114e-103       243.99672      0.26648763      0.98496473       3.0610266      0.65651155     -0.52966871      -0.52966871       489.05277             489.05277
  4.085988e-103        242.8401      0.26497083      0.99946421       3.0329236      0.66614488     -0.52966871      -0.52966871       486.73954             486.73954
 3.2087674e-100       236.14325      0.27113426      0.90583348       2.9032815      0.19011585     -0.52966871      -0.52966871       473.34584             473.34584
   1.914187e-98       232.02391       0.2712108      0.84135744       2.8358483    0.0024846266     -0.52966871      -0.52966871       465.10715             465.10715
  7.0793129e-98       230.68525      0.28504478      0.92007901       2.8221171      0.23594143     -0.52966871      -0.52966871       462.42984             462.42984
  9.1778244e-97       228.09228      0.25481821      0.88527773       2.9625052      0.10530782     -0.52966871      -0.52966871        457.2439              457.2439
  1.0177456e-96       227.95812      0.25606821      0.97882957       2.9406392      0.22338114     -0.52966871      -0.52966871       456.97558             456.97558
   3.302223e-93       219.84259      0.27024083      0.85488886       2.9147849      0.16997215     -0.52966871      -0.52966871       440.74452             440.74452
  1.3781212e-91       216.08052      0.26134778      0.94767141       2.8633041     0.057420501     -0.52966871      -0.52966871       433.22038             433.22038
  5.4893789e-91       214.94529      0.26332235       1.0212118       3.0737948      0.70915242     -0.52966871      -0.52966871       430.94992             430.94992
  1.0454887e-86       205.04987      0.26740534      0.95230184       3.0177994      0.49424474     -0.52966871      -0.52966871       411.15908             411.15908
  4.8120356e-83       196.53544      0.25868576       1.0442922       3.1135547      0.79358975     -0.52966871      -0.52966871       394.13022             394.13022
  6.9008361e-83       196.17492      0.27286117      0.96107905       2.9569827      0.43642072     -0.52966871      -0.52966871       393.40917             393.40917
  9.4821867e-83       195.81632       0.2482878       1.0209065       3.0839679      0.51084877     -0.52966871      -0.52966871       392.69198             392.69198
  2.5325407e-75       178.71583      0.27748812      0.96231571        2.872924      0.31526107     -0.52966871      -0.52966871         358.491               358.491
  4.4319194e-73       173.46767      0.24414362      0.94458139       3.1629775      0.52742176     -0.52966871      -0.52966871       347.99468             347.99468
   2.064992e-72       171.88797      0.25199045      0.93644577       3.1225972      0.55531773     -0.52966871      -0.52966871       344.83528             344.83528
  3.0769175e-71       169.14576      0.26773219      0.97070245       2.9590707      0.38162176     -0.52966871      -0.52966871       339.35086             339.35086
  1.5935243e-67       160.55258      0.26126627      0.98323236       2.9594129      0.32217202     -0.52966871      -0.52966871        322.1645              322.1645
  9.5287806e-66        156.4208      0.26516376       1.0448036       3.0404405      0.75942234     -0.52966871      -0.52966871       313.90095             313.90095
  1.8509249e-65       155.71603      0.24356812       1.0420808       3.1789928      0.73633967     -0.52966871      -0.52966871       312.49139             312.49139
  2.0399998e-65       155.57794      0.25851988      0.97690863       3.1443039      0.78266081     -0.52966871      -0.52966871       312.21522             312.21522
  2.2941932e-65       155.41969      0.26896902       1.0089968       3.0362462      0.74886987     -0.52966871      -0.52966871       311.89871             311.89871
   8.488534e-65       154.07053      0.25139792      0.98823877       3.1287069      0.59214673     -0.52966871      -0.52966871        309.2004              309.2004
  7.3036176e-64       151.91829      0.27466818      0.97786309       2.9645275      0.53462294     -0.52966871      -0.52966871       304.89592             304.89592
  2.9053334e-63       150.49497      0.26276063       1.0358094       3.0288478      0.62905581     -0.52966871      -0.52966871       302.04928             302.04928
  1.9340884e-62       148.55674      0.24789398      0.99983175       3.0980668      0.52626209     -0.52966871      -0.52966871       298.17281             298.17281
  3.8379195e-61        145.5263      0.26788169      0.95598103       3.0346578      0.61132725     -0.52966871      -0.52966871       292.11193             292.11193
  1.0844398e-60       144.44502      0.27134183      0.99721209       2.9875134      0.61208139     -0.52966871      -0.52966871       289.94938             289.94938
  1.5143432e-58       139.50593       0.2539589      0.95055571       3.0704639      0.48506374     -0.52966871      -0.52966871        280.0712              280.0712
  2.6358664e-57       136.60466      0.26542502      0.91718231       3.0031555      0.38432888     -0.52966871      -0.52966871       274.26867             274.26867
  2.5576461e-57       136.59034      0.25622969       1.0080968       3.0576584      0.52620181     -0.52966871      -0.52966871       274.24001             274.24001
  1.3954947e-53         127.858      0.26835799        1.002017       3.0602505      0.78692931     -0.52966871      -0.52966871       256.77534             256.77534
   3.323869e-53       126.99012      0.25728508       1.0260299       3.0651784      0.60442175     -0.52966871      -0.52966871       255.03958             255.03958
  1.4934393e-51         123.185      0.26868646        0.948475       3.0050232      0.52890326     -0.52966871      -0.52966871       247.42934             247.42934
  2.1636844e-49       118.16465      0.24876453       1.0306541       3.1383305      0.70820597     -0.52966871      -0.52966871       237.38863             237.38863
  2.4919418e-48        115.6338      0.25885347       1.0546848       3.0799631      0.76318159     -0.52966871      -0.52966871       232.32694             232.32694
  1.6854663e-47       113.67968      0.26152567      0.91893091       3.0440613      0.44866735     -0.52966871      -0.52966871       228.41869             228.41869
  8.6258474e-47       111.96357      0.25484046       0.9851493       3.1201105      0.62968492     -0.52966871      -0.52966871       224.98648             224.98648
  1.3803574e-46       111.45259       0.2616552      0.94028695       3.0370816       0.4455584     -0.52966871      -0.52966871       223.96451             223.96451
  1.1481707e-45       109.29335      0.26369622       1.0295095       3.0302041        0.642333     -0.52966871      -0.52966871       219.64604             219.64604
  1.7587948e-45       108.86689      0.26309025      0.97359184       3.0048977       0.4364114     -0.52966871      -0.52966871       218.79312             218.79312
  2.0953979e-45       108.69178      0.24771913       1.0475524       3.1637558      0.79165874     -0.52966871      -0.52966871       218.44289             218.44289
  2.5687256e-45       108.44366      0.24265429       1.0022384       3.2022596      0.69674935     -0.52966871      -0.52966871       217.94666             217.94666
  3.2854702e-44       105.89498      0.26461291       1.0405427       3.0544306      0.77704962     -0.52966871      -0.52966871       212.84929             212.84929
  4.4329724e-43       103.29283      0.25110797      0.93091761       3.1006045      0.44796171     -0.52966871      -0.52966871         207.645               207.645
  2.2603569e-41       99.312417      0.26624269       1.0327011       3.0507187      0.75095097     -0.52966871      -0.52966871       199.68417             199.68417
  2.7161902e-41        99.07992      0.25534072       1.0534318       3.1064633      0.76135406     -0.52966871      -0.52966871       199.21918             199.21918
  5.1201624e-41       98.397173      0.27118944      0.92822176       2.9610544      0.40625489     -0.52966871      -0.52966871       197.85368             197.85368
  1.3956543e-38       92.649479      0.26604782      0.99308078       3.0314474      0.59788842     -0.52966871      -0.52966871        186.3583              186.3583
  4.0120768e-37       89.163115      0.25304738      0.94048619       3.1068921      0.51010792     -0.52966871      -0.52966871       179.38557             179.38557
  1.2650508e-36       87.973905      0.26263926       1.0397568        3.057674      0.73657936     -0.52966871      -0.52966871       177.00715             177.00715
  2.2128016e-35        85.07135      0.25704717      0.96441818       3.1191033      0.66649343     -0.52966871      -0.52966871       171.20204             171.20204
  1.4912049e-34       83.083397      0.24564963       1.0046181       3.2029118      0.76958447     -0.52966871      -0.52966871       167.22613             167.22613
  1.6588845e-34       82.937616      0.26591549      0.99422107       3.0736475      0.74250968     -0.52966871      -0.52966871       166.93457             166.93457
  3.0167443e-33       79.997777      0.25780903       1.0003557       3.0558341      0.58430354     -0.52966871      -0.52966871       161.05489             161.05489
  7.5928021e-33       79.460417      0.25641874       0.9545652       3.1061314      0.60434219     -0.52966871      -0.52966871       159.98017             159.98017
  8.6386596e-33       79.270746      0.26818732      0.95398047       2.9986246      0.50739605     -0.52966871      -0.52966871       159.60083             159.60083
   7.619461e-32       77.093703      0.25406709      0.95379004         3.10975      0.54941819     -0.52966871      -0.52966871       155.24674             155.24674
  1.7971752e-28       69.202689      0.25653048      0.98118726       3.0888436      0.56979376     -0.52966871      -0.52966871       139.46471             139.46471
  2.1113815e-28       68.980938      0.24636974      0.98388818       3.1377841      0.56334723     -0.52966871      -0.52966871       139.02121             139.02121
   4.717036e-27       65.874514      0.26497478      0.98058592       3.0456932      0.60212895     -0.52966871      -0.52966871       132.80837             132.80837
  1.3272636e-24       60.109657      0.26200477       1.0065176       3.0471499      0.60382425     -0.52966871      -0.52966871       121.27865             121.27865
  6.8162712e-23       56.170879      0.25852021      0.99262003       3.0217457      0.46318606     -0.52966871      -0.52966871        113.4011              113.4011
  3.3679936e-21       52.145541      0.25519745      0.96791675       3.0569956      0.48569253     -0.52966871      -0.52966871       105.35042             105.35042
  8.9957405e-19       46.497312      0.25852414      0.98994377       3.0542831      0.53133764     -0.52966871      -0.52966871       94.053962             94.053962
  1.8652329e-18       45.650309      0.25808476      0.96483444       3.0911087      0.60973781     -0.52966871      -0.52966871       92.359956             92.359956
  7.0459185e-18       44.264088      0.26123054      0.94812245        3.047169      0.51311015     -0.52966871      -0.52966871       89.587514             89.587514
  1.6414542e-17       43.307143      0.25876672      0.99312602       3.0283019      0.48614636     -0.52966871      -0.52966871       87.673624             87.673624
  3.2947922e-17       42.556316      0.25124472      0.94998066       3.0917148       0.4599156     -0.52966871      -0.52966871       86.171969             86.171969
  1.3305045e-15        38.75257      0.25205391        0.971911       3.1280223      0.60509431     -0.52966871      -0.52966871       78.564477             78.564477
  4.7915062e-15       37.471283      0.25507308      0.96222653       3.0878595      0.52106748     -0.52966871      -0.52966871       76.001904             76.001904
  5.1774214e-15        37.28846      0.25231323      0.98171398        3.068984      0.46813604     -0.52966871      -0.52966871       75.636258             75.636258
  6.4883065e-15       37.011473      0.26371111      0.95288916       3.0094356      0.46480961     -0.52966871      -0.52966871       75.082283             75.082283
  4.7612619e-14       35.018376      0.25329155      0.96420193       3.0990959      0.54985477     -0.52966871      -0.52966871        71.09609              71.09609
  1.2921582e-13       33.965923       0.2588928       1.0065521       3.0655633      0.60655565     -0.52966871      -0.52966871       68.991184             68.991184
  2.1400063e-13       33.407361      0.25048422       0.9827553       3.1221959      0.57517907     -0.52966871      -0.52966871       67.874059             67.874059
  5.0240518e-13       32.499866      0.26442454      0.96170714       3.0162438      0.50472128     -0.52966871      -0.52966871       66.059069             66.059069
  8.8910144e-13       31.929061      0.25550171      0.96807454        3.106027      0.60655973     -0.52966871      -0.52966871        64.91746              64.91746
  1.0510971e-12       31.761683      0.25888694      0.98150465       3.0358399      0.50573684     -0.52966871      -0.52966871       64.582703             64.582703
  1.5381361e-12       31.380946      0.25281331       0.9639636       3.0820251      0.47416262     -0.52966871      -0.52966871       63.821229             63.821229
  1.6750993e-12       31.231106      0.25372384      0.97399568        3.086894      0.54432887     -0.52966871      -0.52966871        63.52155              63.52155
  2.1239809e-12       30.993687      0.25644932      0.98890633       3.0569778      0.53305773     -0.52966871      -0.52966871       63.046711             63.046711
  2.3579919e-12       30.889168      0.26410137      0.99347572       3.0310063      0.58764203     -0.52966871      -0.52966871       62.837674             62.837674
  6.8706218e-12       29.745616      0.25192748      0.97523032       3.0720081      0.46674321     -0.52966871      -0.52966871        60.55057              60.55057
  6.9622271e-12       29.589271      0.25468367       1.0072355       3.0840331      0.60042515     -0.52966871      -0.52966871       60.237879             60.237879
  6.5102203e-10       24.857071      0.25569689      0.97881128       3.0476082      0.47578439     -0.52966871      -0.52966871       50.773478             50.773478
  1.3445285e-09       23.959965      0.26047177      0.98915639       3.0682558      0.63366736     -0.52966871      -0.52966871       48.979268             48.979268
  1.7652052e-09       23.687742      0.26323144      0.98226228       3.0443215      0.58158354     -0.52966871      -0.52966871        48.43482              48.43482
  1.0080027e-08       21.888294      0.25835179      0.97031797       3.0708902      0.54537839     -0.52966871      -0.52966871       44.835926             44.835926
  3.6122916e-08       20.449404      0.25426987      0.97696632       3.0558895      0.46085363     -0.52966871      -0.52966871       41.958145             41.958145
  4.0961155e-08       20.323707      0.25702615      0.95348386       3.0461898      0.43214326     -0.52966871      -0.52966871       41.706751             41.706751
  6.2267894e-08       19.904885      0.26202152      0.95669833       3.0378198       0.5011423     -0.52966871      -0.52966871       40.869108             40.869108
  6.9143258e-08       19.742992      0.25706701       1.0038043       3.0852914      0.62556744     -0.52966871      -0.52966871       40.545322             40.545322
   1.621006e-07       18.728437      0.26300786      0.97575473       3.0434398      0.57141204     -0.52966871      -0.52966871       38.516211             38.516211
  1.6371278e-07       18.667247      0.26170349      0.98730034       3.0403607      0.55310337     -0.52966871      -0.52966871       38.393831             38.393831
  2.3602216e-07       18.250141      0.25418208       0.9830549       3.0799078      0.54371075     -0.52966871      -0.52966871        37.55962              37.55962
  2.8732702e-07       18.002153      0.25617936       1.0011666       3.0826799      0.59970716     -0.52966871      -0.52966871       37.063643             37.063643
  4.1778441e-07       17.576515      0.25263591      0.98698369       3.1023559      0.58280657     -0.52966871      -0.52966871       36.212368             36.212368
   5.070139e-07       17.331649      0.25989921      0.99280385       3.0801213      0.64235337     -0.52966871      -0.52966871       35.722635             35.722635
  1.1150288e-06       16.492258      0.25525883      0.98398296       3.0898635      0.56925473     -0.52966871      -0.52966871       34.043854             34.043854
  1.3686006e-06       16.187267      0.25436784      0.97341795       3.1057218      0.59089818     -0.52966871      -0.52966871       33.433871             33.433871
  2.2935769e-06       15.622153      0.25540958      0.97564968       3.0784637      0.52701695     -0.52966871      -0.52966871       32.303643             32.303643
  2.7316586e-06       15.447356      0.25819249      0.97870492        3.043557      0.50586145     -0.52966871      -0.52966871        31.95405              31.95405
  4.6235312e-06       14.921106      0.25369095      0.95990623       3.0560249      0.42744867     -0.52966871      -0.52966871        30.90155              30.90155
  1.0501157e-05        14.10078       0.2584986       0.9790716         3.03278      0.47779155     -0.52966871      -0.52966871       29.260897             29.260897
  1.1960558e-05       13.970651      0.25448798      0.97598368       3.0812135      0.52158345     -0.52966871      -0.52966871       29.000639             29.000639
  1.2185574e-05       13.952012      0.25853533       1.0032916       3.0692977      0.61459956     -0.52966871      -0.52966871       28.963362             28.963362
  1.3714041e-05       13.833845      0.26222022      0.95181036       3.0062323      0.41029935     -0.52966871      -0.52966871       28.727027             28.727027
  3.5819199e-05        12.74025      0.26124231      0.97699202       3.0550652      0.57957134     -0.52966871      -0.52966871       26.539837             26.539837
    4.10598e-05       12.603704      0.25826798       0.9672663       3.0729137      0.55168049     -0.52966871      -0.52966871       26.266746             26.266746
  4.8201637e-05       12.443341      0.25957273      0.98622948       3.0394765      0.51975147     -0.52966871      -0.52966871       25.946019             25.946019
  6.7042961e-05         12.1134      0.26452829      0.94655568       2.9719429        0.359585     -0.52966871      -0.52966871       25.286138             25.286138
  9.8334622e-05       11.576207      0.26079905      0.98348588       3.0673287      0.61459781     -0.52966871      -0.52966871       24.211751             24.211751
  0.00018089342       10.892567      0.25809736      0.98938783        3.076582      0.61291121     -0.52966871      -0.52966871       22.844471             22.844471
   0.0002616158       10.523598      0.25501221      0.95813852       3.0480746      0.42114295     -0.52966871      -0.52966871       22.106534             22.106534
   0.0010391466       8.7388549      0.25798412      0.98933646       3.0838398      0.62966133     -0.52966871      -0.52966871       18.537047             18.537047
   0.0012085685       8.4765924      0.25934786      0.98891171       3.0668137      0.58979744     -0.52966871      -0.52966871       18.012522             18.012522
   0.0021973745       7.7246151      0.25431964      0.96844722       3.0699083      0.48780888     -0.52966871      -0.52966871       16.508568             16.508568
   0.0026787861       7.4777245      0.25729916      0.98988958       3.0688242       0.5630787     -0.52966871      -0.52966871       16.014786             16.014786
   0.0030539805       7.2978522      0.25692973      0.95617298       3.0229945      0.38777332     -0.52966871      -0.52966871       15.655042             15.655042
   0.0031511012       7.2177559      0.25570228      0.98214529        3.065696      0.51735412     -0.52966871      -0.52966871       15.494849             15.494849
    0.003148727       7.1697195      0.26138823      0.95106397       3.0123917      0.42595875     -0.52966871      -0.52966871       15.398776             15.398776
   0.0043539429       6.7968457      0.26220726      0.96066797       3.0031538      0.42472414     -0.52966871      -0.52966871       14.653029             14.653029
   0.0055911527       6.4979519      0.26241529      0.95907415       3.0109572      0.44630782     -0.52966871      -0.52966871       14.055241             14.055241
   0.0079084916       6.0558901      0.25861894      0.94736474       3.0110114       0.3760466     -0.52966871      -0.52966871       13.171118             13.171118
    0.010444023       5.7312774      0.26072949       0.9535351        3.008295      0.39891699     -0.52966871      -0.52966871       12.521892             12.521892
    0.010479431       5.7278928      0.25772618      0.95768717        3.041473       0.4554917     -0.52966871      -0.52966871       12.515123             12.515123
    0.011728355       5.4755358      0.25948671      0.96902996       3.0226955      0.44706253     -0.52966871      -0.52966871       12.010409             12.010409
     0.01233043       5.2976417      0.25696244      0.98601633       3.0746212      0.56547391     -0.52966871      -0.52966871       11.654621             11.654621
    0.013753274        5.147613      0.26055651      0.95096103       3.0158882      0.41180726     -0.52966871      -0.52966871       11.354563             11.354563
     0.01411545       5.0807979      0.25800324      0.96911707       3.0458467      0.47657348     -0.52966871      -0.52966871       11.220933             11.220933
    0.016923562        4.858539      0.25965826      0.97825469       3.0404155      0.51349585     -0.52966871      -0.52966871       10.776415             10.776415
     0.01882067       4.7114682      0.25665466      0.97310996       3.0565299      0.49088823     -0.52966871      -0.52966871       10.482274             10.482274
    0.021607242       4.5325733      0.25581466      0.98845716       3.0800097      0.57513842     -0.52966871      -0.52966871       10.124484             10.124484
    0.022230027        4.463336      0.26060716      0.97346132       3.0325321      0.49548127     -0.52966871      -0.52966871       9.9860094             9.9860094
    0.020413621       4.4307945      0.25628518      0.96058175       3.0594759      0.47458219     -0.52966871      -0.52966871       9.9209264             9.9209264
    0.022913342       4.2775372      0.26211982       0.9462007       2.9946535      0.37932555     -0.52966871      -0.52966871       9.6144118             9.6144118
    0.031529248       3.9206006      0.26088481      0.95421812       2.9997828      0.38565187     -0.52966871      -0.52966871       8.9005386             8.9005386
     0.15110146       3.0467119       0.2600827      0.96666304       3.0272632      0.46054916     -0.52966871      -0.52966871       7.1527611             7.1527611
     0.20168609       2.6779082      0.25670824      0.96143064       3.0478766      0.45863463     -0.52966871      -0.52966871       6.4151539             6.4151539
     0.25569196       2.4406472      0.25961597      0.96495572       3.0275261      0.45775516     -0.52966871      -0.52966871       5.9406319             5.9406319
     0.26071074       2.3341978      0.25908042       0.9515848       3.0184675      0.40573282     -0.52966871      -0.52966871        5.727733              5.727733
     0.25819533       2.2568815       0.2578988      0.96280955       3.0308805      0.43351441     -0.52966871      -0.52966871       5.5731005             5.5731005
     0.26488852       2.2312889      0.25903208      0.95969838       3.0201988      0.41686948     -0.52966871      -0.52966871       5.5219152             5.5219152
     0.22751672       1.9779091      0.25974329       0.9515736       3.0069655      0.38334713     -0.52966871      -0.52966871       5.0151556             5.0151556
     0.21693355       1.9565489      0.25954088       0.9548197       3.0127585      0.39835659     -0.52966871      -0.52966871       4.9724352             4.9724352
     0.22798667       1.9068528      0.25888469      0.94844542       3.0168816      0.38939523     -0.52966871      -0.52966871        4.873043              4.873043
     0.28014902       1.7008183      0.25926543      0.95775869       3.0327592      0.44747674     -0.52966871      -0.52966871        4.460974              4.460974
     0.29867983       1.4826171      0.25994636      0.96540541       3.0267093       0.4577857     -0.52966871      -0.52966871       4.0245716             4.0245716
     0.30959779       1.4467153      0.25829406      0.95379601       3.0274483      0.41438778     -0.52966871      -0.52966871        3.952768              3.952768
     0.34473831       1.3392037       0.2583822      0.96376475       3.0313751      0.44221376     -0.52966871      -0.52966871       3.7377448             3.7377448
     0.34799073       1.3298134      0.26032733       0.9586051       3.0260428      0.45105515     -0.52966871      -0.52966871       3.7189643             3.7189643
     0.35728823       1.3034465      0.25808184      0.95745283       3.0431128      0.45794839     -0.52966871      -0.52966871       3.6662303             3.6662303
     0.39800245       1.0901706      0.25850649      0.96532578       3.0339111      0.45257801     -0.52966871      -0.52966871       3.2396786             3.2396786
     0.39446655      0.99373391       0.2578703        0.965614       3.0401734      0.45870874     -0.52966871      -0.52966871       3.0468052             3.0468052
     0.32840878      0.88932706      0.25893638      0.96343451       3.0292281      0.44473958     -0.52966871      -0.52966871       2.8379915             2.8379915
     0.31165817       0.7746251      0.25865998      0.95729389       3.0378765      0.45332619     -0.52966871      -0.52966871       2.6085876             2.6085876
     0.28768798      0.77461289      0.25901749      0.95624193       3.0252706      0.42766971     -0.52966871      -0.52966871       2.6085632             2.6085632
     0.27317702      0.74632667      0.25961352      0.95808201       3.0241964      0.43672148     -0.52966871      -0.52966871       2.5519908             2.5519908
     0.26224231      0.70713504       0.2585126      0.95577748        3.032987      0.43535044     -0.52966871      -0.52966871       2.4736075             2.4736075
     0.26246963      0.70626858      0.25962674      0.96020295       3.0245545      0.44074672     -0.52966871      -0.52966871       2.4718746             2.4718746
     0.24359581      0.69388226      0.25904476      0.95461936       3.0278741       0.4287836     -0.52966871      -0.52966871       2.4471019             2.4471019
     0.22446735      0.68865096      0.26000365      0.95591097       3.0201649      0.42693094     -0.52966871      -0.52966871       2.4366393             2.4366393
     0.22597661      0.68194971      0.25916061      0.95545539       3.0269844      0.43252425     -0.52966871      -0.52966871       2.4232368             2.4232368
     0.20574628      0.68042725      0.25919989      0.95837482       3.0319763      0.45076603     -0.52966871      -0.52966871       2.4201919             2.4201919
     0.17725804      0.64714294        0.257907      0.95915769       3.0355703       0.4380596     -0.52966871      -0.52966871       2.3536233             2.3536233
     0.18073669      0.62770826      0.25831033      0.95891791       3.0401157      0.45822239     -0.52966871      -0.52966871        2.314754              2.314754
     0.16828536       0.6037782      0.25830895      0.95614794       3.0304608      0.42872531     -0.52966871      -0.52966871       2.2668938             2.2668938
     0.16755511      0.42580542      0.25932175      0.95808618       3.0277284      0.43770255     -0.52966871      -0.52966871       1.9109483             1.9109483
     0.16956055      0.41390765      0.25942291      0.95884419       3.0323202      0.45316144     -0.52966871      -0.52966871       1.8871527             1.8871527
     0.15916629      0.38185807      0.25903375      0.95826692       3.0349842      0.45400682     -0.52966871      -0.52966871       1.8230536             1.8230536
     0.14625851      0.37112172      0.25915487      0.95739372       3.0247611      0.42922919     -0.52966871      -0.52966871       1.8015809             1.8015809
     0.14659548      0.36882043      0.25963072       0.9601347       3.0309849      0.45507222     -0.52966871      -0.52966871       1.7969783             1.7969783
     0.13759687       0.3268087      0.25819722      0.95929879       3.0401319      0.45451093     -0.52966871      -0.52966871       1.7129548             1.7129548
     0.14997416      0.24067382      0.25906878      0.96417195       3.0321454       0.4564806     -0.52966871      -0.52966871       1.5406851             1.5406851
     0.15081581       0.2350776       0.2582424       0.9587525       3.0336502      0.43950458     -0.52966871      -0.52966871       1.5294926             1.5294926
     0.14195427      0.16210048      0.25917154      0.95932357       3.0284456      0.43981055     -0.52966871      -0.52966871       1.3835384             1.3835384
     0.14308241      0.15418474      0.25814307      0.96010103       3.0404354      0.45583897     -0.52966871      -0.52966871       1.3677069             1.3677069
     0.14663389      0.12966653      0.25893175      0.96088398        3.036607      0.45902979     -0.52966871      -0.52966871       1.3186705             1.3186705
     0.15149822     0.097031612      0.25837837      0.96150705       3.0340554      0.44619492     -0.52966871      -0.52966871       1.2534006             1.2534006
      0.1559131     0.068306638      0.25785061      0.96151764       3.0413266      0.45631757     -0.52966871      -0.52966871       1.1959507             1.1959507
     0.16165022     0.032170617       0.2581677      0.96447754       3.0407792      0.46364097     -0.52966871      -0.52966871       1.1236787             1.1236787
      0.1719635    -0.029676783      0.25857463      0.96232675       3.0350645      0.45428619     -0.52966871      -0.52966871      0.99998386            0.99998386
