#        weight    minuslogpost         omega_c             n_s            lnas            m_nu   minuslogprior minuslogprior__0            chi2 chi2__likelihood_CAMB
 2.3780173e-304       704.53868      0.27135362       1.0997493       2.9530592      0.72044479     -0.52966871      -0.52966871       1410.1367             1410.1367
 8.2810483e-303       700.95762      0.24879063       1.0757424       3.1623617      0.77744664     -0.52966871      -0.52966871       1402.9746             1402.9746
 1.0600109e-297       689.16703      0.25440934      0.89935038       3.0671463      0.31732506     -0.52966871      -0.52966871       1379.3934             1379.3934
  9.150945e-295       682.37551      0.22719501      0.95270497       3.1568616      0.25395374     -0.52966871      -0.52966871       1365.8104             1365.8104
 2.1754046e-293       679.17621      0.23414876       1.0328193       3.2913042      0.78012418     -0.52966871      -0.52966871       1359.4118             1359.4118
  2.212693e-288       667.61552       0.2327392        1.005165       3.1467311      0.36126931     -0.52966871      -0.52966871       1336.2904             1336.2904
  1.037732e-286       663.73675      0.28439786       1.0656315       2.8944967      0.67891465     -0.52966871      -0.52966871       1328.5328             1328.5328
 5.6529003e-274       634.37982      0.24904412       1.0306405       2.9975934      0.31196027     -0.52966871      -0.52966871        1269.819              1269.819
  7.195382e-274       634.10778      0.25579291       1.0592853       3.0804077      0.78658541     -0.52966871      -0.52966871       1269.2749             1269.2749
 5.8740828e-245       567.50493      0.27328908      0.93788453       2.9304647      0.30484728     -0.52966871      -0.52966871       1136.0692             1136.0692
 1.9497749e-236       547.85373      0.24908442       1.0117498       3.0571392       0.4949415     -0.52966871      -0.52966871       1096.7668             1096.7668
 6.7633361e-221       512.04038      0.22945128      0.98346344       3.1951193      0.41886668     -0.52966871      -0.52966871       1025.1401             1025.1401
 2.0519063e-217       503.99201      0.27688009       1.0086002       2.9970932      0.68463372     -0.52966871      -0.52966871       1009.0434             1009.0434
 2.0929209e-212       492.42853      0.23720254      0.90528892       3.1389013      0.33013233     -0.52966871      -0.52966871       985.91639             985.91639
 8.1962946e-208       481.82229       0.2766259      0.98494377       2.9968693      0.74618974     -0.52966871      -0.52966871       964.70392             964.70392
 2.2824325e-206       478.46479      0.27558861      0.82900324       2.9103832      0.19905312     -0.52966871      -0.52966871       957.98892             957.98892
 3.6483704e-190       441.12362      0.24571978      0.94327982       3.1879545      0.57143158     -0.52966871      -0.52966871       883.30657             883.30657
 8.2446963e-190       440.27756      0.25138102      0.91476418       2.9506999       0.1410042     -0.52966871      -0.52966871       881.61445             881.61445
 2.0428928e-184       427.82648      0.27436391       1.0080533        2.850719      0.29695358     -0.52966871      -0.52966871       856.71229             856.71229
 7.5082688e-177       410.37597      0.25881168      0.97756345       2.9054153      0.14705947     -0.52966871      -0.52966871       821.81128             821.81128
 9.8844943e-176       407.76765      0.27921073      0.91716675       2.9750544      0.52579431     -0.52966871      -0.52966871       816.59464             816.59464
 2.6995066e-174       404.42961      0.27106384      0.94774212       2.8502028      0.20879559     -0.52966871      -0.52966871       809.91856             809.91856
 1.4895566e-170       395.78309      0.27563298       1.0190858       2.9932869      0.78379476     -0.52966871      -0.52966871       792.62551             792.62551
 1.0450324e-168       391.50158      0.24231127      0.90955666       2.9834356      0.05233035     -0.52966871      -0.52966871       784.06249             784.06249
 1.5710716e-166       386.45793       0.2565413      0.98741619       2.9864992      0.38835277     -0.52966871      -0.52966871       773.97519             773.97519
 5.0310595e-158        366.8426      0.27796625      0.95027279       2.7743332     0.045587683     -0.52966871      -0.52966871       734.74454             734.74454
 9.4565517e-153       354.66783      0.27191843      0.95144882       2.7931689     0.013882363     -0.52966871      -0.52966871       710.39499             710.39499
 8.1317114e-149       345.57765      0.26480636      0.90599296        2.863054    0.0084107733     -0.52966871      -0.52966871       692.21464             692.21464
 3.3264231e-144       334.92783       0.2623047      0.84590502        2.953506      0.17453882     -0.52966871      -0.52966871       670.91499             670.91499
 3.3493232e-144       334.89019       0.2672157      0.98092332       2.8500328      0.18144358     -0.52966871      -0.52966871       670.83973             670.83973
 1.6786136e-141       328.64246      0.25502129      0.98553439       3.1241573      0.62058811     -0.52966871      -0.52966871       658.34425             658.34425
 1.9803269e-136       316.93347      0.28703472      0.88031739       2.8287264      0.20178376     -0.52966871      -0.52966871       634.92627             634.92627
 9.3990503e-135       313.04276       0.2514809      0.94471201       3.0742597      0.37096132     -0.52966871      -0.52966871       627.14486             627.14486
  1.600712e-131       305.57181      0.24655041         0.89821       3.1002645      0.32146498     -0.52966871      -0.52966871       612.20296             612.20296
  1.285092e-128        298.8529      0.25445839       1.0171743       3.0013804      0.38737358     -0.52966871      -0.52966871       598.76514             598.76514
 1.4226837e-126       294.11525      0.26854877      0.87368922       2.9143654      0.14234062     -0.52966871      -0.52966871       589.28983             589.28983
   3.89014e-126       293.07857      0.23768589      0.98311867       3.1853469      0.55474117     -0.52966871      -0.52966871       587.21649             587.21649
 1.3881747e-120       280.26275      0.26528106      0.89869083       2.8622597     0.006849915     -0.52966871      -0.52966871       561.58483             561.58483
 1.6408529e-120       280.06475      0.24520511      0.89476832       3.0757115      0.24914369     -0.52966871      -0.52966871       561.18884             561.18884
  2.302086e-117       272.78762      0.25622198       1.0443061       3.0358884      0.55570499     -0.52966871      -0.52966871       546.63458             546.63458
 2.0561937e-114       265.96206      0.24053375      0.94259914       3.0771292      0.25339103     -0.52966871      -0.52966871       532.98345             532.98345
 4.9504093e-114       265.05267      0.25706482      0.90701043       2.9345506     0.089263063     -0.52966871      -0.52966871       531.16468             531.16468
  6.346905e-110       255.56306      0.26516323      0.98053517       3.0397397      0.55785727     -0.52966871      -0.52966871       512.18546             512.18546
 6.5756151e-109        253.1943      0.26172502      0.95059074       3.0907174      0.67354456     -0.52966871      -0.52966871       507.44794             507.44794
 1.9287056e-106        247.4823      0.26350647      0.96042403       2.8412931     0.074812304     -0.52966871      -0.52966871       496.02393             496.02393
 1.7761568e-105       245.23134      0.23939901       0.9376816       3.1598628      0.42396443     -0.52966871      -0.52966871       491.52201             491.52201
 5.9197868e-105       243.99672      0.26648763      0.98496473       3.0610266      0.65651155     -0.52966871      -0.52966871       489.05277             489.05277
 1.8249562e-104        242.8401      0.26497083      0.99946421       3.0329236      0.66614488     -0.52966871      -0.52966871       486.73954             486.73954
 1.4331564e-101       236.14325      0.27113426      0.90583348       2.9032815      0.19011585     -0.52966871      -0.52966871       473.34584             473.34584
 8.5494801e-100       232.02391       0.2712108      0.84135744       2.8358483    0.0024846266     -0.52966871      -0.52966871       465.10715             465.10715
  3.1618878e-99       230.68525      0.28504478      0.92007901       2.8221171      0.23594143     -0.52966871      -0.52966871       462.42984             462.42984
  4.0991621e-98       228.09228      0.25481821      0.88527773       2.9625052      0.10530782     -0.52966871      -0.52966871        457.2439              457.2439
  4.5456352e-98       227.95812      0.25606821      0.97882957       2.9406392      0.22338114     -0.52966871      -0.52966871       456.97558             456.97558
  1.4748972e-94       219.84259      0.27024083      0.85488886       2.9147849      0.16997215     -0.52966871      -0.52966871       440.74452             440.74452
  6.1552085e-93       216.08052      0.26134778      0.94767141       2.8633041     0.057420501     -0.52966871      -0.52966871       433.22038             433.22038
  1.0914392e-89       209.76314      0.26286719      0.95153968       2.9178355      0.18853271     -0.52966871      -0.52966871       420.58561             420.58561
  1.1841621e-85       200.47126      0.27933229      0.93141723       2.7998368      0.10467808     -0.52966871      -0.52966871       402.00185             402.00185
  6.2184306e-77       180.16895      0.26818714      0.86794104       2.9002753      0.15519683     -0.52966871      -0.52966871       361.39724             361.39724
  3.1310245e-76       178.44716      0.28288548      0.88013562       2.7918504     0.055840329     -0.52966871      -0.52966871       357.95366             357.95366
  1.0659799e-63       149.48566      0.26591929       0.8684597        2.882665     0.088853896     -0.52966871      -0.52966871       300.03066             300.03066
  4.4660975e-58       136.25243      0.26307317      0.90806414       2.9286006      0.15858312     -0.52966871      -0.52966871        273.5642              273.5642
  5.6227477e-58       136.02213      0.27569836      0.85838492       2.8399919     0.071678921     -0.52966871      -0.52966871       273.10359             273.10359
  2.8895782e-57       134.38525      0.28120805      0.92248814       2.7471227    0.0016390625     -0.52966871      -0.52966871       269.82984             269.82984
  1.8767772e-54       127.80369      0.27567768      0.90732827       2.8054624     0.082775451     -0.52966871      -0.52966871       256.66672             256.66672
  1.5874729e-49       116.86364      0.26440933      0.86828939       2.9007532     0.080016493     -0.52966871      -0.52966871       234.78662             234.78662
  2.2008794e-44         104.554      0.27220246      0.93303132       2.8087086     0.062656408     -0.52966871      -0.52966871       210.16734             210.16734
  7.3038553e-40         93.8928      0.27169523      0.90495423       2.8312839     0.088966712     -0.52966871      -0.52966871       188.84494             188.84494
  2.0212989e-39       92.874877      0.28240824      0.89558984       2.7644889        0.020591     -0.52966871      -0.52966871       186.80909             186.80909
  7.1191192e-38       89.313248      0.25908328       0.9155728       2.9379744      0.14831697     -0.52966871      -0.52966871       179.68583             179.68583
  7.6561743e-34       79.876029      0.27827249      0.88052948       2.8092946     0.059280777     -0.52966871      -0.52966871        160.8114              160.8114
  1.4020344e-32       76.680765      0.27730825      0.88971069       2.8150842     0.085618377     -0.52966871      -0.52966871       154.42087             154.42087
  1.8781792e-30       71.783216      0.27443251      0.92133715       2.8341506      0.13636862     -0.52966871      -0.52966871       144.62577             144.62577
    2.81808e-30       71.377463      0.26840774      0.92197611       2.8422746     0.088645361     -0.52966871      -0.52966871       143.81426             143.81426
  1.4312522e-27       65.147214      0.25909943      0.91739684       2.9314968      0.14230675     -0.52966871      -0.52966871       131.35377             131.35377
   4.411274e-19       45.195454      0.27437665       0.8958518       2.8026824     0.026575583     -0.52966871      -0.52966871       91.450246             91.450246
  8.5281449e-16       37.292018      0.26009328      0.92939184       2.9296229      0.18256124     -0.52966871      -0.52966871       75.643374             75.643374
  1.2470391e-14       34.455297       0.2681174      0.88886645       2.8679284     0.088674539     -0.52966871      -0.52966871       69.969932             69.969932
  1.2656299e-14         34.4405      0.26671751      0.91890565       2.8687067      0.11374748     -0.52966871      -0.52966871       69.940337             69.940337
  4.2395917e-14       33.231602      0.26612463      0.90302656       2.9110624      0.16961846     -0.52966871      -0.52966871       67.522542             67.522542
  1.5348081e-12       29.642494      0.27040983      0.89768587       2.8566735      0.10024108     -0.52966871      -0.52966871       60.344325             60.344325
  1.3072639e-11       27.500378       0.2671468      0.90975673       2.8753722      0.12530124     -0.52966871      -0.52966871       56.060093             56.060093
  6.9659469e-11       25.827281      0.26588567      0.91153806        2.879795      0.12002531     -0.52966871      -0.52966871       52.713899             52.713899
