  0.190353058819471E-312  0.145660905165204E+004  0.254253126315949E+000  0.879347498136459E+000  0.319358462117418E+001  0.115634948161021E+000  0.122281589212742E+001 -0.726821362785391E+003
  0.103579355947788E-305  0.142552840205098E+004  0.239854720491781E+000  0.903458210717967E+000  0.320296787725992E+001  0.418317507158774E-001  0.122281589212742E+001 -0.711281037984863E+003
  0.701433624917586E-303  0.141243094189523E+004  0.273231530978585E+000  0.106526811386062E+001  0.308906521286381E+001  0.369277605297677E+000  0.122281589212742E+001 -0.704732307906990E+003
  0.728063726939224E-303  0.141229487396771E+004  0.285998487553494E+000  0.987925678849484E+000  0.299260727886904E+001  0.201011844666047E+000  0.122281589212742E+001 -0.704664273943227E+003
  0.298890460853116E-288  0.134493640071408E+004  0.279176237486639E+000  0.908893122193700E+000  0.302978526497156E+001  0.992891217143838E-001  0.122281589212742E+001 -0.670985037316414E+003
  0.240850395981777E-287  0.134070148956562E+004  0.235234808840467E+000  0.104451573530484E+001  0.321853645128060E+001  0.184292555566728E+000  0.122281589212742E+001 -0.668867581742183E+003
  0.643332281448438E-287  0.133867497548629E+004  0.253320244155814E+000  0.944155542346439E+000  0.322304984858186E+001  0.209853085733221E+000  0.122281589212742E+001 -0.667854324702517E+003
  0.128780448711360E-280  0.130959434557053E+004  0.240741665624623E+000  0.931575795399035E+000  0.329272381497233E+001  0.191264201810859E+000  0.122281589212742E+001 -0.653314009744638E+003
  0.146604239196051E-277  0.129545803629652E+004  0.221865379380735E+000  0.990813837687565E+000  0.343416125645337E+001  0.314742305305783E+000  0.122281589212742E+001 -0.646245855107630E+003
  0.339888779559174E-273  0.127529404875650E+004  0.234189440292197E+000  0.912733467657512E+000  0.332646837131323E+001  0.181941968153498E+000  0.122281589212742E+001 -0.636163861337624E+003
  0.266676958017498E-271  0.126650732589585E+004  0.225401689488296E+000  0.953869133581447E+000  0.332636991023879E+001  0.100953677792927E+000  0.122281589212742E+001 -0.631770499907300E+003
  0.253083899881703E-262  0.122510388485859E+004  0.251899437405455E+000  0.885557939553143E+000  0.317451080377569E+001  0.435543490602000E-001  0.122281589212742E+001 -0.611068779388668E+003
  0.165564922672559E-260  0.121668071647715E+004  0.242297172521946E+000  0.936793976582262E+000  0.333391088456842E+001  0.323663744587413E+000  0.122281589212742E+001 -0.606857195197948E+003
  0.938682627773518E-252  0.117630758360675E+004  0.258128377527272E+000  0.938124444107546E+000  0.320152439131430E+001  0.227675360349669E+000  0.122281589212742E+001 -0.586670628762748E+003
  0.308194692230164E-251  0.117386836156660E+004  0.282559191049913E+000  0.922644008947019E+000  0.297180340424843E+001  0.390172856628134E-001  0.122281589212742E+001 -0.585451017742671E+003
  0.144682493017432E-249  0.116610885800272E+004  0.236254918558810E+000  0.955440764481015E+000  0.322874378146058E+001  0.198470567187239E-001  0.122281589212742E+001 -0.581571265960731E+003
  0.426256673830418E-243  0.113625529347472E+004  0.250067371568076E+000  0.104225808416108E+001  0.311863177716054E+001  0.777645760242023E-001  0.122281589212742E+001 -0.566644483696731E+003
  0.105958008099399E-241  0.112976740742528E+004  0.230259213743876E+000  0.976767349092031E+000  0.339399536415124E+001  0.326538827021787E+000  0.122281589212742E+001 -0.563400540672014E+003
  0.115061969886849E-236  0.110651515720563E+004  0.245973195761087E+000  0.924683974519164E+000  0.319935186337960E+001  0.487126061506552E-001  0.122281589212742E+001 -0.551774415562188E+003
  0.377325191218474E-228  0.106723697932037E+004  0.263202336832736E+000  0.945350535515262E+000  0.321366683036538E+001  0.371620583297945E+000  0.122281589212742E+001 -0.532135326619556E+003
  0.648306543567476E-226  0.105688258312359E+004  0.271469463535324E+000  0.979366027708031E+000  0.304743440814004E+001  0.983217099303609E-001  0.122281589212742E+001 -0.526958128521166E+003
  0.696105536948514E-222  0.103825808378864E+004  0.262618557306567E+000  0.936505350065867E+000  0.310663929444601E+001  0.157577379926575E+000  0.122281589212742E+001 -0.517645878853692E+003
  0.154830022753210E-221  0.103659771707452E+004  0.231984945312636E+000  0.100592825670254E+001  0.321380518788064E+001  0.883830821822167E-002  0.122281589212742E+001 -0.516815695496632E+003
  0.315760676377711E-219  0.102590052001395E+004  0.244309167016310E+000  0.889913572358440E+000  0.320627515478276E+001  0.464600715211133E-001  0.122281589212742E+001 -0.511467096966347E+003
  0.680743790517004E-213  0.996671552707557E+003  0.262701796934571E+000  0.100470958773930E+001  0.319176243078904E+001  0.360118028232073E+000  0.122281589212742E+001 -0.496852613313151E+003
  0.135839549324489E-212  0.995228262414468E+003  0.274283548324104E+000  0.964494686126360E+000  0.308610554063906E+001  0.226096359178064E+000  0.122281589212742E+001 -0.496130968166607E+003
  0.130152382390828E-209  0.981436745476428E+003  0.247302614034992E+000  0.106421292996137E+001  0.320952394520944E+001  0.278646611512386E+000  0.122281589212742E+001 -0.489235209697586E+003
  0.185488109619764E-206  0.966851121911784E+003  0.223325276777807E+000  0.100028997264095E+001  0.340207970333577E+001  0.289319920734334E+000  0.122281589212742E+001 -0.481942397915264E+003
  0.104632760016718E-201  0.944908795834581E+003  0.231253567518491E+000  0.105713602218548E+001  0.328850027957894E+001  0.240676671696923E+000  0.122281589212742E+001 -0.470971234876663E+003
  0.523801643121206E-198  0.927810429213042E+003  0.229254397768225E+000  0.105167033337385E+001  0.333329815363301E+001  0.337954521800438E+000  0.122281589212742E+001 -0.462422051565893E+003
  0.508173875099067E-197  0.923204294522041E+003  0.246589458217973E+000  0.921233209691348E+000  0.322865602196940E+001  0.192554085665377E+000  0.122281589212742E+001 -0.460118984220393E+003
  0.370544158582390E-192  0.900748602352251E+003  0.271844275293631E+000  0.958925823561780E+000  0.306665116530260E+001  0.130775436482014E+000  0.122281589212742E+001 -0.448891138135498E+003
  0.122261272787333E-186  0.875273662497085E+003  0.225461805357974E+000  0.980841006160619E+000  0.342376967546417E+001  0.368050763771728E+000  0.122281589212742E+001 -0.436153668207915E+003
  0.593396144166036E-185  0.867447545243911E+003  0.239100235973884E+000  0.953222077762960E+000  0.331392574834207E+001  0.320192829319352E+000  0.122281589212742E+001 -0.432240609581328E+003
  0.889731987473094E-183  0.857365545415131E+003  0.277122022719078E+000  0.939771154429552E+000  0.301521403570979E+001  0.948577387517081E-001  0.122281589212742E+001 -0.427199609666938E+003
  0.121975697965292E-182  0.856673028815448E+003  0.258584419199641E+000  0.943503059455376E+000  0.319182138018405E+001  0.293547571738164E+000  0.122281589212742E+001 -0.426853351367097E+003
  0.147835004929868E-181  0.851621765327252E+003  0.237555430646502E+000  0.957685569621217E+000  0.333729268939022E+001  0.353550770953495E+000  0.122281589212742E+001 -0.424327719622999E+003
  0.172239855752908E-175  0.823623618503477E+003  0.270838175895981E+000  0.985205293007851E+000  0.308285357713627E+001  0.258320654754845E+000  0.122281589212742E+001 -0.410328646211111E+003
  0.252177019763248E-175  0.822799588616740E+003  0.245495723014209E+000  0.105092959930041E+001  0.313523926548176E+001  0.133698911845046E+000  0.122281589212742E+001 -0.409916631267743E+003
  0.478834287953287E-170  0.798429747803254E+003  0.249861938006506E+000  0.951196686259190E+000  0.314833046088553E+001  0.114075137136443E-001  0.122281589212742E+001 -0.397731710861000E+003
  0.219041766092522E-166  0.781511708059972E+003  0.261685314670302E+000  0.100482188960769E+001  0.316337263380502E+001  0.370848691080853E+000  0.122281589212742E+001 -0.389272690989359E+003
  0.763957463058758E-155  0.728294793323555E+003  0.246255769688875E+000  0.924734029620688E+000  0.321428078067815E+001  0.102076988895362E+000  0.122281589212742E+001 -0.362664233621150E+003
  0.201911630185689E-154  0.726289443787511E+003  0.235215343576911E+000  0.103845126674119E+001  0.322019579599833E+001  0.145763665681549E+000  0.122281589212742E+001 -0.361661558853128E+003
  0.212787836418289E-153  0.721517799346605E+003  0.254862007336373E+000  0.933050419267454E+000  0.311896275030907E+001  0.799651704533331E-001  0.122281589212742E+001 -0.359275736632675E+003
  0.915348430567095E-153  0.718538237639114E+003  0.262449033945704E+000  0.966727693048732E+000  0.315072922870718E+001  0.284225693539324E+000  0.122281589212742E+001 -0.357785955778929E+003
  0.710046663041981E-149  0.700563961779336E+003  0.269677695962650E+000  0.974313721185919E+000  0.304362407436440E+001  0.140495547669660E+000  0.122281589212742E+001 -0.348798817849041E+003
  0.757251952728948E-136  0.640506475367867E+003  0.245665083276479E+000  0.106603467338897E+001  0.319397337429588E+001  0.253336425503521E+000  0.122281589212742E+001 -0.318770074643306E+003
  0.526882443819748E-135  0.636565199007970E+003  0.256698633913552E+000  0.979882590281381E+000  0.315145333524975E+001  0.151461607666153E+000  0.122281589212742E+001 -0.316799436463358E+003
  0.366927020118730E-128  0.604991093356490E+003  0.263778292912924E+000  0.922227431754288E+000  0.309760408964680E+001  0.103403528957360E+000  0.122281589212742E+001 -0.301012383637617E+003
  0.137745563081146E-124  0.588468378766086E+003  0.260437789441943E+000  0.101515810476643E+001  0.303221467214441E+001  0.576259250004462E-001  0.122281589212742E+001 -0.292751026342415E+003
  0.979445521289907E-123  0.579878508504037E+003  0.259223200434553E+000  0.994985397056849E+000  0.317843065995705E+001  0.349511498518639E+000  0.122281589212742E+001 -0.288456091211391E+003
  0.307800748399679E-122  0.577526862928897E+003  0.238251231505093E+000  0.101100374950270E+001  0.328505666782883E+001  0.247445507133366E+000  0.122281589212742E+001 -0.287280268423821E+003
  0.568057971058181E-122  0.576239777966792E+003  0.261870005888107E+000  0.106397614008427E+001  0.313502364770768E+001  0.351614279896360E+000  0.122281589212742E+001 -0.286636725942769E+003
  0.306029528255143E-121  0.572810148224216E+003  0.241679269036898E+000  0.106696483475504E+001  0.323927672920074E+001  0.317070975441029E+000  0.122281589212742E+001 -0.284921911071481E+003
  0.489333893616073E-119  0.562599537593636E+003  0.244944539493531E+000  0.100857727569526E+001  0.323570694759564E+001  0.223850390968814E+000  0.122281589212742E+001 -0.279816605756191E+003
  0.361652407520378E-117  0.553932376934685E+003  0.277981217362458E+000  0.949792222870071E+000  0.297413569085018E+001  0.404370794760759E-002  0.122281589212742E+001 -0.275483025426715E+003
  0.512701227094600E-114  0.539357303615657E+003  0.274506385578358E+000  0.979512274576957E+000  0.299059462517247E+001  0.662588767236473E-001  0.122281589212742E+001 -0.268195488767201E+003
  0.734636844036723E-113  0.533971224081974E+003  0.242446902763528E+000  0.922536712909312E+000  0.317992573340234E+001  0.629586906259593E-002  0.122281589212742E+001 -0.265502449000360E+003
  0.161186214373557E-110  0.523127802166123E+003  0.245752178429011E+000  0.930750503802397E+000  0.317178466250228E+001  0.750058832164723E-002  0.122281589212742E+001 -0.260080738042434E+003
  0.609858617721463E-109  0.515799754965930E+003  0.264993163850601E+000  0.100099033951544E+001  0.313982718380173E+001  0.332563746905243E+000  0.122281589212742E+001 -0.256416714442338E+003
  0.336297148087181E-108  0.512323505497869E+003  0.274623429414144E+000  0.994677439733302E+000  0.297880196499621E+001  0.353760835890087E-001  0.122281589212742E+001 -0.254678589708307E+003
  0.959359463687940E-106  0.500955080412566E+003  0.254477901115045E+000  0.105744244151559E+001  0.314436397806645E+001  0.273220071441280E+000  0.122281589212742E+001 -0.248994377165656E+003
  0.115452816791896E-103  0.491312834342407E+003  0.251386575939024E+000  0.107188687512721E+001  0.319725687650498E+001  0.374884663250153E+000  0.122281589212742E+001 -0.244173254130576E+003
  0.122592598858155E-103  0.491131281585869E+003  0.231697414165667E+000  0.100972951610171E+001  0.332391332855171E+001  0.289852174811043E+000  0.122281589212742E+001 -0.244082477752307E+003
  0.557050984675579E-101  0.478831817663181E+003  0.261061905575377E+000  0.103435406607385E+001  0.305172852180804E+001  0.936364710364178E-001  0.122281589212742E+001 -0.237932745790963E+003
  0.271886917083736E-100  0.475599645232521E+003  0.269138383080624E+000  0.100818337006945E+001  0.300165559124728E+001  0.311424194502828E-001  0.122281589212742E+001 -0.236316659575633E+003
  0.869762552178843E-099  0.468607263705134E+003  0.235709700969877E+000  0.964551984817477E+000  0.332950005802335E+001  0.293643516609762E+000  0.122281589212742E+001 -0.232820468811940E+003
  0.164727862441690E-095  0.453452890548098E+003  0.272300109160557E+000  0.941982582813120E+000  0.301616966358750E+001  0.101594234423142E-001  0.122281589212742E+001 -0.225243282233421E+003
  0.335805679904855E-095  0.451966871500154E+003  0.248266600411229E+000  0.102799743310724E+001  0.309368794912618E+001  0.176420158942834E-001  0.122281589212742E+001 -0.224500272709449E+003
  0.115613353998395E-094  0.449432720377759E+003  0.256673505311458E+000  0.105899872213173E+001  0.316257000194105E+001  0.352276725641052E+000  0.122281589212742E+001 -0.223233197148252E+003
  0.223296193851855E-094  0.448054681770188E+003  0.246900741639264E+000  0.105541578114781E+001  0.320100534646577E+001  0.267888205414906E+000  0.122281589212742E+001 -0.222544177844467E+003
  0.419501908403855E-094  0.446732000529997E+003  0.268259540854891E+000  0.970979862048253E+000  0.303767284719817E+001  0.420202658133249E-001  0.122281589212742E+001 -0.221882837224371E+003
  0.615391173086275E-094  0.445904077124109E+003  0.266308364698944E+000  0.100839284332153E+001  0.303114466392649E+001  0.630624458853751E-001  0.122281589212742E+001 -0.221468875521427E+003
  0.124947136941813E-084  0.402979566698937E+003  0.240196296852592E+000  0.977130563880488E+000  0.326016063863209E+001  0.238583510510020E+000  0.122281589212742E+001 -0.200006620308841E+003
  0.166652288710111E-081  0.388526475233827E+003  0.260024429096653E+000  0.946227013538328E+000  0.312624060827482E+001  0.154346037362532E+000  0.122281589212742E+001 -0.192780074576286E+003
  0.182334776194305E-080  0.383679891953019E+003  0.233145246591955E+000  0.989373381131208E+000  0.330041361630501E+001  0.225853521217941E+000  0.122281589212742E+001 -0.190356782935882E+003
  0.976252307358164E-078  0.371052254988498E+003  0.263372325167143E+000  0.102263659652297E+001  0.310900198796795E+001  0.260569281231970E+000  0.122281589212742E+001 -0.184042964453622E+003
  0.226212211873920E-076  0.364704866329895E+003  0.259584076858051E+000  0.102880919707236E+001  0.310646725059690E+001  0.217095725332878E+000  0.122281589212742E+001 -0.180869270124320E+003
  0.257240456774607E-076  0.364386247557260E+003  0.250990749265644E+000  0.953964114956951E+000  0.322573821533473E+001  0.235145894987605E+000  0.122281589212742E+001 -0.180709960738002E+003
  0.272000271858157E-075  0.359607950476270E+003  0.252353872719727E+000  0.985708393747167E+000  0.321219462446226E+001  0.250842597238468E+000  0.122281589212742E+001 -0.178320812197508E+003
  0.685413657005256E-075  0.357697968220803E+003  0.246877605865445E+000  0.100638557029790E+001  0.315349101132877E+001  0.134791304909380E+000  0.122281589212742E+001 -0.177365821069774E+003
  0.164021038112401E-074  0.355891310385623E+003  0.244940601126276E+000  0.103049534010134E+001  0.318740531909902E+001  0.170701244703610E+000  0.122281589212742E+001 -0.176462492152184E+003
  0.967875192065032E-073  0.347674379993548E+003  0.235067227161095E+000  0.991699174175442E+000  0.335364026643730E+001  0.357407178385019E+000  0.122281589212742E+001 -0.172354026956146E+003
  0.164832647882668E-070  0.337337671000665E+003  0.251070746047944E+000  0.103130741128169E+001  0.313373759125480E+001  0.138727045595387E+000  0.122281589212742E+001 -0.167185672459705E+003
  0.918311387288133E-068  0.324630575649347E+003  0.235101243382493E+000  0.100945949909930E+001  0.333491771012368E+001  0.331102519128230E+000  0.122281589212742E+001 -0.160832124784046E+003
  0.365786217513191E-067  0.321804837100732E+003  0.243472713398975E+000  0.102019089368883E+001  0.325210021438181E+001  0.325329587711431E+000  0.122281589212742E+001 -0.159419255509738E+003
  0.329476186265224E-066  0.317347213554601E+003  0.252194733787801E+000  0.103250282169660E+001  0.314567007071149E+001  0.213095325514924E+000  0.122281589212742E+001 -0.157190443736673E+003
  0.305704536442533E-064  0.308225099886659E+003  0.237709793450637E+000  0.104429017624425E+001  0.330487216837467E+001  0.379472940605972E+000  0.122281589212742E+001 -0.152629386902702E+003
  0.306992524446232E-063  0.303549977726054E+003  0.255044093148075E+000  0.100711187788973E+001  0.307214738774494E+001  0.246268597716967E-002  0.122281589212742E+001 -0.150291825822400E+003
  0.406084023241660E-061  0.293718620646676E+003  0.252502941326366E+000  0.968733897027115E+000  0.312688535153927E+001  0.101797771215230E+000  0.122281589212742E+001 -0.145376147282710E+003
  0.767327999933139E-061  0.292384368813267E+003  0.239785022097218E+000  0.983531373352169E+000  0.327883538400109E+001  0.275030069340048E+000  0.122281589212742E+001 -0.144709021366006E+003
  0.441311185902078E-059  0.284218813296870E+003  0.252221042909028E+000  0.983181008801533E+000  0.325827731032445E+001  0.375223877455710E+000  0.122281589212742E+001 -0.140626243607808E+003
  0.853299031299449E-059  0.282838550406070E+003  0.249333484787972E+000  0.953602715795550E+000  0.322809711300466E+001  0.241745409675948E+000  0.122281589212742E+001 -0.139936112162407E+003
  0.676987486882720E-058  0.278634751424242E+003  0.261739366844537E+000  0.980812351845301E+000  0.312328727511874E+001  0.213357628652705E+000  0.122281589212742E+001 -0.137834212671493E+003
  0.287266467934726E-055  0.266472182638633E+003  0.248047109620589E+000  0.100045005529788E+001  0.319803408869119E+001  0.184054293168989E+000  0.122281589212742E+001 -0.131752928278689E+003
  0.703625055150085E-055  0.264618968566392E+003  0.260887205757959E+000  0.102515167772361E+001  0.318030448819533E+001  0.385765254397703E+000  0.122281589212742E+001 -0.130826321242569E+003
  0.940522642959214E-053  0.254766704673611E+003  0.261614776783980E+000  0.954759969856118E+000  0.307797824509736E+001  0.343048181975360E-001  0.122281589212742E+001 -0.125900189296178E+003
  0.364095886371730E-052  0.251998028103999E+003  0.244273761981363E+000  0.962327597285441E+000  0.326207179430678E+001  0.260493298007922E+000  0.122281589212742E+001 -0.124515851011372E+003
  0.106664050146173E-051  0.249786780760877E+003  0.261729482292344E+000  0.979752636759557E+000  0.306763161886786E+001  0.931996655708287E-001  0.122281589212742E+001 -0.123410227339811E+003
  0.444779456416526E-051  0.246869448685922E+003  0.245199155519294E+000  0.979297202325536E+000  0.324848121064282E+001  0.278621734527043E+000  0.122281589212742E+001 -0.121951561302334E+003
  0.308242253957640E-050  0.242936120268837E+003  0.250311404209035E+000  0.104844814361690E+001  0.320037375818242E+001  0.318096779460794E+000  0.122281589212742E+001 -0.119984897093791E+003
  0.325479092579017E-049  0.238160582335035E+003  0.240856338112622E+000  0.103218575847483E+001  0.326039088336347E+001  0.283400014031138E+000  0.122281589212742E+001 -0.117597128126890E+003
  0.121651808404058E-048  0.235462139417968E+003  0.263347566538507E+000  0.980230239116469E+000  0.306081209665010E+001  0.545966865361538E-001  0.122281589212742E+001 -0.116247906668357E+003
  0.245601115053357E-048  0.233995504497371E+003  0.259728808550575E+000  0.102339557819655E+001  0.318571716140922E+001  0.387372261158437E+000  0.122281589212742E+001 -0.115514589208058E+003
  0.940072941559998E-048  0.231249463713486E+003  0.254505937047707E+000  0.102757632292701E+001  0.318435036835439E+001  0.289451001383909E+000  0.122281589212742E+001 -0.114141568816116E+003
  0.491517089279870E-047  0.227879671732227E+003  0.241438991018613E+000  0.999938363628035E+000  0.326785682436249E+001  0.253985869582164E+000  0.122281589212742E+001 -0.112456672825486E+003
  0.104113990168813E-046  0.226316978929714E+003  0.244473989372726E+000  0.103766108287727E+001  0.323124233985225E+001  0.299896453997516E+000  0.122281589212742E+001 -0.111675326424230E+003
  0.575654069922354E-046  0.222835394514369E+003  0.257567755052441E+000  0.993559462642568E+000  0.315977077391191E+001  0.262729478944795E+000  0.122281589212742E+001 -0.109934534216557E+003
  0.114992220795199E-045  0.221389965863871E+003  0.257713825526263E+000  0.101014759439767E+001  0.320557152287601E+001  0.366606990621550E+000  0.122281589212742E+001 -0.109211819891308E+003
  0.443995047750902E-044  0.214021354504870E+003  0.250710941638854E+000  0.100541004503471E+001  0.310857124876467E+001  0.745778466310899E-001  0.122281589212742E+001 -0.105527514211808E+003
  0.114459174196715E-041  0.202855491042527E+003  0.252059021336952E+000  0.985963425737299E+000  0.324616533265048E+001  0.366471840864429E+000  0.122281589212742E+001 -0.999445824806360E+002
  0.157525242835634E-041  0.202155212694759E+003  0.250200481928493E+000  0.104440954021127E+001  0.320485815884989E+001  0.318411830721127E+000  0.122281589212742E+001 -0.995944433067522E+002
  0.314965961647484E-041  0.200707911662767E+003  0.239670277866903E+000  0.100117019549986E+001  0.322506915561300E+001  0.153282210801218E+000  0.122281589212742E+001 -0.988707927907562E+002
  0.519450239850243E-041  0.199645755452373E+003  0.242313605445456E+000  0.100446278013271E+001  0.325414158550292E+001  0.282850653577854E+000  0.122281589212742E+001 -0.983397146855592E+002
  0.554311202270143E-040  0.194849131459598E+003  0.248944080761610E+000  0.100364467394334E+001  0.318988880727702E+001  0.232839340638002E+000  0.122281589212742E+001 -0.959414026891718E+002
  0.614111621758801E-040  0.194582687262189E+003  0.262656541257198E+000  0.968587237567364E+000  0.305371518233242E+001  0.468130067565682E-002  0.122281589212742E+001 -0.958081805904669E+002
  0.262183845304199E-039  0.191618235256268E+003  0.261832711253888E+000  0.990921280740002E+000  0.311822044119655E+001  0.206570536571635E+000  0.122281589212742E+001 -0.943259545875067E+002
  0.578462661767036E-038  0.185368865664855E+003  0.256707265266416E+000  0.101564082790583E+001  0.309173155306985E+001  0.105946625741271E+000  0.122281589212742E+001 -0.912012697918003E+002
  0.332407223810242E-037  0.181810178574211E+003  0.246968061354810E+000  0.104101763123388E+001  0.322211610074523E+001  0.309444957178007E+000  0.122281589212742E+001 -0.894219262464783E+002
  0.153104619726785E-036  0.178693943707384E+003  0.247053873093629E+000  0.991181925906305E+000  0.315739485271450E+001  0.117911355901314E+000  0.122281589212742E+001 -0.878638088130646E+002
  0.558092294834149E-036  0.176045594640344E+003  0.243932609671017E+000  0.955464217180612E+000  0.317542673471804E+001  0.480660228880225E-001  0.122281589212742E+001 -0.865396342795446E+002
  0.174390446934503E-035  0.173705336373841E+003  0.249236638318178E+000  0.939409920951083E+000  0.314117957815763E+001  0.218224988010539E-001  0.122281589212742E+001 -0.853695051462933E+002
  0.278448239998930E-032  0.158825797190338E+003  0.244377271861091E+000  0.966730694022100E+000  0.324788916551606E+001  0.225225223657091E+000  0.122281589212742E+001 -0.789746436642378E+002
  0.991015809228693E-028  0.137692097097009E+003  0.241698657102251E+000  0.993530559139243E+000  0.321929951677392E+001  0.155425598717270E+000  0.122281589212742E+001 -0.684077936175733E+002
  0.232459277948309E-027  0.135812935008899E+003  0.256430541224912E+000  0.100858113127422E+001  0.316056862763534E+001  0.263121126318899E+000  0.122281589212742E+001 -0.674682125735186E+002
  0.268658101747161E-026  0.130744293043133E+003  0.256898323713375E+000  0.100906427018556E+001  0.311952647593127E+001  0.173905526609602E+000  0.122281589212742E+001 -0.649338915906352E+002
  0.134618329918067E-024  0.122581836472569E+003  0.244016662611231E+000  0.970945234828886E+000  0.320276343137109E+001  0.121522988764891E+000  0.122281589212742E+001 -0.608526633053533E+002
  0.187366431364096E-023  0.117155335597452E+003  0.256163767372739E+000  0.991155328510696E+000  0.316508666615618E+001  0.221114906566995E+000  0.122281589212742E+001 -0.581394128677947E+002
  0.321120400970506E-023  0.116077835781030E+003  0.257918134108110E+000  0.100724217556191E+001  0.312086419564107E+001  0.177103959969552E+000  0.122281589212742E+001 -0.576006629595840E+002
  0.149380972057523E-022  0.112829275304106E+003  0.249224636048310E+000  0.100016230812041E+001  0.320897718546422E+001  0.268789218750344E+000  0.122281589212742E+001 -0.559763827211221E+002
  0.409059103293423E-021  0.106035362863650E+003  0.254467738396747E+000  0.992395886526031E+000  0.317799784310311E+001  0.254047348249427E+000  0.122281589212742E+001 -0.525794265008938E+002
  0.284548239706094E-020  0.102156106384942E+003  0.255176938232195E+000  0.989704446830313E+000  0.317447920925084E+001  0.228294880645308E+000  0.122281589212742E+001 -0.506397982615400E+002
  0.156640705300768E-019  0.983801893200345E+002  0.242124629717063E+000  0.101119488306280E+001  0.324684935151222E+001  0.256481189424962E+000  0.122281589212742E+001 -0.487518397290861E+002
  0.279153944909803E-016  0.829267372043122E+002  0.250043038776664E+000  0.976397268951898E+000  0.319611342541129E+001  0.190433309885378E+000  0.122281589212742E+001 -0.410251136712249E+002
  0.175105690509029E-015  0.792543143505898E+002  0.247687043311138E+000  0.100355222499276E+001  0.315858219376355E+001  0.123800604009482E+000  0.122281589212742E+001 -0.391889022443637E+002
  0.417934487074105E-015  0.775144444438576E+002  0.251333284907674E+000  0.100719257847341E+001  0.314377134812332E+001  0.139587901650898E+000  0.122281589212742E+001 -0.383189672909977E+002
  0.181031291479348E-013  0.696433054892124E+002  0.248656427371913E+000  0.100212737648271E+001  0.318857728715221E+001  0.189374406353954E+000  0.122281589212742E+001 -0.343833978136751E+002
  0.331077532345385E-013  0.682758546994334E+002  0.245469683927091E+000  0.980953629167112E+000  0.318527416335417E+001  0.132301538100204E+000  0.122281589212742E+001 -0.336996724187856E+002
  0.396024357718525E-013  0.679176084312091E+002  0.243182784004890E+000  0.991411460592455E+000  0.322940604966076E+001  0.200370818790822E+000  0.122281589212742E+001 -0.335205492846734E+002
  0.648523682015085E-012  0.621519698862845E+002  0.256999680625789E+000  0.982568932374273E+000  0.313598155612199E+001  0.168213905464914E+000  0.122281589212742E+001 -0.306377300122111E+002
  0.151251779580959E-011  0.602842822634481E+002  0.248080655432183E+000  0.101795219995412E+001  0.321501635882466E+001  0.270053007293399E+000  0.122281589212742E+001 -0.297038862007929E+002
  0.389939436330476E-011  0.580560829482454E+002  0.249979230875656E+000  0.989532403923667E+000  0.318731255721405E+001  0.210391762715070E+000  0.122281589212742E+001 -0.285897865431916E+002
  0.378147416558294E-011  0.579574121831315E+002  0.255665595418514E+000  0.985319069479043E+000  0.313216964599754E+001  0.153999827135450E+000  0.122281589212742E+001 -0.285404511606346E+002
  0.127023437959695E-010  0.555340669775293E+002  0.246098630149864E+000  0.100598832981781E+001  0.320831199338876E+001  0.210249027985336E+000  0.122281589212742E+001 -0.273287785578335E+002
  0.137889078920272E-010  0.553699110460870E+002  0.243760489470276E+000  0.100140588159841E+001  0.323987283233173E+001  0.244574883229276E+000  0.122281589212742E+001 -0.272467005921123E+002
  0.320780403853762E-010  0.538264380260234E+002  0.245686071999438E+000  0.982769388902152E+000  0.321649252450634E+001  0.191157714006925E+000  0.122281589212742E+001 -0.269132190130117E+002
  0.602010441178890E-009  0.470222245806904E+002  0.251575218069307E+000  0.100939095511605E+001  0.317349581575299E+001  0.216784886740957E+000  0.122281589212742E+001 -0.235111122903452E+002
  0.138661512972017E-008  0.446401824757731E+002  0.244871167943494E+000  0.995780257607437E+000  0.321245273255849E+001  0.194660782423197E+000  0.122281589212742E+001 -0.223200912378865E+002
  0.144446548814126E-007  0.399532648300146E+002  0.252499696737660E+000  0.100341267185623E+001  0.315754737979358E+001  0.182522549732963E+000  0.122281589212742E+001 -0.199766324150073E+002
  0.215684220402287E-007  0.389158870372999E+002  0.252592512428185E+000  0.987124949706445E+000  0.316717163106999E+001  0.176933186264508E+000  0.122281589212742E+001 -0.194579435186500E+002
  0.103645915980575E-006  0.355408206986719E+002  0.249374124257237E+000  0.991698370267467E+000  0.321754246711558E+001  0.257148832988912E+000  0.122281589212742E+001 -0.177704103493360E+002
  0.128345458237342E-006  0.351133305289855E+002  0.245676704171400E+000  0.100466070553836E+001  0.323428742022219E+001  0.263544682561866E+000  0.122281589212742E+001 -0.175566652644927E+002
  0.266818776471498E-005  0.287774092233148E+002  0.252191653951747E+000  0.995317725366992E+000  0.315781717665593E+001  0.176119516801088E+000  0.122281589212742E+001 -0.143887046116574E+002
  0.301034258755104E-005  0.285361004501360E+002  0.247826536147477E+000  0.100070176124111E+001  0.322819364268470E+001  0.272364405462017E+000  0.122281589212742E+001 -0.142680502250680E+002
  0.123654436090634E-004  0.257103966745931E+002  0.247750814759842E+000  0.987473577857207E+000  0.319619321020863E+001  0.190920476491165E+000  0.122281589212742E+001 -0.128551983372966E+002
  0.855250584277458E-004  0.211696449263279E+002  0.247832192842244E+000  0.992058585794683E+000  0.318828137128970E+001  0.172734683332738E+000  0.122281589212742E+001 -0.105848224631640E+002
  0.121819037255481E-003  0.204621904696493E+002  0.250192734709105E+000  0.991706006742749E+000  0.319216437577971E+001  0.218998206741987E+000  0.122281589212742E+001 -0.102310952348247E+002
  0.202839958257742E-003  0.194424291841108E+002  0.248969194255226E+000  0.100071688035459E+001  0.319465630432918E+001  0.216590022519688E+000  0.122281589212742E+001 -0.972121459205538E+001
  0.412621561008729E-003  0.180222020429548E+002  0.251229035741703E+000  0.990974969888940E+000  0.317040889999754E+001  0.174939746827039E+000  0.122281589212742E+001 -0.901110102147742E+001
  0.540555809086835E-003  0.174820679817790E+002  0.251509703767372E+000  0.987306570331320E+000  0.317332976149529E+001  0.188230366957848E+000  0.122281589212742E+001 -0.874103399088948E+001
  0.136999718344997E-002  0.148112056122816E+002  0.248994229948088E+000  0.987148544949143E+000  0.318837043286250E+001  0.187193366745881E+000  0.122281589212742E+001 -0.740560280614080E+001
  0.229908893154414E-002  0.137757971247252E+002  0.250615456584536E+000  0.994971679500678E+000  0.318097527672464E+001  0.200805173444327E+000  0.122281589212742E+001 -0.688789856236258E+001
