  0.100000000000000E+001  0.479146783905999E+002  0.251443914068368E+000  0.988408647474867E+000  0.312758978541793E+001  0.306525160253261E+000 -0.239573391953000E+002
  0.100000000000000E+001  0.482506257255560E+002  0.252304320068158E+000  0.988437304199114E+000  0.312580377112997E+001  0.306525160253261E+000 -0.241253128627780E+002
  0.100000000000000E+001  0.482767453900052E+002  0.254105833296056E+000  0.991741903996118E+000  0.310985192595953E+001  0.306525160253261E+000 -0.241383726950026E+002
  0.100000000000000E+001  0.484582249571719E+002  0.255478528708325E+000  0.991409685720442E+000  0.310419248367790E+001  0.306525160253261E+000 -0.242291124785859E+002
  0.100000000000000E+001  0.529280845421926E+002  0.250346963807067E+000  0.987203472105768E+000  0.313500437906195E+001  0.306525160253261E+000 -0.264640422710963E+002
  0.100000000000000E+001  0.485689322767868E+002  0.255156191954793E+000  0.990936777255702E+000  0.310720211932961E+001  0.306525160253261E+000 -0.242844661383934E+002
  0.100000000000000E+001  0.486115507563110E+002  0.253767015932236E+000  0.981178806881290E+000  0.312014212716327E+001  0.306525160253261E+000 -0.243057753781555E+002
  0.100000000000000E+001  0.487909729023146E+002  0.251526517236931E+000  0.987552510790632E+000  0.312735300807717E+001  0.306525160253261E+000 -0.243954864511573E+002
  0.100000000000000E+001  0.499167342325253E+002  0.254153668733863E+000  0.994124871359204E+000  0.311142115614127E+001  0.306525160253261E+000 -0.249583671162626E+002
  0.100000000000000E+001  0.498262303381322E+002  0.255232361290708E+000  0.989550783219506E+000  0.310491070626392E+001  0.306525160253261E+000 -0.249131151690661E+002
  0.100000000000000E+001  0.473063951411549E+002  0.251269471961220E+000  0.985311576902825E+000  0.313166177596312E+001  0.306525160253261E+000 -0.236531975705775E+002
  0.100000000000000E+001  0.470632963931264E+002  0.252953073930112E+000  0.981821292849021E+000  0.312417457659693E+001  0.306525160253261E+000 -0.235316481965632E+002
  0.100000000000000E+001  0.469564311704823E+002  0.252555739663122E+000  0.994778739328551E+000  0.311893175790866E+001  0.306525160253261E+000 -0.234782155852411E+002
  0.100000000000000E+001  0.468993484994619E+002  0.254491242182734E+000  0.983550047445834E+000  0.311476456741309E+001  0.306525160253261E+000 -0.234496742497310E+002
  0.100000000000000E+001  0.466266369402228E+002  0.255172980693544E+000  0.989915721036839E+000  0.310711534086264E+001  0.306525160253261E+000 -0.233133184701114E+002
  0.100000000000000E+001  0.464522761099275E+002  0.251991615868668E+000  0.990697738798510E+000  0.312311139996083E+001  0.306525160253261E+000 -0.232261380549637E+002
  0.100000000000000E+001  0.463307635088652E+002  0.251511525836309E+000  0.987926725180110E+000  0.312966265055766E+001  0.306525160253261E+000 -0.231653817544326E+002
  0.100000000000000E+001  0.462673029425698E+002  0.251733044707664E+000  0.985952150354757E+000  0.312772855746472E+001  0.306525160253261E+000 -0.231336514712849E+002
  0.100000000000000E+001  0.453985444412421E+002  0.252229910808885E+000  0.983806406561350E+000  0.312703489104745E+001  0.306525160253261E+000 -0.226992722206210E+002
  0.100000000000000E+001  0.452518159459115E+002  0.251723730057282E+000  0.986781635550261E+000  0.312885405061053E+001  0.306525160253261E+000 -0.226259079729558E+002
  0.100000000000000E+001  0.451597023317157E+002  0.252074992341403E+000  0.992364227814710E+000  0.312260177328868E+001  0.306525160253261E+000 -0.225798511658579E+002
  0.100000000000000E+001  0.450727441949051E+002  0.253762300868868E+000  0.983427071607244E+000  0.311819859614152E+001  0.306525160253261E+000 -0.225363720974525E+002
  0.100000000000000E+001  0.449629600706629E+002  0.253782267323246E+000  0.988635412079076E+000  0.311386327681593E+001  0.306525160253261E+000 -0.224814800353314E+002
  0.100000000000000E+001  0.448076373632868E+002  0.253299252500726E+000  0.990130535167261E+000  0.311579542565187E+001  0.306525160253261E+000 -0.224038186816434E+002
  0.100000000000000E+001  0.444805282700304E+002  0.254171963157898E+000  0.988508163587774E+000  0.311200689919327E+001  0.306525160253261E+000 -0.222402641350152E+002
  0.100000000000000E+001  0.444500120954644E+002  0.251736645400540E+000  0.987223207196645E+000  0.312802494030883E+001  0.306525160253261E+000 -0.222250060477322E+002
  0.100000000000000E+001  0.443100800621674E+002  0.251765795813394E+000  0.989273820576009E+000  0.312626469074141E+001  0.306525160253261E+000 -0.221550400310837E+002
  0.100000000000000E+001  0.442211974691299E+002  0.253288187856519E+000  0.987006302441237E+000  0.312029175120637E+001  0.306525160253261E+000 -0.221105987345649E+002
  0.100000000000000E+001  0.440345603958902E+002  0.252989974979844E+000  0.992451890294378E+000  0.311702325085867E+001  0.306525160253261E+000 -0.220172801979451E+002
  0.100000000000000E+001  0.440159954512231E+002  0.253524052355316E+000  0.992293766570877E+000  0.311395841192166E+001  0.306525160253261E+000 -0.220079977256116E+002
  0.100000000000000E+001  0.439616574485329E+002  0.251953018299997E+000  0.990284319563161E+000  0.312470426418026E+001  0.306525160253261E+000 -0.219808287242665E+002
  0.100000000000000E+001  0.437984617770248E+002  0.253772002600779E+000  0.991457967646293E+000  0.311292306963058E+001  0.306525160253261E+000 -0.218992308885124E+002
  0.100000000000000E+001  0.437348668514994E+002  0.252921777215154E+000  0.990926925220127E+000  0.311794885725873E+001  0.306525160253261E+000 -0.218674334257497E+002
  0.100000000000000E+001  0.436888329723485E+002  0.252536358391907E+000  0.988948852762441E+000  0.312126554352840E+001  0.306525160253261E+000 -0.218444164861742E+002
  0.100000000000000E+001  0.436246800075498E+002  0.253235567891895E+000  0.987529922832808E+000  0.311794463898760E+001  0.306525160253261E+000 -0.218123400037749E+002
  0.100000000000000E+001  0.436053399633590E+002  0.253111120806008E+000  0.987373272106768E+000  0.312095608362103E+001  0.306525160253261E+000 -0.218026699816795E+002
  0.100000000000000E+001  0.435698265514695E+002  0.252303297618040E+000  0.989953326928046E+000  0.312234308596121E+001  0.306525160253261E+000 -0.217849132757347E+002
  0.100000000000000E+001  0.435184061047972E+002  0.253816429020111E+000  0.991420966442879E+000  0.311284114036919E+001  0.306525160253261E+000 -0.217592030523986E+002
  0.100000000000000E+001  0.435117949349776E+002  0.253379567715239E+000  0.984516688192268E+000  0.312000204484746E+001  0.306525160253261E+000 -0.217558974674888E+002
  0.100000000000000E+001  0.435011988342933E+002  0.253865783708535E+000  0.988170636122015E+000  0.311605072735346E+001  0.306525160253261E+000 -0.217505994171467E+002
  0.100000000000000E+001  0.434236963140065E+002  0.253170936970707E+000  0.989028634276974E+000  0.311962619403907E+001  0.306525160253261E+000 -0.217118481570033E+002
  0.100000000000000E+001  0.433779443844790E+002  0.252625993591451E+000  0.985119001338867E+000  0.312401749247081E+001  0.306525160253261E+000 -0.216889721922395E+002
  0.100000000000000E+001  0.433433334325100E+002  0.254354706614519E+000  0.988499940665763E+000  0.311248945742736E+001  0.306525160253261E+000 -0.216716667162550E+002
  0.100000000000000E+001  0.432885797923866E+002  0.253492268877260E+000  0.990767614376881E+000  0.311486553743328E+001  0.306525160253261E+000 -0.216442898961933E+002
  0.100000000000000E+001  0.430938591882962E+002  0.254019470732018E+000  0.987317961134834E+000  0.311404569607695E+001  0.306525160253261E+000 -0.215469295941481E+002
  0.100000000000000E+001  0.430434054068286E+002  0.252810249457557E+000  0.991487620724417E+000  0.311948024257066E+001  0.306525160253261E+000 -0.215217027034143E+002
  0.100000000000000E+001  0.430302973245246E+002  0.253382874000601E+000  0.991722183643797E+000  0.311607712391621E+001  0.306525160253261E+000 -0.215151486622623E+002
  0.100000000000000E+001  0.430259222509283E+002  0.253232886182773E+000  0.991038323932790E+000  0.311637252198151E+001  0.306525160253261E+000 -0.215129611254642E+002
  0.100000000000000E+001  0.429847556346836E+002  0.253296851606289E+000  0.989381388883079E+000  0.311852301316711E+001  0.306525160253261E+000 -0.214923778173418E+002
  0.100000000000000E+001  0.429844511783667E+002  0.253962249966688E+000  0.985962552833228E+000  0.311583751169192E+001  0.306525160253261E+000 -0.214922255891833E+002
  0.100000000000000E+001  0.428979309653009E+002  0.254032445104532E+000  0.986529997838789E+000  0.311481478719214E+001  0.306525160253261E+000 -0.214489654826505E+002
  0.100000000000000E+001  0.428933344626878E+002  0.252318055854594E+000  0.988310942717734E+000  0.312345261780019E+001  0.306525160253261E+000 -0.214466672313439E+002
  0.100000000000000E+001  0.428290312598204E+002  0.252585051036556E+000  0.986605918065247E+000  0.312288367734316E+001  0.306525160253261E+000 -0.214145156299102E+002
  0.100000000000000E+001  0.427365394899728E+002  0.252520930026997E+000  0.990378355559599E+000  0.312122964928807E+001  0.306525160253261E+000 -0.213682697449864E+002
  0.100000000000000E+001  0.427351726565834E+002  0.253741402207081E+000  0.991169786547141E+000  0.311390880268734E+001  0.306525160253261E+000 -0.213675863282917E+002
  0.100000000000000E+001  0.427151956496106E+002  0.252995270351168E+000  0.987969714713704E+000  0.312099081175132E+001  0.306525160253261E+000 -0.213575978248053E+002
  0.100000000000000E+001  0.426832409368613E+002  0.252545529013725E+000  0.986445291886703E+000  0.312351609412647E+001  0.306525160253261E+000 -0.213416204684306E+002
  0.100000000000000E+001  0.426781306775339E+002  0.253459389320061E+000  0.991094575691395E+000  0.311607959873716E+001  0.306525160253261E+000 -0.213390653387670E+002
  0.100000000000000E+001  0.426727458664501E+002  0.252975186535173E+000  0.990649382090427E+000  0.311924826858820E+001  0.306525160253261E+000 -0.213363729332251E+002
  0.100000000000000E+001  0.426558814775744E+002  0.254055483466257E+000  0.988045441403081E+000  0.311443330168311E+001  0.306525160253261E+000 -0.213279407387872E+002
  0.100000000000000E+001  0.426521170043753E+002  0.252533005801260E+000  0.988927887004016E+000  0.312173923466179E+001  0.306525160253261E+000 -0.213260585021877E+002
  0.100000000000000E+001  0.426003718268294E+002  0.252514638891818E+000  0.987064029787635E+000  0.312315869306050E+001  0.306525160253261E+000 -0.213001859134147E+002
  0.100000000000000E+001  0.425758748221721E+002  0.252404612524558E+000  0.987882069693579E+000  0.312336728175242E+001  0.306525160253261E+000 -0.212879374110860E+002
  0.100000000000000E+001  0.425639182787374E+002  0.252705726594123E+000  0.989531187304962E+000  0.312151986833266E+001  0.306525160253261E+000 -0.212819591393687E+002
  0.100000000000000E+001  0.425527149824560E+002  0.252380145320275E+000  0.988278617933349E+000  0.312376766961437E+001  0.306525160253261E+000 -0.212763574912280E+002
  0.100000000000000E+001  0.425239867328250E+002  0.252861059770078E+000  0.990979148046815E+000  0.311917743653297E+001  0.306525160253261E+000 -0.212619933664125E+002
  0.100000000000000E+001  0.424414803969999E+002  0.253639328160342E+000  0.989155260315005E+000  0.311642432046083E+001  0.306525160253261E+000 -0.212207401985000E+002
  0.100000000000000E+001  0.423677482163104E+002  0.252675479692051E+000  0.988255851320515E+000  0.312237727094864E+001  0.306525160253261E+000 -0.211838741081552E+002
  0.100000000000000E+001  0.423606643526876E+002  0.253955677955979E+000  0.987367701872716E+000  0.311495179375122E+001  0.306525160253261E+000 -0.211803321763438E+002
  0.100000000000000E+001  0.423398213517292E+002  0.252661728941818E+000  0.987518405831331E+000  0.312196176180971E+001  0.306525160253261E+000 -0.211699106758646E+002
  0.100000000000000E+001  0.423180406532788E+002  0.253788099853181E+000  0.989218625159654E+000  0.311535882549607E+001  0.306525160253261E+000 -0.211590203266394E+002
  0.100000000000000E+001  0.422931484485714E+002  0.253593016863812E+000  0.989761500565039E+000  0.311619947816865E+001  0.306525160253261E+000 -0.211465742242857E+002
  0.100000000000000E+001  0.422624321859283E+002  0.253340299241699E+000  0.990437265515676E+000  0.311638954485142E+001  0.306525160253261E+000 -0.211312160929642E+002
  0.100000000000000E+001  0.422311773514077E+002  0.253807998214488E+000  0.988010266774973E+000  0.311509604111304E+001  0.306525160253261E+000 -0.211155886757038E+002
  0.100000000000000E+001  0.422302011621377E+002  0.253764789807780E+000  0.989751546743559E+000  0.311441240588890E+001  0.306525160253261E+000 -0.211151005810689E+002
  0.100000000000000E+001  0.422282390067598E+002  0.252979204890204E+000  0.987660787230736E+000  0.311990892838328E+001  0.306525160253261E+000 -0.211141195033799E+002
  0.100000000000000E+001  0.422136062315728E+002  0.252933282010762E+000  0.988610903660377E+000  0.311959574003424E+001  0.306525160253261E+000 -0.211068031157864E+002
  0.100000000000000E+001  0.421554579827072E+002  0.253761788028815E+000  0.989344636464573E+000  0.311463928954473E+001  0.306525160253261E+000 -0.210777289913536E+002
  0.100000000000000E+001  0.420900936165947E+002  0.252586494100238E+000  0.988771457759493E+000  0.312209601101773E+001  0.306525160253261E+000 -0.210450468082973E+002
  0.100000000000000E+001  0.420683051737293E+002  0.252860084913529E+000  0.988612029731264E+000  0.312101726378129E+001  0.306525160253261E+000 -0.210341525868647E+002
  0.100000000000000E+001  0.420556977447050E+002  0.253452929044245E+000  0.988693911975160E+000  0.311660620062116E+001  0.306525160253261E+000 -0.210278488723525E+002
  0.100000000000000E+001  0.420382603855904E+002  0.252859355830238E+000  0.988121587688262E+000  0.312047598773391E+001  0.306525160253261E+000 -0.210191301927952E+002
  0.100000000000000E+001  0.420188729137643E+002  0.252843167241264E+000  0.987253204995272E+000  0.312164665682033E+001  0.306525160253261E+000 -0.210094364568821E+002
  0.100000000000000E+001  0.419971432052924E+002  0.253761372382484E+000  0.988150821396700E+000  0.311590757272494E+001  0.306525160253261E+000 -0.209985716026462E+002
  0.100000000000000E+001  0.419224604274433E+002  0.253426170936465E+000  0.989707165295844E+000  0.311697740564170E+001  0.306525160253261E+000 -0.209612302137217E+002
  0.100000000000000E+001  0.419156814632777E+002  0.253758293086882E+000  0.988467488798883E+000  0.311562099624353E+001  0.306525160253261E+000 -0.209578407316388E+002
  0.100000000000000E+001  0.418799011303093E+002  0.253502240326694E+000  0.987544966130815E+000  0.311779287773802E+001  0.306525160253261E+000 -0.209399505651546E+002
  0.100000000000000E+001  0.418367859756525E+002  0.253553386028560E+000  0.987871124613503E+000  0.311678415979275E+001  0.306525160253261E+000 -0.209183929878263E+002
  0.100000000000000E+001  0.416732678971692E+002  0.253409022018679E+000  0.989170838645661E+000  0.311717768832569E+001  0.306525160253261E+000 -0.208366339485846E+002
