  0.252227058928326E+000  0.975018236915942E+000  0.309674358374966E+001 -0.978972650237563E+000 -0.748304434115390E-001 -0.343114445803011E+001  0.000000000000000E+000 -0.870263177546456E+000 -0.870263177546456E+000 -0.154866225694801E+001
  0.256924521810685E+000  0.965511811223605E+000  0.307354948242064E+001 -0.932646522839549E+000 -0.165892551196104E+000 -0.343114445803011E+001  0.000000000000000E+000 -0.631291004761780E+000 -0.631291004761780E+000 -0.146607992186445E+001
  0.262058777967671E+000  0.962464263147845E+000  0.304899825955128E+001 -0.893537287731624E+000 -0.218820239507155E+000 -0.343114445803011E+001  0.000000000000000E+000 -0.100338342577964E+001 -0.100338342577964E+001 -0.144841853037725E+001
  0.251734503158471E+000  0.976460137528842E+000  0.310201616848433E+001 -0.989211452603969E+000 -0.774415221056657E-002 -0.343114445803011E+001  0.000000000000000E+000 -0.106824397617333E+001 -0.106824397617333E+001 -0.283225336470829E+001
  0.257048785643949E+000  0.969874888397967E+000  0.307041944637645E+001 -0.939129954045598E+000 -0.147287790534808E+000 -0.343114445803011E+001  0.000000000000000E+000 -0.947717149488519E+000 -0.947717149488519E+000 -0.271213417548343E+001
  0.259018732998297E+000  0.964677041931652E+000  0.306282896378099E+001 -0.929021507457210E+000 -0.176450853859063E+000 -0.343114445803011E+001  0.000000000000000E+000 -0.106363255584509E+001 -0.106363255584509E+001 -0.129366030198474E+001
  0.255445704017281E+000  0.971603310056313E+000  0.307821740398364E+001 -0.958790545550539E+000 -0.125525424444129E+000 -0.343114445803011E+001  0.000000000000000E+000 -0.753291989649143E+000 -0.753291989649143E+000 -0.168376672222273E+001
  0.256566471684364E+000  0.965465765445206E+000  0.307311650685417E+001 -0.939805197446523E+000 -0.180119489689958E+000 -0.343114445803011E+001  0.000000000000000E+000 -0.718654389470648E+000 -0.718654389470648E+000 -0.195627626403844E+001
  0.249936549679080E+000  0.977632466344435E+000  0.311705925580215E+001 -0.100515729009625E+001  0.582591352740831E-001 -0.343114445803011E+001  0.000000000000000E+000 -0.868176723600340E+000 -0.868176723600339E+000 -0.147939293753039E+001
  0.254595807101881E+000  0.972216687765594E+000  0.309058115959287E+001 -0.961414695139291E+000 -0.366307702373678E-001 -0.343114445803011E+001  0.000000000000000E+000 -0.813770281361491E+000 -0.813770281361491E+000 -0.128958020008746E+001
  0.254730105269750E+000  0.973579077678467E+000  0.308339132232592E+001 -0.955215503622969E+000 -0.109528888007346E+000 -0.343114445803011E+001  0.000000000000000E+000 -0.633247041275086E+000 -0.633247041275085E+000 -0.254242978419610E+001
  0.259375144425324E+000  0.965769209453236E+000  0.305370233148756E+001 -0.918547696189258E+000 -0.257689475901580E+000 -0.343114445803011E+001  0.000000000000000E+000 -0.113257682290486E+001 -0.113257682290486E+001 -0.483229633300144E+001
  0.254689836152563E+000  0.974495093367771E+000  0.308447459785183E+001 -0.962188814180210E+000 -0.773618508908358E-001 -0.343114445803011E+001  0.000000000000000E+000 -0.581252945863336E+000 -0.581252945863336E+000 -0.158080911191443E+001
  0.256531125216006E+000  0.966368882448629E+000  0.308445700344927E+001 -0.944096921686393E+000 -0.681406817905064E-001 -0.343114445803011E+001  0.000000000000000E+000 -0.121306967527503E+001 -0.121306967527503E+001 -0.277736471702542E+001
  0.259406976754018E+000  0.965683355112418E+000  0.306151417745127E+001 -0.923156328901741E+000 -0.163838976314912E+000 -0.343114445803011E+001  0.000000000000000E+000 -0.350032110388003E+000 -0.350032110388003E+000 -0.178194640470938E+001
  0.260511815793464E+000  0.963883618462947E+000  0.305468247158017E+001 -0.911700290176315E+000 -0.206045972617682E+000 -0.343114445803011E+001  0.000000000000000E+000 -0.389055142118515E+000 -0.389055142118514E+000 -0.316456348146184E+001
  0.259561449308517E+000  0.967718057934949E+000  0.305963898917895E+001 -0.926701864591845E+000 -0.164796179814378E+000 -0.343114445803011E+001  0.000000000000000E+000 -0.116406623861762E+001 -0.116406623861762E+001 -0.203072664296931E+001
  0.255069483269283E+000  0.970601538934014E+000  0.307586135794419E+001 -0.948441003995501E+000 -0.194504132291157E+000 -0.343114445803011E+001  0.000000000000000E+000 -0.660388907928144E+000 -0.660388907928143E+000 -0.123749688559760E+001
  0.260236348164753E+000  0.960095686786005E+000  0.305240516343738E+001 -0.904567060409695E+000 -0.282860990616812E+000 -0.343114445803011E+001  0.000000000000000E+000 -0.956842197776940E+000 -0.956842197776940E+000 -0.480772290407326E+001
  0.250944443803070E+000  0.977091153548376E+000  0.310332216407891E+001 -0.988506809119144E+000 -0.499562956544297E-001 -0.343114445803011E+001  0.000000000000000E+000 -0.689789200054315E+000 -0.689789200054315E+000 -0.276451689161885E+001
  0.250363229664754E+000  0.979206862159399E+000  0.311049748833491E+001 -0.100547261834863E+001  0.369096798477351E-001 -0.343114445803011E+001  0.000000000000000E+000 -0.942497338924208E+000 -0.942497338924208E+000 -0.175934050377860E+001
  0.254277320851581E+000  0.971822616181931E+000  0.309163177484296E+001 -0.966740923094127E+000 -0.341449763459050E-001 -0.343114445803011E+001  0.000000000000000E+000 -0.976902753032624E+000 -0.976902753032624E+000 -0.147977929503274E+001
  0.250609380217985E+000  0.977328170768947E+000  0.310887325509541E+001 -0.998055092346216E+000  0.412057473356775E-002 -0.343114445803011E+001  0.000000000000000E+000 -0.577113404681149E+000 -0.577113404681148E+000 -0.166945073849547E+001
  0.259708806290510E+000  0.959574943397866E+000  0.305590930395123E+001 -0.906794679217973E+000 -0.276005864957524E+000 -0.343114445803011E+001  0.000000000000000E+000 -0.121491802182526E+001 -0.121491802182526E+001 -0.145168244529464E+001
  0.257443909009645E+000  0.966457923691369E+000  0.306732254975038E+001 -0.939339633465273E+000 -0.180566177862790E+000 -0.343114445803011E+001  0.000000000000000E+000 -0.111693655148927E+001 -0.111693655148927E+001 -0.165922777072772E+001
  0.249813573146096E+000  0.981057552472297E+000  0.311322115528627E+001 -0.100282127788316E+001  0.286489329671884E-001 -0.343114445803011E+001  0.000000000000000E+000 -0.102744390292729E+001 -0.102744390292729E+001 -0.139419134596791E+001
  0.259110485981816E+000  0.966938263822755E+000  0.306049797317555E+001 -0.928408495619853E+000 -0.182497465029334E+000 -0.343114445803011E+001  0.000000000000000E+000 -0.102337989393991E+001 -0.102337989393991E+001 -0.192684857766465E+001
  0.257877675459449E+000  0.962970369928965E+000  0.306481273610273E+001 -0.917656915604148E+000 -0.246070734801406E+000 -0.343114445803011E+001  0.000000000000000E+000 -0.103175421383664E+001 -0.103175421383664E+001 -0.125501811732134E+001
  0.253233512522738E+000  0.971083417645842E+000  0.309607135073432E+001 -0.972965808069880E+000 -0.546996679162879E-001 -0.343114445803011E+001  0.000000000000000E+000 -0.758626662332706E+000 -0.758626662332705E+000 -0.146796541100916E+001
  0.258124716783555E+000  0.967526548434475E+000  0.306472385233362E+001 -0.932286958692926E+000 -0.184794231233958E+000 -0.343114445803011E+001  0.000000000000000E+000 -0.621641558213578E+000 -0.621641558213577E+000 -0.288755453374433E+001
  0.255568013486391E+000  0.974770844595489E+000  0.307937363828824E+001 -0.958540688750976E+000 -0.841940811042399E-001 -0.343114445803011E+001  0.000000000000000E+000 -0.994005917241424E+000 -0.994005917241423E+000 -0.146499476455928E+001
  0.255900411624429E+000  0.965399765095908E+000  0.307655271491981E+001 -0.943146045034563E+000 -0.183839269345558E+000 -0.343114445803011E+001  0.000000000000000E+000 -0.107994640308165E+001 -0.107994640308165E+001 -0.122417137174514E+001
