  0.105843683308570E-318  0.149292636769864E+004  0.233932340099356E+000  0.961659998868863E+000  0.340406789731609E+001 -0.134559410488142E+001  0.123322348437147E+001 -0.343114445803011E+001  0.000000000000000E+000 -0.744730422720853E+003
  0.136462720393056E-314  0.147393597639505E+004  0.273315712217610E+000  0.984524688075108E+000  0.323557182617014E+001 -0.908714500650709E+000  0.680910845113482E+000 -0.343114445803011E+001  0.000000000000000E+000 -0.735235227069057E+003
  0.105509674243094E-291  0.136847001643507E+004  0.263068729601732E+000  0.100450761693925E+001  0.290346382889993E+001 -0.490447979562695E+000 -0.333956293692376E+001 -0.343114445803011E+001  0.000000000000000E+000 -0.682502247089069E+003
  0.776117739160927E-289  0.135520712957236E+004  0.418614377475955E+000  0.838099754076196E+000  0.253852634732108E+001  0.162618408207332E+000 -0.200404091161987E+001 -0.343114445803011E+001  0.000000000000000E+000 -0.675870803657716E+003
  0.249401592295524E-287  0.134820572551639E+004  0.404948337994656E+000  0.846565053011961E+000  0.249420657160905E+001  0.164386572503027E+000 -0.236597457112324E+001 -0.343114445803011E+001  0.000000000000000E+000 -0.672370101629727E+003
  0.738866268030984E-277  0.129992037529233E+004  0.156602952044073E+000  0.115715587599303E+001  0.370566594957102E+001 -0.189415281886230E+001  0.528492784610454E+000 -0.343114445803011E+001  0.000000000000000E+000 -0.648227426517700E+003
  0.116880390880122E-274  0.128973125307589E+004  0.186435082207333E+000  0.102269711889260E+001  0.342616330465086E+001 -0.115600139843166E+001 -0.154244080335166E+001 -0.343114445803011E+001  0.000000000000000E+000 -0.643132865409479E+003
  0.409393014349377E-274  0.128716266076212E+004  0.170930038661634E+000  0.109640869437297E+001  0.367750558324468E+001 -0.152146558713714E+001  0.123758702732613E+001 -0.343114445803011E+001  0.000000000000000E+000 -0.641848569252596E+003
  0.545223842968264E-272  0.127731773542993E+004  0.154655907701487E+000  0.115788613096094E+001  0.372517285940165E+001 -0.192326610330866E+001  0.635532012406055E+000 -0.343114445803011E+001  0.000000000000000E+000 -0.636926106586497E+003
  0.621193318356561E-272  0.127699530030498E+004  0.433950589044550E+000  0.842276328204733E+000  0.243100832500390E+001  0.382170461375519E+000 -0.291816844537476E+001 -0.343114445803011E+001  0.000000000000000E+000 -0.636764889024023E+003
  0.904053319388517E-272  0.127618326497747E+004  0.337848480659785E+000  0.814091276464926E+000  0.270684268156392E+001 -0.219158981902098E+000 -0.309637640182623E+001 -0.343114445803011E+001  0.000000000000000E+000 -0.636358871360269E+003
  0.962879184634710E-272  0.127599564244741E+004  0.233455927354445E+000  0.102931496183733E+001  0.339045104790699E+001 -0.111867076423099E+001  0.870256807396233E+000 -0.343114445803011E+001  0.000000000000000E+000 -0.636265060095237E+003
  0.111105076220744E-271  0.127564783206505E+004  0.153088404173257E+000  0.116060554345289E+001  0.372987684453680E+001 -0.193077421569204E+001  0.615134515507672E+000 -0.343114445803011E+001  0.000000000000000E+000 -0.636091154904061E+003
  0.393066265379752E-267  0.125463860435238E+004  0.318250016201904E+000  0.910492703200396E+000  0.315408227751750E+001 -0.535014801784876E+000  0.147750848813286E+000 -0.343114445803011E+001  0.000000000000000E+000 -0.625586541047723E+003
  0.130201251416428E-263  0.123836617403236E+004  0.161859285423060E+000  0.114658180612442E+001  0.366008904344662E+001 -0.179226886370787E+001  0.344401850034313E+000 -0.343114445803011E+001  0.000000000000000E+000 -0.617450325887711E+003
  0.331281250955493E-251  0.118117481573489E+004  0.434129788222377E+000  0.837679020321091E+000  0.240433420572707E+001  0.414283720837524E+000 -0.307226089762635E+001 -0.343114445803011E+001  0.000000000000000E+000 -0.588854646738980E+003
  0.590046172760464E-248  0.116614329570480E+004  0.251269321781692E+000  0.989906184909624E+000  0.331570165846969E+001 -0.115646157646118E+001  0.100679942317462E+001 -0.343114445803011E+001  0.000000000000000E+000 -0.581338886723935E+003
  0.183402853990132E-247  0.116381361354447E+004  0.190387749452739E+000  0.105769124916972E+001  0.360374132615297E+001 -0.141762626224279E+001  0.118896286519394E+001 -0.343114445803011E+001  0.000000000000000E+000 -0.580174045643767E+003
  0.163165666018509E-246  0.115938073820245E+004  0.419887138852630E+000  0.850355842136401E+000  0.246627222574001E+001  0.297306938821981E+000 -0.276024395430106E+001 -0.343114445803011E+001  0.000000000000000E+000 -0.577957607972759E+003
  0.771979040071656E-245  0.115160564198137E+004  0.177890644212610E+000  0.108006891627048E+001  0.365265598662635E+001 -0.148734298114663E+001  0.127276993660546E+001 -0.343114445803011E+001  0.000000000000000E+000 -0.574070059862216E+003
  0.703780490828574E-243  0.114251874008156E+004  0.426140859697691E+000  0.805420313972457E+000  0.259582764997375E+001  0.341793758670903E+000 -0.190410116832136E+001 -0.343114445803011E+001  0.000000000000000E+000 -0.569526608912314E+003
  0.122467941198013E-232  0.109529755914538E+004  0.311364711329573E+000  0.914583270483411E+000  0.317783223764611E+001 -0.600380993115159E+000  0.251068743973279E+000 -0.343114445803011E+001  0.000000000000000E+000 -0.545916018444222E+003
  0.243769520591536E-230  0.108464892765622E+004  0.426352692606268E+000  0.844288187532460E+000  0.244823370650222E+001  0.313868833606444E+000 -0.281428912306928E+001 -0.343114445803011E+001  0.000000000000000E+000 -0.540591702699646E+003
  0.136520685923631E-229  0.108114170823846E+004  0.232291744264491E+000  0.103156351376429E+001  0.342717631938546E+001 -0.107808234425987E+001  0.845617341127482E+000 -0.343114445803011E+001  0.000000000000000E+000 -0.538838092990763E+003
  0.128547684326142E-225  0.106277983663441E+004  0.436375985675523E+000  0.806909508543907E+000  0.244166970859393E+001  0.361898239846094E+000 -0.269529412416864E+001 -0.343114445803011E+001  0.000000000000000E+000 -0.529657157188741E+003
  0.212527457107256E-225  0.106171275077671E+004  0.243848745807528E+000  0.104571627994592E+001  0.301956009733722E+001 -0.788593490908864E+000 -0.282370344714838E+001 -0.343114445803011E+001  0.000000000000000E+000 -0.529123614259891E+003
  0.149024946135974E-223  0.105315078203595E+004  0.290572422409614E+000  0.867141204074676E+000  0.286231032678446E+001 -0.475807708151550E+000 -0.270547707358720E+001 -0.343114445803011E+001  0.000000000000000E+000 -0.524842629889507E+003
  0.371396011100202E-223  0.105126292833256E+004  0.228464617486189E+000  0.100983249385752E+001  0.314192198786431E+001 -0.767683759287917E+000 -0.184978350524137E+001 -0.343114445803011E+001  0.000000000000000E+000 -0.523898703037814E+003
  0.253251668031263E-221  0.104275681500141E+004  0.223610004255504E+000  0.103914983605079E+001  0.343818172509329E+001 -0.119013418256329E+001  0.101833823062665E+001 -0.343114445803011E+001  0.000000000000000E+000 -0.519645646372241E+003
  0.269063433991511E-219  0.103336380443953E+004  0.225112755466054E+000  0.105347098445461E+001  0.315809640796897E+001 -0.925838972548276E+000 -0.183970637257878E+001 -0.343114445803011E+001  0.000000000000000E+000 -0.514949141091297E+003
  0.419411048910411E-218  0.102744495491052E+004  0.299660013803016E+000  0.925267505232721E+000  0.323495212870101E+001 -0.702277198995238E+000  0.434992722758400E+000 -0.343114445803011E+001  0.000000000000000E+000 -0.513722477455259E+003
  0.242413990837471E-211  0.995996871233305E+003  0.301752852584835E+000  0.919728481601041E+000  0.321401295546687E+001 -0.655220457461220E+000  0.328646801296376E+000 -0.343114445803011E+001  0.000000000000000E+000 -0.497998435616653E+003
  0.312367323601242E-206  0.972463954615282E+003  0.292732061100205E+000  0.928486242425645E+000  0.325961999713144E+001 -0.738279125102321E+000  0.482550062836502E+000 -0.343114445803011E+001  0.000000000000000E+000 -0.486231977307641E+003
  0.878135454808333E-201  0.947370861597871E+003  0.325118947141905E+000  0.915041956311942E+000  0.310706597532291E+001 -0.491867903368530E+000  0.851972781318864E-001 -0.343114445803011E+001  0.000000000000000E+000 -0.473685430798935E+003
  0.506371551660759E-192  0.906579103154621E+003  0.301811769157830E+000  0.923610979856092E+000  0.321495659319422E+001 -0.658494602304403E+000  0.339315630773877E+000 -0.343114445803011E+001  0.000000000000000E+000 -0.453289551577311E+003
  0.167659821943903E-160  0.760038030110772E+003  0.291751800360786E+000  0.933098901994628E+000  0.326641328010806E+001 -0.757595793533399E+000  0.502616590731773E+000 -0.343114445803011E+001  0.000000000000000E+000 -0.380019015055386E+003
  0.654787129329095E-149  0.706389349015212E+003  0.290701560621881E+000  0.928422124957136E+000  0.326752718354357E+001 -0.747497981732582E+000  0.482955267075256E+000 -0.343114445803011E+001  0.000000000000000E+000 -0.353194674507606E+003
  0.200222806534283E-144  0.685466194120577E+003  0.274356133837336E+000  0.942944976146394E+000  0.333989239902944E+001 -0.892727958117233E+000  0.693172100470155E+000 -0.343114445803011E+001  0.000000000000000E+000 -0.342733097060289E+003
  0.580928141427840E-144  0.683068738756908E+003  0.278997862744067E+000  0.959076827287488E+000  0.321706391127113E+001 -0.899655520919326E+000  0.633893904370876E+000 -0.343114445803011E+001  0.000000000000000E+000 -0.341534369378454E+003
  0.124208085297838E-143  0.681281843389588E+003  0.294964007719573E+000  0.935912024666348E+000  0.322792761501946E+001 -0.723980086897281E+000  0.436022925865248E+000 -0.343114445803011E+001  0.000000000000000E+000 -0.340640921694794E+003
  0.186668128790880E-136  0.648230903964788E+003  0.314291819425117E+000  0.928123194030752E+000  0.307962450866052E+001 -0.503772030927678E+000  0.402577530263937E-002 -0.343114445803011E+001  0.000000000000000E+000 -0.324115451982394E+003
  0.310991856042400E-128  0.610060372321951E+003  0.312669747205039E+000  0.933888471740750E+000  0.306011764570562E+001 -0.525047588497886E+000  0.293688167507096E-001 -0.343114445803011E+001  0.000000000000000E+000 -0.305030186160976E+003
  0.564550020400169E-121  0.576631656491466E+003  0.278237023263176E+000  0.949501372400227E+000  0.325154880085239E+001 -0.871897426075670E+000  0.615405527430477E+000 -0.343114445803011E+001  0.000000000000000E+000 -0.288315828245733E+003
  0.317520505430206E-113  0.540941268182526E+003  0.311512679328943E+000  0.935412250988901E+000  0.307000153268477E+001 -0.509290713971787E+000  0.188176029829989E-002 -0.343114445803011E+001  0.000000000000000E+000 -0.270470634091263E+003
  0.785075188019936E-104  0.497684262320967E+003  0.277238883232726E+000  0.951256749282816E+000  0.323614553227770E+001 -0.862542591199495E+000  0.580080951808410E+000 -0.343114445803011E+001  0.000000000000000E+000 -0.248842131160483E+003
  0.490029950688584E-096  0.461785526795106E+003  0.263854339022177E+000  0.953217345516391E+000  0.333816124676394E+001 -0.945751815930992E+000  0.731512229230947E+000 -0.343114445803011E+001  0.000000000000000E+000 -0.230892763397553E+003
  0.912284610142361E-084  0.403894219200482E+003  0.274237298247893E+000  0.959828276375162E+000  0.326384970010301E+001 -0.875279802835023E+000  0.621163494105337E+000 -0.343114445803011E+001  0.000000000000000E+000 -0.201947109600241E+003
  0.181034671312657E-080  0.388132701205184E+003  0.274032498297903E+000  0.978014983899075E+000  0.316647961799990E+001 -0.918735828945445E+000  0.588905104648449E+000 -0.343114445803011E+001  0.000000000000000E+000 -0.194066350602592E+003
  0.128832271697462E-078  0.379602715289591E+003  0.254816871935595E+000  0.956252932530479E+000  0.336388089298000E+001 -0.973727118384931E+000  0.750149546509327E+000 -0.343114445803011E+001  0.000000000000000E+000 -0.189801357644796E+003
  0.372951622077986E-063  0.307588357538022E+003  0.259589997980337E+000  0.963968949901958E+000  0.330040030434664E+001 -0.932929666024600E+000  0.652773711287657E+000 -0.343114445803011E+001  0.000000000000000E+000 -0.153794178769011E+003
  0.577102806993829E-056  0.274479022808185E+003  0.250203712595780E+000  0.967412383100847E+000  0.333260795184898E+001 -0.101135250211646E+001  0.755448898703754E+000 -0.343114445803011E+001  0.000000000000000E+000 -0.137239511404093E+003
