  0.178394259006482E-317  0.149300257822678E+004  0.233932340099356E+000  0.961659998868863E+000  0.340406789731609E+001 -0.134559410488142E+001  0.123322348437147E+001 -0.343114445803011E+001  0.000000000000000E+000 -0.744730422720853E+003
  0.230000190211907E-313  0.147401218692319E+004  0.273315712217610E+000  0.984524688075108E+000  0.323557182617014E+001 -0.908714500650709E+000  0.680910845113482E+000 -0.343114445803011E+001  0.000000000000000E+000 -0.735235227069057E+003
  0.177830583413052E-290  0.136854622696321E+004  0.263068729601732E+000  0.100450761693925E+001  0.290346382889993E+001 -0.490447979562695E+000 -0.333956293692376E+001 -0.343114445803011E+001  0.000000000000000E+000 -0.682502247089069E+003
  0.130810251611838E-287  0.135528334010050E+004  0.418614377475955E+000  0.838099754076196E+000  0.253852634732108E+001  0.162618408207332E+000 -0.200404091161987E+001 -0.343114445803011E+001  0.000000000000000E+000 -0.675870803657716E+003
  0.420352266085780E-286  0.134828193604453E+004  0.404948337994656E+000  0.846565053011961E+000  0.249420657160905E+001  0.164386572503027E+000 -0.236597457112324E+001 -0.343114445803011E+001  0.000000000000000E+000 -0.672370101629727E+003
  0.124531727020069E-275  0.129999658582047E+004  0.156602952044073E+000  0.115715587599303E+001  0.370566594957102E+001 -0.189415281886230E+001  0.528492784610454E+000 -0.343114445803011E+001  0.000000000000000E+000 -0.648227426517700E+003
  0.196995282649335E-273  0.128980746360403E+004  0.186435082207333E+000  0.102269711889260E+001  0.342616330465086E+001 -0.115600139843166E+001 -0.154244080335166E+001 -0.343114445803011E+001  0.000000000000000E+000 -0.643132865409479E+003
  0.690008751417814E-273  0.128723887129026E+004  0.170930038661634E+000  0.109640869437297E+001  0.367750558324468E+001 -0.152146558713714E+001  0.123758702732613E+001 -0.343114445803011E+001  0.000000000000000E+000 -0.641848569252596E+003
  0.918943924159625E-271  0.127739394595806E+004  0.154655907701487E+000  0.115788613096094E+001  0.372517285940165E+001 -0.192326610330866E+001  0.635532012406055E+000 -0.343114445803011E+001  0.000000000000000E+000 -0.636926106586497E+003
  0.104698617456747E-270  0.127707151083312E+004  0.433950589044550E+000  0.842276328204733E+000  0.243100832500390E+001  0.382170461375519E+000 -0.291816844537476E+001 -0.343114445803011E+001  0.000000000000000E+000 -0.636764889024023E+003
  0.152373069461817E-270  0.127625947550561E+004  0.337848480659785E+000  0.814091276464926E+000  0.270684268156392E+001 -0.219158981902098E+000 -0.309637640182623E+001 -0.343114445803011E+001  0.000000000000000E+000 -0.636358871360269E+003
  0.162287836056987E-270  0.127607185297554E+004  0.233455927354445E+000  0.102931496183733E+001  0.339045104790699E+001 -0.111867076423099E+001  0.870256807396233E+000 -0.343114445803011E+001  0.000000000000000E+000 -0.636265060095237E+003
  0.187261316710773E-270  0.127572404259319E+004  0.153088404173257E+000  0.116060554345289E+001  0.372987684453680E+001 -0.193077421569204E+001  0.615134515507672E+000 -0.343114445803011E+001  0.000000000000000E+000 -0.636091154904061E+003
  0.662490940228128E-266  0.125471481488052E+004  0.318250016201904E+000  0.910492703200396E+000  0.315408227751750E+001 -0.535014801784876E+000  0.147750848813286E+000 -0.343114445803011E+001  0.000000000000000E+000 -0.625586541047723E+003
  0.219446839037212E-262  0.123844238456049E+004  0.161859285423060E+000  0.114658180612442E+001  0.366008904344662E+001 -0.179226886370787E+001  0.344401850034313E+000 -0.343114445803011E+001  0.000000000000000E+000 -0.617450325887711E+003
  0.558355795843782E-250  0.118125102626303E+004  0.434129788222377E+000  0.837679020321091E+000  0.240433420572707E+001  0.414283720837524E+000 -0.307226089762635E+001 -0.343114445803011E+001  0.000000000000000E+000 -0.588854646738980E+003
  0.994489423793397E-247  0.116621950623294E+004  0.251269321781692E+000  0.989906184909624E+000  0.331570165846969E+001 -0.115646157646118E+001  0.100679942317462E+001 -0.343114445803011E+001  0.000000000000000E+000 -0.581338886723935E+003
  0.309115128623561E-246  0.116388982407260E+004  0.190387749452739E+000  0.105769124916972E+001  0.360374132615297E+001 -0.141762626224279E+001  0.118896286519394E+001 -0.343114445803011E+001  0.000000000000000E+000 -0.580174045643767E+003
  0.275006493851911E-245  0.115945694873059E+004  0.419887138852630E+000  0.850355842136401E+000  0.246627222574001E+001  0.297306938821981E+000 -0.276024395430106E+001 -0.343114445803011E+001  0.000000000000000E+000 -0.577957607972759E+003
  0.130112697308016E-243  0.115168185250950E+004  0.177890644212610E+000  0.108006891627048E+001  0.365265598662635E+001 -0.148734298114663E+001  0.127276993660546E+001 -0.343114445803011E+001  0.000000000000000E+000 -0.574070059862216E+003
  0.118618217880586E-241  0.114259495060970E+004  0.426140859697691E+000  0.805420313972457E+000  0.259582764997375E+001  0.341793758670903E+000 -0.190410116832136E+001 -0.343114445803011E+001  0.000000000000000E+000 -0.569526608912314E+003
  0.206412782419011E-231  0.109537376967352E+004  0.311364711329573E+000  0.914583270483411E+000  0.317783223764611E+001 -0.600380993115159E+000  0.251068743973279E+000 -0.343114445803011E+001  0.000000000000000E+000 -0.545916018444222E+003
  0.410859728040059E-229  0.108472513818436E+004  0.426352692606268E+000  0.844288187532460E+000  0.244823370650222E+001  0.313868833606444E+000 -0.281428912306928E+001 -0.343114445803011E+001  0.000000000000000E+000 -0.540591702699646E+003
  0.230097888178612E-228  0.108121791876660E+004  0.232291744264491E+000  0.103156351376429E+001  0.342717631938546E+001 -0.107808234425987E+001  0.845617341127482E+000 -0.343114445803011E+001  0.000000000000000E+000 -0.538838092990763E+003
  0.216659845309027E-224  0.106285604716255E+004  0.436375985675523E+000  0.806909508543907E+000  0.244166970859393E+001  0.361898239846094E+000 -0.269529412416864E+001 -0.343114445803011E+001  0.000000000000000E+000 -0.529657157188741E+003
  0.358202998538302E-224  0.106178896130485E+004  0.243848745807528E+000  0.104571627994592E+001  0.301956009733722E+001 -0.788593490908864E+000 -0.282370344714838E+001 -0.343114445803011E+001  0.000000000000000E+000 -0.529123614259891E+003
  0.251173110945288E-222  0.105322699256409E+004  0.290572422409614E+000  0.867141204074676E+000  0.286231032678446E+001 -0.475807708151550E+000 -0.270547707358720E+001 -0.343114445803011E+001  0.000000000000000E+000 -0.524842629889507E+003
  0.625966953315239E-222  0.105133913886070E+004  0.228464617486189E+000  0.100983249385752E+001  0.314192198786431E+001 -0.767683759287917E+000 -0.184978350524137E+001 -0.343114445803011E+001  0.000000000000000E+000 -0.523898703037814E+003
  0.426841350799436E-220  0.104283302552955E+004  0.223610004255504E+000  0.103914983605079E+001  0.343818172509329E+001 -0.119013418256329E+001  0.101833823062665E+001 -0.343114445803011E+001  0.000000000000000E+000 -0.519645646372241E+003
  0.453491187278131E-218  0.103344001496766E+004  0.225112755466054E+000  0.105347098445461E+001  0.315809640796897E+001 -0.925838972548276E+000 -0.183970637257878E+001 -0.343114445803011E+001  0.000000000000000E+000 -0.514949141091297E+003
  0.494734163851489E-217  0.102886765551054E+004  0.219576383694798E+000  0.106826328057293E+001  0.315722116173875E+001 -0.968239453107086E+000 -0.231690183802192E+001 -0.343114445803011E+001  0.000000000000000E+000 -0.513627351889402E+003
  0.406913279200639E-215  0.102004815611069E+004  0.434477695788274E+000  0.836637509989058E+000  0.240708823164896E+001  0.396188318341097E+000 -0.320531026414947E+001 -0.343114445803011E+001  0.000000000000000E+000 -0.509217602189477E+003
  0.951142567415971E-214  0.101374485817480E+004  0.436001962017892E+000  0.816002903932663E+000  0.245470038592282E+001  0.339822274391489E+000 -0.248537799965613E+001 -0.343114445803011E+001  0.000000000000000E+000 -0.506065953221535E+003
  0.447112479142392E-212  0.100604422534347E+004  0.435784901895637E+000  0.806849247518071E+000  0.249954006070372E+001  0.305131789782036E+000 -0.214707043231395E+001 -0.343114445803011E+001  0.000000000000000E+000 -0.502215636805866E+003
  0.149642546194839E-208  0.989545603352957E+003  0.302263032423847E+000  0.954839425263197E+000  0.274743479755784E+001 -0.149868144356409E+000 -0.429764873259262E+001 -0.343114445803011E+001  0.000000000000000E+000 -0.493966325810612E+003
  0.122225336104691E-206  0.980472966328649E+003  0.233323057731611E+000  0.105751108554290E+001  0.308441182577039E+001 -0.868843778563117E+000 -0.256435498669903E+001 -0.343114445803011E+001  0.000000000000000E+000 -0.489430007298458E+003
  0.606146833324810E-193  0.916900613259063E+003  0.215294656327358E+000  0.106300367536993E+001  0.319450605984983E+001 -0.104277820544409E+001 -0.223166808817247E+001 -0.343114445803011E+001  0.000000000000000E+000 -0.457643830763665E+003
  0.400926950811860E-174  0.829993499679527E+003  0.203920148162985E+000  0.107010154185067E+001  0.327949082592450E+001 -0.110610553283775E+001 -0.135174803535725E+001 -0.343114445803011E+001  0.000000000000000E+000 -0.414190273973896E+003
  0.208984028921038E-167  0.799060351199133E+003  0.201330394227357E+000  0.106731269681284E+001  0.332934263675565E+001 -0.114368543828673E+001 -0.951713496913200E+000 -0.343114445803011E+001  0.000000000000000E+000 -0.398723699733699E+003
  0.426868757167517E-167  0.797364850867241E+003  0.205883046555922E+000  0.107669098934147E+001  0.327957456307898E+001 -0.110904180568331E+001 -0.102409630719912E+001 -0.343114445803011E+001  0.000000000000000E+000 -0.397875949567754E+003
  0.632893553037821E-165  0.787366859216014E+003  0.205434513683138E+000  0.107828573769004E+001  0.327781825937609E+001 -0.111605068731558E+001 -0.106256029754161E+001 -0.343114445803011E+001  0.000000000000000E+000 -0.392876953742140E+003
  0.513865484715856E-161  0.769362859906118E+003  0.206347979505033E+000  0.107786396270593E+001  0.327367304423734E+001 -0.111193664876997E+001 -0.106263641392214E+001 -0.343114445803011E+001  0.000000000000000E+000 -0.383874954087192E+003
  0.887348539751157E-152  0.726823775594160E+003  0.200207755897352E+000  0.106916712644615E+001  0.333137404627973E+001 -0.114351683220433E+001 -0.104969144952393E+001 -0.343114445803011E+001  0.000000000000000E+000 -0.362605411931213E+003
  0.997240541369170E-150  0.717379926904831E+003  0.436650765204885E+000  0.813284841353435E+000  0.246506249407236E+001  0.359598687713000E+000 -0.256508631923980E+001 -0.343114445803011E+001  0.000000000000000E+000 -0.357883487586549E+003
  0.749403009844125E-094  0.458367230975397E+003  0.211430995926141E+000  0.104958554927155E+001  0.330436934309890E+001 -0.118961025158384E+001  0.193379934771691E-001 -0.343114445803011E+001  0.000000000000000E+000 -0.228377139621831E+003
  0.372289150072218E-081  0.399590929328309E+003  0.203647126576522E+000  0.104816721843164E+001  0.336728530425133E+001 -0.124556919229260E+001  0.233236098983366E+000 -0.343114445803011E+001  0.000000000000000E+000 -0.198988988798288E+003
  0.334438939193128E-077  0.380363030373019E+003  0.206249670654636E+000  0.104872223660466E+001  0.332762096863583E+001 -0.122722397754091E+001  0.129816225299373E+000 -0.343114445803011E+001  0.000000000000000E+000 -0.189375039320643E+003
  0.231241005919745E-075  0.371890677675184E+003  0.207707707799253E+000  0.105867730252648E+001  0.332967171564416E+001 -0.122150960203379E+001  0.249963801876008E+000 -0.343114445803011E+001  0.000000000000000E+000 -0.185138862971725E+003
  0.946964058725422E-075  0.368835510289115E+003  0.203069208311887E+000  0.104871108899147E+001  0.336799163944283E+001 -0.124803177336873E+001  0.221736473574858E+000 -0.343114445803011E+001  0.000000000000000E+000 -0.183611279278691E+003
  0.197446099768827E-070  0.348945250369502E+003  0.204549364338910E+000  0.105210048119116E+001  0.334037510908221E+001 -0.122539066396339E+001  0.607227010911426E-002 -0.343114445803011E+001  0.000000000000000E+000 -0.173666149318884E+003
  0.123108300839106E-069  0.345284882527393E+003  0.213693459067278E+000  0.105285025301656E+001  0.328379142362975E+001 -0.117839086587133E+001  0.393325846636916E-001 -0.343114445803011E+001  0.000000000000000E+000 -0.171835965397829E+003
  0.903588233150367E-059  0.294224910820522E+003  0.226057589300524E+000  0.103895335089890E+001  0.319244910267673E+001 -0.107655856451110E+001 -0.355591213555639E+000 -0.343114445803011E+001  0.000000000000000E+000 -0.146305979544394E+003
  0.563273455690151E-058  0.290564957715324E+003  0.220067015741834E+000  0.103143325818499E+001  0.324104241645755E+001 -0.114793108606919E+001 -0.271074851975536E+000 -0.343114445803011E+001  0.000000000000000E+000 -0.144476002991795E+003
  0.223902446896614E-052  0.264142138676870E+003  0.210287736010755E+000  0.104538497633538E+001  0.330965387794287E+001 -0.119910552698141E+001  0.936170614655598E-001 -0.343114445803011E+001  0.000000000000000E+000 -0.131264593472568E+003
  0.213908593548387E-052  0.264042841639754E+003  0.225740930917292E+000  0.103587785191099E+001  0.317786772123823E+001 -0.112641613765773E+001 -0.454523667342323E+000 -0.343114445803011E+001  0.000000000000000E+000 -0.131214944954010E+003
  0.271294958095410E-051  0.258597712651322E+003  0.202547953024859E+000  0.104565234349258E+001  0.336913327092398E+001 -0.127623213892917E+001  0.305498679163560E+000 -0.343114445803011E+001  0.000000000000000E+000 -0.128492380459794E+003
  0.240071477223056E-050  0.254237082334307E+003  0.210405766144508E+000  0.104393685536315E+001  0.331131738853277E+001 -0.120471357493122E+001  0.886004939860783E-001 -0.343114445803011E+001  0.000000000000000E+000 -0.126312065301286E+003
  0.103880753105593E-049  0.251307298276781E+003  0.220577347960521E+000  0.103841144409326E+001  0.320738361092105E+001 -0.109666379311434E+001 -0.645908749623977E+000 -0.343114445803011E+001  0.000000000000000E+000 -0.124847173272524E+003
  0.171555553232082E-049  0.250303971270438E+003  0.208481971863410E+000  0.103830239735595E+001  0.330246829352431E+001 -0.119027704275900E+001 -0.246439744497751E+000 -0.343114445803011E+001  0.000000000000000E+000 -0.124345509769352E+003
  0.164638576134692E-046  0.236570769744499E+003  0.217964005557738E+000  0.104008509675843E+001  0.324524041034008E+001 -0.114142235202152E+001 -0.127426310399585E+000 -0.343114445803011E+001  0.000000000000000E+000 -0.117478909006382E+003
  0.627029138595791E-044  0.224183319738160E+003  0.238089251013639E+000  0.101259665661311E+001  0.312830255764783E+001 -0.109310854944858E+001 -0.339202283954957E+000 -0.343114445803011E+001  0.000000000000000E+000 -0.111285184003213E+003
  0.422101845423378E-043  0.220369642327789E+003  0.227733536680497E+000  0.103309701770485E+001  0.316700182905702E+001 -0.106957322720558E+001 -0.597637129395836E+000 -0.343114445803011E+001  0.000000000000000E+000 -0.109378345298028E+003
  0.404354016831199E-038  0.197162640315093E+003  0.206430045198623E+000  0.103502149633515E+001  0.334583051425386E+001 -0.124635055962272E+001  0.219762642210687E+000 -0.343114445803011E+001  0.000000000000000E+000 -0.977748442916794E+002
  0.217836581749855E-037  0.193794561362822E+003  0.227876155954154E+000  0.102045204462422E+001  0.320229046295927E+001 -0.118282918108019E+001  0.170472769102055E+000 -0.343114445803011E+001  0.000000000000000E+000 -0.960908048155439E+002
  0.352198918886401E-037  0.192525358063613E+003  0.225287813031619E+000  0.101010753093974E+001  0.322518215867899E+001 -0.116422712098704E+001  0.161924003953764E+000 -0.343114445803011E+001  0.000000000000000E+000 -0.954562031659398E+002
  0.421326021901328E-037  0.192166936450914E+003  0.230196940704485E+000  0.102706360763259E+001  0.315416420597321E+001 -0.105458046731245E+001 -0.648764116808843E+000 -0.343114445803011E+001  0.000000000000000E+000 -0.952769923595900E+002
  0.730924365528383E-037  0.191065130341991E+003  0.221813083600004E+000  0.103096697183898E+001  0.320998865725021E+001 -0.112070624688714E+001 -0.604010083729315E+000 -0.343114445803011E+001  0.000000000000000E+000 -0.947260893051285E+002
  0.580282372534178E-034  0.176591978514161E+003  0.211313017991277E+000  0.102234872347632E+001  0.329628486381214E+001 -0.117693963563024E+001 -0.254608723137464E+000 -0.343114445803011E+001  0.000000000000000E+000 -0.874895133912135E+002
  0.304670419349778E-033  0.173275376796601E+003  0.227024798971489E+000  0.102665572766926E+001  0.321627847051963E+001 -0.117392418343800E+001  0.112554143679991E+000 -0.343114445803011E+001  0.000000000000000E+000 -0.858312125324334E+002
  0.865129037447580E-027  0.142170765175561E+003  0.226013786866703E+000  0.991092237725895E+000  0.320640236447819E+001 -0.102582530727318E+001 -0.628862406160658E+000 -0.343114445803011E+001  0.000000000000000E+000 -0.702789067219138E+002
  0.832123600807778E-027  0.142037839511437E+003  0.250093269740839E+000  0.955948921392459E+000  0.306633521544892E+001 -0.783196511850401E+000 -0.117627462043703E+001 -0.343114445803011E+001  0.000000000000000E+000 -0.702124438898515E+002
  0.230109550559954E-025  0.135398350111747E+003  0.254445249701614E+000  0.966243128746505E+000  0.305448518075277E+001 -0.789904885500373E+000 -0.881160968667549E+000 -0.343114445803011E+001  0.000000000000000E+000 -0.668926991900065E+002
  0.153726088224567E-024  0.131599946188676E+003  0.242712164886005E+000  0.963396733351695E+000  0.309467312112436E+001 -0.822018011027993E+000 -0.148745168734602E+001 -0.343114445803011E+001  0.000000000000000E+000 -0.649934972284711E+002
  0.693519908969803E-024  0.128084102179208E+003  0.229709067114501E+000  0.984667484180483E+000  0.320028900337207E+001 -0.103805674575819E+001 -0.389486521739385E+000 -0.343114445803011E+001  0.000000000000000E+000 -0.632355752237369E+002
  0.306855717954992E-020  0.110657318541569E+003  0.214242758383337E+000  0.101942356168626E+001  0.329151456474355E+001 -0.120266790132847E+001  0.692812874007593E-001 -0.343114445803011E+001  0.000000000000000E+000 -0.545221834049176E+002
  0.140339015942249E-015  0.882964990181365E+002  0.224317550685597E+000  0.101947608272195E+001  0.323838026764847E+001 -0.117866284106083E+001  0.269109412475698E+000 -0.343114445803011E+001  0.000000000000000E+000 -0.441482495090682E+002
  0.459310042731301E-014  0.810116986354021E+002  0.223339059659127E+000  0.101858220364971E+001  0.325052070457156E+001 -0.113436615677600E+001  0.187418176988487E+000 -0.343114445803011E+001  0.000000000000000E+000 -0.405058493177010E+002
  0.995748908025700E-014  0.794641592973309E+002  0.243069097044965E+000  0.996458994088506E+000  0.315152443301888E+001 -0.100259108624189E+001  0.129167183867203E+000 -0.343114445803011E+001  0.000000000000000E+000 -0.397320796486654E+002
  0.167469400797922E-010  0.634332941688799E+002  0.220126976717298E+000  0.102057161751223E+001  0.327383776122597E+001 -0.119050829112748E+001  0.293733619341124E+000 -0.343114445803011E+001  0.000000000000000E+000 -0.317166470844400E+002
  0.687842110986118E-010  0.606077768309250E+002  0.229265082137730E+000  0.990968545048885E+000  0.322139090232169E+001 -0.109166195901321E+001  0.510646208497576E-001 -0.343114445803011E+001  0.000000000000000E+000 -0.303038884154625E+002
  0.309874441042227E-009  0.570947620588031E+002  0.231026376260850E+000  0.101326771873795E+001  0.320022297078126E+001 -0.113157839536208E+001  0.123496795386498E+000 -0.343114445803011E+001  0.000000000000000E+000 -0.285473810294015E+002
  0.143208139142321E-008  0.535870409622654E+002  0.236103047581858E+000  0.101307215848617E+001  0.316770081738158E+001 -0.109733462759177E+001  0.809853441540982E-001 -0.343114445803011E+001  0.000000000000000E+000 -0.267935204811327E+002
  0.409067011524512E-008  0.512771601419838E+002  0.235536762773505E+000  0.100209067217976E+001  0.316978557978979E+001 -0.108611374429995E+001  0.275176010155365E-001 -0.343114445803011E+001  0.000000000000000E+000 -0.256385800709919E+002
  0.109629775936319E-007  0.489041885032978E+002  0.232977435364286E+000  0.994116242873903E+000  0.319671644296231E+001 -0.110967735085644E+001  0.958680505288054E-001 -0.343114445803011E+001  0.000000000000000E+000 -0.244520942516489E+002
  0.438617855039521E-007  0.459405290867842E+002  0.234986757156128E+000  0.101134881219784E+001  0.318429448435871E+001 -0.110151866682579E+001  0.156698855162856E+000 -0.343114445803011E+001  0.000000000000000E+000 -0.229702645433921E+002
  0.585281200370033E-007  0.453636013431568E+002  0.229416221753500E+000  0.101616994401708E+001  0.322160590874048E+001 -0.113360446776054E+001  0.252338508859243E+000 -0.343114445803011E+001  0.000000000000000E+000 -0.226818006715784E+002
  0.130051228164648E-005  0.385862247872673E+002  0.234761989068552E+000  0.101582621714669E+001  0.319839624308037E+001 -0.109105500045957E+001  0.299877326935291E+000 -0.343114445803011E+001  0.000000000000000E+000 -0.192931123936336E+002
  0.181164425536531E-005  0.379232715639975E+002  0.238970883918322E+000  0.101082725979869E+001  0.316104834083445E+001 -0.107149466144031E+001  0.153760606253492E+000 -0.343114445803011E+001  0.000000000000000E+000 -0.189616357819987E+002
  0.187536439198609E-005  0.378541353207017E+002  0.226507521045900E+000  0.101406078687830E+001  0.322836667683918E+001 -0.114606796723937E+001  0.177076707916350E+000 -0.343114445803011E+001  0.000000000000000E+000 -0.189270676603508E+002
  0.425158820098618E-005  0.358158146806839E+002  0.236931108249710E+000  0.100071719720173E+001  0.316630788310623E+001 -0.106474171521468E+001  0.357330299841694E-001 -0.343114445803011E+001  0.000000000000000E+000 -0.179079073403419E+002
  0.620188723388442E-005  0.343877481458107E+002  0.235521667622736E+000  0.993025333207958E+000  0.317845934472403E+001 -0.103527738351084E+001 -0.462822827350928E-001 -0.343114445803011E+001  0.000000000000000E+000 -0.171938740729054E+002
  0.109291988106076E-004  0.331063634828213E+002  0.230629874559162E+000  0.100940205850783E+001  0.319951749535130E+001 -0.110280335914543E+001  0.451351165726397E-001 -0.343114445803011E+001  0.000000000000000E+000 -0.165531817414107E+002
  0.292244661974739E-004  0.311392269942514E+002  0.228567217696500E+000  0.101091459102064E+001  0.322266701273996E+001 -0.113655145615019E+001  0.227663829381184E+000 -0.343114445803011E+001  0.000000000000000E+000 -0.155696134971257E+002
  0.295125871995329E-004  0.308113044042955E+002  0.239037168929706E+000  0.988627902478918E+000  0.316869893906267E+001 -0.102839694527095E+001 -0.804772847440471E-002 -0.343114445803011E+001  0.000000000000000E+000 -0.154056522021478E+002
  0.434764817403266E-004  0.300364978339523E+002  0.244798283798455E+000  0.995986282563605E+000  0.313758709472319E+001 -0.979495098817142E+000  0.674985591465305E-002 -0.343114445803011E+001  0.000000000000000E+000 -0.150182489169762E+002
  0.427079989450876E-004  0.297638642955534E+002  0.244223646925197E+000  0.996039066479841E+000  0.316264673525081E+001 -0.997456726490167E+000  0.188067210098649E+000 -0.343114445803011E+001  0.000000000000000E+000 -0.148819321477767E+002
  0.629595345752518E-004  0.288394363910892E+002  0.233928616572522E+000  0.101395903658417E+001  0.319734172926729E+001 -0.110582876891457E+001  0.267200991498019E+000 -0.343114445803011E+001  0.000000000000000E+000 -0.144197181955446E+002
  0.655370977887167E-004  0.286109721486431E+002  0.228118669136788E+000  0.101331910482042E+001  0.324260956294204E+001 -0.115264254806906E+001  0.392376456583490E+000 -0.343114445803011E+001  0.000000000000000E+000 -0.143054860743216E+002
  0.168400591995498E-003  0.263082349061835E+002  0.238165886084655E+000  0.100896266668799E+001  0.318204071494111E+001 -0.106847819831766E+001  0.268798766795816E+000 -0.343114445803011E+001  0.000000000000000E+000 -0.131541174530917E+002
  0.163354071528067E-003  0.262400089725059E+002  0.232919545040623E+000  0.100867580951280E+001  0.319634455544802E+001 -0.110890131335647E+001  0.184547815995356E+000 -0.343114445803011E+001  0.000000000000000E+000 -0.131200044862530E+002
  0.246865924243115E-003  0.252850813112225E+002  0.235512062494345E+000  0.990948316351169E+000  0.318346629306466E+001 -0.106055465848940E+001  0.358617663207292E-001 -0.343114445803011E+001  0.000000000000000E+000 -0.126425406556112E+002
  0.405039850648533E-003  0.242948011382048E+002  0.233616797904801E+000  0.100672204774021E+001  0.319112088505458E+001 -0.108754403522667E+001  0.128238803154870E+000 -0.343114445803011E+001  0.000000000000000E+000 -0.121474005691024E+002
  0.419230436277198E-003  0.240879448411002E+002  0.240116668836229E+000  0.982941901644998E+000  0.317152729538002E+001 -0.102033177465160E+001  0.522788527022264E-001 -0.343114445803011E+001  0.000000000000000E+000 -0.120439724205501E+002
  0.541304532153381E-003  0.235768222601128E+002  0.240214183585932E+000  0.987593918770750E+000  0.315818113038703E+001 -0.100404270690058E+001 -0.424496137186310E-001 -0.343114445803011E+001  0.000000000000000E+000 -0.117884111300564E+002
  0.564122624152422E-003  0.234942430199367E+002  0.236255513381579E+000  0.997284355113437E+000  0.318466450458439E+001 -0.105076655037061E+001  0.110163251293113E+000 -0.343114445803011E+001  0.000000000000000E+000 -0.117471215099684E+002
  0.147757028464811E-002  0.215684776768275E+002  0.232251406775572E+000  0.100709284242629E+001  0.322294683218252E+001 -0.111944199700364E+001  0.359263987423363E+000 -0.343114445803011E+001  0.000000000000000E+000 -0.107842388384137E+002
  0.202550252466709E-002  0.209376400949220E+002  0.244547583386672E+000  0.986463220462918E+000  0.314095620753379E+001 -0.971133047472149E+000 -0.308122892290017E-001 -0.343114445803011E+001  0.000000000000000E+000 -0.104688200474610E+002
  0.240906873100951E-002  0.205907952468137E+002  0.239118492763005E+000  0.100185224075679E+001  0.316463038233162E+001 -0.106674183219094E+001  0.139515807923916E+000 -0.343114445803011E+001  0.000000000000000E+000 -0.102953976234069E+002
  0.415918155466624E-002  0.194986391286240E+002  0.237042160526346E+000  0.100571678789663E+001  0.319813456260502E+001 -0.107045017284828E+001  0.309788046655117E+000 -0.343114445803011E+001  0.000000000000000E+000 -0.974931956431202E+001
  0.356322052879377E-002  0.191710387352059E+002  0.237733990135312E+000  0.100401891459458E+001  0.318558037863609E+001 -0.105976377019034E+001  0.234854960357574E+000 -0.343114445803011E+001  0.000000000000000E+000 -0.958551936760296E+001
  0.356039189339621E-002  0.189820066908388E+002  0.235069127633922E+000  0.997169752226914E+000  0.319122069655716E+001 -0.108408437198537E+001  0.153282162826745E+000 -0.343114445803011E+001  0.000000000000000E+000 -0.949100334541940E+001
  0.954764373325312E-002  0.161982289279672E+002  0.244156610509995E+000  0.991036810370236E+000  0.315709023929878E+001 -0.101891738325368E+001  0.197169676931415E+000 -0.343114445803011E+001  0.000000000000000E+000 -0.809911446398360E+001
  0.104321695149599E-001  0.160210292079242E+002  0.242192019763458E+000  0.984878974911638E+000  0.314386212285455E+001 -0.986644170571331E+000 -0.123463972444868E+000 -0.343114445803011E+001  0.000000000000000E+000 -0.801051460396208E+001
  0.113120912498609E-001  0.158590733655339E+002  0.236080227853487E+000  0.998670261225842E+000  0.320059729839262E+001 -0.108680970537710E+001  0.287691660821707E+000 -0.343114445803011E+001  0.000000000000000E+000 -0.792953668276695E+001
  0.128246880037664E-001  0.156080735899240E+002  0.236978689883063E+000  0.992833388421491E+000  0.317919665827856E+001 -0.105203306143818E+001  0.651064936176429E-001 -0.343114445803011E+001  0.000000000000000E+000 -0.780403679496200E+001
  0.175413954416496E-001  0.148076678801708E+002  0.239603167359679E+000  0.992222941053144E+000  0.317947135893147E+001 -0.105595639969149E+001  0.203131004062975E+000 -0.343114445803011E+001  0.000000000000000E+000 -0.740383394008538E+001
  0.186049393548619E-001  0.146899407587267E+002  0.247723324805565E+000  0.981460084334624E+000  0.313215663561498E+001 -0.955061826485615E+000  0.308998979828878E-002 -0.343114445803011E+001  0.000000000000000E+000 -0.734497037936337E+001
  0.211076832295256E-001  0.144375207464791E+002  0.239260760678570E+000  0.993746637804213E+000  0.315733617383090E+001 -0.102651406833227E+001 -0.565519050930501E-001 -0.343114445803011E+001  0.000000000000000E+000 -0.721876037323956E+001
  0.211131426444111E-001  0.144370035216449E+002  0.236361744487515E+000  0.100157548204081E+001  0.318338885959412E+001 -0.107000026604383E+001  0.146111263246739E+000 -0.343114445803011E+001  0.000000000000000E+000 -0.721850176082245E+001
  0.197287223392210E-001  0.143370777704190E+002  0.240442729652909E+000  0.990169330848341E+000  0.318401985042665E+001 -0.103943285016378E+001  0.243498684640105E+000 -0.343114445803011E+001  0.000000000000000E+000 -0.716853888520951E+001
  0.209237271894660E-001  0.142194613172508E+002  0.242475129688314E+000  0.990027054891541E+000  0.314100118457366E+001 -0.993085725107798E+000 -0.909102926792578E-001 -0.343114445803011E+001  0.000000000000000E+000 -0.710973065862539E+001
  0.350842781737076E-001  0.131857226620728E+002  0.243339649747660E+000  0.980366947030524E+000  0.315115006795777E+001 -0.100579271869700E+001  0.147462680477650E-001 -0.343114445803011E+001  0.000000000000000E+000 -0.659286133103639E+001
  0.416512135077171E-001  0.125342665240600E+002  0.238854555896507E+000  0.995027001857387E+000  0.318385848447815E+001 -0.104642798528655E+001  0.204367608342438E+000 -0.343114445803011E+001  0.000000000000000E+000 -0.626713326203000E+001
  0.402147279674700E-001  0.122961595807037E+002  0.244244401353972E+000  0.985987027243411E+000  0.313658307251949E+001 -0.978408571401177E+000 -0.770162918760864E-001 -0.343114445803011E+001  0.000000000000000E+000 -0.614807979035185E+001
  0.417364738066843E-001  0.122218753362103E+002  0.247601576436853E+000  0.975984490789784E+000  0.313448516770596E+001 -0.956180225170866E+000 -0.177651966370656E-001 -0.343114445803011E+001  0.000000000000000E+000 -0.611093766810513E+001
  0.592762991195104E-001  0.115202070753986E+002  0.247673636113329E+000  0.975398910809810E+000  0.313463293455467E+001 -0.958487009856991E+000 -0.100162089926057E-001 -0.343114445803011E+001  0.000000000000000E+000 -0.576010353769931E+001
  0.627259020518974E-001  0.105961470098298E+002  0.247299152972609E+000  0.981504173098354E+000  0.312869320801847E+001 -0.957538767534720E+000 -0.435143672919143E-001 -0.343114445803011E+001  0.000000000000000E+000 -0.529807350491490E+001
  0.679271028714298E-001  0.104368257291277E+002  0.246275518242596E+000  0.985721756249389E+000  0.313107662470413E+001 -0.970380225363435E+000 -0.286858335129505E-001 -0.343114445803011E+001  0.000000000000000E+000 -0.521841286456383E+001
  0.208394887469827E+000  0.680853204055758E+001  0.243861186492206E+000  0.989690514065545E+000  0.315832120826184E+001 -0.101434265118810E+001  0.157903569743324E+000 -0.343114445803011E+001  0.000000000000000E+000 -0.340426602027879E+001
  0.178684586252703E+000  0.661352841143562E+001  0.249875487881069E+000  0.976294254010598E+000  0.312512157315999E+001 -0.956120779840159E+000  0.250267792163745E-001 -0.343114445803011E+001  0.000000000000000E+000 -0.330676420571781E+001
  0.202358488827241E+000  0.636469109526047E+001  0.250939355014692E+000  0.981679757890035E+000  0.312239984316302E+001 -0.962734457155308E+000  0.871742568297904E-001 -0.343114445803011E+001  0.000000000000000E+000 -0.318234554763024E+001
  0.181230374607015E+000  0.631817193363024E+001  0.250909489062073E+000  0.983365793449894E+000  0.312161335077624E+001 -0.952871164533180E+000  0.576070030397879E-001 -0.343114445803011E+001  0.000000000000000E+000 -0.315908596681512E+001
  0.122596481483563E+000  0.602192030397892E+001  0.248892284202668E+000  0.984668651003663E+000  0.312694227588726E+001 -0.977878187575226E+000  0.549545108687308E-001 -0.343114445803011E+001  0.000000000000000E+000 -0.301096015198946E+001
  0.129082166592498E+000  0.591881864800023E+001  0.249615650671737E+000  0.976512559433384E+000  0.312687337368459E+001 -0.959630822899515E+000  0.315679261591537E-001 -0.343114445803011E+001  0.000000000000000E+000 -0.295940932400012E+001
  0.123047525108244E+000  0.582395526476112E+001  0.251091854157658E+000  0.978333107233846E+000  0.309923322720883E+001 -0.927686603290407E+000 -0.180117188063985E+000 -0.343114445803011E+001  0.000000000000000E+000 -0.291197763238056E+001
  0.130608965545843E+000  0.570468086547570E+001  0.249588900994889E+000  0.980906853272688E+000  0.312107733929136E+001 -0.975946644652055E+000  0.270821985148517E-001 -0.343114445803011E+001  0.000000000000000E+000 -0.285234043273785E+001
  0.120487992081993E+000  0.565527536653785E+001  0.253395911469774E+000  0.980141849516899E+000  0.309856037771533E+001 -0.945466017905256E+000 -0.281431543633843E-001 -0.343114445803011E+001  0.000000000000000E+000 -0.282763768326892E+001
  0.130813018856191E+000  0.549083762770514E+001  0.247975299136305E+000  0.976988431931086E+000  0.312456923257574E+001 -0.959239014953497E+000 -0.667393210921485E-001 -0.343114445803011E+001  0.000000000000000E+000 -0.274541881385257E+001
  0.140468068032693E+000  0.534841518261557E+001  0.244904171562988E+000  0.988111191291860E+000  0.314179309677424E+001 -0.100630823642165E+001  0.558963111774391E-001 -0.343114445803011E+001  0.000000000000000E+000 -0.267420759130778E+001
  0.128416030684054E+000  0.526076230962141E+001  0.249899432602135E+000  0.977863249425096E+000  0.312159182717166E+001 -0.969049769792437E+000  0.220862340022974E-001 -0.343114445803011E+001  0.000000000000000E+000 -0.263038115481071E+001
  0.116815371379695E+000  0.518306065840005E+001  0.252275270669126E+000  0.973900076527243E+000  0.311470533679810E+001 -0.937890797489794E+000 -0.622036319210828E-002 -0.343114445803011E+001  0.000000000000000E+000 -0.259153032920002E+001
  0.141544196496891E+000  0.479902596832921E+001  0.254564262742361E+000  0.975512925399228E+000  0.309301625548066E+001 -0.931773153134369E+000 -0.616299281380988E-001 -0.343114445803011E+001  0.000000000000000E+000 -0.239951298416461E+001
  0.150868014811676E+000  0.436313786978292E+001  0.248331464253739E+000  0.977812864130547E+000  0.311518842130856E+001 -0.959526007103430E+000 -0.128053491700383E+000 -0.343114445803011E+001  0.000000000000000E+000 -0.218156893489146E+001
  0.142575633152974E+000  0.416790203536907E+001  0.252969756638802E+000  0.976397416243964E+000  0.310877079620383E+001 -0.929845976016518E+000 -0.131486289817762E-001 -0.343114445803011E+001  0.000000000000000E+000 -0.208395101768454E+001
  0.157831147704765E+000  0.365629435913769E+001  0.254552917691569E+000  0.975630297873083E+000  0.309513655745131E+001 -0.932634259691745E+000 -0.547618374442855E-001 -0.343114445803011E+001  0.000000000000000E+000 -0.182814717956884E+001
  0.158526440735559E+000  0.364750311561190E+001  0.245603968959411E+000  0.985028595223373E+000  0.313593781381120E+001 -0.988455441705995E+000 -0.339783132248250E-002 -0.343114445803011E+001  0.000000000000000E+000 -0.182375155780595E+001
  0.232049396754972E+000  0.288544537936303E+001  0.249896557677630E+000  0.982658293628922E+000  0.311388510862656E+001 -0.964403707671142E+000 -0.303373439422971E-001 -0.343114445803011E+001  0.000000000000000E+000 -0.144272268968152E+001
  0.179835383056733E+000  0.227603054785024E+001  0.250557611074863E+000  0.980447377350221E+000  0.310708474332371E+001 -0.955321536997454E+000 -0.812895057896288E-001 -0.343114445803011E+001  0.000000000000000E+000 -0.113801527392512E+001
  0.162776124044627E+000  0.216706140671657E+001  0.250915186600357E+000  0.978294546397861E+000  0.311569525142639E+001 -0.954738271111159E+000  0.116050640082577E-003 -0.343114445803011E+001  0.000000000000000E+000 -0.108353070335829E+001
  0.153162569579629E+000  0.198051180915957E+001  0.249734953271391E+000  0.978697298397133E+000  0.311631747733343E+001 -0.952508044978388E+000 -0.533073528444863E-001 -0.343114445803011E+001  0.000000000000000E+000 -0.990255904579785E+000
  0.112435514000853E+000  0.178782170323450E+001  0.250986692860685E+000  0.978639044967368E+000  0.310788402681068E+001 -0.949788720506879E+000 -0.661452049578282E-001 -0.343114445803011E+001  0.000000000000000E+000 -0.893910851617251E+000
  0.100028831819175E+000  0.178609840350577E+001  0.250611188827280E+000  0.978749171056162E+000  0.310881964710476E+001 -0.954271387675801E+000 -0.757789181785995E-001 -0.343114445803011E+001  0.000000000000000E+000 -0.893049201752885E+000
  0.906955864705123E-001  0.174643186705519E+001  0.250021228761409E+000  0.979510570995952E+000  0.310954124777209E+001 -0.954710046886732E+000 -0.909915099417899E-001 -0.343114445803011E+001  0.000000000000000E+000 -0.873215933527594E+000
  0.931811184893460E-001  0.169235903773902E+001  0.249644997604963E+000  0.980037518313491E+000  0.311884358028713E+001 -0.962137573017133E+000 -0.159659272365706E-001 -0.343114445803011E+001  0.000000000000000E+000 -0.846179518869513E+000
  0.936519851619989E-001  0.168227800476607E+001  0.252176741852990E+000  0.977025335865644E+000  0.310842741926647E+001 -0.936375610444927E+000 -0.413384777975949E-001 -0.343114445803011E+001  0.000000000000000E+000 -0.841139002383034E+000
  0.996864264638922E-001  0.155739020962741E+001  0.251597513631422E+000  0.976131980067502E+000  0.311014574892938E+001 -0.945753875287386E+000 -0.410854172085129E-001 -0.343114445803011E+001  0.000000000000000E+000 -0.778695104813706E+000
  0.113586316604227E+000  0.129632316423227E+001  0.253346354598179E+000  0.974854138065357E+000  0.310299753879021E+001 -0.931815348196841E+000 -0.501973319675244E-001 -0.343114445803011E+001  0.000000000000000E+000 -0.648161582116136E+000
  0.117120911734626E+000  0.123503558783704E+001  0.251912655010553E+000  0.976775492625753E+000  0.310479735223826E+001 -0.941204138702401E+000 -0.723333256973060E-001 -0.343114445803011E+001  0.000000000000000E+000 -0.617517793918522E+000
  0.126991432488954E+000  0.107321001050903E+001  0.253970943979859E+000  0.975215927245721E+000  0.309720257740497E+001 -0.923265399663507E+000 -0.790962013474221E-001 -0.343114445803011E+001  0.000000000000000E+000 -0.536605005254515E+000
  0.161433274279228E+000  0.593265467581458E+000  0.252775968746715E+000  0.975319525804752E+000  0.310058121221483E+001 -0.929142532738494E+000 -0.992639260332755E-001 -0.343114445803011E+001  0.000000000000000E+000 -0.296632733790729E+000
