  0.157710694808984E-318  0.149207147966898E+004  0.233932340099356E+000  0.961659998868863E+000  0.340406789731609E+001 -0.134559410488142E+001  0.123322348437147E+001 -0.343114445803011E+001  0.000000000000000E+000 -0.744730422720853E+003
  0.203335691809284E-314  0.147308108836539E+004  0.273315712217610E+000  0.984524688075108E+000  0.323557182617014E+001 -0.908714500650709E+000  0.680910845113482E+000 -0.343114445803011E+001  0.000000000000000E+000 -0.735235227069057E+003
  0.157214238200557E-291  0.136761512840542E+004  0.263068729601732E+000  0.100450761693925E+001  0.290346382889993E+001 -0.490447979562695E+000 -0.333956293692376E+001 -0.343114445803011E+001  0.000000000000000E+000 -0.682502247089069E+003
  0.115645091306993E-288  0.135435224154271E+004  0.418614377475955E+000  0.838099754076196E+000  0.253852634732108E+001  0.162618408207332E+000 -0.200404091161987E+001 -0.343114445803011E+001  0.000000000000000E+000 -0.675870803657716E+003
  0.371619774395359E-287  0.134735083748673E+004  0.404948337994656E+000  0.846565053011961E+000  0.249420657160905E+001  0.164386572503027E+000 -0.236597457112324E+001 -0.343114445803011E+001  0.000000000000000E+000 -0.672370101629727E+003
  0.110094451806330E-276  0.129906548726268E+004  0.156602952044073E+000  0.115715587599303E+001  0.370566594957102E+001 -0.189415281886230E+001  0.528492784610454E+000 -0.343114445803011E+001  0.000000000000000E+000 -0.648227426517700E+003
  0.174157125823999E-274  0.128887636504624E+004  0.186435082207333E+000  0.102269711889260E+001  0.342616330465086E+001 -0.115600139843166E+001 -0.154244080335166E+001 -0.343114445803011E+001  0.000000000000000E+000 -0.643132865409479E+003
  0.610014307572175E-274  0.128630777273247E+004  0.170930038661634E+000  0.109640869437297E+001  0.367750558324468E+001 -0.152146558713714E+001  0.123758702732613E+001 -0.343114445803011E+001  0.000000000000000E+000 -0.641848569252596E+003
  0.812408451982741E-272  0.127646284740027E+004  0.154655907701487E+000  0.115788613096094E+001  0.372517285940165E+001 -0.192326610330866E+001  0.635532012406055E+000 -0.343114445803011E+001  0.000000000000000E+000 -0.636926106586497E+003
  0.925606443402459E-272  0.127614041227532E+004  0.433950589044550E+000  0.842276328204733E+000  0.243100832500390E+001  0.382170461375519E+000 -0.291816844537476E+001 -0.343114445803011E+001  0.000000000000000E+000 -0.636764889024023E+003
  0.134708077643082E-271  0.127532837694782E+004  0.337848480659785E+000  0.814091276464926E+000  0.270684268156392E+001 -0.219158981902098E+000 -0.309637640182623E+001 -0.343114445803011E+001  0.000000000000000E+000 -0.636358871360269E+003
  0.143473400498575E-271  0.127514075441775E+004  0.233455927354445E+000  0.102931496183733E+001  0.339045104790699E+001 -0.111867076423099E+001  0.870256807396233E+000 -0.343114445803011E+001  0.000000000000000E+000 -0.636265060095237E+003
  0.165551642951853E-271  0.127479294403540E+004  0.153088404173257E+000  0.116060554345289E+001  0.372987684453680E+001 -0.193077421569204E+001  0.615134515507672E+000 -0.343114445803011E+001  0.000000000000000E+000 -0.636091154904061E+003
  0.585686705198601E-267  0.125378371632272E+004  0.318250016201904E+000  0.910492703200396E+000  0.315408227751750E+001 -0.535014801784876E+000  0.147750848813286E+000 -0.343114445803011E+001  0.000000000000000E+000 -0.625586541047723E+003
  0.194005817011919E-263  0.123751128600270E+004  0.161859285423060E+000  0.114658180612442E+001  0.366008904344662E+001 -0.179226886370787E+001  0.344401850034313E+000 -0.343114445803011E+001  0.000000000000000E+000 -0.617450325887711E+003
  0.493624209085302E-251  0.118031992770524E+004  0.434129788222377E+000  0.837679020321091E+000  0.240433420572707E+001  0.414283720837524E+000 -0.307226089762635E+001 -0.343114445803011E+001  0.000000000000000E+000 -0.588854646738980E+003
  0.879195772512513E-248  0.116528840767515E+004  0.251269321781692E+000  0.989906184909624E+000  0.331570165846969E+001 -0.115646157646118E+001  0.100679942317462E+001 -0.343114445803011E+001  0.000000000000000E+000 -0.581338886723935E+003
  0.273278637060656E-247  0.116295872551481E+004  0.190387749452739E+000  0.105769124916972E+001  0.360374132615297E+001 -0.141762626224279E+001  0.118896286519394E+001 -0.343114445803011E+001  0.000000000000000E+000 -0.580174045643767E+003
  0.243124301800839E-246  0.115852585017280E+004  0.419887138852630E+000  0.850355842136401E+000  0.246627222574001E+001  0.297306938821981E+000 -0.276024395430106E+001 -0.343114445803011E+001  0.000000000000000E+000 -0.577957607972759E+003
  0.115028406221830E-244  0.115075075395171E+004  0.177890644212610E+000  0.108006891627048E+001  0.365265598662635E+001 -0.148734298114663E+001  0.127276993660546E+001 -0.343114445803011E+001  0.000000000000000E+000 -0.574070059862216E+003
  0.104866510601771E-242  0.114166385205191E+004  0.426140859697691E+000  0.805420313972457E+000  0.259582764997375E+001  0.341793758670903E+000 -0.190410116832136E+001 -0.343114445803011E+001  0.000000000000000E+000 -0.569526608912314E+003
  0.182482831243302E-232  0.109444267111572E+004  0.311364711329573E+000  0.914583270483411E+000  0.317783223764611E+001 -0.600380993115159E+000  0.251068743973279E+000 -0.343114445803011E+001  0.000000000000000E+000 -0.545916018444222E+003
  0.363227730075393E-230  0.108379403962657E+004  0.426352692606268E+000  0.844288187532460E+000  0.244823370650222E+001  0.313868833606444E+000 -0.281428912306928E+001 -0.343114445803011E+001  0.000000000000000E+000 -0.540591702699646E+003
  0.203422063332793E-229  0.108028682020881E+004  0.232291744264491E+000  0.103156351376429E+001  0.342717631938546E+001 -0.107808234425987E+001  0.845617341127482E+000 -0.343114445803011E+001  0.000000000000000E+000 -0.538838092990763E+003
  0.191541926451403E-225  0.106192494860476E+004  0.436375985675523E+000  0.806909508543907E+000  0.244166970859393E+001  0.361898239846094E+000 -0.269529412416864E+001 -0.343114445803011E+001  0.000000000000000E+000 -0.529657157188741E+003
  0.316675627192599E-225  0.106085786274706E+004  0.243848745807528E+000  0.104571627994592E+001  0.301956009733722E+001 -0.788593490908864E+000 -0.282370344714838E+001 -0.343114445803011E+001  0.000000000000000E+000 -0.529123614259891E+003
  0.222053982705592E-223  0.105229589400629E+004  0.290572422409614E+000  0.867141204074676E+000  0.286231032678446E+001 -0.475807708151550E+000 -0.270547707358720E+001 -0.343114445803011E+001  0.000000000000000E+000 -0.524842629889507E+003
  0.553397035624582E-223  0.105040804030291E+004  0.228464617486189E+000  0.100983249385752E+001  0.314192198786431E+001 -0.767683759287917E+000 -0.184978350524137E+001 -0.343114445803011E+001  0.000000000000000E+000 -0.523898703037814E+003
  0.377356563255274E-221  0.104190192697176E+004  0.223610004255504E+000  0.103914983605079E+001  0.343818172509329E+001 -0.119013418256329E+001  0.101833823062665E+001 -0.343114445803011E+001  0.000000000000000E+000 -0.519645646372241E+003
  0.400916817401412E-219  0.103250891640987E+004  0.225112755466054E+000  0.105347098445461E+001  0.315809640796897E+001 -0.925838972548276E+000 -0.183970637257878E+001 -0.343114445803011E+001  0.000000000000000E+000 -0.514949141091297E+003
  0.627365485330418E-211  0.993981490430671E+003  0.228783106308441E+000  0.101386694532812E+001  0.340301389362183E+001 -0.133477033025670E+001  0.118545590401089E+001 -0.343114445803011E+001  0.000000000000000E+000 -0.496501898498288E+003
  0.101747141817967E-203  0.960587585679822E+003  0.225388462287198E+000  0.103766194438439E+001  0.345613170889810E+001 -0.114833229221835E+001  0.979259519410592E+000 -0.343114445803011E+001  0.000000000000000E+000 -0.479804946122864E+003
  0.201316472099288E-200  0.945225356717003E+003  0.245387308869231E+000  0.989551764453482E+000  0.333167251957253E+001 -0.120779857579643E+001  0.105881420771090E+001 -0.343114445803011E+001  0.000000000000000E+000 -0.472123831641454E+003
  0.440789028758687E-197  0.929753566213428E+003  0.219699024764637E+000  0.104363288557464E+001  0.345545075847355E+001 -0.124722799320228E+001  0.109476414069991E+001 -0.343114445803011E+001  0.000000000000000E+000 -0.464387936389667E+003
  0.712295591381204E-194  0.914978202428364E+003  0.196086813213457E+000  0.105417120666008E+001  0.359583162619588E+001 -0.136573870515688E+001  0.122221279980648E+001 -0.343114445803011E+001  0.000000000000000E+000 -0.457000254497135E+003
  0.381786861369269E-193  0.911620293209039E+003  0.176837279647546E+000  0.109624723021847E+001  0.363495574415144E+001 -0.154465694558469E+001  0.131826437055456E+001 -0.343114445803011E+001  0.000000000000000E+000 -0.455321299887472E+003
  0.350115991800069E-178  0.842618356078154E+003  0.202410021678535E+000  0.106280434492089E+001  0.350612819898614E+001 -0.152754702177976E+001  0.137791737767814E+001 -0.343114445803011E+001  0.000000000000000E+000 -0.420820331322030E+003
  0.201369365366939E-173  0.820508132077436E+003  0.170946974808223E+000  0.109526672155218E+001  0.364750960921835E+001 -0.153945043111558E+001  0.108356040657285E+001 -0.343114445803011E+001  0.000000000000000E+000 -0.409765219321671E+003
  0.413183606214195E-172  0.814372419458245E+003  0.172187955968125E+000  0.109770267523824E+001  0.365484143738037E+001 -0.154128277683716E+001  0.115770399454333E+001 -0.343114445803011E+001  0.000000000000000E+000 -0.406697363012075E+003
  0.340518532267562E-167  0.791640373518107E+003  0.225317776522126E+000  0.101632259728916E+001  0.341528587085028E+001 -0.136129784906525E+001  0.121703775423160E+001 -0.343114445803011E+001  0.000000000000000E+000 -0.395331340042006E+003
  0.857049623901095E-166  0.785096110760080E+003  0.174533991564803E+000  0.108257655912125E+001  0.365806115828469E+001 -0.151235396783307E+001  0.120033794723922E+001 -0.343114445803011E+001  0.000000000000000E+000 -0.392059208662993E+003
  0.389880903377062E-157  0.745042944538961E+003  0.199831801477008E+000  0.103139844009219E+001  0.348698907666656E+001 -0.126874212498445E+001  0.818034217628662E+000 -0.343114445803011E+001  0.000000000000000E+000 -0.372032625552433E+003
  0.613838981695050E-156  0.739529991688117E+003  0.234292954568021E+000  0.101301271400540E+001  0.341422062459735E+001 -0.129303336580031E+001  0.117661397782982E+001 -0.343114445803011E+001  0.000000000000000E+000 -0.369276149127011E+003
  0.635098053833580E-155  0.734763687963860E+003  0.170971880352892E+000  0.109602449904105E+001  0.365358471500906E+001 -0.156060844956619E+001  0.116560495829358E+001 -0.343114445803011E+001  0.000000000000000E+000 -0.366892997264883E+003
  0.107797870088323E-154  0.733612520750945E+003  0.196456189461110E+000  0.106193798516180E+001  0.359740879995807E+001 -0.140225163317282E+001  0.124733087033172E+001 -0.343114445803011E+001  0.000000000000000E+000 -0.366317413658425E+003
  0.130292092256693E-152  0.723841195036040E+003  0.223724436018369E+000  0.104390488765073E+001  0.347678776375683E+001 -0.123116134286821E+001  0.111034641323024E+001 -0.343114445803011E+001  0.000000000000000E+000 -0.361431750800973E+003
  0.531768358766518E-149  0.706957159364810E+003  0.198114247687939E+000  0.108826989256824E+001  0.358378006854340E+001 -0.135305055466584E+001  0.121889692466028E+001 -0.343114445803011E+001  0.000000000000000E+000 -0.352989732965358E+003
  0.122844232736980E-145  0.691467060273599E+003  0.188992269481797E+000  0.106088023793785E+001  0.360442228445006E+001 -0.149262671572469E+001  0.130049123980280E+001 -0.343114445803011E+001  0.000000000000000E+000 -0.345244683419753E+003
  0.873210180186861E-143  0.678249082411200E+003  0.210740859390641E+000  0.105306381777372E+001  0.349425966494317E+001 -0.130471500943859E+001  0.115117709259224E+001 -0.343114445803011E+001  0.000000000000000E+000 -0.338635694488553E+003
  0.188606370762743E-141  0.672018651078849E+003  0.232801383156098E+000  0.103481335924074E+001  0.346433734276594E+001 -0.103694063443831E+001  0.849703096433176E+000 -0.343114445803011E+001  0.000000000000000E+000 -0.335520478822377E+003
  0.104821113615004E-135  0.645395680607985E+003  0.242514147891664E+000  0.993917049223960E+000  0.334292788880893E+001 -0.123246505376642E+001  0.108090798618228E+001 -0.343114445803011E+001  0.000000000000000E+000 -0.322208993586945E+003
  0.100418040342479E-132  0.631584352744150E+003  0.236459070419451E+000  0.102834544036769E+001  0.343089896883676E+001 -0.105371449581109E+001  0.846323183458180E+000 -0.343114445803011E+001  0.000000000000000E+000 -0.315303329655028E+003
  0.480783208724250E-124  0.591529198100824E+003  0.195379745753536E+000  0.108318961414144E+001  0.354831223288526E+001 -0.134785823954535E+001  0.111489001187937E+001 -0.343114445803011E+001  0.000000000000000E+000 -0.295275752333365E+003
  0.143023165095593E-119  0.570846522878197E+003  0.209781282143702E+000  0.101050016626415E+001  0.340951715383325E+001 -0.142644593488157E+001  0.111392632243130E+001 -0.343114445803011E+001  0.000000000000000E+000 -0.284934414722051E+003
  0.151848682859333E-116  0.556829612517834E+003  0.174623384968140E+000  0.109285539909550E+001  0.365838764714185E+001 -0.168270274050580E+001  0.146622238023240E+001 -0.343114445803011E+001  0.000000000000000E+000 -0.277925959541870E+003
  0.203922883769355E-114  0.546947913388532E+003  0.225384443025237E+000  0.978063176385282E+000  0.337863243287854E+001 -0.127097189528484E+001  0.100518165294235E+001 -0.343114445803011E+001  0.000000000000000E+000 -0.272985109977219E+003
  0.348934133575679E-109  0.522766135922064E+003  0.209608854549036E+000  0.101559943326582E+001  0.343189645266881E+001 -0.131570495620457E+001  0.101600534031991E+001 -0.343114445803011E+001  0.000000000000000E+000 -0.260894221243985E+003
  0.313900876749255E-106  0.509080593211964E+003  0.195442265332368E+000  0.104494505195350E+001  0.359360017744756E+001 -0.138903359802897E+001  0.123422392002743E+001 -0.343114445803011E+001  0.000000000000000E+000 -0.254051449888935E+003
  0.393544745094045E-101  0.485442421836686E+003  0.206877595734544E+000  0.107228486240788E+001  0.349155073338790E+001 -0.140613731871533E+001  0.123716744904999E+001 -0.343114445803011E+001  0.000000000000000E+000 -0.242232364201296E+003
  0.356076360684686E-097  0.467143398801963E+003  0.199247351293878E+000  0.104798591204686E+001  0.352969224214885E+001 -0.131527586980543E+001  0.106461809448907E+001 -0.343114445803011E+001  0.000000000000000E+000 -0.233082852683934E+003
  0.101921731657130E-095  0.460356497047921E+003  0.194301125426192E+000  0.105591370044442E+001  0.352375811353569E+001 -0.151869917541672E+001  0.125968286563276E+001 -0.343114445803011E+001  0.000000000000000E+000 -0.229689401806913E+003
  0.152651290378809E-095  0.459548595067331E+003  0.220876366925592E+000  0.105847439593877E+001  0.358108245182652E+001 -0.121921529089322E+001  0.112735448370793E+001 -0.343114445803011E+001  0.000000000000000E+000 -0.229285450816618E+003
  0.215275569473777E-091  0.440358744827179E+003  0.223665527238344E+000  0.990485975591518E+000  0.340845884496976E+001 -0.125382712538979E+001  0.100744741024185E+001 -0.343114445803011E+001  0.000000000000000E+000 -0.219690525696542E+003
  0.492284664707018E-091  0.438622824418002E+003  0.202677752557579E+000  0.108694562567317E+001  0.347375748393377E+001 -0.141694371283319E+001  0.122880530970798E+001 -0.343114445803011E+001  0.000000000000000E+000 -0.218822565491954E+003
  0.516538778502266E-087  0.420024313226714E+003  0.244114070269628E+000  0.101921075199961E+001  0.339990507168127E+001 -0.104027531710869E+001  0.863459179844908E+000 -0.343114445803011E+001  0.000000000000000E+000 -0.209523309896310E+003
  0.116427904677956E-084  0.409106914935008E+003  0.221477735687585E+000  0.108816502256924E+001  0.346810080129901E+001 -0.126701329801077E+001  0.114932077322549E+001 -0.343114445803011E+001  0.000000000000000E+000 -0.204064610750457E+003
  0.314273351855127E-084  0.407039289111899E+003  0.220559320516243E+000  0.104814789212981E+001  0.344748336077010E+001 -0.121620895697029E+001  0.103801517005000E+001 -0.343114445803011E+001  0.000000000000000E+000 -0.203030797838902E+003
  0.399045751402683E-084  0.406480019280908E+003  0.194155001889619E+000  0.105763860790004E+001  0.355274835320641E+001 -0.145359657389193E+001  0.127184488431293E+001 -0.343114445803011E+001  0.000000000000000E+000 -0.202751162923407E+003
  0.455861398386077E-082  0.396921809446055E+003  0.223885754478676E+000  0.980458102108714E+000  0.342110532703183E+001 -0.121767255106232E+001  0.979163554118827E+000 -0.343114445803011E+001  0.000000000000000E+000 -0.197972058005980E+003
  0.888989825016643E-081  0.390899201315789E+003  0.231427021193550E+000  0.102918925885666E+001  0.338864623849569E+001 -0.124160493055863E+001  0.108911764109768E+001 -0.343114445803011E+001  0.000000000000000E+000 -0.194960753940848E+003
  0.153629245757385E-080  0.389805118300536E+003  0.172776971958386E+000  0.110365995090675E+001  0.365759287772704E+001 -0.168140485613757E+001  0.144033134495162E+001 -0.343114445803011E+001  0.000000000000000E+000 -0.194413712433221E+003
  0.173344388563413E-079  0.384873352692927E+003  0.227181672322968E+000  0.980066406163179E+000  0.340812844573147E+001 -0.121374798087911E+001  0.986018045989741E+000 -0.343114445803011E+001  0.000000000000000E+000 -0.191947829629416E+003
  0.417273651995827E-078  0.378426139387464E+003  0.198900225451030E+000  0.104042995952978E+001  0.356329443616055E+001 -0.152336351966489E+001  0.142133465033609E+001 -0.343114445803011E+001  0.000000000000000E+000 -0.188724222976685E+003
  0.454931001875716E-074  0.359747532380960E+003  0.184845874449643E+000  0.105678890146348E+001  0.358436617098265E+001 -0.153073741815813E+001  0.125156914579790E+001 -0.343114445803011E+001  0.000000000000000E+000 -0.179384919473433E+003
  0.445704695329783E-073  0.355098221263323E+003  0.215533248629749E+000  0.105040547545547E+001  0.352451506806794E+001 -0.124193790161828E+001  0.110820189677047E+001 -0.343114445803011E+001  0.000000000000000E+000 -0.177060263914614E+003
  0.137807536710357E-068  0.334253204244376E+003  0.223784844085144E+000  0.104404319271168E+001  0.348804061605570E+001 -0.115292985901609E+001  0.982702803606514E+000 -0.343114445803011E+001  0.000000000000000E+000 -0.166637755405141E+003
  0.354383667910738E-067  0.327677345901941E+003  0.184962252013234E+000  0.106052121508261E+001  0.357261403569252E+001 -0.156611681642561E+001  0.128592057592372E+001 -0.343114445803011E+001  0.000000000000000E+000 -0.163349826233923E+003
  0.624411428179077E-067  0.326544487187471E+003  0.226561450763658E+000  0.988226634399576E+000  0.341244135187475E+001 -0.118953708367463E+001  0.943605440720494E+000 -0.343114445803011E+001  0.000000000000000E+000 -0.162783396876688E+003
  0.430669540067963E-066  0.322597134619634E+003  0.211934122191329E+000  0.100775907991688E+001  0.341284104702931E+001 -0.132692078431659E+001  0.960661687712364E+000 -0.343114445803011E+001  0.000000000000000E+000 -0.160809720592770E+003
  0.110446626888176E-065  0.320628462560717E+003  0.181363976567354E+000  0.108554990695210E+001  0.365522638302013E+001 -0.158482388531451E+001  0.146692220083742E+001 -0.343114445803011E+001  0.000000000000000E+000 -0.159825384563312E+003
  0.138887184939751E-065  0.320085084142342E+003  0.227474480846584E+000  0.104640500117223E+001  0.341606754948757E+001 -0.113508539860413E+001  0.925670797265298E+000 -0.343114445803011E+001  0.000000000000000E+000 -0.159553695354124E+003
  0.244998115317128E-065  0.318864787846542E+003  0.209191588214026E+000  0.104649811916448E+001  0.344754816528554E+001 -0.125168528736495E+001  0.929665976027906E+000 -0.343114445803011E+001  0.000000000000000E+000 -0.158943547206224E+003
  0.265600540314444E-065  0.318618182749735E+003  0.242234920402233E+000  0.985631305932367E+000  0.339964506944354E+001 -0.107103005030976E+001  0.881570671447755E+000 -0.343114445803011E+001  0.000000000000000E+000 -0.158820244657820E+003
  0.387276923902887E-063  0.308486786058164E+003  0.185051932086970E+000  0.110399388948215E+001  0.359938880980308E+001 -0.156955449091210E+001  0.142572746027954E+001 -0.343114445803011E+001  0.000000000000000E+000 -0.153754546312035E+003
  0.861660807545624E-063  0.306887342666719E+003  0.220859734813064E+000  0.104326309378527E+001  0.347538907701058E+001 -0.127158552074737E+001  0.112578444694944E+001 -0.343114445803011E+001  0.000000000000000E+000 -0.152954824616312E+003
  0.153799171524448E-060  0.296433140936213E+003  0.232573732135230E+000  0.103148438085699E+001  0.346208146935528E+001 -0.108437961587891E+001  0.906406560722405E+000 -0.343114445803011E+001  0.000000000000000E+000 -0.147727723751059E+003
  0.806303978792787E-060  0.293034395415456E+003  0.237301303101537E+000  0.102256893708248E+001  0.342098270062361E+001 -0.112937935034607E+001  0.961156751664529E+000 -0.343114445803011E+001  0.000000000000000E+000 -0.146028350990681E+003
  0.806596929499593E-058  0.283656565306797E+003  0.224627283796251E+000  0.104480903093379E+001  0.348365135693260E+001 -0.115210710680206E+001  0.989403637595037E+000 -0.343114445803011E+001  0.000000000000000E+000 -0.141339435936351E+003
  0.189152092640252E-057  0.281870296454376E+003  0.240857100944646E+000  0.104695692216687E+001  0.334065275582808E+001 -0.115197807451829E+001  0.965016104248031E+000 -0.343114445803011E+001  0.000000000000000E+000 -0.140446301510141E+003
  0.293028244034359E-057  0.280913217293366E+003  0.187808085584282E+000  0.106031164193155E+001  0.356077712838583E+001 -0.150742022438637E+001  0.122477423203098E+001 -0.343114445803011E+001  0.000000000000000E+000 -0.139967761929636E+003
  0.336581287834217E-057  0.280636075917126E+003  0.212471344015222E+000  0.105496632291845E+001  0.358151074517232E+001 -0.126323149269070E+001  0.115441001323526E+001 -0.343114445803011E+001  0.000000000000000E+000 -0.139829191241516E+003
  0.235707360046905E-056  0.276658283807749E+003  0.245871136651057E+000  0.104224191580581E+001  0.333016358923920E+001 -0.111314515184701E+001  0.931334334996163E+000 -0.343114445803011E+001  0.000000000000000E+000 -0.137840295186827E+003
  0.502807340159806E-056  0.275057932500134E+003  0.242895679535110E+000  0.100777105410456E+001  0.328269570848953E+001 -0.109778926525305E+001  0.772416140098582E+000 -0.343114445803011E+001  0.000000000000000E+000 -0.137040119533020E+003
  0.847073880504461E-056  0.273929651587760E+003  0.210005080250598E+000  0.105777038664430E+001  0.359162769272292E+001 -0.128202525295108E+001  0.117798130952862E+001 -0.343114445803011E+001  0.000000000000000E+000 -0.136475979076833E+003
  0.141775442396192E-055  0.272814449178214E+003  0.205658039707490E+000  0.105972092370628E+001  0.356860230913139E+001 -0.137189609011917E+001  0.127408865101995E+001 -0.343114445803011E+001  0.000000000000000E+000 -0.135918377872060E+003
  0.432171738333807E-055  0.270500172674619E+003  0.227795255527051E+000  0.101641433410661E+001  0.344358203423983E+001 -0.122294102170507E+001  0.105945793984830E+001 -0.343114445803011E+001  0.000000000000000E+000 -0.134761239620262E+003
  0.978684165114484E-054  0.264260230630416E+003  0.230700372060998E+000  0.103682454248935E+001  0.347523960419317E+001 -0.111265545339092E+001  0.951609480698043E+000 -0.343114445803011E+001  0.000000000000000E+000 -0.131641268598161E+003
  0.664085704538525E-053  0.260256633223537E+003  0.241349630536649E+000  0.990509656932037E+000  0.337138982505437E+001 -0.113945005460365E+001  0.948166939960376E+000 -0.343114445803011E+001  0.000000000000000E+000 -0.129639469894721E+003
  0.175267233501359E-052  0.258315661750545E+003  0.205118194038571E+000  0.108722739786577E+001  0.354535129242633E+001 -0.139814541333074E+001  0.129871500576542E+001 -0.343114445803011E+001  0.000000000000000E+000 -0.128668984158225E+003
  0.261071814521645E-052  0.257429790899103E+003  0.221674620668230E+000  0.102280740093358E+001  0.338237674309454E+001 -0.133309311486799E+001  0.110761665141290E+001 -0.343114445803011E+001  0.000000000000000E+000 -0.128226048732504E+003
  0.269691102752058E-050  0.247820378919247E+003  0.213218152589494E+000  0.105825354076975E+001  0.349478968621821E+001 -0.131515488644856E+001  0.118020354775838E+001 -0.343114445803011E+001  0.000000000000000E+000 -0.123421342742576E+003
  0.678962923847203E-050  0.245895358929266E+003  0.195264745831851E+000  0.109207507939014E+001  0.346616173457545E+001 -0.148037626693289E+001  0.114486164995196E+001 -0.343114445803011E+001  0.000000000000000E+000 -0.122458832747586E+003
  0.110237753865049E-047  0.235561780468849E+003  0.217246989895181E+000  0.105493475253431E+001  0.338448495359601E+001 -0.135935802202221E+001  0.111204713724090E+001 -0.343114445803011E+001  0.000000000000000E+000 -0.117292043517378E+003
  0.126303359504384E-047  0.235214205420283E+003  0.254113347908316E+000  0.990568108250864E+000  0.336125727393648E+001 -0.943788274005825E+000  0.711640615155791E+000 -0.343114445803011E+001  0.000000000000000E+000 -0.117118255993094E+003
  0.346637186159513E-047  0.233195021357237E+003  0.216655511089823E+000  0.106466013559374E+001  0.339650346192208E+001 -0.132678502378778E+001  0.108370311538911E+001 -0.343114445803011E+001  0.000000000000000E+000 -0.116108663961572E+003
  0.558729608907414E-046  0.227635077188830E+003  0.246833637231311E+000  0.100812748798698E+001  0.343633975932036E+001 -0.101557720041412E+001  0.853861827267137E+000 -0.343114445803011E+001  0.000000000000000E+000 -0.113328691877368E+003
  0.715377210188513E-044  0.217694882107260E+003  0.247287103473831E+000  0.101582775922671E+001  0.336374270934095E+001 -0.995184852136700E+000  0.771189315418935E+000 -0.343114445803011E+001  0.000000000000000E+000 -0.108358594336583E+003
  0.118689837154061E-043  0.216606823845780E+003  0.207807415259144E+000  0.104887397354845E+001  0.355454028867578E+001 -0.131485823812910E+001  0.118447001484645E+001 -0.343114445803011E+001  0.000000000000000E+000 -0.107814565205843E+003
  0.147971949956045E-042  0.211485154906951E+003  0.237876768364147E+000  0.102106111660224E+001  0.332278149161215E+001 -0.103958670216359E+001  0.712670241938586E+000 -0.343114445803011E+001  0.000000000000000E+000 -0.105253730736428E+003
  0.507986426934329E-041  0.204337640064776E+003  0.217797532283565E+000  0.103996046429649E+001  0.343895517294321E+001 -0.121159139325412E+001  0.977938406635809E+000 -0.343114445803011E+001  0.000000000000000E+000 -0.101679973315341E+003
  0.163479427091965E-040  0.202000005027491E+003  0.218532193144242E+000  0.102974850623554E+001  0.349295182613261E+001 -0.125933486975795E+001  0.110366877663220E+001 -0.343114445803011E+001  0.000000000000000E+000 -0.100511155796698E+003
  0.455095098605132E-039  0.195193274257634E+003  0.196050873284053E+000  0.106598628957535E+001  0.349820902730637E+001 -0.150607706803249E+001  0.126475148100759E+001 -0.343114445803011E+001  0.000000000000000E+000 -0.971077904117696E+002
  0.626979824882887E-039  0.194476977685948E+003  0.197104488353668E+000  0.107145009546135E+001  0.355872618130442E+001 -0.142687987071956E+001  0.126995837599678E+001 -0.343114445803011E+001  0.000000000000000E+000 -0.967496421259270E+002
  0.201876104746616E-036  0.182709588937062E+003  0.212367182131618E+000  0.106140910808293E+001  0.349396564420157E+001 -0.130330475454740E+001  0.114342217667778E+001 -0.343114445803011E+001  0.000000000000000E+000 -0.908659477514838E+002
  0.998101003371591E-036  0.179513188315897E+003  0.212636601284504E+000  0.106851827735565E+001  0.342951599831256E+001 -0.137536216665654E+001  0.119152104252957E+001 -0.343114445803011E+001  0.000000000000000E+000 -0.892677474409012E+002
  0.248340698087962E-035  0.177690123911853E+003  0.211149947557343E+000  0.106424818621514E+001  0.338769033971804E+001 -0.137242633215172E+001  0.103458887990712E+001 -0.343114445803011E+001  0.000000000000000E+000 -0.883562152388791E+002
  0.347769824499096E-034  0.172193076639770E+003  0.216144319557322E+000  0.105892361994017E+001  0.336308941964071E+001 -0.125011442883734E+001  0.869904025451433E+000 -0.343114445803011E+001  0.000000000000000E+000 -0.856076916028377E+002
  0.103904181912694E-033  0.169933867194936E+003  0.202314720794741E+000  0.107967738954322E+001  0.342450448801938E+001 -0.141785998711202E+001  0.106071901306102E+001 -0.343114445803011E+001  0.000000000000000E+000 -0.844780868804209E+002
  0.109671360860653E-033  0.169755646317941E+003  0.200729072653712E+000  0.108109636862288E+001  0.344625857711580E+001 -0.142366055957485E+001  0.109166602034740E+001 -0.343114445803011E+001  0.000000000000000E+000 -0.843889764419235E+002
  0.179011837223960E-033  0.168705536342288E+003  0.225789347123932E+000  0.104527587076127E+001  0.337473559843430E+001 -0.118027058931377E+001  0.914031565589264E+000 -0.343114445803011E+001  0.000000000000000E+000 -0.838639214540968E+002
  0.518396256282248E-033  0.166508777722791E+003  0.250364659515572E+000  0.101986386736171E+001  0.318276015954342E+001 -0.992360860758541E+000  0.496550109006629E+000 -0.343114445803011E+001  0.000000000000000E+000 -0.827655421443484E+002
  0.592447260664792E-033  0.166241733854437E+003  0.214092304827760E+000  0.104456095266526E+001  0.345294752385847E+001 -0.126215588409849E+001  0.103135199265229E+001 -0.343114445803011E+001  0.000000000000000E+000 -0.826320202101713E+002
  0.887084566964463E-033  0.165434376933063E+003  0.201123380210421E+000  0.108056609796932E+001  0.344910684167130E+001 -0.144364760704673E+001  0.114118951129019E+001 -0.343114445803011E+001  0.000000000000000E+000 -0.822283417494842E+002
  0.152092468600712E-032  0.164280629363634E+003  0.224561412192211E+000  0.105978240492251E+001  0.336637092918816E+001 -0.125934232226878E+001  0.103256128360239E+001 -0.343114445803011E+001  0.000000000000000E+000 -0.816514679647696E+002
  0.354077658908716E-032  0.162590574198460E+003  0.207899692101886E+000  0.107154139901228E+001  0.351381376379254E+001 -0.138080616142512E+001  0.125731835609485E+001 -0.343114445803011E+001  0.000000000000000E+000 -0.808064403821829E+002
  0.130981301070606E-031  0.159895885969024E+003  0.240539377197641E+000  0.103075432074028E+001  0.321184015815473E+001 -0.114808854773904E+001  0.701109374211112E+000 -0.343114445803011E+001  0.000000000000000E+000 -0.794590962674646E+002
  0.407618363854099E-031  0.157546890981004E+003  0.219844629804765E+000  0.102666933869956E+001  0.350566550095277E+001 -0.123406408165958E+001  0.108783750542191E+001 -0.343114445803011E+001  0.000000000000000E+000 -0.782845987734549E+002
  0.745726020373841E-031  0.156260395726936E+003  0.251938299777680E+000  0.101604309221999E+001  0.319861051772878E+001 -0.101876904249387E+001  0.606659404991404E+000 -0.343114445803011E+001  0.000000000000000E+000 -0.776413511464208E+002
  0.990287693615480E-031  0.155614679835243E+003  0.217881731975997E+000  0.106050687115678E+001  0.333579473924430E+001 -0.133385384564865E+001  0.970376208802570E+000 -0.343114445803011E+001  0.000000000000000E+000 -0.773184932005742E+002
  0.287293734887119E-030  0.153406048906236E+003  0.255910897397441E+000  0.100979232574936E+001  0.315013232215009E+001 -0.950434952276167E+000  0.424495600932353E+000 -0.343114445803011E+001  0.000000000000000E+000 -0.762141777360707E+002
  0.295766187212976E-030  0.153347920755761E+003  0.238364634685520E+000  0.101800256165322E+001  0.329128993697028E+001 -0.112212320817462E+001  0.789700965760842E+000 -0.343114445803011E+001  0.000000000000000E+000 -0.761851136608332E+002
  0.439478570974197E-030  0.152474237318559E+003  0.199787667830727E+000  0.107384911473526E+001  0.356416116938491E+001 -0.144241772384654E+001  0.132652769386363E+001 -0.343114445803011E+001  0.000000000000000E+000 -0.757482719422323E+002
  0.246617498809389E-029  0.149024567951948E+003  0.200349379986190E+000  0.105715924311731E+001  0.350810469418722E+001 -0.142756765773311E+001  0.121749851672099E+001 -0.343114445803011E+001  0.000000000000000E+000 -0.740234372589267E+002
  0.214036058570307E-028  0.144617666636503E+003  0.233721378621078E+000  0.101794461095213E+001  0.334864716680238E+001 -0.120137357020420E+001  0.974387019929472E+000 -0.343114445803011E+001  0.000000000000000E+000 -0.718199866012043E+002
  0.926508590409431E-027  0.136915175595124E+003  0.253562701938203E+000  0.101225068390834E+001  0.318140567743083E+001 -0.100381768440676E+001  0.568196394334925E+000 -0.343114445803011E+001  0.000000000000000E+000 -0.679687410805150E+002
  0.136259282348600E-026  0.136062088938144E+003  0.220420117367676E+000  0.102004385887798E+001  0.346381873590671E+001 -0.124239311985532E+001  0.106725550330577E+001 -0.343114445803011E+001  0.000000000000000E+000 -0.675421977520247E+002
  0.184722516139416E-026  0.135371854493561E+003  0.235055014501717E+000  0.103846390009120E+001  0.331722059219322E+001 -0.114405560986387E+001  0.870485452672598E+000 -0.343114445803011E+001  0.000000000000000E+000 -0.671970805297333E+002
  0.847336742655805E-026  0.132165282277533E+003  0.231914510659723E+000  0.102326931142559E+001  0.325681806814423E+001 -0.113043435395761E+001  0.632828687608874E+000 -0.343114445803011E+001  0.000000000000000E+000 -0.655937944217191E+002
  0.165149853072089E-025  0.130676679858254E+003  0.217731801000982E+000  0.106209522168550E+001  0.337862143406266E+001 -0.130435608747886E+001  0.104221852956245E+001 -0.343114445803011E+001  0.000000000000000E+000 -0.648494932120798E+002
  0.262646450971847E-025  0.129673288056789E+003  0.207166107695473E+000  0.105781897402569E+001  0.356189606889892E+001 -0.137506556103223E+001  0.127716234030667E+001 -0.343114445803011E+001  0.000000000000000E+000 -0.643477973113471E+002
  0.320411673616999E-025  0.129200211772588E+003  0.227955980209001E+000  0.104254085732572E+001  0.327556760179301E+001 -0.124350303984315E+001  0.814998987851844E+000 -0.343114445803011E+001  0.000000000000000E+000 -0.641112591692466E+002
  0.391419179404516E-025  0.128799866959035E+003  0.218611855069551E+000  0.105975215604885E+001  0.337717022585419E+001 -0.129026547864384E+001  0.102844714472006E+001 -0.343114445803011E+001  0.000000000000000E+000 -0.639110867624701E+002
  0.699676548717397E-025  0.127638188760681E+003  0.221919837085046E+000  0.101486716966464E+001  0.338330304969438E+001 -0.119386889504644E+001  0.869704191084318E+000 -0.343114445803011E+001  0.000000000000000E+000 -0.633302476632932E+002
  0.746359381426112E-025  0.127427366624146E+003  0.205038818116992E+000  0.106925211156046E+001  0.354181455529210E+001 -0.140838252901665E+001  0.129759487014406E+001 -0.343114445803011E+001  0.000000000000000E+000 -0.632248365950256E+002
  0.751746552115467E-025  0.127331338621826E+003  0.232317762954255E+000  0.103147402885441E+001  0.342413517652717E+001 -0.118074895990885E+001  0.102725921491350E+001 -0.343114445803011E+001  0.000000000000000E+000 -0.631768225938660E+002
  0.943098374225973E-025  0.126796151908174E+003  0.220203035241610E+000  0.103737740977021E+001  0.342614462517324E+001 -0.131093383727447E+001  0.113354239199298E+001 -0.343114445803011E+001  0.000000000000000E+000 -0.629092292370397E+002
  0.115844969355102E-024  0.126303173276207E+003  0.210407693932122E+000  0.105732511478485E+001  0.354703804661141E+001 -0.134302356969457E+001  0.123922637551159E+001 -0.343114445803011E+001  0.000000000000000E+000 -0.626627399210563E+002
  0.154865973261708E-024  0.125640914831025E+003  0.222222717228723E+000  0.105377400478897E+001  0.338088234034796E+001 -0.124369762868123E+001  0.999199340993098E+000 -0.343114445803011E+001  0.000000000000000E+000 -0.623316106984655E+002
  0.157975850009623E-024  0.125519506603829E+003  0.210188954007374E+000  0.105823202312114E+001  0.354092117054139E+001 -0.134892090874572E+001  0.123896685281980E+001 -0.343114445803011E+001  0.000000000000000E+000 -0.622709065848673E+002
  0.241297159267266E-024  0.124590688561510E+003  0.217780066172474E+000  0.104216871860565E+001  0.347861915257136E+001 -0.133035997944888E+001  0.120729586370272E+001 -0.343114445803011E+001  0.000000000000000E+000 -0.618064975637076E+002
  0.330685686302761E-024  0.123878766300310E+003  0.220427897726960E+000  0.103602992305093E+001  0.334456555206150E+001 -0.122707610032636E+001  0.813459662935295E+000 -0.343114445803011E+001  0.000000000000000E+000 -0.614505364331076E+002
  0.416625211730444E-024  0.123335084893653E+003  0.236548467001308E+000  0.994313295224349E+000  0.328316034141117E+001 -0.112619147687930E+001  0.741600238752474E+000 -0.343114445803011E+001  0.000000000000000E+000 -0.611786957297790E+002
  0.837142015140457E-024  0.121939471527895E+003  0.206143152497965E+000  0.105225716558502E+001  0.351332616280464E+001 -0.137308103589070E+001  0.121266238368711E+001 -0.343114445803011E+001  0.000000000000000E+000 -0.604808890469004E+002
  0.115024974639711E-023  0.121218871017360E+003  0.209648164879171E+000  0.105772613888582E+001  0.355026960986891E+001 -0.135128855955024E+001  0.124828036735534E+001 -0.343114445803011E+001  0.000000000000000E+000 -0.601205887916327E+002
  0.187179636098376E-022  0.115554742600463E+003  0.223794017988281E+000  0.104111364760182E+001  0.338507616624902E+001 -0.121912253673046E+001  0.978392369773563E+000 -0.343114445803011E+001  0.000000000000000E+000 -0.572885245831844E+002
  0.189934969627745E-022  0.115440397427912E+003  0.224195579377272E+000  0.104461556423151E+001  0.332135777370187E+001 -0.121168511856303E+001  0.820434917733469E+000 -0.343114445803011E+001  0.000000000000000E+000 -0.572313519969089E+002
  0.252811891275857E-022  0.114783350297107E+003  0.233169855493224E+000  0.103491610176389E+001  0.323784492697119E+001 -0.116436376304793E+001  0.667536571439149E+000 -0.343114445803011E+001  0.000000000000000E+000 -0.569028284315063E+002
  0.386356162292635E-022  0.113850003178594E+003  0.227936314436105E+000  0.102406934102844E+001  0.344997655564411E+001 -0.122322088469198E+001  0.107724789829036E+001 -0.343114445803011E+001  0.000000000000000E+000 -0.564361548722500E+002
  0.381281505325674E-022  0.113791327315460E+003  0.223743494518622E+000  0.102684489745925E+001  0.333788598715176E+001 -0.118308052044983E+001  0.777145337652453E+000 -0.343114445803011E+001  0.000000000000000E+000 -0.564068169406827E+002
  0.394101002700256E-022  0.113640069552524E+003  0.226361612191240E+000  0.102575029587197E+001  0.342106449590850E+001 -0.124219292734386E+001  0.106814401109364E+001 -0.343114445803011E+001  0.000000000000000E+000 -0.563311880592146E+002
  0.190280153825512E-021  0.110405999634690E+003  0.212068667091262E+000  0.105660159996097E+001  0.347874138703227E+001 -0.136875521819537E+001  0.122372440464098E+001 -0.343114445803011E+001  0.000000000000000E+000 -0.547141531002978E+002
  0.222793431775252E-021  0.110090504540139E+003  0.254037374298273E+000  0.985499908013976E+000  0.321377098717612E+001 -0.939227980508286E+000  0.489278488344013E+000 -0.343114445803011E+001  0.000000000000000E+000 -0.545564055530221E+002
  0.106690102467241E-020  0.106869064096275E+003  0.211456541318900E+000  0.106050956475639E+001  0.343866285291706E+001 -0.135792077764902E+001  0.114677625023400E+001 -0.343114445803011E+001  0.000000000000000E+000 -0.529456853310901E+002
  0.154281832131079E-020  0.106131358866255E+003  0.212302588246391E+000  0.105594298279260E+001  0.338114004827462E+001 -0.132548328421124E+001  0.954885006567095E+000 -0.343114445803011E+001  0.000000000000000E+000 -0.525768327160803E+002
  0.204233993496755E-020  0.105570388156609E+003  0.222744260185191E+000  0.103403406348389E+001  0.331168615139414E+001 -0.125632367104819E+001  0.803747567090936E+000 -0.343114445803011E+001  0.000000000000000E+000 -0.522963473612570E+002
  0.200226807256001E-020  0.105512439034593E+003  0.216683114171842E+000  0.105391528504035E+001  0.341489897149150E+001 -0.130954498907131E+001  0.109628932727267E+001 -0.343114445803011E+001  0.000000000000000E+000 -0.522673728002493E+002
  0.632702980145930E-020  0.103211338382491E+003  0.221319908798040E+000  0.104426301001086E+001  0.331152667391581E+001 -0.127740322544714E+001  0.855696093668982E+000 -0.343114445803011E+001  0.000000000000000E+000 -0.511168224741984E+002
  0.474655590651593E-019  0.990784048429587E+002  0.220239166888838E+000  0.104980232408096E+001  0.332745593009680E+001 -0.124716046397600E+001  0.838219723111358E+000 -0.343114445803011E+001  0.000000000000000E+000 -0.490503557044322E+002
  0.102374750781367E-018  0.974385467900554E+002  0.214937221412398E+000  0.105293839352313E+001  0.345928386729211E+001 -0.132203020488949E+001  0.115476919607946E+001 -0.343114445803011E+001  0.000000000000000E+000 -0.482304266779805E+002
  0.163547008228992E-018  0.965016260834207E+002  0.224151460813051E+000  0.102382058736580E+001  0.336800086845787E+001 -0.124760480220077E+001  0.973006100093617E+000 -0.343114445803011E+001  0.000000000000000E+000 -0.477619663246631E+002
  0.318316812276085E-018  0.950615982594019E+002  0.222403915769946E+000  0.104022473512674E+001  0.330410911913577E+001 -0.124845307487216E+001  0.764665143597045E+000 -0.343114445803011E+001  0.000000000000000E+000 -0.470419524126537E+002
  0.393406348060001E-018  0.946380064786645E+002  0.211803465967426E+000  0.105312166613500E+001  0.343019087767930E+001 -0.134856478709895E+001  0.111352441692698E+001 -0.343114445803011E+001  0.000000000000000E+000 -0.468301565222850E+002
  0.481036788079773E-018  0.941214882360845E+002  0.250406603232397E+000  0.997105246338331E+000  0.320828260854162E+001 -0.971854689406186E+000  0.493182469382515E+000 -0.343114445803011E+001  0.000000000000000E+000 -0.465718974009950E+002
  0.631485537775771E-018  0.934629088274676E+002  0.239002805655593E+000  0.988434105503866E+000  0.326132162057353E+001 -0.104275026019753E+001  0.554633081707634E+000 -0.343114445803011E+001  0.000000000000000E+000 -0.462426076966866E+002
  0.861326785398978E-018  0.927277941318466E+002  0.222950098154111E+000  0.104684014701852E+001  0.331571766795077E+001 -0.123058624547900E+001  0.819152259396879E+000 -0.343114445803011E+001  0.000000000000000E+000 -0.458750503488761E+002
  0.135224405207312E-017  0.917113837479937E+002  0.232522416674824E+000  0.100810254607563E+001  0.333221573669868E+001 -0.116064875589723E+001  0.858276655880469E+000 -0.343114445803011E+001  0.000000000000000E+000 -0.453668451569496E+002
  0.147545372300023E-017  0.914226667641443E+002  0.230167238438181E+000  0.101695801961023E+001  0.333103835640701E+001 -0.119785400664636E+001  0.900380566689091E+000 -0.343114445803011E+001  0.000000000000000E+000 -0.452224866650249E+002
  0.293602152266872E-017  0.900464869840822E+002  0.214983331916496E+000  0.105178895632934E+001  0.336421398831231E+001 -0.131003856646335E+001  0.933959409990772E+000 -0.343114445803011E+001  0.000000000000000E+000 -0.445343967749939E+002
  0.472751629348096E-017  0.889725486869652E+002  0.224140477027992E+000  0.103156562560024E+001  0.332454739295902E+001 -0.118945732986628E+001  0.767905042603763E+000 -0.343114445803011E+001  0.000000000000000E+000 -0.439974276264354E+002
  0.458080237922410E-017  0.889143510299816E+002  0.215495739872848E+000  0.104745263350276E+001  0.339863526032304E+001 -0.128395057738280E+001  0.994050325029443E+000 -0.343114445803011E+001  0.000000000000000E+000 -0.439683287979436E+002
  0.461376855342733E-017  0.889000093861109E+002  0.217466364563962E+000  0.103461328955426E+001  0.340708503749325E+001 -0.127034178172245E+001  0.100244035708191E+001 -0.343114445803011E+001  0.000000000000000E+000 -0.439611579760082E+002
  0.326944762568745E-016  0.846190439822455E+002  0.215061936532130E+000  0.104533188147930E+001  0.339375168310266E+001 -0.128648047198468E+001  0.979424520208878E+000 -0.343114445803011E+001  0.000000000000000E+000 -0.418206752740755E+002
  0.321870719362441E-016  0.845360096796832E+002  0.241767996407994E+000  0.998875043430282E+000  0.320375609154093E+001 -0.106441112205807E+001  0.496294430769708E+000 -0.343114445803011E+001  0.000000000000000E+000 -0.417791581227944E+002
  0.342024822500584E-016  0.844145429945264E+002  0.216505231345432E+000  0.104875039363346E+001  0.335622552054558E+001 -0.129472508512510E+001  0.912461131616737E+000 -0.343114445803011E+001  0.000000000000000E+000 -0.417184247802160E+002
  0.245488096525544E-015  0.803513932757823E+002  0.223993778338907E+000  0.103395706766554E+001  0.330627396920408E+001 -0.124025687639681E+001  0.794195985346270E+000 -0.343114445803011E+001  0.000000000000000E+000 -0.396868499208439E+002
  0.454408881863110E-015  0.789986461238130E+002  0.230625967666714E+000  0.103478516939113E+001  0.327684523865199E+001 -0.117381269172612E+001  0.753422648648566E+000 -0.343114445803011E+001  0.000000000000000E+000 -0.390104763448593E+002
  0.544440813108788E-015  0.784015564057593E+002  0.227437859712787E+000  0.102722215656192E+001  0.329200274333733E+001 -0.122577895671436E+001  0.796926511083861E+000 -0.343114445803011E+001  0.000000000000000E+000 -0.387119314858324E+002
  0.955600799610851E-015  0.770539431049901E+002  0.225413504032413E+000  0.102235116604431E+001  0.332116361551787E+001 -0.119262635428544E+001  0.796837747040007E+000 -0.343114445803011E+001  0.000000000000000E+000 -0.380381248354479E+002
  0.107812433096523E-014  0.767045330075474E+002  0.233602042507788E+000  0.100788491930564E+001  0.330634442122559E+001 -0.110879336863965E+001  0.727700412949753E+000 -0.343114445803011E+001  0.000000000000000E+000 -0.378634197867265E+002
  0.126959471655955E-014  0.762694487089309E+002  0.248857387714690E+000  0.988161884363085E+000  0.317869966324691E+001 -0.993227162448138E+000  0.370483006345589E+000 -0.343114445803011E+001  0.000000000000000E+000 -0.376458776374182E+002
  0.148907662177754E-014  0.758423973019818E+002  0.244568478758892E+000  0.988877267070843E+000  0.323363317669504E+001 -0.100525858982525E+001  0.513770764543694E+000 -0.343114445803011E+001  0.000000000000000E+000 -0.374323519339437E+002
  0.345951660187452E-014  0.740483175435559E+002  0.259969737372038E+000  0.978851801609557E+000  0.313754480924501E+001 -0.891388880423450E+000  0.287257538526028E+000 -0.343114445803011E+001  0.000000000000000E+000 -0.365353120547307E+002
  0.669569739713385E-014  0.726195105575939E+002  0.239857537611654E+000  0.100125977002805E+001  0.324908258799889E+001 -0.103956069564951E+001  0.551256530037816E+000 -0.343114445803011E+001  0.000000000000000E+000 -0.358209085617497E+002
  0.944502657424696E-014  0.719314642096964E+002  0.222275827558477E+000  0.103041222469538E+001  0.336449032117742E+001 -0.122183153074815E+001  0.903170012856489E+000 -0.343114445803011E+001  0.000000000000000E+000 -0.354768853878010E+002
  0.132307756237732E-013  0.712573496336641E+002  0.242444580529838E+000  0.100464460608509E+001  0.322262786809546E+001 -0.105281745586057E+001  0.565620029830118E+000 -0.343114445803011E+001  0.000000000000000E+000 -0.351398280997848E+002
  0.218781942152156E-013  0.701302107094179E+002  0.222479430950470E+000  0.102847560250933E+001  0.333649533671629E+001 -0.125326278203327E+001  0.883300949173557E+000 -0.343114445803011E+001  0.000000000000000E+000 -0.345762586376617E+002
  0.241042561229069E-013  0.698151654964574E+002  0.246190825656796E+000  0.980319617968269E+000  0.318603666612684E+001 -0.104143335769443E+001  0.418990186083574E+000 -0.343114445803011E+001  0.000000000000000E+000 -0.344187360311815E+002
  0.242837202832641E-013  0.696790807505718E+002  0.228556236804920E+000  0.102393401454833E+001  0.329623354615284E+001 -0.114482459537701E+001  0.695092702385655E+000 -0.343114445803011E+001  0.000000000000000E+000 -0.343506936582387E+002
  0.167944435249540E-012  0.655831202083746E+002  0.240384860962457E+000  0.991645255440225E+000  0.320691290179769E+001 -0.109818677305902E+001  0.488017271282030E+000 -0.343114445803011E+001  0.000000000000000E+000 -0.327915601041873E+002
  0.289396403042862E-012  0.643041714428242E+002  0.239887805386644E+000  0.985579903493769E+000  0.323472714442368E+001 -0.105330660046781E+001  0.494413412290897E+000 -0.343114445803011E+001  0.000000000000000E+000 -0.321520857214121E+002
  0.184752087718709E-010  0.556267530074670E+002  0.239886627003295E+000  0.100630477753666E+001  0.321433869315020E+001 -0.108314392954120E+001  0.499597061369654E+000 -0.343114445803011E+001  0.000000000000000E+000 -0.278133765037335E+002
  0.103570218788115E-009  0.521791128913516E+002  0.239001443683429E+000  0.100473723116828E+001  0.322867998467225E+001 -0.109830393424230E+001  0.564752265732752E+000 -0.343114445803011E+001  0.000000000000000E+000 -0.260895564456758E+002
  0.697216723964726E-009  0.483654199401097E+002  0.237766658106996E+000  0.101138656479577E+001  0.325658255802090E+001 -0.110176956381473E+001  0.663643385797489E+000 -0.343114445803011E+001  0.000000000000000E+000 -0.241827099700548E+002
  0.766289613765440E-009  0.481764921732014E+002  0.258191172481150E+000  0.976634109460632E+000  0.313685265317165E+001 -0.931447863220612E+000  0.310065840318351E+000 -0.343114445803011E+001  0.000000000000000E+000 -0.240882460866007E+002
  0.161427923158740E-008  0.466863248618685E+002  0.238553903750707E+000  0.100938629846211E+001  0.324258435312822E+001 -0.108383012773036E+001  0.594342237389194E+000 -0.343114445803011E+001  0.000000000000000E+000 -0.233431624309342E+002
  0.179895874176181E-008  0.464696859420750E+002  0.237040427600126E+000  0.100613757495309E+001  0.324491192071946E+001 -0.109268213010474E+001  0.572896025226823E+000 -0.343114445803011E+001  0.000000000000000E+000 -0.232348429710375E+002
  0.156087620365991E-008  0.464453059586678E+002  0.250640024710245E+000  0.994787886078456E+000  0.317538047519150E+001 -0.998589445769771E+000  0.447438585984451E+000 -0.343114445803011E+001  0.000000000000000E+000 -0.232226529793339E+002
  0.201538399311980E-008  0.459341811347660E+002  0.243683646014060E+000  0.993005957822604E+000  0.322003447957306E+001 -0.104586378501501E+001  0.533486165589747E+000 -0.343114445803011E+001  0.000000000000000E+000 -0.229670905673830E+002
  0.280668317886103E-007  0.406666235923272E+002  0.233137647514489E+000  0.100510636403895E+001  0.325658879782149E+001 -0.112667005560946E+001  0.593765527720752E+000 -0.343114445803011E+001  0.000000000000000E+000 -0.203333117961636E+002
  0.450993608933126E-007  0.397180644728057E+002  0.235076402956604E+000  0.101054638181183E+001  0.325848008707756E+001 -0.111117109952383E+001  0.626343529463702E+000 -0.343114445803011E+001  0.000000000000000E+000 -0.198590322364029E+002
  0.813278011495949E-007  0.375171735450118E+002  0.248553741552802E+000  0.982930829726270E+000  0.318202524158026E+001 -0.992325837140810E+000  0.385306557667547E+000 -0.343114445803011E+001  0.000000000000000E+000 -0.187585867725059E+002
  0.921437803445226E-007  0.372674490024639E+002  0.241667381995505E+000  0.100745038559861E+001  0.320962423916751E+001 -0.106885716713785E+001  0.524610407972883E+000 -0.343114445803011E+001  0.000000000000000E+000 -0.186337245012320E+002
  0.162470142032444E-006  0.361331608892333E+002  0.238105082992336E+000  0.100690490085580E+001  0.323220440367195E+001 -0.110345455614219E+001  0.581761354527981E+000 -0.343114445803011E+001  0.000000000000000E+000 -0.180665804446166E+002
  0.205032477757465E-005  0.310626424009917E+002  0.252023406578098E+000  0.982527772739106E+000  0.314782609363151E+001 -0.959677385123505E+000  0.274333135138151E+000 -0.343114445803011E+001  0.000000000000000E+000 -0.155313212004959E+002
