#        weight    minuslogpost         omega_c             n_s            lnas   minuslogprior minuslogprior__0            chi2 chi2__likelihood_CAMB
 1.0869444e-322        764.7016      0.25954019       1.0780563       3.0431165     -0.30652516      -0.30652516       1530.0162             1530.0162
 2.7252661e-320       759.15157       0.2375219      0.95915356       3.2013499     -0.30652516      -0.30652516       1518.9162             1518.9162
 1.8021934e-318       754.94437      0.28949268      0.98686697       2.9160829     -0.30652516      -0.30652516       1510.5018             1510.5018
 2.7506413e-318       754.50604      0.22879432       1.0624604       3.2218035     -0.30652516      -0.30652516       1509.6251             1509.6251
 1.4396763e-316       750.53278      0.25043149       0.9214991       3.1950622     -0.30652516      -0.30652516       1501.6786             1501.6786
  3.760574e-316       749.55712      0.28006122      0.93677822       3.0195124     -0.30652516      -0.30652516       1499.7273             1499.7273
 1.2910041e-312       741.40043      0.26611437      0.92441918       3.1055065     -0.30652516      -0.30652516       1483.4139             1483.4139
 3.9754191e-312       740.26021      0.28671763      0.97403255       2.9604398     -0.30652516      -0.30652516       1481.1335             1481.1335
 5.6211874e-310       735.29313       0.2628821      0.96043053       3.1086023     -0.30652516      -0.30652516       1471.1993             1471.1993
 6.0000459e-304       721.39689      0.28402468        1.020711        2.945478     -0.30652516      -0.30652516       1443.4068             1443.4068
 1.5566319e-302       718.12546      0.26568486       1.0128101       3.0052811     -0.30652516      -0.30652516        1436.864              1436.864
 5.3673729e-298        707.6618      0.25044786      0.96955357       3.1155527     -0.30652516      -0.30652516       1415.9366             1415.9366
 7.6456709e-297       704.98991      0.25090599        1.040716       3.0735505     -0.30652516      -0.30652516       1410.5929             1410.5929
 8.4559438e-296       702.57109       0.2704515       1.0012686       2.9882707     -0.30652516      -0.30652516       1405.7552             1405.7552
 4.9555807e-291       691.57701      0.24519128      0.90392734       3.2254794     -0.30652516      -0.30652516       1383.7671             1383.7671
 1.3165575e-286       681.37408      0.25572029      0.99516327       3.1291064     -0.30652516      -0.30652516       1363.3612             1363.3612
 4.4609988e-286       680.13822      0.22298423      0.96571456       3.3096753     -0.30652516      -0.30652516       1360.8895             1360.8895
 7.2491164e-284       675.03204      0.26089142       1.0529988       3.0564909     -0.30652516      -0.30652516       1350.6771             1350.6771
 8.8991113e-283       672.50888      0.23278852       1.0652636       3.1919298     -0.30652516      -0.30652516       1345.6308             1345.6308
 9.2265146e-282       670.15466      0.22237916       1.0111505       3.2990614     -0.30652516      -0.30652516       1340.9224             1340.9224
 2.1548886e-275        655.4754      0.25116564      0.88740171       3.1794385     -0.30652516      -0.30652516       1311.5639             1311.5639
 2.7139668e-272       648.32147      0.27916321       1.0339817       2.9621652     -0.30652516      -0.30652516        1297.256              1297.256
 1.2266964e-271       646.79747      0.27771691       1.0190701       2.9456494     -0.30652516      -0.30652516        1294.208              1294.208
 1.4043805e-271       646.64669      0.24372816       1.0516565       3.1564345     -0.30652516      -0.30652516       1293.9064             1293.9064
  1.342394e-270       644.37374      0.26404425      0.89434842       3.1175427     -0.30652516      -0.30652516       1289.3605             1289.3605
 4.3984129e-262       624.75077      0.25963954       1.0451035       3.0692134     -0.30652516      -0.30652516       1250.1146             1250.1146
 8.8904549e-262       624.03153      0.26357063      0.91530562       3.1189003     -0.30652516      -0.30652516       1248.6761             1248.6761
 1.3730315e-256       612.06847      0.28475152       1.0289847       2.9211202     -0.30652516      -0.30652516         1224.75               1224.75
 9.5737507e-256       610.11097      0.25221267      0.89518826       3.1832944     -0.30652516      -0.30652516        1220.835              1220.835
 1.2400877e-255       609.83672      0.25832521       1.0858851       3.0312115     -0.30652516      -0.30652516       1220.2865             1220.2865
  1.637602e-246        588.8199      0.27292612      0.91675832       3.0606218     -0.30652516      -0.30652516       1178.2528             1178.2528
 6.1074068e-245       585.18554      0.22368718      0.97977118       3.3037045     -0.30652516      -0.30652516       1170.9841             1170.9841
 2.0582736e-244       583.95509      0.27188757        1.010476       3.0227669     -0.30652516      -0.30652516       1168.5232             1168.5232
 5.9930366e-243       580.56827      0.24538557      0.97018219        3.148779     -0.30652516      -0.30652516       1161.7496             1161.7496
 2.6313895e-233          558.35      0.24669788      0.90083573       3.1955831     -0.30652516      -0.30652516        1117.313              1117.313
  4.700125e-233       557.75442        0.247718      0.92154826       3.1687706     -0.30652516      -0.30652516       1116.1219             1116.1219
 3.1442457e-232       555.83834      0.28443329      0.97083477       2.9575465     -0.30652516      -0.30652516       1112.2897             1112.2897
 4.4667304e-230       550.86658       0.2753397      0.94252446       3.0103722     -0.30652516      -0.30652516       1102.3462             1102.3462
 2.0552013e-226       542.41702      0.23480043      0.98253683       3.2517577     -0.30652516      -0.30652516       1085.4471             1085.4471
 2.2764561e-225       539.99669      0.26912726       0.9170803       3.0818041     -0.30652516      -0.30652516       1080.6064             1080.6064
 7.9972084e-225       538.72471      0.26071385       0.9592267        3.116807     -0.30652516      -0.30652516       1078.0625             1078.0625
 7.4449004e-224       536.47818      0.26350988      0.98847699       3.0356447     -0.30652516      -0.30652516       1073.5694             1073.5694
  7.448817e-217       520.34406      0.26353635       1.0552375       3.0017693     -0.30652516      -0.30652516       1041.3012             1041.3012
  3.411772e-215       516.50421      0.26317567      0.99071088       3.0849475     -0.30652516      -0.30652516       1033.6215             1033.6215
 1.4616648e-213       512.73119      0.27598378      0.95269069       3.0014125     -0.30652516      -0.30652516       1026.0754             1026.0754
  1.186784e-208       501.41109      0.26833186      0.91579517       3.0842063     -0.30652516      -0.30652516       1003.4352             1003.4352
 1.1208188e-206        496.8476      0.24322402      0.96302771        3.213131     -0.30652516      -0.30652516       994.30825             994.30825
 1.1970827e-205       494.46368      0.24157891       1.0615535       3.1343095     -0.30652516      -0.30652516       989.54042             989.54042
 1.1435655e-202       487.58616      0.24396621       0.9711139       3.1596304     -0.30652516      -0.30652516       975.78537             975.78537
 2.1900528e-201        484.6183      0.26574589      0.90773852       3.0951762     -0.30652516      -0.30652516       969.84965             969.84965
 3.0387457e-199        479.6701      0.28278349      0.98682905       2.9574659     -0.30652516      -0.30652516       959.95326             959.95326
  5.330526e-199       479.09259      0.24981437      0.96635351       3.1271179     -0.30652516      -0.30652516       958.79824             958.79824
 5.3270448e-196       472.16999      0.24405806      0.90808692       3.2146936     -0.30652516      -0.30652516       944.95303             944.95303
 1.0940879e-189       457.61926      0.26827342       1.0356539       2.9883464     -0.30652516      -0.30652516       915.85158             915.85158
 3.9261947e-185       447.11567      0.24878972       1.0681812       3.0888083     -0.30652516      -0.30652516       894.84439             894.84439
 3.6948558e-182       440.25314      0.26546495       1.0651342       2.9975443     -0.30652516      -0.30652516       881.11933             881.11933
 1.7137202e-180       436.40074      0.26887478        1.007758       3.0003698     -0.30652516      -0.30652516       873.41453             873.41453
 1.4926373e-176       427.31302      0.25531218       0.9130678       3.1386807     -0.30652516      -0.30652516       855.23909             855.23909
  4.436959e-176       426.20809      0.26137209      0.90945534       3.1142683     -0.30652516      -0.30652516       853.02923             853.02923
 5.4486502e-176       425.98719      0.26147165       0.9918258        3.091644     -0.30652516      -0.30652516       852.58742             852.58742
 5.8848748e-176       425.89466      0.24272458      0.91494269       3.2205583     -0.30652516      -0.30652516       852.40238             852.40238
 1.3407738e-169        411.2402      0.26006029      0.97468565       3.1092188     -0.30652516      -0.30652516       823.09346             823.09346
 2.5855637e-168       408.26542      0.24656326       1.0578514       3.1056692     -0.30652516      -0.30652516       817.14388             817.14388
 5.5831179e-162        393.6646      0.24960583      0.94497521       3.1455042     -0.30652516      -0.30652516       787.94225             787.94225
 3.4923942e-161       391.81567      0.22989215       1.0070137       3.2528481     -0.30652516      -0.30652516       784.24439             784.24439
 2.8652812e-160        389.6955      0.26027364      0.94207656       3.1218127     -0.30652516      -0.30652516       780.00405             780.00405
 3.7580348e-160       389.40877      0.27736089      0.96067023       2.9992886     -0.30652516      -0.30652516       779.43058             779.43058
  1.015459e-157       383.79406      0.25119219      0.94097712        3.173649     -0.30652516      -0.30652516       768.20118             768.20118
 3.0445485e-157       382.68055       0.2622361       1.0369415       3.0214602     -0.30652516      -0.30652516       765.97414             765.97414
 2.5638863e-156       380.53429      0.27647079       1.0261531       2.9677102     -0.30652516      -0.30652516       761.68162             761.68162
 5.6068471e-156       379.73632      0.23911902      0.97493291       3.1924381     -0.30652516      -0.30652516       760.08569             760.08569
 1.1409988e-155       379.01031      0.24637929       0.9789855       3.1841648     -0.30652516      -0.30652516       758.63368             758.63368
  6.782217e-154       374.90982      0.24152916      0.97220748       3.1782456     -0.30652516      -0.30652516        750.4327              750.4327
 8.7481607e-153       372.33719      0.25006747       1.0631291       3.0873935     -0.30652516      -0.30652516       745.28744             745.28744
  1.482424e-151       369.49169      0.25052031       1.0145132       3.0984915     -0.30652516      -0.30652516       739.59642             739.59642
 6.1951633e-150       365.74351      0.27482604      0.95661053       3.0256918     -0.30652516      -0.30652516       732.10006             732.10006
 3.7024772e-149       363.94018      0.26660215       1.0532622       3.0057449     -0.30652516      -0.30652516       728.49342             728.49342
 1.4154218e-148       362.58367      0.25548611       1.0637417       3.0600868     -0.30652516      -0.30652516       725.78039             725.78039
  7.073628e-147       358.65663      0.23600227       1.0299692       3.1895949     -0.30652516      -0.30652516       717.92632             717.92632
 1.3839235e-146       357.96999      0.24658049      0.92324722       3.2004752     -0.30652516      -0.30652516       716.55304             716.55304
 5.5372845e-146       356.56791       0.2643164      0.94200055        3.069407     -0.30652516      -0.30652516       713.74887             713.74887
 1.6110242e-144       353.18187      0.24192296       1.0467665       3.1427834     -0.30652516      -0.30652516       706.97679             706.97679
 2.3580233e-144       352.78541      0.27694003      0.99358008       2.9918845     -0.30652516      -0.30652516       706.18387             706.18387
 2.2452532e-142       348.21374       0.2406782        1.048462       3.1596906     -0.30652516      -0.30652516       697.04053             697.04053
 1.0329891e-141       346.67201      0.24779722       1.0143676       3.1533021     -0.30652516      -0.30652516       693.95708             693.95708
 6.2328974e-140       342.55654      0.23891564       1.0384613       3.1668399     -0.30652516      -0.30652516       685.72613             685.72613
 1.4380458e-139       341.70501        0.265237       1.0521595       3.0060858     -0.30652516      -0.30652516       684.02306             684.02306
 1.6103089e-139       341.57636      0.25952576      0.97893559       3.1078501     -0.30652516      -0.30652516       683.76577             683.76577
 9.2303005e-138       337.51221      0.27189883      0.96086508        3.042232     -0.30652516      -0.30652516       675.63747             675.63747
 1.2368168e-133       327.99373      0.25131921      0.99138686       3.1076525     -0.30652516      -0.30652516       656.60051             656.60051
 8.7104508e-129        316.8159      0.23882049       1.0083033       3.2062417     -0.30652516      -0.30652516       634.24485             634.24485
 1.3964056e-127       314.02585      0.26417463      0.97507007       3.0817333     -0.30652516      -0.30652516       628.66475             628.66475
 2.7446669e-127       313.33459      0.26219228       1.0237357       3.0305083     -0.30652516      -0.30652516       627.28222             627.28222
 4.8569982e-127       312.74832      0.26308232      0.95195209        3.098696     -0.30652516      -0.30652516       626.10969             626.10969
 2.0043631e-126       311.31533      0.24247555      0.93244227       3.2061461     -0.30652516      -0.30652516        623.2437              623.2437
 2.8259636e-126        310.9563      0.26160318      0.95759596       3.1050912     -0.30652516      -0.30652516       622.52565             622.52565
 4.1229224e-126       310.56308      0.24449326       1.0337673       3.1550007     -0.30652516      -0.30652516       621.73921             621.73921
 1.0908056e-125       309.57464      0.23832088       1.0350843       3.1843408     -0.30652516      -0.30652516       619.76233             619.76233
 1.1003813e-125       309.55039      0.24618563       1.0257155       3.1223093     -0.30652516      -0.30652516       619.71384             619.71384
 7.0683638e-124       305.37233      0.24863681       1.0116369       3.1136252     -0.30652516      -0.30652516       611.35772             611.35772
 9.1255302e-122       300.49621      0.23370481      0.97725847        3.248554     -0.30652516      -0.30652516       601.60547             601.60547
  7.737426e-121       298.34313      0.27525771       1.0025438         2.98488     -0.30652516      -0.30652516       597.29931             597.29931
 2.4185864e-119       294.88534      0.24386838      0.99826991       3.1509134     -0.30652516      -0.30652516       590.38373             590.38373
 1.3485978e-118       293.15137      0.27117677        1.030994       2.9933843     -0.30652516      -0.30652516       586.91579             586.91579
 1.5537501e-116       288.38909      0.23960293       1.0147297       3.1960138     -0.30652516      -0.30652516       577.39123             577.39123
  9.865574e-116        286.5252       0.2410941      0.93860607       3.2117419     -0.30652516      -0.30652516       573.66346             573.66346
 3.2569616e-115       285.31537      0.25625411      0.98523908       3.0845021     -0.30652516      -0.30652516       571.24379             571.24379
 2.2681305e-113       281.05654      0.24537745      0.94716714       3.1746961     -0.30652516      -0.30652516       562.72612             562.72612
 2.4389791e-112       278.66582      0.25210315      0.99462135       3.1394731     -0.30652516      -0.30652516        557.9447              557.9447
 4.5666926e-112       278.02311      0.25657233       1.0033972       3.1080059     -0.30652516      -0.30652516       556.65927             556.65927
 6.1047346e-112       277.71733      0.25667514       1.0392078       3.0558696     -0.30652516      -0.30652516       556.04771             556.04771
  3.323148e-111       276.00739      0.23765763      0.99758897       3.2173925     -0.30652516      -0.30652516       552.62784             552.62784
 9.8005091e-109        270.3052      0.25009039       1.0105546       3.1066878     -0.30652516      -0.30652516       541.22344             541.22344
 2.4578758e-108       269.37024      0.23388253       0.9972489       3.2337389     -0.30652516      -0.30652516       539.35354             539.35354
 1.1847576e-107       267.78191      0.23439997       1.0096729       3.2198547     -0.30652516      -0.30652516       536.17688             536.17688
 3.5337429e-106       264.37101      0.24350917      0.98610746       3.1612475     -0.30652516      -0.30652516       529.35506             529.35506
 1.1122037e-105       263.20893      0.24060117       1.0222142       3.1636036     -0.30652516      -0.30652516       527.03091             527.03091
 2.0004358e-104       260.30382      0.23460336      0.99326895       3.2217668     -0.30652516      -0.30652516       521.22069             521.22069
 3.3723724e-104       259.76606      0.27135544        1.022636       2.9960703     -0.30652516      -0.30652516       520.14518             520.14518
  4.717771e-104       259.41484      0.26155251       0.9442332       3.0863577     -0.30652516      -0.30652516       519.44273             519.44273
 4.6527659e-104       259.41321      0.25956237      0.99585703       3.0947598     -0.30652516      -0.30652516       519.43947             519.43947
 2.1326801e-102       255.57262      0.24392554      0.93419218       3.2013953     -0.30652516      -0.30652516       511.75829             511.75829
 4.2216056e-102       254.87428       0.2696796       1.0087671       3.0236865     -0.30652516      -0.30652516       510.36161             510.36161
 8.3204339e-102       254.18027       0.2724113      0.98658459       3.0203474     -0.30652516      -0.30652516        508.9736              508.9736
 3.5315378e-101       252.71917      0.26405134       1.0424795        3.021536     -0.30652516      -0.30652516       506.05138             506.05138
 4.3431437e-100       250.19421      0.23955748       1.0262201       3.1833348     -0.30652516      -0.30652516       501.00147             501.00147
  1.1879264e-99       249.17251      0.26436496      0.93616403       3.0867028     -0.30652516      -0.30652516       498.95807             498.95807
  1.4974797e-98       246.62285      0.27005479      0.95875542       3.0377491     -0.30652516      -0.30652516       493.85875             493.85875
  1.7183547e-98       246.46976      0.24173717      0.97447295       3.2071257     -0.30652516      -0.30652516       493.55257             493.55257
  2.4278854e-98        246.1086      0.23514847       1.0009151       3.2240363     -0.30652516      -0.30652516       492.83026             492.83026
  7.3204785e-98       244.98944      0.24032927       1.0306391       3.1739834     -0.30652516      -0.30652516       490.59194             490.59194
  1.9641202e-97       243.98699      0.24966114       1.0479188       3.1039151     -0.30652516      -0.30652516       488.58702             488.58702
  2.0898074e-97       243.90945       0.2426806       1.0353869       3.1577089     -0.30652516      -0.30652516       488.43196             488.43196
  6.7081321e-96       240.42512      0.25439018      0.92817196       3.1436231     -0.30652516      -0.30652516       481.46328             481.46328
  3.0426173e-95       238.89763      0.24457849       1.0224654       3.1606011     -0.30652516      -0.30652516       478.40831             478.40831
  4.6825147e-95       238.45101       0.2496051       1.0265216       3.1039291     -0.30652516      -0.30652516       477.51507             477.51507
  9.9963977e-94       235.37453      0.23804819      0.96404855       3.2288885     -0.30652516      -0.30652516       471.36211             471.36211
  9.9548968e-94       235.36319      0.24319539      0.95340745       3.1866594     -0.30652516      -0.30652516       471.33942             471.33942
  1.0506352e-92       232.99118      0.24212794      0.94180752       3.2073445     -0.30652516      -0.30652516       466.59541             466.59541
   4.107576e-91       229.30965      0.24014941      0.96052113       3.2196571     -0.30652516      -0.30652516       459.23236             459.23236
  5.6103626e-91       228.98237      0.25573762      0.95328083       3.1111056     -0.30652516      -0.30652516       458.57778             458.57778
  2.1771793e-89       225.30828      0.26958502      0.96937531       3.0460283     -0.30652516      -0.30652516       451.22961             451.22961
  1.0904924e-85       216.77383       0.2601003      0.94029045        3.113715     -0.30652516      -0.30652516       434.16072             434.16072
  7.2499861e-85       214.86396      0.24819372       1.0236614       3.1383614     -0.30652516      -0.30652516       430.34097             430.34097
  1.3884479e-84       214.19868       0.2636112       0.9705017       3.0583993     -0.30652516      -0.30652516       429.01042             429.01042
  4.0852676e-83       210.80139      0.26031514       1.0409155       3.0433237     -0.30652516      -0.30652516       422.21584             422.21584
   3.427953e-82       208.65873      0.24953836      0.95928755       3.1433663     -0.30652516      -0.30652516       417.93051             417.93051
  8.7215392e-82       207.70939      0.23786257       1.0073606       3.1939566     -0.30652516      -0.30652516       416.03183             416.03183
  1.1953496e-81       207.37866      0.24760694      0.93613978       3.1811516     -0.30652516      -0.30652516       415.37037             415.37037
  2.4264595e-81       206.65516      0.24528232       1.0357616       3.1331069     -0.30652516      -0.30652516       413.92337             413.92337
  1.4994542e-80        204.8184       0.2564343      0.98498413       3.0868623     -0.30652516      -0.30652516       410.24986             410.24986
  2.9480583e-78       199.52168      0.26841749      0.95961629       3.0490529     -0.30652516      -0.30652516       399.65642             399.65642
  4.0795596e-78       199.18134      0.26936685      0.97298687       3.0327531     -0.30652516      -0.30652516       398.97572             398.97572
  2.5551751e-76       195.02853      0.26930197      0.98095326       3.0399111     -0.30652516      -0.30652516       390.67011             390.67011
  5.3548214e-75       191.97056      0.26863621      0.97388985       3.0353539     -0.30652516      -0.30652516       384.55418             384.55418
  5.2805428e-75       191.96903      0.26037841      0.95058916       3.0911529     -0.30652516      -0.30652516       384.55111             384.55111
  2.0789343e-74       190.58311      0.25512845        1.015988       3.1036685     -0.30652516      -0.30652516       381.77928             381.77928
  1.9884143e-72       186.00696      0.24649816      0.98694504       3.1451605     -0.30652516      -0.30652516       372.62696             372.62696
  1.1596704e-71       184.22807      0.23714713      0.99072936       3.2103799     -0.30652516      -0.30652516       369.06919             369.06919
  2.8559773e-71       183.31129      0.24766028         1.03685       3.1207153     -0.30652516      -0.30652516       367.23562             367.23562
  1.9521534e-70       181.37368      0.24930086      0.99213054       3.1530884     -0.30652516      -0.30652516       363.36041             363.36041
  1.1528348e-68       177.27971      0.23746372      0.97959293       3.2169097     -0.30652516      -0.30652516       355.17248             355.17248
  8.4177286e-67       172.97351      0.26405186       1.0102301       3.0351425     -0.30652516      -0.30652516       346.56007             346.56007
   1.285447e-66       172.53465      0.24401086       1.0279828       3.1515269     -0.30652516      -0.30652516       345.68235             345.68235
  3.2689094e-66        171.5858      0.25647975        1.009177       3.0747962     -0.30652516      -0.30652516       343.78465             343.78465
  8.1145136e-65       168.35851       0.2523816      0.99569461       3.1327918     -0.30652516      -0.30652516       337.33007             337.33007
  1.5588389e-63       165.38755      0.25851269       1.0049853       3.0661597     -0.30652516      -0.30652516       331.38815             331.38815
   4.316522e-63       164.35354      0.25065069      0.94200288       3.1628586     -0.30652516      -0.30652516       329.32012             329.32012
  5.8950266e-63       164.02637      0.26392544      0.98643504       3.0697983     -0.30652516      -0.30652516        328.6658              328.6658
  2.9180424e-62       162.41148      0.26236459       1.0161996       3.0581613     -0.30652516      -0.30652516       325.43601             325.43601
  1.1992362e-61       160.98262      0.23949121      0.99820276       3.1892871     -0.30652516      -0.30652516       322.57829             322.57829
  2.3235524e-60       158.00312       0.2470205      0.94605965       3.1806467     -0.30652516      -0.30652516       316.61928             316.61928
  4.7841487e-59       154.96282      0.25719396        1.016694       3.0684565     -0.30652516      -0.30652516       310.53868             310.53868
  3.3257309e-58       153.00835      0.24036972      0.97208429       3.2081381     -0.30652516      -0.30652516       306.62974             306.62974
  1.1201998e-57       151.77844      0.26516447      0.96046418       3.0653637     -0.30652516      -0.30652516       304.16993             304.16993
  2.2549068e-56       148.76075      0.26745507      0.97294976        3.046727     -0.30652516      -0.30652516       298.13455             298.13455
  5.9120598e-56       147.78136      0.24812611      0.96247377       3.1532079     -0.30652516      -0.30652516       296.17577             296.17577
  2.9827782e-55       146.14741      0.24738421      0.96047061       3.1595865     -0.30652516      -0.30652516       292.90787             292.90787
  1.9949624e-54       144.23155      0.25258728      0.95102962       3.1505249     -0.30652516      -0.30652516       289.07615             289.07615
  2.3787652e-54       144.04009      0.26416336      0.96521543       3.0650982     -0.30652516      -0.30652516       288.69323             288.69323
   9.129773e-53       142.94199      0.26038563       1.0236325        3.050722     -0.30652516      -0.30652516       286.49703             286.49703
  1.8305941e-42       119.22045      0.25909665       1.0237737       3.0665971     -0.30652516      -0.30652516       239.05396             239.05396
  2.0008751e-41       116.54124      0.25826832       1.0232622       3.0645945     -0.30652516      -0.30652516       233.69554             233.69554
  1.2215195e-40       114.73215      0.25421947       1.0273353       3.0914311     -0.30652516      -0.30652516       230.07734             230.07734
  1.8555282e-36       105.10373      0.25830341       1.0227719       3.0701621     -0.30652516      -0.30652516       210.82051             210.82051
