#        weight    minuslogpost         omega_c             n_s            lnas   minuslogprior minuslogprior__0            chi2 chi2__likelihood_CAMB
  3.409053e-322        764.7016      0.25954019       1.0780563       3.0431165     -0.30652516      -0.30652516       1530.0162             1530.0162
 8.5779677e-320       759.15157       0.2375219      0.95915356       3.2013499     -0.30652516      -0.30652516       1518.9162             1518.9162
 5.6730742e-318       754.94437      0.28949268      0.98686697       2.9160829     -0.30652516      -0.30652516       1510.5018             1510.5018
 8.6586585e-318       754.50604      0.22879432       1.0624604       3.2218035     -0.30652516      -0.30652516       1509.6251             1509.6251
 4.5319126e-316       750.53278      0.25043149       0.9214991       3.1950622     -0.30652516      -0.30652516       1501.6786             1501.6786
 1.1837795e-315       749.55712      0.28006122      0.93677822       3.0195124     -0.30652516      -0.30652516       1499.7273             1499.7273
 4.0639121e-312       741.40043      0.26611437      0.92441918       3.1055065     -0.30652516      -0.30652516       1483.4139             1483.4139
   1.25141e-311       740.26021      0.28671763      0.97403255       2.9604398     -0.30652516      -0.30652516       1481.1335             1481.1335
 1.7694763e-309       735.29313       0.2628821      0.96043053       3.1086023     -0.30652516      -0.30652516       1471.1993             1471.1993
  1.888736e-303       721.39689      0.28402468        1.020711        2.945478     -0.30652516      -0.30652516       1443.4068             1443.4068
 4.9000738e-302       718.12546      0.26568486       1.0128101       3.0052811     -0.30652516      -0.30652516        1436.864              1436.864
 1.6895788e-297        707.6618      0.25044786      0.96955357       3.1155527     -0.30652516      -0.30652516       1415.9366             1415.9366
 2.4067572e-296       704.98991      0.25090599        1.040716       3.0735505     -0.30652516      -0.30652516       1410.5929             1410.5929
 2.6618205e-295       702.57109       0.2704515       1.0012686       2.9882707     -0.30652516      -0.30652516       1405.7552             1405.7552
  1.559952e-290       691.57701      0.24519128      0.90392734       3.2254794     -0.30652516      -0.30652516       1383.7671             1383.7671
 4.1443507e-286       681.37408      0.25572029      0.99516327       3.1291064     -0.30652516      -0.30652516       1363.3612             1363.3612
 1.4042641e-285       680.13822      0.22298423      0.96571456       3.3096753     -0.30652516      -0.30652516       1360.8895             1360.8895
 2.2819271e-283       675.03204      0.26089142       1.0529988       3.0564909     -0.30652516      -0.30652516       1350.6771             1350.6771
 2.8013239e-282       672.50888      0.23278852       1.0652636       3.1919298     -0.30652516      -0.30652516       1345.6308             1345.6308
 2.9043862e-281       670.15466      0.22237916       1.0111505       3.2990614     -0.30652516      -0.30652516       1340.9224             1340.9224
 6.7833077e-275        655.4754      0.25116564      0.88740171       3.1794385     -0.30652516      -0.30652516       1311.5639             1311.5639
 8.5432127e-272       648.32147      0.27916321       1.0339817       2.9621652     -0.30652516      -0.30652516        1297.256              1297.256
 3.8614798e-271       646.79747      0.27771691       1.0190701       2.9456494     -0.30652516      -0.30652516        1294.208              1294.208
 4.4208063e-271       646.64669      0.24372816       1.0516565       3.1564345     -0.30652516      -0.30652516       1293.9064             1293.9064
 4.2256808e-270       644.37374      0.26404425      0.89434842       3.1175427     -0.30652516      -0.30652516       1289.3605             1289.3605
 1.3845629e-261       624.75077      0.25963954       1.0451035       3.0692134     -0.30652516      -0.30652516       1250.1146             1250.1146
  2.798599e-261       624.03153      0.26357063      0.91530562       3.1189003     -0.30652516      -0.30652516       1248.6761             1248.6761
 4.3221235e-256       612.06847      0.28475152       1.0289847       2.9211202     -0.30652516      -0.30652516         1224.75               1224.75
 3.0136915e-255       610.11097      0.25221267      0.89518826       3.1832944     -0.30652516      -0.30652516        1220.835              1220.835
 3.9036341e-255       609.83672      0.25832521       1.0858851       3.0312115     -0.30652516      -0.30652516       1220.2865             1220.2865
 5.1549571e-246        588.8199      0.27292612      0.91675832       3.0606218     -0.30652516      -0.30652516       1178.2528             1178.2528
 1.9225318e-244       585.18554      0.22368718      0.97977118       3.3037045     -0.30652516      -0.30652516       1170.9841             1170.9841
 6.4791761e-244       583.95509      0.27188757        1.010476       3.0227669     -0.30652516      -0.30652516       1168.5232             1168.5232
 1.8865296e-242       580.56827      0.24538557      0.97018219        3.148779     -0.30652516      -0.30652516       1161.7496             1161.7496
 8.2832701e-233          558.35      0.24669788      0.90083573       3.1955831     -0.30652516      -0.30652516        1117.313              1117.313
 1.4795379e-232       557.75442        0.247718      0.92154826       3.1687706     -0.30652516      -0.30652516       1116.1219             1116.1219
 9.8976743e-232       555.83834      0.28443329      0.97083477       2.9575465     -0.30652516      -0.30652516       1112.2897             1112.2897
 1.4060683e-229       550.86658       0.2753397      0.94252446       3.0103722     -0.30652516      -0.30652516       1102.3462             1102.3462
 6.4695051e-226       542.41702      0.23480043      0.98253683       3.2517577     -0.30652516      -0.30652516       1085.4471             1085.4471
 7.1659862e-225       539.99669      0.26912726       0.9170803       3.0818041     -0.30652516      -0.30652516       1080.6064             1080.6064
 2.5174166e-224       538.72471      0.26071385       0.9592267        3.116807     -0.30652516      -0.30652516       1078.0625             1078.0625
 2.3435573e-223       536.47818      0.26350988      0.98847699       3.0356447     -0.30652516      -0.30652516       1073.5694             1073.5694
 2.3447902e-216       520.34406      0.26353635       1.0552375       3.0017693     -0.30652516      -0.30652516       1041.3012             1041.3012
 1.0739812e-214       516.50421      0.26317567      0.99071088       3.0849475     -0.30652516      -0.30652516       1033.6215             1033.6215
 4.6011298e-213       512.73119      0.27598378      0.95269069       3.0014125     -0.30652516      -0.30652516       1026.0754             1026.0754
 3.7358408e-208       501.41109      0.26833186      0.91579517       3.0842063     -0.30652516      -0.30652516       1003.4352             1003.4352
 3.5281911e-206        496.8476      0.24322402      0.96302771        3.213131     -0.30652516      -0.30652516       994.30825             994.30825
 3.7682599e-205       494.46368      0.24157891       1.0615535       3.1343095     -0.30652516      -0.30652516       989.54042             989.54042
 3.5997947e-202       487.58616      0.24396621       0.9711139       3.1596304     -0.30652516      -0.30652516       975.78537             975.78537
     6.894e-201        484.6183      0.26574589      0.90773852       3.0951762     -0.30652516      -0.30652516       969.84965             969.84965
 9.5655742e-199        479.6701      0.28278349      0.98682905       2.9574659     -0.30652516      -0.30652516       959.95326             959.95326
 1.6779799e-198       479.09259      0.24981437      0.96635351       3.1271179     -0.30652516      -0.30652516       958.79824             958.79824
  1.676884e-195       472.16999      0.24405806      0.90808692       3.2146936     -0.30652516      -0.30652516       944.95303             944.95303
 3.4440456e-189       457.61926      0.26827342       1.0356539       2.9883464     -0.30652516      -0.30652516       915.85158             915.85158
 1.2359148e-184       447.11567      0.24878972       1.0681812       3.0888083     -0.30652516      -0.30652516       894.84439             894.84439
 1.1630923e-181       440.25314      0.26546495       1.0651342       2.9975443     -0.30652516      -0.30652516       881.11933             881.11933
 5.3945671e-180       436.40074      0.26887478        1.007758       3.0003698     -0.30652516      -0.30652516       873.41453             873.41453
 4.6986272e-176       427.31302      0.25531218       0.9130678       3.1386807     -0.30652516      -0.30652516       855.23909             855.23909
 1.3966967e-175       426.20809      0.26137209      0.90945534       3.1142683     -0.30652516      -0.30652516       853.02923             853.02923
 1.7151638e-175       425.98719      0.26147165       0.9918258        3.091644     -0.30652516      -0.30652516       852.58742             852.58742
 1.8524816e-175       425.89466      0.24272458      0.91494269       3.2205583     -0.30652516      -0.30652516       852.40238             852.40238
 4.2205807e-169        411.2402      0.26006029      0.97468565       3.1092188     -0.30652516      -0.30652516       823.09346             823.09346
 8.1390163e-168       408.26542      0.24656326       1.0578514       3.1056692     -0.30652516      -0.30652516       817.14388             817.14388
 1.7574925e-161        393.6646      0.24960583      0.94497521       3.1455042     -0.30652516      -0.30652516       787.94225             787.94225
   1.09936e-160       391.81567      0.22989215       1.0070137       3.2528481     -0.30652516      -0.30652516       784.24439             784.24439
 9.0195306e-160        389.6955      0.26027364      0.94207656       3.1218127     -0.30652516      -0.30652516       780.00405             780.00405
 1.1829802e-159       389.40877      0.27736089      0.96067023       2.9992886     -0.30652516      -0.30652516       779.43058             779.43058
 3.1965321e-157       383.79406      0.25119219      0.94097712        3.173649     -0.30652516      -0.30652516       768.20118             768.20118
 9.5838405e-157       382.68055       0.2622361       1.0369415       3.0214602     -0.30652516      -0.30652516       765.97414             765.97414
 8.0707787e-156       380.53429      0.27647079       1.0261531       2.9677102     -0.30652516      -0.30652516       761.68162             761.68162
 1.7649621e-155       379.73632      0.23911902      0.97493291       3.1924381     -0.30652516      -0.30652516       760.08569             760.08569
 3.5917151e-155       379.01031      0.24637929       0.9789855       3.1841648     -0.30652516      -0.30652516       758.63368             758.63368
 2.1349532e-153       374.90982      0.24152916      0.97220748       3.1782456     -0.30652516      -0.30652516        750.4327              750.4327
 2.7538066e-152       372.33719      0.25006747       1.0631291       3.0873935     -0.30652516      -0.30652516       745.28744             745.28744
 4.6664768e-151       369.49169      0.25052031       1.0145132       3.0984915     -0.30652516      -0.30652516       739.59642             739.59642
 1.9501564e-149       365.74351      0.27482604      0.95661053       3.0256918     -0.30652516      -0.30652516       732.10006             732.10006
 1.1654914e-148       363.94018      0.26660215       1.0532622       3.0057449     -0.30652516      -0.30652516       728.49342             728.49342
 4.4555627e-148       362.58367      0.25548611       1.0637417       3.0600868     -0.30652516      -0.30652516       725.78039             725.78039
 2.2266856e-146       358.65663      0.23600227       1.0299692       3.1895949     -0.30652516      -0.30652516       717.92632             717.92632
 4.3564101e-146       357.96999      0.24658049      0.92324722       3.2004752     -0.30652516      -0.30652516       716.55304             716.55304
 1.7430648e-145       356.56791       0.2643164      0.94200055        3.069407     -0.30652516      -0.30652516       713.74887             713.74887
 5.0712936e-144       353.18187      0.24192296       1.0467665       3.1427834     -0.30652516      -0.30652516       706.97679             706.97679
 7.4227492e-144       352.78541      0.27694003      0.99358008       2.9918845     -0.30652516      -0.30652516       706.18387             706.18387
 7.0677635e-142       348.21374       0.2406782        1.048462       3.1596906     -0.30652516      -0.30652516       697.04053             697.04053
 3.2517145e-141       346.67201      0.24779722       1.0143676       3.1533021     -0.30652516      -0.30652516       693.95708             693.95708
 1.9620346e-139       342.55654      0.23891564       1.0384613       3.1668399     -0.30652516      -0.30652516       685.72613             685.72613
 4.5267802e-139       341.70501        0.265237       1.0521595       3.0060858     -0.30652516      -0.30652516       684.02306             684.02306
 5.0690418e-139       341.57636      0.25952576      0.97893559       3.1078501     -0.30652516      -0.30652516       683.76577             683.76577
 2.9055779e-137       337.51221      0.27189883      0.96086508        3.042232     -0.30652516      -0.30652516       675.63747             675.63747
 3.8933376e-133       327.99373      0.25131921      0.99138686       3.1076525     -0.30652516      -0.30652516       656.60051             656.60051
  2.741936e-128        316.8159      0.23882049       1.0083033       3.2062417     -0.30652516      -0.30652516       634.24485             634.24485
 4.3957024e-127       314.02585      0.26417463      0.97507007       3.0817333     -0.30652516      -0.30652516       628.66475             628.66475
 8.6398524e-127       313.33459      0.26219228       1.0237357       3.0305083     -0.30652516      -0.30652516       627.28222             627.28222
 1.5289195e-126       312.74832      0.26308232      0.95195209        3.098696     -0.30652516      -0.30652516       626.10969             626.10969
  6.309473e-126       311.31533      0.24247555      0.93244227       3.2061461     -0.30652516      -0.30652516        623.2437              623.2437
 8.8957638e-126        310.9563      0.26160318      0.95759596       3.1050912     -0.30652516      -0.30652516       622.52565             622.52565
 1.2978421e-125       310.56308      0.24449326       1.0337673       3.1550007     -0.30652516      -0.30652516       621.73921             621.73921
 3.4337135e-125       309.57464      0.23832088       1.0350843       3.1843408     -0.30652516      -0.30652516       619.76233             619.76233
 3.4638564e-125       309.55039      0.24618563       1.0257155       3.1223093     -0.30652516      -0.30652516       619.71384             619.71384
 2.2250285e-123       305.37233      0.24863681       1.0116369       3.1136252     -0.30652516      -0.30652516       611.35772             611.35772
 2.8725976e-121       300.49621      0.23370481      0.97725847        3.248554     -0.30652516      -0.30652516       601.60547             601.60547
 2.4356405e-120       298.34313      0.27525771       1.0025438         2.98488     -0.30652516      -0.30652516       597.29931             597.29931
 7.6133936e-119       294.88534      0.24386838      0.99826991       3.1509134     -0.30652516      -0.30652516       590.38373             590.38373
 4.2452096e-118       293.15137      0.27117677        1.030994       2.9933843     -0.30652516      -0.30652516       586.91579             586.91579
 4.8910021e-116       288.38909      0.23960293       1.0147297       3.1960138     -0.30652516      -0.30652516       577.39123             577.39123
 3.1055537e-115        286.5252       0.2410941      0.93860607       3.2117419     -0.30652516      -0.30652516       573.66346             573.66346
 1.0252489e-114       285.31537      0.25625411      0.98523908       3.0845021     -0.30652516      -0.30652516       571.24379             571.24379
 7.1397783e-113       281.05654      0.24537745      0.94716714       3.1746961     -0.30652516      -0.30652516       562.72612             562.72612
 7.6775873e-112       278.66582      0.25210315      0.99462135       3.1394731     -0.30652516      -0.30652516        557.9447              557.9447
 1.4375351e-111       278.02311      0.25657233       1.0033972       3.1080059     -0.30652516      -0.30652516       556.65927             556.65927
 1.9216906e-111       277.71733      0.25667514       1.0392078       3.0558696     -0.30652516      -0.30652516       556.04771             556.04771
 1.0460835e-110       276.00739      0.23765763      0.99758897       3.2173925     -0.30652516      -0.30652516       552.62784             552.62784
 3.0850721e-108        270.3052      0.25009039       1.0105546       3.1066878     -0.30652516      -0.30652516       541.22344             541.22344
 7.7370718e-108       269.37024      0.23388253       0.9972489       3.2337389     -0.30652516      -0.30652516       539.35354             539.35354
 3.7294619e-107       267.78191      0.23439997       1.0096729       3.2198547     -0.30652516      -0.30652516       536.17688             536.17688
 1.1123761e-105       264.37101      0.24350917      0.98610746       3.1612475     -0.30652516      -0.30652516       529.35506             529.35506
 3.5010718e-105       263.20893      0.24060117       1.0222142       3.1636036     -0.30652516      -0.30652516       527.03091             527.03091
 6.2971103e-104       260.30382      0.23460336      0.99326895       3.2217668     -0.30652516      -0.30652516       521.22069             521.22069
 1.0615788e-103       259.76606      0.27135544        1.022636       2.9960703     -0.30652516      -0.30652516       520.14518             520.14518
 1.4850926e-103       259.41484      0.26155251       0.9442332       3.0863577     -0.30652516      -0.30652516       519.44273             519.44273
 1.4646299e-103       259.41321      0.25956237      0.99585703       3.0947598     -0.30652516      -0.30652516       519.43947             519.43947
 6.7133982e-102       255.57262      0.24392554      0.93419218       3.2013953     -0.30652516      -0.30652516       511.75829             511.75829
 1.3289063e-101       254.87428       0.2696796       1.0087671       3.0236865     -0.30652516      -0.30652516       510.36161             510.36161
 2.6191638e-101       254.18027       0.2724113      0.98658459       3.0203474     -0.30652516      -0.30652516        508.9736              508.9736
 1.1116819e-100       252.71917      0.26405134       1.0424795        3.021536     -0.30652516      -0.30652516       506.05138             506.05138
  1.3671648e-99       250.19421      0.23955748       1.0262201       3.1833348     -0.30652516      -0.30652516       501.00147             501.00147
   3.739437e-99       249.17251      0.26436496      0.93616403       3.0867028     -0.30652516      -0.30652516       498.95807             498.95807
  4.7138703e-98       246.62285      0.27005479      0.95875542       3.0377491     -0.30652516      -0.30652516       493.85875             493.85875
   5.409156e-98       246.46976      0.24173717      0.97447295       3.2071257     -0.30652516      -0.30652516       493.55257             493.55257
  7.6426658e-98        246.1086      0.23514847       1.0009151       3.2240363     -0.30652516      -0.30652516       492.83026             492.83026
  2.3043909e-97       244.98944      0.24032927       1.0306391       3.1739834     -0.30652516      -0.30652516       490.59194             490.59194
  6.1827934e-97       243.98699      0.24966114       1.0479188       3.1039151     -0.30652516      -0.30652516       488.58702             488.58702
  6.5784405e-97       243.90945       0.2426806       1.0353869       3.1577089     -0.30652516      -0.30652516       488.43196             488.43196
  2.1116323e-95       240.42512      0.25439018      0.92817196       3.1436231     -0.30652516      -0.30652516       481.46328             481.46328
  9.5777614e-95       238.89763      0.24457849       1.0224654       3.1606011     -0.30652516      -0.30652516       478.40831             478.40831
  1.4739944e-94       238.45101       0.2496051       1.0265216       3.1039291     -0.30652516      -0.30652516       477.51507             477.51507
  3.1467353e-93       235.37453      0.23804819      0.96404855       3.2288885     -0.30652516      -0.30652516       471.36211             471.36211
  3.1336713e-93       235.36319      0.24319539      0.95340745       3.1866594     -0.30652516      -0.30652516       471.33942             471.33942
  3.3072623e-92       232.99118      0.24212794      0.94180752       3.2073445     -0.30652516      -0.30652516       466.59541             466.59541
  1.2930112e-90       229.30965      0.24014941      0.96052113       3.2196571     -0.30652516      -0.30652516       459.23236             459.23236
  1.7660688e-90       228.98237      0.25573762      0.95328083       3.1111056     -0.30652516      -0.30652516       458.57778             458.57778
  6.8534759e-89       225.30828      0.26958502      0.96937531       3.0460283     -0.30652516      -0.30652516       451.22961             451.22961
  3.4327274e-85       216.77383       0.2601003      0.94029045        3.113715     -0.30652516      -0.30652516       434.16072             434.16072
  2.2822008e-84       214.86396      0.24819372       1.0236614       3.1383614     -0.30652516      -0.30652516       430.34097             430.34097
  4.3706526e-84       214.19868       0.2636112       0.9705017       3.0583993     -0.30652516      -0.30652516       429.01042             429.01042
  1.2859888e-82       210.80139      0.26031514       1.0409155       3.0433237     -0.30652516      -0.30652516       422.21584             422.21584
  1.0790748e-81       208.65873      0.24953836      0.95928755       3.1433663     -0.30652516      -0.30652516       417.93051             417.93051
  2.7454265e-81       207.70939      0.23786257       1.0073606       3.1939566     -0.30652516      -0.30652516       416.03183             416.03183
  3.7628044e-81       207.37866      0.24760694      0.93613978       3.1811516     -0.30652516      -0.30652516       415.37037             415.37037
  7.6381772e-81       206.65516      0.24528232       1.0357616       3.1331069     -0.30652516      -0.30652516       413.92337             413.92337
  4.7200858e-80        204.8184       0.2564343      0.98498413       3.0868623     -0.30652516      -0.30652516       410.24986             410.24986
  9.2801022e-78       199.52168      0.26841749      0.95961629       3.0490529     -0.30652516      -0.30652516       399.65642             399.65642
   1.284192e-77       199.18134      0.26936685      0.97298687       3.0327531     -0.30652516      -0.30652516       398.97572             398.97572
  8.0433572e-76       195.02853      0.26930197      0.98095326       3.0399111     -0.30652516      -0.30652516       390.67011             390.67011
  1.6856278e-74       191.97056      0.26863621      0.97388985       3.0353539     -0.30652516      -0.30652516       384.55418             384.55418
  1.6622458e-74       191.96903      0.26037841      0.95058916       3.0911529     -0.30652516      -0.30652516       384.55111             384.55111
  6.5442133e-74       190.58311      0.25512845        1.015988       3.1036685     -0.30652516      -0.30652516       381.77928             381.77928
  6.2592681e-72       186.00696      0.24649816      0.98694504       3.1451605     -0.30652516      -0.30652516       372.62696             372.62696
  3.6504908e-71       184.22807      0.23714713      0.99072936       3.2103799     -0.30652516      -0.30652516       369.06919             369.06919
  8.9902432e-71       183.31129      0.24766028         1.03685       3.1207153     -0.30652516      -0.30652516       367.23562             367.23562
  6.1451236e-70       181.37368      0.24930086      0.99213054       3.1530884     -0.30652516      -0.30652516       363.36041             363.36041
  3.6289731e-68       177.27971      0.23746372      0.97959293       3.2169097     -0.30652516      -0.30652516       355.17248             355.17248
  2.6497909e-66       172.97351      0.26405186       1.0102301       3.0351425     -0.30652516      -0.30652516       346.56007             346.56007
  4.0464191e-66       172.53465      0.24401086       1.0279828       3.1515269     -0.30652516      -0.30652516       345.68235             345.68235
  1.0290099e-65        171.5858      0.25647975        1.009177       3.0747962     -0.30652516      -0.30652516       343.78465             343.78465
  2.5543428e-64       168.35851       0.2523816      0.99569461       3.1327918     -0.30652516      -0.30652516       337.33007             337.33007
  4.9070211e-63       165.38755      0.25851269       1.0049853       3.0661597     -0.30652516      -0.30652516       331.38815             331.38815
  1.3587847e-62       164.35354      0.25065069      0.94200288       3.1628586     -0.30652516      -0.30652516       329.32012             329.32012
  1.8556773e-62       164.02637      0.26392544      0.98643504       3.0697983     -0.30652516      -0.30652516        328.6658              328.6658
  9.1856159e-62       162.41148      0.26236459       1.0161996       3.0581613     -0.30652516      -0.30652516       325.43601             325.43601
  3.7750387e-61       160.98262      0.23949121      0.99820276       3.1892871     -0.30652516      -0.30652516       322.57829             322.57829
   7.314239e-60       158.00312       0.2470205      0.94605965       3.1806467     -0.30652516      -0.30652516       316.61928             316.61928
  1.5059875e-58       154.96282      0.25719396        1.016694       3.0684565     -0.30652516      -0.30652516       310.53868             310.53868
  1.0468966e-57       153.00835      0.24036972      0.97208429       3.2081381     -0.30652516      -0.30652516       306.62974             306.62974
  3.5262424e-57       151.77844      0.26516447      0.96046418       3.0653637     -0.30652516      -0.30652516       304.16993             304.16993
  7.0981516e-56       148.76075      0.26745507      0.97294976        3.046727     -0.30652516      -0.30652516       298.13455             298.13455
  1.8610391e-55       147.78136      0.24812611      0.96247377       3.1532079     -0.30652516      -0.30652516       296.17577             296.17577
  9.3893958e-55       146.14741      0.24738421      0.96047061       3.1595865     -0.30652516      -0.30652516       292.90787             292.90787
  6.2798809e-54       144.23155      0.25258728      0.95102962       3.1505249     -0.30652516      -0.30652516       289.07615             289.07615
   7.488042e-54       144.04009      0.26416336      0.96521543       3.0650982     -0.30652516      -0.30652516       288.69323             288.69323
  5.6302989e-53       143.00348      0.25227469      0.99009055       3.1356097     -0.30652516      -0.30652516       286.62001             286.62001
  1.7896354e-48        132.6367      0.26268827       1.0077695       3.0607684     -0.30652516      -0.30652516       265.88646             265.88646
  5.4451108e-43       119.80628      0.24755748       1.0056428        3.132444     -0.30652516      -0.30652516        240.2256              240.2256
  3.6770367e-41       115.59372      0.26306417        1.005006       3.0470487     -0.30652516      -0.30652516       231.80049             231.80049
  2.8146471e-40        113.5584      0.24279382       1.0012163        3.167798     -0.30652516      -0.30652516       227.72986             227.72986
   6.168681e-39       110.43035      0.25539919       1.0017558       3.0880578     -0.30652516      -0.30652516       221.47375             221.47375
  2.2428288e-38       109.09869      0.24916093        1.001296       3.1440321     -0.30652516      -0.30652516       218.81043             218.81043
  5.0686857e-37       105.90072      0.25109914      0.99076949       3.1398055     -0.30652516      -0.30652516       212.41448             212.41448
  2.5830714e-35       101.85632      0.25304024       1.0153681       3.1105154     -0.30652516      -0.30652516       204.32569             204.32569
  5.6244013e-34       98.739231      0.24974995       1.0173334       3.1266471     -0.30652516      -0.30652516       198.09151             198.09151
   1.436496e-31       93.160016      0.25050892       1.0088318       3.1296835     -0.30652516      -0.30652516       186.93308             186.93308
  3.1902192e-31       92.362133      0.25042524       1.0068335       3.1160389     -0.30652516      -0.30652516       185.33732             185.33732
  3.4292854e-30       89.987286       0.2568612       1.0037369       3.0965941     -0.30652516      -0.30652516       180.58762             180.58762
  9.8988635e-30       88.927218      0.25308331       1.0200612       3.0969224     -0.30652516      -0.30652516       178.46749             178.46749
  4.9522087e-29       87.237176      0.24762859       1.0164684       3.1347081     -0.30652516      -0.30652516        175.0874              175.0874
  1.6942748e-28        85.96795      0.24597949        1.011245        3.149192     -0.30652516      -0.30652516       172.54895             172.54895
  4.2069886e-28       85.019237      0.24813973       1.0026821       3.1328557     -0.30652516      -0.30652516       170.65152             170.65152
  4.3017554e-28        84.99696      0.24765894       1.0156001       3.1360041     -0.30652516      -0.30652516       170.60697             170.60697
  1.2447435e-27       83.893647      0.25807823       1.0120067       3.0717244     -0.30652516      -0.30652516       168.40034             168.40034
  3.8991975e-25       78.066593      0.25528173       1.0139375       3.0961208     -0.30652516      -0.30652516       156.74624             156.74624
  7.8524442e-25       77.327318      0.25557387       1.0037161        3.103224     -0.30652516      -0.30652516       155.26769             155.26769
  2.3953444e-24        76.17281      0.25242714       1.0074018       3.1185205     -0.30652516      -0.30652516       152.95867             152.95867
  7.1711968e-24       74.999304       0.2608004       1.0041888       3.0694793     -0.30652516      -0.30652516       150.61166             150.61166
  2.8505868e-23       73.619266      0.25809868       1.0146574       3.0751696     -0.30652516      -0.30652516       147.85158             147.85158
  2.5985944e-22       71.370014      0.24732397       1.0074989       3.1385518     -0.30652516      -0.30652516       143.35308             143.35308
  7.4741995e-22       70.274307      0.25819008       1.0119279       3.0737101     -0.30652516      -0.30652516       141.16167             141.16167
  1.8153231e-21       69.347695      0.24644712       1.0020002       3.1465852     -0.30652516      -0.30652516       139.30844             139.30844
  2.2048769e-20       66.850702      0.25595911        1.015223       3.0871035     -0.30652516      -0.30652516       134.31445             134.31445
  2.7997459e-20       66.571023      0.25456449       1.0131255       3.0994836     -0.30652516      -0.30652516        133.7551              133.7551
  4.7188777e-20       66.048981       0.2477164       1.0043634       3.1452577     -0.30652516      -0.30652516       132.71101             132.71101
  1.1887138e-19       65.082535      0.25508564        1.013364       3.0900614     -0.30652516      -0.30652516       130.77812             130.77812
  1.4920509e-19       64.812696      0.24986149       1.0133433       3.1232821     -0.30652516      -0.30652516       130.23844             130.23844
  2.0187922e-19       64.510348      0.24604825      0.99988576       3.1564644     -0.30652516      -0.30652516       129.63375             129.63375
  8.7905221e-18       60.692136      0.25116155      0.99833408       3.1182081     -0.30652516      -0.30652516       121.99732             121.99732
  1.6223504e-17       60.034898      0.26005996       1.0013571       3.0696771     -0.30652516      -0.30652516       120.68285             120.68285
  1.8956893e-17       59.834739       0.2499791        1.006958       3.1224143     -0.30652516      -0.30652516       120.28253             120.28253
  6.9525565e-17       58.535212      0.24929139       1.0083107       3.1321782     -0.30652516      -0.30652516       117.68347             117.68347
  4.5116628e-16       56.665071      0.25024464      0.99204087       3.1399745     -0.30652516      -0.30652516       113.94319             113.94319
  5.2414891e-16       56.515131      0.25276849       1.0014181       3.1076794     -0.30652516      -0.30652516       113.64331             113.64331
  1.0168861e-15       55.801113      0.25973232       1.0007583        3.076235     -0.30652516      -0.30652516       112.21528             112.21528
     4.5613e-15       54.300251      0.25184933       1.0020995       3.1131164     -0.30652516      -0.30652516       109.21355             109.21355
  6.8502713e-15        53.89357      0.25633295       1.0073418       3.0925108     -0.30652516      -0.30652516       108.40019             108.40019
   7.536411e-14       52.131516       0.2491767       1.0045902       3.1297483     -0.30652516      -0.30652516       104.87608             104.87608
  1.5024044e-12       49.021242      0.25191685       1.0048496       3.1125282     -0.30652516      -0.30652516       98.655534             98.655534
  1.8091414e-11       46.532871      0.25190021       1.0078378       3.1129059     -0.30652516      -0.30652516       93.678793             93.678793
  2.1285881e-11       46.370265      0.25580265       1.0075377       3.0933805     -0.30652516      -0.30652516        93.35358              93.35358
  2.0758113e-10       43.938636      0.25474941       1.0053469       3.1023714     -0.30652516      -0.30652516       88.490322             88.490322
   2.252099e-09        41.55454      0.25331924       1.0070683       3.1076738     -0.30652516      -0.30652516       83.722131             83.722131
  5.0974787e-09       40.737657      0.25110647       1.0043113       3.1232078     -0.30652516      -0.30652516       82.088364             82.088364
  7.6939339e-09       40.325971      0.25061671        1.003866        3.125925     -0.30652516      -0.30652516       81.264991             81.264991
  2.2906392e-08       39.234987       0.2544352       1.0041051       3.1044178     -0.30652516      -0.30652516       79.083024             79.083024
  4.6186257e-07       36.231135      0.25318517       1.0036555       3.1113777     -0.30652516      -0.30652516       73.075321             73.075321
