 -0.170232442262259E+009  0.766278890968858E+000  0.117097291409633E+001  0.365286899148734E+001 -0.243797942085762E+001  0.194494911732376E+001 -0.268920711330073E+001  0.000000000000000E+000 -0.170232442262259E+009
 -0.162595998252485E+009  0.821252473240003E+000  0.111717475670647E+001  0.363219841789633E+001 -0.112000481767734E+001 -0.113276751412526E+001 -0.268920711330073E+001  0.000000000000000E+000 -0.162595998252485E+009
 -0.132547048656779E+009  0.890145755070613E+000  0.997398746679000E+000  0.377315705807992E+001 -0.135364907860624E+000 -0.649111253195858E-001 -0.268920711330073E+001  0.000000000000000E+000 -0.132547048656779E+009
 -0.850234762653511E+008  0.737750271159842E+000  0.100724121615941E+001  0.382118621679732E+001  0.435990668016899E-001 -0.294705257673845E+001 -0.268920711330073E+001  0.000000000000000E+000 -0.850234762653511E+008
 -0.823944786440544E+008  0.876928452908759E+000  0.102090799162668E+001  0.346888605045457E+001 -0.268119893494212E+001 -0.564604837870092E+000 -0.268920711330073E+001  0.000000000000000E+000 -0.823944786440544E+008
 -0.681209361214365E+008  0.814113682138101E+000  0.111080058184734E+001  0.332955823790497E+001 -0.290957386472388E+001 -0.209633654442007E+001 -0.268920711330073E+001  0.000000000000000E+000 -0.681209361214365E+008
 -0.625274522889187E+008  0.782782718824959E+000  0.910536088578916E+000  0.377233108464968E+001 -0.175056819005352E+001 -0.233010669703799E+001 -0.268920711330073E+001  0.000000000000000E+000 -0.625274522889187E+008
 -0.566515003835997E+008  0.659606392687467E+000  0.106316443117086E+001  0.372610522450726E+001 -0.288155408401687E+001 -0.995731994951587E+000 -0.268920711330073E+001  0.000000000000000E+000 -0.566515003835997E+008
 -0.553614188288050E+008  0.869675462027458E+000  0.113202617154692E+001  0.309693245076385E+001 -0.115194062107380E+001 -0.200678073237791E+000 -0.268920711330073E+001  0.000000000000000E+000 -0.553614188288050E+008
 -0.531631086223944E+008  0.825867216552442E+000  0.119092477963584E+001  0.303751726773806E+001 -0.114983177303066E+001 -0.166470199819363E+001 -0.268920711330073E+001  0.000000000000000E+000 -0.531631086223944E+008
 -0.494355648035124E+008  0.602833362149508E+000  0.107114083728507E+001  0.381609376064415E+001 -0.280830630520284E+001 -0.173075982442118E+001 -0.268920711330073E+001  0.000000000000000E+000 -0.494355648035124E+008
 -0.437608835990282E+008  0.857567035607353E+000  0.879701601804189E+000  0.355537379234135E+001 -0.256620979266914E+001 -0.134274496889604E+001 -0.268920711330073E+001  0.000000000000000E+000 -0.437608835990282E+008
 -0.414492062904340E+008  0.781224252281903E+000  0.105302433535629E+001  0.337173235601776E+001 -0.752401338178151E+000 -0.699819455087507E-001 -0.268920711330073E+001  0.000000000000000E+000 -0.414492062904340E+008
 -0.384264319672801E+008  0.716001362625358E+000  0.117740088709256E+001  0.322717605740664E+001 -0.150607358745530E+001  0.122802943856236E+001 -0.268920711330073E+001  0.000000000000000E+000 -0.384264319672801E+008
 -0.363126704688220E+008  0.847704729434664E+000  0.992089779152750E+000  0.329949320686618E+001 -0.229784301135142E+000 -0.215358687447174E+001 -0.268920711330073E+001  0.000000000000000E+000 -0.363126704688220E+008
 -0.356046328409017E+008  0.787750914180344E+000  0.830891724051541E+000  0.368196157698814E+001 -0.226826834047331E+001 -0.153249957078044E+001 -0.268920711330073E+001  0.000000000000000E+000 -0.356046328409017E+008
 -0.348295289647465E+008  0.828538165204655E+000  0.856682361598882E+000  0.356347672994834E+001 -0.191433984613658E+001  0.820921415131444E+000 -0.268920711330073E+001  0.000000000000000E+000 -0.348295289647465E+008
 -0.338383774240285E+008  0.593165234892304E+000  0.113441331762607E+001  0.359253389266107E+001 -0.153402688511059E+001 -0.299346405559107E+001 -0.268920711330073E+001  0.000000000000000E+000 -0.338383774240285E+008
 -0.318697815109257E+008  0.586081078087918E+000  0.111860126114154E+001  0.363612538111230E+001 -0.175708214368296E+001  0.126171851045277E+001 -0.268920711330073E+001  0.000000000000000E+000 -0.318697815109257E+008
 -0.276671655598156E+008  0.604520591079090E+000  0.108292309670373E+001  0.358081819589494E+001 -0.215704973980882E+001 -0.227684797634597E+001 -0.268920711330073E+001  0.000000000000000E+000 -0.276671655598156E+008
 -0.248309282246316E+008  0.685291963967206E+000  0.922822262417500E+000  0.360334602048181E+001 -0.291306206870045E+001 -0.148386755178174E+001 -0.268920711330073E+001  0.000000000000000E+000 -0.248309282246316E+008
 -0.246121167353410E+008  0.626988047158291E+000  0.802550394379739E+000  0.387932193396918E+001 -0.161599406221464E+001 -0.611957383992225E+000 -0.268920711330073E+001  0.000000000000000E+000 -0.246121167353410E+008
 -0.228008181345744E+008  0.698458156230562E+000  0.954669179583321E+000  0.370543733425513E+001  0.605986096076672E+000 -0.181352518539533E+001 -0.268920711330073E+001  0.000000000000000E+000 -0.228008181345744E+008
 -0.219959699202378E+008  0.899847360196600E+000  0.119357581279445E+001  0.258671983008738E+001  0.607346004829510E-001 -0.262510572303473E+001 -0.268920711330073E+001  0.000000000000000E+000 -0.219959699202378E+008
 -0.215896118853272E+008  0.878220387380264E+000  0.956854695317840E+000  0.312317058900258E+001 -0.251742669540383E+001  0.243945768091903E+000 -0.268920711330073E+001  0.000000000000000E+000 -0.215896118853272E+008
 -0.205505965692699E+008  0.701023773861745E+000  0.907682410262365E+000  0.356707749374752E+001  0.466114953785041E+000 -0.281725434797348E+001 -0.268920711330073E+001  0.000000000000000E+000 -0.205505965692699E+008
 -0.200303560565113E+008  0.865758396386441E+000  0.801168709783976E+000  0.339120899941005E+001 -0.267083157226985E+000 -0.150783518498810E+001 -0.268920711330073E+001  0.000000000000000E+000 -0.200303560565113E+008
 -0.197786483289332E+008  0.648741513778790E+000  0.104624436726062E+001  0.341337243490163E+001 -0.100457647724675E+001 -0.207352710874405E+001 -0.268920711330073E+001  0.000000000000000E+000 -0.197786483289332E+008
 -0.188297947288405E+008  0.893523899898694E+000  0.109203768488716E+001  0.277331833907529E+001 -0.185031125277408E+001 -0.156872305564207E+001 -0.268920711330073E+001  0.000000000000000E+000 -0.188297947288405E+008
 -0.186170819835193E+008  0.517951634777142E+000  0.946459536295988E+000  0.387314330262762E+001 -0.164859428555797E+001 -0.108541612593672E+001 -0.268920711330073E+001  0.000000000000000E+000 -0.186170819835193E+008
 -0.185799237479156E+008  0.605936156807637E+000  0.882207171902892E+000  0.372333079061492E+001 -0.175190035873788E+001 -0.178649768016134E+001 -0.268920711330073E+001  0.000000000000000E+000 -0.185799237479156E+008
 -0.178738236890210E+008  0.599837252213438E+000  0.103913166342939E+001  0.351754986332303E+001 -0.548509676026768E+000 -0.268114084199682E+001 -0.268920711330073E+001  0.000000000000000E+000 -0.178738236890210E+008
 -0.170606222878094E+008  0.661216927376761E+000  0.103045932745199E+001  0.338095973863569E+001 -0.283462761761379E+000 -0.158158115532909E+001 -0.268920711330073E+001  0.000000000000000E+000 -0.170606222878094E+008
 -0.165680323635029E+008  0.523626085302796E+000  0.106959109073973E+001  0.365868432517251E+001 -0.192681929870252E+001 -0.200316312331298E+000 -0.268920711330073E+001  0.000000000000000E+000 -0.165680323635029E+008
 -0.142962986439993E+008  0.839260738405640E+000  0.115427130797149E+001  0.266476808488257E+001  0.172784746549778E+000 -0.277777027634704E+001 -0.268920711330073E+001  0.000000000000000E+000 -0.142962986439993E+008
 -0.139432353322017E+008  0.524297134750602E+000  0.842268588465512E+000  0.382276977266730E+001 -0.472290793891636E+000 -0.296007067042986E+001 -0.268920711330073E+001  0.000000000000000E+000 -0.139432353322017E+008
 -0.138128471149751E+008  0.685015630870472E+000  0.978120919673291E+000  0.330707588965217E+001 -0.270605668508909E+001  0.613937008889327E+000 -0.268920711330073E+001  0.000000000000000E+000 -0.138128471149751E+008
 -0.131815001544916E+008  0.681253484101509E+000  0.921229953076024E+000  0.344054518160783E+001  0.114377236034164E+000 -0.166169029667001E+001 -0.268920711330073E+001  0.000000000000000E+000 -0.131815001544916E+008
 -0.130917271532349E+008  0.898124120554805E+000  0.871188272333915E+000  0.306903138812772E+001 -0.234066006974722E+001 -0.150599843896481E+000 -0.268920711330073E+001  0.000000000000000E+000 -0.130917271532349E+008
 -0.122777499287408E+008  0.557569997299120E+000  0.113466798896978E+001  0.334972452770609E+001 -0.171104135428140E+001  0.286377239298420E+000 -0.268920711330073E+001  0.000000000000000E+000 -0.122777499287408E+008
 -0.122188941855796E+008  0.659357952406227E+000  0.105784637504465E+001  0.319776436821102E+001 -0.962692835477363E+000 -0.246944532640513E+001 -0.268920711330073E+001  0.000000000000000E+000 -0.122188941855796E+008
 -0.120514098026076E+008  0.504825512709186E+000  0.852873235864724E+000  0.381262906803746E+001 -0.141084472641289E+001 -0.248910735557040E+001 -0.268920711330073E+001  0.000000000000000E+000 -0.120514098026076E+008
 -0.117629946868621E+008  0.773609224261706E+000  0.108684969656520E+001  0.287171348295304E+001 -0.109531316300075E+001 -0.195357589159369E+001 -0.268920711330073E+001  0.000000000000000E+000 -0.117629946868621E+008
 -0.115686121811764E+008  0.530588365484592E+000  0.118191143098626E+001  0.333144563298785E+001 -0.244747268158682E+001  0.159702112101391E+001 -0.268920711330073E+001  0.000000000000000E+000 -0.115686121811764E+008
 -0.107072776095534E+008  0.851918915205496E+000  0.103196895144113E+001  0.279177364050825E+001 -0.280895795008732E+001 -0.305370271869305E+000 -0.268920711330073E+001  0.000000000000000E+000 -0.107072776095534E+008
 -0.107018075124847E+008  0.415544023628491E+000  0.108913812726776E+001  0.383242941866612E+001 -0.217067813795464E+001 -0.141501475080758E+001 -0.268920711330073E+001  0.000000000000000E+000 -0.107018075124847E+008
 -0.100936513494468E+008  0.498400709642178E+000  0.808221627845633E+000  0.378963988010859E+001 -0.256479347377643E+001 -0.267048440216129E+001 -0.268920711330073E+001  0.000000000000000E+000 -0.100936513494468E+008
 -0.986757426736734E+007  0.838510680182738E+000  0.876572523346248E+000  0.305623301040767E+001 -0.138849872409823E+001 -0.155613348876967E+001 -0.268920711330073E+001  0.000000000000000E+000 -0.986757426736734E+007
 -0.913613951848092E+007  0.436590201264793E+000  0.946786754728142E+000  0.382324724732431E+001 -0.234173114089740E+001 -0.186648138085254E+001 -0.268920711330073E+001  0.000000000000000E+000 -0.913613951848092E+007
 -0.910142704596706E+007  0.766646020581813E+000  0.824536772293374E+000  0.339274069047977E+001  0.718356976761515E+000 -0.187590941757488E+001 -0.268920711330073E+001  0.000000000000000E+000 -0.910142704596706E+007
 -0.906749482488425E+007  0.496072270698307E+000  0.108016488734872E+001  0.358043047445080E+001 -0.390108200709677E+000 -0.650661944529183E+000 -0.268920711330073E+001  0.000000000000000E+000 -0.906749482488425E+007
 -0.898987706566546E+007  0.734886862333211E+000  0.116312378918888E+001  0.273869174294746E+001 -0.141125931627572E+001  0.116355266813841E+001 -0.268920711330073E+001  0.000000000000000E+000 -0.898987706566546E+007
 -0.881812437277008E+007  0.861915251451022E+000  0.865607810004034E+000  0.299626279919233E+001 -0.173457782473981E+001 -0.409635448650008E+000 -0.268920711330073E+001  0.000000000000000E+000 -0.881812437277008E+007
 -0.849170239419486E+007  0.390920552644916E+000  0.110542288848314E+001  0.381954877703570E+001 -0.165962411515377E+001 -0.158956351639335E+001 -0.268920711330073E+001  0.000000000000000E+000 -0.849170239419486E+007
 -0.842243086104800E+007  0.795356158953427E+000  0.857258915704218E+000  0.309680204013491E+001 -0.222546866578593E+001 -0.620630196353258E+000 -0.268920711330073E+001  0.000000000000000E+000 -0.842243086104800E+007
 -0.811113421222267E+007  0.700057217092230E+000  0.968379449393448E+000  0.312104838542707E+001 -0.868292801235298E+000 -0.360787598309915E+000 -0.268920711330073E+001  0.000000000000000E+000 -0.811113421222267E+007
 -0.809160956666774E+007  0.733556440972718E+000  0.111726602334605E+001  0.278278377518221E+001 -0.655618963487688E+000 -0.231090742297269E+001 -0.268920711330073E+001  0.000000000000000E+000 -0.809160956666774E+007
 -0.806015436006657E+007  0.866958074120667E+000  0.828817232702131E+000  0.300998204620459E+001 -0.126276206150661E+001 -0.209704282989865E+001 -0.268920711330073E+001  0.000000000000000E+000 -0.806015436006657E+007
 -0.782640102793840E+007  0.594711383778696E+000  0.911456824464071E+000  0.338852739529972E+001 -0.229224675454953E+001 -0.102062577353471E+000 -0.268920711330073E+001  0.000000000000000E+000 -0.782640102793840E+007
 -0.763061564156542E+007  0.760650200438324E+000  0.102742314489865E+001  0.286655187691546E+001 -0.196743482048966E+001 -0.296377969101850E+001 -0.268920711330073E+001  0.000000000000000E+000 -0.763061564156542E+007
 -0.686980608610401E+007  0.383757974933898E+000  0.101470769124203E+001  0.383091681237025E+001 -0.295827154586874E+000 -0.114502599723666E+001 -0.268920711330073E+001  0.000000000000000E+000 -0.686980608610401E+007
 -0.604483579442831E+007  0.590840613334873E+000  0.893502123573475E+000  0.332073311854391E+001 -0.243194327290733E+001 -0.124600119023417E+001 -0.268920711330073E+001  0.000000000000000E+000 -0.604483579442831E+007
 -0.601163793615343E+007  0.513545096157682E+000  0.970512311285635E+000  0.343063542697844E+001  0.508328840998652E+000 -0.260149506847584E+001 -0.268920711330073E+001  0.000000000000000E+000 -0.601163793615343E+007
 -0.577002395915336E+007  0.699516806058670E+000  0.116599483140769E+001  0.267077625769928E+001 -0.340080238137346E+000 -0.203654445985795E+001 -0.268920711330073E+001  0.000000000000000E+000 -0.577002395915336E+007
 -0.572165540304769E+007  0.417596569577711E+000  0.105533666076210E+001  0.362962557124443E+001 -0.261212698058053E+001  0.115738337886879E+001 -0.268920711330073E+001  0.000000000000000E+000 -0.572165540304769E+007
 -0.567201923335110E+007  0.410525433903977E+000  0.118117072341849E+001  0.353542125872820E+001 -0.153724350035414E+001  0.673799873749680E+000 -0.268920711330073E+001  0.000000000000000E+000 -0.567201923335110E+007
 -0.527910287166187E+007  0.629489939214475E+000  0.875367255803455E+000  0.321026867329054E+001 -0.202627734604756E+001 -0.211755653776726E+001 -0.268920711330073E+001  0.000000000000000E+000 -0.527910287166187E+007
 -0.521183269332555E+007  0.758589175568281E+000  0.102955696556069E+001  0.274534570737146E+001 -0.195335792678663E+001 -0.284450235357713E+001 -0.268920711330073E+001  0.000000000000000E+000 -0.521183269332555E+007
 -0.503553994955423E+007  0.866455681650146E+000  0.839977703356410E+000  0.283369082030989E+001 -0.193715794245523E+001 -0.401332287868594E+000 -0.268920711330073E+001  0.000000000000000E+000 -0.503553994955423E+007
 -0.496555628041485E+007  0.869936437644816E+000  0.100745165558360E+001  0.256449757074854E+001 -0.198638717980808E+001  0.279557176504746E+000 -0.268920711330073E+001  0.000000000000000E+000 -0.496555628041485E+007
 -0.496208240757835E+007  0.487085892055874E+000  0.904233004390233E+000  0.350362986760745E+001 -0.639742589329092E+000 -0.825609255921480E+000 -0.268920711330073E+001  0.000000000000000E+000 -0.496208240757835E+007
 -0.490576526325495E+007  0.495133404501853E+000  0.955225039177018E+000  0.342506986026448E+001 -0.249473940271505E+001  0.986690511387123E+000 -0.268920711330073E+001  0.000000000000000E+000 -0.490576526325495E+007
 -0.476700997808563E+007  0.483329184963072E+000  0.852024177948140E+000  0.352286424982830E+001 -0.247159500397462E+001 -0.741353716118813E+000 -0.268920711330073E+001  0.000000000000000E+000 -0.476700997808563E+007
 -0.456155545609086E+007  0.365771705473123E+000  0.113344031834309E+001  0.361821315263588E+001  0.580384707376731E+000 -0.243292229628300E+001 -0.268920711330073E+001  0.000000000000000E+000 -0.456155545609086E+007
 -0.455463910737062E+007  0.843766634714568E+000  0.105436843181029E+001  0.252262334152709E+001 -0.412698399904686E+000 -0.433059259120862E+000 -0.268920711330073E+001  0.000000000000000E+000 -0.455463910737062E+007
 -0.439864748803468E+007  0.743813663960435E+000  0.809038659890445E+000  0.319002766973697E+001  0.540915721411458E+000 -0.156331540951977E+001 -0.268920711330073E+001  0.000000000000000E+000 -0.439864748803468E+007
 -0.433488208588711E+007  0.604291702902607E+000  0.929244731455621E+000  0.313608355792061E+001  0.105140727233614E+000 -0.298019505452462E+001 -0.268920711330073E+001  0.000000000000000E+000 -0.433488208588711E+007
 -0.413709101255663E+007  0.854349674547720E+000  0.115981085281123E+001  0.225495431105416E+001 -0.876491001035877E+000  0.110554566010606E+000 -0.268920711330073E+001  0.000000000000000E+000 -0.413709101255663E+007
 -0.412777290190701E+007  0.608978144060498E+000  0.805649885059537E+000  0.335826892443260E+001  0.105340977035975E-001 -0.942619593206456E+000 -0.268920711330073E+001  0.000000000000000E+000 -0.412777290190701E+007
 -0.401702741530184E+007  0.531958749295397E+000  0.119954573899834E+001  0.295444310814766E+001 -0.234657779273714E+001 -0.233688029010018E+001 -0.268920711330073E+001  0.000000000000000E+000 -0.401702741530184E+007
 -0.399384928556962E+007  0.335548865064650E+000  0.117806167204874E+001  0.372081982654178E+001 -0.211763097963566E+001 -0.244916714451504E+001 -0.268920711330073E+001  0.000000000000000E+000 -0.399384928556962E+007
 -0.375346266260588E+007  0.594326260813135E+000  0.954451473532240E+000  0.308867442815039E+001 -0.138947929947907E+001 -0.150097045702534E+001 -0.268920711330073E+001  0.000000000000000E+000 -0.375346266260588E+007
 -0.365622332542853E+007  0.597376788528944E+000  0.923735335286918E+000  0.314729327039743E+001  0.590131731021959E-003 -0.157226025395259E+001 -0.268920711330073E+001  0.000000000000000E+000 -0.365622332542853E+007
 -0.362430789850374E+007  0.712840905642402E+000  0.100894067002172E+001  0.275608917202904E+001 -0.186986095449238E+001 -0.545549177953312E+000 -0.268920711330073E+001  0.000000000000000E+000 -0.362430789850374E+007
 -0.362354058552482E+007  0.605294899129794E+000  0.912329506856499E+000  0.313236191229109E+001 -0.476957633415734E+000 -0.729463622863945E+000 -0.268920711330073E+001  0.000000000000000E+000 -0.362354058552482E+007
 -0.349936734144670E+007  0.501568010201230E+000  0.116210638066935E+001  0.306354223325118E+001 -0.134231164876828E+001 -0.117341596503887E+001 -0.268920711330073E+001  0.000000000000000E+000 -0.349936734144670E+007
 -0.306563290296250E+007  0.480232118309114E+000  0.916150021041809E+000  0.331231087880563E+001 -0.128390997730760E+000 -0.238086686849416E+001 -0.268920711330073E+001  0.000000000000000E+000 -0.306563290296250E+007
 -0.304938831788130E+007  0.374839288592296E+000  0.912834605911299E+000  0.377753201726601E+001 -0.364395529017392E-001 -0.996648283793330E+000 -0.268920711330073E+001  0.000000000000000E+000 -0.304938831788130E+007
 -0.304818407156475E+007  0.436902710965518E+000  0.972019723210334E+000  0.340161207618469E+001 -0.996140722023978E+000 -0.246854648597317E+001 -0.268920711330073E+001  0.000000000000000E+000 -0.304818407156475E+007
 -0.294909193945758E+007  0.580997498455540E+000  0.896058141262872E+000  0.309378300422915E+001 -0.257752548397690E+001 -0.285466672260701E+001 -0.268920711330073E+001  0.000000000000000E+000 -0.294909193945758E+007
 -0.292530419828056E+007  0.739089144748827E+000  0.894960528301434E+000  0.278739099035188E+001 -0.208300204964511E+001 -0.144633687993387E+001 -0.268920711330073E+001  0.000000000000000E+000 -0.292530419828056E+007
 -0.270119438811346E+007  0.669143144237973E+000  0.101975521607629E+001  0.274207480337957E+001 -0.207229018542310E+001  0.548100010466526E+000 -0.268920711330073E+001  0.000000000000000E+000 -0.270119438811346E+007
 -0.269632285650347E+007  0.808220568780056E+000  0.865758906356571E+000  0.268421078658230E+001 -0.174166990949872E+001 -0.183792885758541E+001 -0.268920711330073E+001  0.000000000000000E+000 -0.269632285650347E+007
 -0.259269421472433E+007  0.424527680042605E+000  0.118934993170102E+001  0.320213096297407E+001 -0.204657192720166E+001 -0.238267088142482E+001 -0.268920711330073E+001  0.000000000000000E+000 -0.259269421472433E+007
 -0.256324095936384E+007  0.421057849652319E+000  0.106987722971621E+001  0.332642092661759E+001 -0.382562677774027E+000 -0.126850446802565E+001 -0.268920711330073E+001  0.000000000000000E+000 -0.256324095936384E+007
 -0.254582219677661E+007  0.666072257352177E+000  0.105583897301280E+001  0.268022959804414E+001 -0.155638909512607E+001 -0.110939637245164E+001 -0.268920711330073E+001  0.000000000000000E+000 -0.254582219677661E+007
 -0.248108219698712E+007  0.579358694389246E+000  0.119029970174825E+001  0.268581365808060E+001 -0.293280123386674E+001 -0.863418909149279E+000 -0.268920711330073E+001  0.000000000000000E+000 -0.248108219698712E+007
 -0.232342722482022E+007  0.569029644049860E+000  0.828985667371405E+000  0.310215281088679E+001 -0.280089779273017E+001  0.294394336818991E+000 -0.268920711330073E+001  0.000000000000000E+000 -0.232342722482022E+007
 -0.229769998985188E+007  0.754101563457622E+000  0.109601235803479E+001  0.240141084189738E+001 -0.114869834915847E+001 -0.169385431721192E+001 -0.268920711330073E+001  0.000000000000000E+000 -0.229769998985188E+007
 -0.209308151718784E+007  0.824604202114858E+000  0.108531381743641E+001  0.225669683710109E+001 -0.172745440785356E+001 -0.760639838104582E+000 -0.268920711330073E+001  0.000000000000000E+000 -0.209308151718784E+007
 -0.208194918682095E+007  0.327729637752693E+000  0.108051559282311E+001  0.361616265239284E+001 -0.264155099105752E+001 -0.299838630112306E+001 -0.268920711330073E+001  0.000000000000000E+000 -0.208194918682095E+007
 -0.201899766753293E+007  0.523068440649546E+000  0.119055264997253E+001  0.279066151112825E+001 -0.103315188171126E+001 -0.160384805888342E+001 -0.268920711330073E+001  0.000000000000000E+000 -0.201899766753293E+007
 -0.199173959982861E+007  0.881533686211464E+000  0.114896516681305E+001  0.202136476443521E+001 -0.559254588613507E+000 -0.209658991408257E+001 -0.268920711330073E+001  0.000000000000000E+000 -0.199173959982861E+007
 -0.185863581614856E+007  0.510102284513723E+000  0.890569857260333E+000  0.312006013968721E+001 -0.248707023139280E+001 -0.182546714821745E+000 -0.268920711330073E+001  0.000000000000000E+000 -0.185863581614856E+007
 -0.178009479468115E+007  0.308798872278668E+000  0.115647777872686E+001  0.349781716902990E+001  0.974133262336521E-001 -0.203762200143055E+001 -0.268920711330073E+001  0.000000000000000E+000 -0.178009479468115E+007
 -0.175822211431416E+007  0.895174274475007E+000  0.807177071805888E+000  0.251515244651163E+001 -0.668227305135025E+000  0.252170882596554E+000 -0.268920711330073E+001  0.000000000000000E+000 -0.175822211431416E+007
 -0.175772704781091E+007  0.278903103275293E+000  0.101979328215063E+001  0.377266301481679E+001 -0.100649630887141E+001 -0.220310866984350E+001 -0.268920711330073E+001  0.000000000000000E+000 -0.175772704781091E+007
 -0.160019338323971E+007  0.677559007227168E+000  0.878450900025001E+000  0.278700420689414E+001  0.184176014400256E+000 -0.177626752308511E+001 -0.268920711330073E+001  0.000000000000000E+000 -0.160019338323971E+007
 -0.151715336480370E+007  0.687660800132978E+000  0.117481585135941E+001  0.229815059404499E+001 -0.848100883128058E+000 -0.281330090645669E+001 -0.268920711330073E+001  0.000000000000000E+000 -0.151715336480370E+007
 -0.151351323132002E+007  0.268805660908596E+000  0.807558055149195E+000  0.387034645852163E+001 -0.100359076632110E+001 -0.172100149073844E+001 -0.268920711330073E+001  0.000000000000000E+000 -0.151351323132002E+007
 -0.147505868946155E+007  0.368156112320615E+000  0.812533024545330E+000  0.350829522215479E+001 -0.132694416931124E+001 -0.630465418293792E+000 -0.268920711330073E+001  0.000000000000000E+000 -0.147505868946155E+007
 -0.146911189421449E+007  0.663345539208018E+000  0.116005344075488E+001  0.237247405082556E+001 -0.229821561150710E+001 -0.152089180313195E+001 -0.268920711330073E+001  0.000000000000000E+000 -0.146911189421449E+007
 -0.130450764579514E+007  0.672610137758541E+000  0.919253234949542E+000  0.263650929935236E+001 -0.264176538606871E+001  0.155447710501719E+000 -0.268920711330073E+001  0.000000000000000E+000 -0.130450764579514E+007
 -0.124232525753381E+007  0.796975189914910E+000  0.977296906946042E+000  0.232974043928519E+001 -0.258489755592744E+001  0.314869667874837E+000 -0.268920711330073E+001  0.000000000000000E+000 -0.124232525753381E+007
 -0.123834997561661E+007  0.884880338568312E+000  0.811480524984094E+000  0.241270978101584E+001 -0.811503225696149E+000 -0.260401745219081E+000 -0.268920711330073E+001  0.000000000000000E+000 -0.123834997561661E+007
 -0.121941673081575E+007  0.467772949720660E+000  0.985006777870979E+000  0.303387620679081E+001 -0.285946459419329E+001  0.387390959906121E+000 -0.268920711330073E+001  0.000000000000000E+000 -0.121941673081575E+007
 -0.116411266968335E+007  0.811778229400738E+000  0.116550925692375E+001  0.209271987652157E+001 -0.597163857225529E+000  0.466854153518240E+000 -0.268920711330073E+001  0.000000000000000E+000 -0.116411266968335E+007
 -0.110467878481755E+007  0.337861255087002E+000  0.105429386719735E+001  0.340538645650956E+001 -0.238490051257813E+001 -0.162716725619683E+001 -0.268920711330073E+001  0.000000000000000E+000 -0.110467878481755E+007
 -0.103443301802143E+007  0.893751642881460E+000  0.107872763817018E+001  0.196787279581792E+001  0.879233151544132E-001 -0.274163127973362E+001 -0.268920711330073E+001  0.000000000000000E+000 -0.103443301802143E+007
 -0.101669522190882E+007  0.340149959595312E+000  0.800161245257048E+000  0.351789265823727E+001 -0.253475663467132E+001  0.199135247911869E+001 -0.268920711330073E+001  0.000000000000000E+000 -0.101669522190882E+007
 -0.963887333692376E+006  0.761554447502600E+000  0.100260483217630E+001  0.230272146505487E+001 -0.128336643204197E+001  0.650343261813747E+000 -0.268920711330073E+001  0.000000000000000E+000 -0.963887333692376E+006
 -0.960800958449160E+006  0.607751159438758E+000  0.109697234551855E+001  0.266582201400133E+001 -0.766622418282052E+000  0.597217494419219E+000 -0.268920711330073E+001  0.000000000000000E+000 -0.960800958449160E+006
 -0.932628047094187E+006  0.549662433006531E+000  0.108477911052173E+001  0.270937237586956E+001 -0.120788315942380E+001  0.976753818463931E+000 -0.268920711330073E+001  0.000000000000000E+000 -0.932628047094187E+006
 -0.928032360815936E+006  0.326653754106729E+000  0.982822968838009E+000  0.334752941798521E+001  0.216791732836286E+000 -0.278556661608653E+001 -0.268920711330073E+001  0.000000000000000E+000 -0.928032360815936E+006
 -0.909099097351359E+006  0.668802100578759E+000  0.849426722933114E+000  0.261321176746393E+001 -0.248284221729794E+001 -0.117558324389437E+001 -0.268920711330073E+001  0.000000000000000E+000 -0.909099097351359E+006
 -0.872073313381910E+006  0.785268428750559E+000  0.113099553257974E+001  0.202721597685771E+001 -0.186167347288407E+001 -0.630587486549283E+000 -0.268920711330073E+001  0.000000000000000E+000 -0.872073313381910E+006
 -0.835876528172023E+006  0.636060295771689E+000  0.111726143792834E+001  0.259918079104023E+001 -0.187875110600753E+000 -0.238295636359128E+000 -0.268920711330073E+001  0.000000000000000E+000 -0.835876528172023E+006
 -0.807451131370643E+006  0.485541951016268E+000  0.962014027632888E+000  0.311015617260113E+001 -0.906127340482135E+000  0.751235494353093E+000 -0.268920711330073E+001  0.000000000000000E+000 -0.807451131370643E+006
 -0.785810442895670E+006  0.855438725445092E+000  0.112103214825646E+001  0.189684978249947E+001 -0.456999459572468E+000 -0.116998487862451E+001 -0.268920711330073E+001  0.000000000000000E+000 -0.785810442895670E+006
 -0.783587302065785E+006  0.844062214950278E+000  0.976915455594387E+000  0.213137952325782E+001 -0.296762169925608E+001  0.118601727193769E+001 -0.268920711330073E+001  0.000000000000000E+000 -0.783587302065785E+006
 -0.704974365765813E+006  0.721024582384764E+000  0.115829506637885E+001  0.206210060157559E+001 -0.262340720858315E+001 -0.836837649870778E+000 -0.268920711330073E+001  0.000000000000000E+000 -0.704974365765813E+006
 -0.698078164680826E+006  0.696424156981016E+000  0.102146550372805E+001  0.240544038159884E+001 -0.384560925746150E+000 -0.172275645526263E+000 -0.268920711330073E+001  0.000000000000000E+000 -0.698078164680826E+006
 -0.694899970702730E+006  0.893188136782143E+000  0.922640962285726E+000  0.210258905139714E+001 -0.848094943288463E+000 -0.201509065494252E+001 -0.268920711330073E+001  0.000000000000000E+000 -0.694899970702730E+006
 -0.625956037018791E+006  0.860325377192323E+000  0.887347497926085E+000  0.216607183861778E+001 -0.245701306435345E+001 -0.151311698435061E+001 -0.268920711330073E+001  0.000000000000000E+000 -0.625956037018791E+006
 -0.599307582492698E+006  0.542394848520618E+000  0.893504709030744E+000  0.272710759957643E+001 -0.282191507820742E+001  0.936035714576856E+000 -0.268920711330073E+001  0.000000000000000E+000 -0.599307582492698E+006
 -0.562018514794633E+006  0.337305972434294E+000  0.107775617293776E+001  0.322081058822289E+001 -0.148701642018560E+001 -0.453614303158376E+000 -0.268920711330073E+001  0.000000000000000E+000 -0.562018514794633E+006
 -0.552602925346263E+006  0.322458587065826E+000  0.113626150034135E+001  0.324264991232417E+001 -0.246607344722013E+001 -0.271833670847975E+001 -0.268920711330073E+001  0.000000000000000E+000 -0.552602925346263E+006
 -0.548393326724998E+006  0.332657912231207E+000  0.827053696571867E+000  0.337307555347874E+001 -0.216249607843078E+001 -0.602512038766700E+000 -0.268920711330073E+001  0.000000000000000E+000 -0.548393326724998E+006
 -0.517260076490490E+006  0.518287195302254E+000  0.110628262479841E+001  0.255630680751260E+001 -0.206684865591262E+001 -0.537260000355361E+000 -0.268920711330073E+001  0.000000000000000E+000 -0.517260076490490E+006
 -0.506956464621221E+006  0.274423919195741E+000  0.815493210301341E+000  0.386343513174902E+001  0.315984188662884E+000 -0.164845081418577E+001 -0.268920711330073E+001  0.000000000000000E+000 -0.506956464621221E+006
 -0.504271459883284E+006  0.853833365420523E+000  0.981128413930166E+000  0.202009516682140E+001 -0.140466439274439E+000 -0.141696324974068E+001 -0.268920711330073E+001  0.000000000000000E+000 -0.504271459883284E+006
 -0.498547566853865E+006  0.141082724052496E+000  0.117287688251337E+001  0.221525919367047E+001  0.774426959372097E+000 -0.140344706578771E+001 -0.268920711330073E+001  0.000000000000000E+000 -0.498547566853865E+006
 -0.486721289007524E+006  0.734720204531788E+000  0.108513473607742E+001  0.205858800107708E+001 -0.294707580733456E+001  0.113868785562698E+001 -0.268920711330073E+001  0.000000000000000E+000 -0.486721289007524E+006
 -0.485996904260157E+006  0.118964997677434E+000  0.913065944453416E+000  0.165535717870871E+001  0.522718826081486E+000 -0.198335853177777E+001 -0.268920711330073E+001  0.000000000000000E+000 -0.485996904260157E+006
 -0.478084178667036E+006  0.207557248573250E+000  0.828622743065537E+000  0.267770180786495E+001 -0.621425789242943E+000  0.591257603146671E+000 -0.268920711330073E+001  0.000000000000000E+000 -0.478084178667036E+006
 -0.478070544770193E+006  0.685078060353438E+000  0.973841232686335E+000  0.229483205777571E+001 -0.123373189558764E+001 -0.226195449620957E+001 -0.268920711330073E+001  0.000000000000000E+000 -0.478070544770193E+006
 -0.472639449718173E+006  0.441362052524938E+000  0.845663978798816E+000  0.305866667576327E+001 -0.974660150914170E+000  0.434436536600871E+000 -0.268920711330073E+001  0.000000000000000E+000 -0.472639449718173E+006
 -0.459083996168732E+006  0.440198809431658E+000  0.109509446763056E+001  0.277547360444116E+001 -0.189272981725668E+001 -0.169440109711444E+001 -0.268920711330073E+001  0.000000000000000E+000 -0.459083996168732E+006
 -0.458043445551989E+006  0.745417303177921E+000  0.114358930639158E+001  0.193790511728401E+001 -0.201385494150366E+001 -0.452855238850276E+000 -0.268920711330073E+001  0.000000000000000E+000 -0.458043445551989E+006
 -0.456115776177835E+006  0.113026240728649E+000  0.118847205629576E+001  0.161119245673033E+001 -0.284830030732663E+001 -0.294389563294098E+001 -0.268920711330073E+001  0.000000000000000E+000 -0.456115776177835E+006
 -0.450563517047793E+006  0.121464469276920E+000  0.105391014382104E+001  0.166158971883160E+001 -0.188616142121837E+001 -0.182710979048932E+001 -0.268920711330073E+001  0.000000000000000E+000 -0.450563517047793E+006
 -0.431685346531188E+006  0.107970065523951E+000  0.905629342775161E+000  0.220473190353313E+001 -0.237215860088252E+001  0.975328651765156E+000 -0.268920711330073E+001  0.000000000000000E+000 -0.431685346531188E+006
 -0.430194702236293E+006  0.112274383390594E+000  0.954078121994009E+000  0.222059893341866E+001 -0.209308483657614E+001  0.189230153968506E+001 -0.268920711330073E+001  0.000000000000000E+000 -0.430194702236293E+006
 -0.427143715649899E+006  0.112346367050900E+000  0.109771341912088E+001  0.210872207841464E+001 -0.208144939481695E+001 -0.180342910126746E+001 -0.268920711330073E+001  0.000000000000000E+000 -0.427143715649899E+006
 -0.415536165417288E+006  0.109500356630803E+000  0.108563014319127E+001  0.228971055209731E+001 -0.277613233013477E+001  0.935645852716303E+000 -0.268920711330073E+001  0.000000000000000E+000 -0.415536165417288E+006
 -0.410731976385520E+006  0.109446985918357E+000  0.109302494663644E+001  0.242829192115431E+001 -0.156844777740592E+001  0.718948464541005E+000 -0.268920711330073E+001  0.000000000000000E+000 -0.410731976385520E+006
 -0.407074586003334E+006  0.163301661860281E+000  0.110062972793557E+001  0.170709602492331E+001 -0.242033462597774E+001  0.189318196816521E+001 -0.268920711330073E+001  0.000000000000000E+000 -0.407074586003334E+006
 -0.404537576025963E+006  0.125088725347199E+000  0.946837215686944E+000  0.248447076395534E+001  0.156330036367712E+000 -0.252329386465062E+001 -0.268920711330073E+001  0.000000000000000E+000 -0.404537576025963E+006
 -0.398945424088113E+006  0.878788872875499E+000  0.114421862873574E+001  0.167787556142440E+001  0.220742658024898E+000 -0.180855173547543E+001 -0.268920711330073E+001  0.000000000000000E+000 -0.398945424088113E+006
 -0.389113456143092E+006  0.857718735351135E+000  0.969913848479957E+000  0.200353232705535E+001  0.747438082049974E+000 -0.835051508435125E+000 -0.268920711330073E+001  0.000000000000000E+000 -0.389113456143092E+006
 -0.387957325116377E+006  0.258089987318468E+000  0.869620216112319E+000  0.296597474286668E+001  0.857170427837136E+000 -0.166294041716561E+001 -0.268920711330073E+001  0.000000000000000E+000 -0.387957325116377E+006
 -0.387641579004098E+006  0.563425218422427E+000  0.955794554018356E+000  0.257618332720931E+001 -0.120493702047704E+001  0.815299786710503E+000 -0.268920711330073E+001  0.000000000000000E+000 -0.387641579004098E+006
 -0.385265173078066E+006  0.600205680881167E+000  0.810796120150373E+000  0.261299141577961E+001  0.784753514862243E+000 -0.110302867651603E+001 -0.268920711330073E+001  0.000000000000000E+000 -0.385265173078066E+006
 -0.381811050261067E+006  0.160150521365399E+000  0.107574304476673E+001  0.212743151706713E+001  0.142693564637058E+000 -0.246527946243670E+001 -0.268920711330073E+001  0.000000000000000E+000 -0.381811050261067E+006
 -0.363294885098499E+006  0.144721743067960E+000  0.119974402743321E+001  0.220522920902544E+001 -0.283133657358428E+001 -0.693758728089283E+000 -0.268920711330073E+001  0.000000000000000E+000 -0.363294885098499E+006
 -0.356958978986102E+006  0.606925915836925E+000  0.857657738910722E+000  0.168658879956283E+001  0.354472586173145E+000 -0.624597404175563E+000 -0.268920711330073E+001  0.000000000000000E+000 -0.356958978986102E+006
 -0.343506502499498E+006  0.208868062563203E+000  0.115931618695986E+001  0.196778193452395E+001 -0.296578226890579E+000 -0.848731877538131E+000 -0.268920711330073E+001  0.000000000000000E+000 -0.343506502499498E+006
 -0.336071448698915E+006  0.215603674002728E+000  0.869310073704518E+000  0.190747366460207E+001 -0.250570153251704E+001  0.143127109689729E+001 -0.268920711330073E+001  0.000000000000000E+000 -0.336071448698915E+006
 -0.334087511315144E+006  0.805126810366653E+000  0.102142818243071E+001  0.193346951418146E+001 -0.217977889247518E+001 -0.115433190798745E+001 -0.268920711330073E+001  0.000000000000000E+000 -0.334087511315144E+006
 -0.325760847142196E+006  0.247392750290597E+000  0.905141573654196E+000  0.174774399190759E+001 -0.121680855287557E+001 -0.133637693381074E+001 -0.268920711330073E+001  0.000000000000000E+000 -0.325760847142196E+006
 -0.322513706759845E+006  0.229705265297750E+000  0.108146681079773E+001  0.178906367707659E+001 -0.294378371274993E+000 -0.231311217658044E+001 -0.268920711330073E+001  0.000000000000000E+000 -0.322513706759845E+006
 -0.321022622856429E+006  0.211134035938164E+000  0.119216263711864E+001  0.183906585653837E+001 -0.230467390283753E+001  0.167040824905860E+000 -0.268920711330073E+001  0.000000000000000E+000 -0.321022622856429E+006
 -0.320417508470220E+006  0.183305151350990E+000  0.104925196950919E+001  0.280045266752854E+001  0.464676993686784E+000 -0.176165978475144E+001 -0.268920711330073E+001  0.000000000000000E+000 -0.320417508470220E+006
 -0.318719906049943E+006  0.146001656815808E+000  0.108897383443615E+001  0.252684161248190E+001 -0.213807952476740E+001  0.426022522363778E+000 -0.268920711330073E+001  0.000000000000000E+000 -0.318719906049943E+006
 -0.318287130525970E+006  0.698526559446295E+000  0.834600513483002E+000  0.231240670206613E+001 -0.290210770118059E+001 -0.180206252315442E+001 -0.268920711330073E+001  0.000000000000000E+000 -0.318287130525970E+006
 -0.312864824096689E+006  0.244476830569481E+000  0.116822573849800E+001  0.167336377416466E+001 -0.517591549009423E+000 -0.172477834023819E+001 -0.268920711330073E+001  0.000000000000000E+000 -0.312864824096689E+006
 -0.311965201358251E+006  0.480824633429867E+000  0.880724638446300E+000  0.274235550950591E+001 -0.213706132591875E+001 -0.115873279413620E+001 -0.268920711330073E+001  0.000000000000000E+000 -0.311965201358251E+006
 -0.306269637937443E+006  0.439325853132027E+000  0.992993851809337E+000  0.181537664666860E+001  0.667080403477132E+000 -0.148323260831581E+001 -0.268920711330073E+001  0.000000000000000E+000 -0.306269637937443E+006
 -0.296991012857167E+006  0.336486673799426E+000  0.118406660812990E+001  0.217939745165382E+001  0.717799361102700E+000 -0.162190531052772E+001 -0.268920711330073E+001  0.000000000000000E+000 -0.296991012857167E+006
 -0.295105425047784E+006  0.150604429825810E+000  0.114819777208081E+001  0.256299659754151E+001 -0.244345240713625E+001 -0.116312573120581E+001 -0.268920711330073E+001  0.000000000000000E+000 -0.295105425047784E+006
 -0.290672393884643E+006  0.246228750953676E+000  0.891533302589468E+000  0.193388287271312E+001 -0.181331192331252E+001 -0.142825777304107E+001 -0.268920711330073E+001  0.000000000000000E+000 -0.290672393884643E+006
 -0.282506729735630E+006  0.216907367347269E+000  0.119621223885129E+001  0.267176641869681E+001  0.253474680204409E+000 -0.116431219729582E+001 -0.268920711330073E+001  0.000000000000000E+000 -0.282506729735630E+006
 -0.279688769299361E+006  0.222627571902233E+000  0.998002192808043E+000  0.211531408785597E+001 -0.287893614608876E+000 -0.228098005975020E+001 -0.268920711330073E+001  0.000000000000000E+000 -0.279688769299361E+006
 -0.267151710418493E+006  0.286000837424264E+000  0.915187075279991E+000  0.192637505155423E+001 -0.106654145863269E+001  0.488454376098890E+000 -0.268920711330073E+001  0.000000000000000E+000 -0.267151710418493E+006
 -0.265401533975596E+006  0.158760850425551E+000  0.109209282535757E+001  0.264167104916954E+001 -0.274555093314702E+001 -0.258637626998118E+001 -0.268920711330073E+001  0.000000000000000E+000 -0.265401533975596E+006
 -0.264855128003369E+006  0.181023298829973E+000  0.112227387495955E+001  0.256626019886180E+001 -0.143967392844326E+001  0.117827435616093E+001 -0.268920711330073E+001  0.000000000000000E+000 -0.264855128003369E+006
 -0.264801625526644E+006  0.293481176353915E+000  0.112496881191542E+001  0.164105644379148E+001 -0.192621278409599E+001 -0.231845768560516E+001 -0.268920711330073E+001  0.000000000000000E+000 -0.264801625526644E+006
 -0.263825739304774E+006  0.241564759489850E+000  0.117771066688204E+001  0.190641490916416E+001 -0.159477466204312E+001 -0.260163268098386E+001 -0.268920711330073E+001  0.000000000000000E+000 -0.263825739304774E+006
 -0.258994956631365E+006  0.226909824641112E+000  0.835177395374580E+000  0.225288031223895E+001 -0.273122049447275E+000 -0.289802147436364E+001 -0.268920711330073E+001  0.000000000000000E+000 -0.258994956631365E+006
 -0.257417663929823E+006  0.163231703981559E+000  0.104673595417360E+001  0.290927344540117E+001 -0.106118308931745E+001  0.653609630773100E+000 -0.268920711330073E+001  0.000000000000000E+000 -0.257417663929823E+006
 -0.255260590555871E+006  0.221798826745965E+000  0.863033483262113E+000  0.227036685054979E+001 -0.126763464415818E+001 -0.127910097991667E+001 -0.268920711330073E+001  0.000000000000000E+000 -0.255260590555871E+006
 -0.253212580993815E+006  0.231154796276315E+000  0.809034151637496E+000  0.366367292861758E+001 -0.863381091383376E+000 -0.239305143895258E+001 -0.268920711330073E+001  0.000000000000000E+000 -0.253212580993815E+006
 -0.250091547820651E+006  0.217205513620011E+000  0.110720695250127E+001  0.219180657740324E+001 -0.225557938773583E+001 -0.268094760882389E+001 -0.268920711330073E+001  0.000000000000000E+000 -0.250091547820651E+006
 -0.248629980754642E+006  0.270765321626211E+000  0.113326060451872E+001  0.333562539454773E+001 -0.296939051397864E+001 -0.215764423489008E+001 -0.268920711330073E+001  0.000000000000000E+000 -0.248629980754642E+006
 -0.248172570210438E+006  0.187524247668453E+000  0.119388397341374E+001  0.240536298338698E+001 -0.238113306611307E+001  0.187245919711177E+001 -0.268920711330073E+001  0.000000000000000E+000 -0.248172570210438E+006
 -0.233192240525021E+006  0.276968674732366E+000  0.977030549365646E+000  0.197190176571451E+001 -0.281620727968466E+001 -0.824387870687306E+000 -0.268920711330073E+001  0.000000000000000E+000 -0.233192240525021E+006
 -0.230147497035590E+006  0.580908010077156E+000  0.108960124785035E+001  0.223708132416659E+001 -0.937658832365641E+000 -0.251463907388626E+001 -0.268920711330073E+001  0.000000000000000E+000 -0.230147497035590E+006
 -0.228847906835896E+006  0.271724489233951E+000  0.119897304863856E+001  0.186538792276115E+001 -0.150401812556270E+001 -0.108773712184385E-001 -0.268920711330073E+001  0.000000000000000E+000 -0.228847906835896E+006
 -0.228292872026072E+006  0.165563739295116E+000  0.116730612223150E+001  0.313802752296783E+001  0.670376747954307E+000 -0.243215497666823E+001 -0.268920711330073E+001  0.000000000000000E+000 -0.228292872026072E+006
 -0.224444543477906E+006  0.480578954188031E+000  0.826176364901591E+000  0.167771247004316E+001  0.333455047180446E+000 -0.138570312320445E+001 -0.268920711330073E+001  0.000000000000000E+000 -0.224444543477906E+006
 -0.215913884719327E+006  0.243652530095271E+000  0.113807046234670E+001  0.213306674498789E+001 -0.816933383935994E+000 -0.113431960141140E+001 -0.268920711330073E+001  0.000000000000000E+000 -0.215913884719327E+006
 -0.215551207649286E+006  0.130316701491992E+000  0.111025973222487E+001  0.315663658864248E+001 -0.197186101954613E+001 -0.295722258078409E+001 -0.268920711330073E+001  0.000000000000000E+000 -0.215551207649286E+006
 -0.214816832245184E+006  0.739598991655369E+000  0.112511809942134E+001  0.181915907829926E+001 -0.228267057784066E+001  0.408138732560341E-001 -0.268920711330073E+001  0.000000000000000E+000 -0.214816832245184E+006
 -0.214491320188640E+006  0.422710348655903E+000  0.107483918269183E+001  0.269328435326057E+001 -0.100861281458436E+001 -0.218174356785870E+001 -0.268920711330073E+001  0.000000000000000E+000 -0.214491320188640E+006
 -0.213242479765074E+006  0.184898841650547E+000  0.922643787769740E+000  0.267687399425388E+001 -0.192198299188120E+001 -0.159720590536823E+001 -0.268920711330073E+001  0.000000000000000E+000 -0.213242479765074E+006
 -0.207183127052787E+006  0.731911373887504E+000  0.106313500719365E+001  0.190923100510028E+001 -0.271663902708313E+001  0.278980668743483E+000 -0.268920711330073E+001  0.000000000000000E+000 -0.207183127052787E+006
 -0.200434314388373E+006  0.798650006288498E+000  0.102780890136109E+001  0.182636473291042E+001 -0.239653914981092E+001 -0.284668996650969E+001 -0.268920711330073E+001  0.000000000000000E+000 -0.200434314388373E+006
 -0.194342076737653E+006  0.205079649294393E+000  0.108504206722498E+001  0.253529964918718E+001 -0.109151620895167E+001 -0.433649161713869E+000 -0.268920711330073E+001  0.000000000000000E+000 -0.194342076737653E+006
 -0.193852767164753E+006  0.432391013758802E+000  0.821495741129810E+000  0.285566179802680E+001  0.344315821892089E-001 -0.254129582426479E+001 -0.268920711330073E+001  0.000000000000000E+000 -0.193852767164753E+006
 -0.188983290905438E+006  0.349666902207234E+000  0.978379315413909E+000  0.181312181600467E+001 -0.243249589727753E+001 -0.281678616126530E+001 -0.268920711330073E+001  0.000000000000000E+000 -0.188983290905438E+006
 -0.179767479522423E+006  0.207379362558351E+000  0.113921649900219E+001  0.250426268252361E+001 -0.140113492335886E+001 -0.204610083862367E+001 -0.268920711330073E+001  0.000000000000000E+000 -0.179767479522423E+006
 -0.178386146790414E+006  0.166240639550327E+000  0.982823696380352E+000  0.295636149967498E+001 -0.280583007553320E+001 -0.216482195707525E+000 -0.268920711330073E+001  0.000000000000000E+000 -0.178386146790414E+006
 -0.175721894579972E+006  0.329969909859421E+000  0.864537304676499E+000  0.313006942934462E+001 -0.257574004552242E+001 -0.195873604860009E+000 -0.268920711330073E+001  0.000000000000000E+000 -0.175721894579972E+006
 -0.170268330495904E+006  0.472673501253727E+000  0.118378475210351E+001  0.273723575510331E+001  0.311726163016288E+000 -0.627319292089988E+000 -0.268920711330073E+001  0.000000000000000E+000 -0.170268330495904E+006
 -0.169400433008059E+006  0.713391576885779E+000  0.820865454576193E+000  0.221128690829815E+001 -0.977974726355917E+000  0.358455174253660E+000 -0.268920711330073E+001  0.000000000000000E+000 -0.169400433008059E+006
 -0.166044708552438E+006  0.118100790053169E+000  0.109812568151501E+001  0.350433407030499E+001 -0.213105441096605E+001 -0.170158302836190E+001 -0.268920711330073E+001  0.000000000000000E+000 -0.166044708552438E+006
 -0.165757170130325E+006  0.133706184577068E+000  0.990310355695706E+000  0.360858504793322E+001  0.545552174649773E-001 -0.178747188939509E+001 -0.268920711330073E+001  0.000000000000000E+000 -0.165757170130325E+006
 -0.159798556446729E+006  0.191298853603160E+000  0.830702825590458E+000  0.285504006917841E+001 -0.232744345485141E+001 -0.247840595445962E+001 -0.268920711330073E+001  0.000000000000000E+000 -0.159798556446729E+006
 -0.158472403402257E+006  0.649045625841005E+000  0.983779680570390E+000  0.211688954226530E+001 -0.167853670435254E+001 -0.246728490996879E+001 -0.268920711330073E+001  0.000000000000000E+000 -0.158472403402257E+006
 -0.158115981885071E+006  0.368766263168484E+000  0.106071686866872E+001  0.178954619918764E+001 -0.206846056748488E+001 -0.608934363526823E+000 -0.268920711330073E+001  0.000000000000000E+000 -0.158115981885071E+006
 -0.156971764770469E+006  0.145996267243231E+000  0.838425607015077E+000  0.328378680495750E+001 -0.410706174693260E+000 -0.272377467806067E+001 -0.268920711330073E+001  0.000000000000000E+000 -0.156971764770469E+006
 -0.156111936663871E+006  0.229453845949092E+000  0.997698696273491E+000  0.254038070249421E+001 -0.286313291371177E+001 -0.199923924986400E+001 -0.268920711330073E+001  0.000000000000000E+000 -0.156111936663871E+006
 -0.156032804525515E+006  0.312968971007413E+000  0.107871772278882E+001  0.202592708638000E+001 -0.152832509011248E+001  0.380471276523671E+000 -0.268920711330073E+001  0.000000000000000E+000 -0.156032804525515E+006
 -0.151024268510677E+006  0.666926193686724E+000  0.118017483858833E+001  0.167133489881669E+001  0.856232503414306E+000 -0.151956368422689E+001 -0.268920711330073E+001  0.000000000000000E+000 -0.151024268510677E+006
 -0.146542806338941E+006  0.244761638382339E+000  0.119709199545900E+001  0.233686287527713E+001 -0.148684531510860E+001 -0.221219015987491E+000 -0.268920711330073E+001  0.000000000000000E+000 -0.146542806338941E+006
 -0.144338222266646E+006  0.253739196182843E+000  0.811826586853561E+000  0.251960285196010E+001 -0.272009111055621E+001 -0.179164338420829E+001 -0.268920711330073E+001  0.000000000000000E+000 -0.144338222266646E+006
 -0.142900930157330E+006  0.689653577679117E+000  0.805219505412372E+000  0.219294760167009E+001 -0.170309639988852E+001 -0.193407749960094E+001 -0.268920711330073E+001  0.000000000000000E+000 -0.142900930157330E+006
 -0.136153810930380E+006  0.327254531828339E+000  0.914565761346342E+000  0.341348576436869E+001  0.726935263398622E+000 -0.150670425437732E+001 -0.268920711330073E+001  0.000000000000000E+000 -0.136153810930380E+006
 -0.127522437475515E+006  0.688599953755924E+000  0.999965152702780E+000  0.197455651713416E+001 -0.225024808970015E+001 -0.266764465717384E-001 -0.268920711330073E+001  0.000000000000000E+000 -0.127522437475515E+006
 -0.125332410697935E+006  0.306458634387373E+000  0.963863068666381E+000  0.251104487459357E+001  0.774749261667660E-001 -0.121885380576781E+001 -0.268920711330073E+001  0.000000000000000E+000 -0.125332410697935E+006
 -0.119039234024986E+006  0.276247711291433E+000  0.103333604347121E+001  0.317333468334638E+001 -0.228803622599507E+000 -0.251569054851950E+001 -0.268920711330073E+001  0.000000000000000E+000 -0.119039234024986E+006
 -0.118144715875459E+006  0.368948614545982E+000  0.100084419325645E+001  0.199002271480252E+001 -0.230584508808094E+001 -0.141563296010579E+001 -0.268920711330073E+001  0.000000000000000E+000 -0.118144715875459E+006
 -0.117903564965023E+006  0.254871003237439E+000  0.105149232696792E+001  0.247998501576979E+001 -0.206305976949915E+001 -0.970022829701858E-001 -0.268920711330073E+001  0.000000000000000E+000 -0.117903564965023E+006
 -0.114115986705370E+006  0.207513562034421E+000  0.935897344504292E+000  0.367909188326886E+001 -0.223021994007972E+001 -0.226770975769446E+001 -0.268920711330073E+001  0.000000000000000E+000 -0.114115986705370E+006
 -0.109449470708419E+006  0.329695053553233E+000  0.105092609672741E+001  0.208922613449571E+001 -0.152296485346851E+000 -0.283127859139286E+001 -0.268920711330073E+001  0.000000000000000E+000 -0.109449470708419E+006
 -0.108817359092721E+006  0.261293258993971E+000  0.840524583414129E+000  0.338774606066147E+001 -0.248856684091492E+001  0.145228423121191E+001 -0.268920711330073E+001  0.000000000000000E+000 -0.108817359092721E+006
 -0.102758487391108E+006  0.473487998941986E+000  0.953472650437401E+000  0.335049777412536E+001  0.600555694235857E+000 -0.104076770418605E+001 -0.268920711330073E+001  0.000000000000000E+000 -0.102758487391108E+006
 -0.102664872500340E+006  0.334280434846984E+000  0.991072512108374E+000  0.295752412602002E+001 -0.460974695601834E+000 -0.228953476109906E+001 -0.268920711330073E+001  0.000000000000000E+000 -0.102664872500340E+006
 -0.101719566818573E+006  0.113031778596049E+000  0.829694846355213E+000  0.383565848884718E+001 -0.793945491930701E+000 -0.259983068714176E+001 -0.268920711330073E+001  0.000000000000000E+000 -0.101719566818573E+006
 -0.101717541533291E+006  0.421767183746639E+000  0.801540931565436E+000  0.201681538817138E+001 -0.209516003702577E+001 -0.134512681859052E+001 -0.268920711330073E+001  0.000000000000000E+000 -0.101717541533291E+006
 -0.100262917048826E+006  0.416656977207623E+000  0.840137648206038E+000  0.208832267077882E+001 -0.220206064370586E+000 -0.101846614378257E+001 -0.268920711330073E+001  0.000000000000000E+000 -0.100262917048826E+006
 -0.100226914121377E+006  0.371925472831751E+000  0.995673264821596E+000  0.203597083968720E+001 -0.160593608993782E+001 -0.166964326777267E+001 -0.268920711330073E+001  0.000000000000000E+000 -0.100226914121377E+006
 -0.960254669198094E+005  0.368865030338855E+000  0.118933238628045E+001  0.207815454533209E+001 -0.721160298785863E+000  0.306769113707697E+000 -0.268920711330073E+001  0.000000000000000E+000 -0.960254669198094E+005
 -0.934172674307006E+005  0.410498204458247E+000  0.961547325069946E+000  0.271073556732695E+001  0.602824775259587E-001 -0.237886416271461E+001 -0.268920711330073E+001  0.000000000000000E+000 -0.934172674307006E+005
 -0.900934591783965E+005  0.534996596171567E+000  0.942289727833204E+000  0.165850507971435E+001 -0.188140604902982E+001 -0.218941298239640E+001 -0.268920711330073E+001  0.000000000000000E+000 -0.900934591783965E+005
 -0.893864073289913E+005  0.713431189923249E+000  0.103098890406325E+001  0.185960103091611E+001 -0.295786168071017E+000 -0.201544342008528E+001 -0.268920711330073E+001  0.000000000000000E+000 -0.893864073289913E+005
 -0.885961279528381E+005  0.426955952195299E+000  0.102267493567930E+001  0.259077590095974E+001 -0.739749702814399E+000 -0.173818188686044E+001 -0.268920711330073E+001  0.000000000000000E+000 -0.885961279528381E+005
 -0.866560928401543E+005  0.670133815194059E+000  0.873261560928961E+000  0.210762693559681E+001 -0.372058926699141E+000 -0.231972044713552E+001 -0.268920711330073E+001  0.000000000000000E+000 -0.866560928401543E+005
 -0.841596678683311E+005  0.742862740867674E+000  0.100576883448308E+001  0.178774213258524E+001 -0.125785753077854E+001 -0.277590625383687E+001 -0.268920711330073E+001  0.000000000000000E+000 -0.841596678683311E+005
 -0.833634043317900E+005  0.464403085532968E+000  0.920001612070061E+000  0.248662954680405E+001  0.201524553590813E+000 -0.751668061803532E+000 -0.268920711330073E+001  0.000000000000000E+000 -0.833634043317900E+005
 -0.832677896692558E+005  0.200157242542576E+000  0.112988507861578E+001  0.294847936278871E+001 -0.279484377446745E+001 -0.622483522506230E+000 -0.268920711330073E+001  0.000000000000000E+000 -0.832677896692558E+005
 -0.826730650382975E+005  0.416753550437200E+000  0.850616183454900E+000  0.271164154464448E+001 -0.149751501188291E+001 -0.261583243262541E+001 -0.268920711330073E+001  0.000000000000000E+000 -0.826730650382975E+005
 -0.805035144905181E+005  0.388614792699047E+000  0.112307799546507E+001  0.196847290501042E+001 -0.215952946811867E+001  0.166832816830755E+001 -0.268920711330073E+001  0.000000000000000E+000 -0.805035144905181E+005
 -0.789683861277851E+005  0.238975629877084E+000  0.118377410058430E+001  0.267894838979823E+001 -0.141849228288637E+001  0.899993767539361E+000 -0.268920711330073E+001  0.000000000000000E+000 -0.789683861277851E+005
 -0.777962633108401E+005  0.550643662439866E+000  0.108501046389828E+001  0.232831898604785E+001  0.645057836764851E+000 -0.219675342172009E+001 -0.268920711330073E+001  0.000000000000000E+000 -0.777962633108401E+005
 -0.771161200607017E+005  0.181314908098307E+000  0.102295508201396E+001  0.316579581152378E+001 -0.258074807462341E+001  0.128816251894371E+001 -0.268920711330073E+001  0.000000000000000E+000 -0.771161200607017E+005
 -0.753998618291097E+005  0.520114591627251E+000  0.106134970828472E+001  0.161934275678865E+001 -0.104643726957351E+001 -0.277874917449155E+001 -0.268920711330073E+001  0.000000000000000E+000 -0.753998618291097E+005
 -0.751674525699577E+005  0.335822372986646E+000  0.873566857376764E+000  0.238120557655477E+001 -0.294916280819611E+001  0.112653929717579E+001 -0.268920711330073E+001  0.000000000000000E+000 -0.751674525699577E+005
 -0.741119552304759E+005  0.390210250949611E+000  0.104505338443886E+001  0.264995359643972E+001 -0.247706541986410E+001  0.124605055179823E+001 -0.268920711330073E+001  0.000000000000000E+000 -0.741119552304759E+005
 -0.724057671290603E+005  0.560966139884707E+000  0.893387817445977E+000  0.167276779062283E+001 -0.585211538185835E-001 -0.297534045609051E+001 -0.268920711330073E+001  0.000000000000000E+000 -0.724057671290603E+005
 -0.688364473216140E+005  0.196679748727631E+000  0.915676426240182E+000  0.369348062802483E+001 -0.276006053196795E+001  0.800250041385240E+000 -0.268920711330073E+001  0.000000000000000E+000 -0.688364473216140E+005
 -0.687193882551372E+005  0.395048077111080E+000  0.968689815901230E+000  0.270569745094602E+001 -0.116585771624758E+001 -0.105678078001727E+001 -0.268920711330073E+001  0.000000000000000E+000 -0.687193882551372E+005
 -0.686023711552214E+005  0.349091648110480E+000  0.118965063778342E+001  0.221116703971223E+001  0.197149503936776E+000 -0.166088702591499E+001 -0.268920711330073E+001  0.000000000000000E+000 -0.686023711552214E+005
 -0.649206715576051E+005  0.311496753849613E+000  0.973573329868586E+000  0.292816290726683E+001  0.895782504472283E+000 -0.247090873029797E+001 -0.268920711330073E+001  0.000000000000000E+000 -0.649206715576051E+005
 -0.620653686368597E+005  0.718121535273715E+000  0.100919602959785E+001  0.181358668370586E+001 -0.126167723430351E+001  0.102178851452427E+001 -0.268920711330073E+001  0.000000000000000E+000 -0.620653686368597E+005
 -0.605846309659112E+005  0.350571858965441E+000  0.107739647780076E+001  0.218584811391347E+001 -0.106014355405201E+001 -0.286864707082677E+001 -0.268920711330073E+001  0.000000000000000E+000 -0.605846309659112E+005
 -0.597036783950657E+005  0.543708030716612E+000  0.942176724184523E+000  0.219317365746577E+001 -0.270582405010781E+001 -0.118169562360061E+001 -0.268920711330073E+001  0.000000000000000E+000 -0.597036783950657E+005
 -0.560989526411703E+005  0.492420327132937E+000  0.931356633369841E+000  0.248167902633981E+001  0.228963817694559E+000 -0.218152625521751E+001 -0.268920711330073E+001  0.000000000000000E+000 -0.560989526411703E+005
 -0.556769255347372E+005  0.617877075777841E+000  0.832571537991647E+000  0.244779301877608E+001 -0.307460067172127E+000 -0.407908585166417E-001 -0.268920711330073E+001  0.000000000000000E+000 -0.556769255347372E+005
 -0.556352492181950E+005  0.162205463280557E+000  0.116203301178713E+001  0.367856100384123E+001 -0.349031012694270E+000 -0.522087433594367E+000 -0.268920711330073E+001  0.000000000000000E+000 -0.556352492181950E+005
 -0.535285978493159E+005  0.316656650976487E+000  0.931263992052074E+000  0.248488768530932E+001 -0.171747945506341E+001 -0.277436007784186E+000 -0.268920711330073E+001  0.000000000000000E+000 -0.535285978493159E+005
 -0.532687386990865E+005  0.652365773912524E+000  0.919267296227404E+000  0.224662149503198E+001  0.499191979480895E+000 -0.999613332155064E+000 -0.268920711330073E+001  0.000000000000000E+000 -0.532687386990865E+005
 -0.524197523828274E+005  0.229605227634638E+000  0.109032735080806E+001  0.335275574563722E+001 -0.508751552116885E+000 -0.122662547965619E+001 -0.268920711330073E+001  0.000000000000000E+000 -0.524197523828274E+005
 -0.517530790955476E+005  0.807188605847947E+000  0.104491586102497E+001  0.162687046988023E+001  0.581757570851682E+000 -0.234399663449576E+001 -0.268920711330073E+001  0.000000000000000E+000 -0.517530790955476E+005
 -0.515535490428080E+005  0.686820152071817E+000  0.101253513033250E+001  0.179611789956461E+001 -0.149061046936825E+001 -0.580295901218015E+000 -0.268920711330073E+001  0.000000000000000E+000 -0.515535490428080E+005
 -0.504578753811539E+005  0.702262877569127E+000  0.104836423291822E+001  0.168092559803232E+001 -0.289970940983423E+001  0.341326198781594E+000 -0.268920711330073E+001  0.000000000000000E+000 -0.504578753811539E+005
 -0.487589790142507E+005  0.300726205296884E+000  0.113016592419309E+001  0.243464606211794E+001 -0.155616853016144E+001 -0.110064609045015E+000 -0.268920711330073E+001  0.000000000000000E+000 -0.487589790142507E+005
 -0.486394060961326E+005  0.583975934876813E+000  0.101660014977324E+001  0.198030152538292E+001 -0.278247050091840E+001  0.661762508802766E+000 -0.268920711330073E+001  0.000000000000000E+000 -0.486394060961326E+005
 -0.470757708761698E+005  0.620392150636642E+000  0.101166103971215E+001  0.164761071120698E+001 -0.231045613733377E+001 -0.193429538551617E+001 -0.268920711330073E+001  0.000000000000000E+000 -0.470757708761698E+005
 -0.451362353825159E+005  0.673157948014616E+000  0.848362194334699E+000  0.171465796954971E+001 -0.133518463953193E+001 -0.150078557493200E+001 -0.268920711330073E+001  0.000000000000000E+000 -0.451362353825159E+005
 -0.449531891705266E+005  0.744165608855789E+000  0.922106226657969E+000  0.165148658159513E+001 -0.287063064554395E+001  0.100163669859253E+001 -0.268920711330073E+001  0.000000000000000E+000 -0.449531891705266E+005
 -0.446048304357645E+005  0.737930644578482E+000  0.862361838777188E+000  0.166023511515136E+001 -0.199512584783837E+001 -0.821432951713181E+000 -0.268920711330073E+001  0.000000000000000E+000 -0.446048304357645E+005
 -0.424814405446964E+005  0.147139581642513E+000  0.103242117710412E+001  0.362129040643887E+001 -0.243972212071599E+001 -0.281025642734565E+001 -0.268920711330073E+001  0.000000000000000E+000 -0.424814405446964E+005
 -0.423873890553768E+005  0.743643936518137E+000  0.906035561625811E+000  0.163111871127341E+001 -0.193635436317397E+001  0.710839162246258E+000 -0.268920711330073E+001  0.000000000000000E+000 -0.423873890553768E+005
 -0.395081229384077E+005  0.263937111336749E+000  0.116952391728420E+001  0.265569600922323E+001 -0.173564675176218E+001  0.876973722519486E+000 -0.268920711330073E+001  0.000000000000000E+000 -0.395081229384077E+005
 -0.387823870769584E+005  0.508656705022134E+000  0.111706842061857E+001  0.176733446759967E+001  0.218309662992892E+000 -0.199806400372308E+001 -0.268920711330073E+001  0.000000000000000E+000 -0.387823870769584E+005
 -0.373431583144794E+005  0.357134851536290E+000  0.852139236433146E+000  0.250923154482750E+001 -0.266039706672317E+001  0.896908855046414E+000 -0.268920711330073E+001  0.000000000000000E+000 -0.373431583144794E+005
 -0.366093842856998E+005  0.715995666730566E+000  0.864504663390035E+000  0.176205241730541E+001 -0.123785081390817E+001  0.758080961852746E+000 -0.268920711330073E+001  0.000000000000000E+000 -0.366093842856998E+005
 -0.349986091147283E+005  0.631419395822181E+000  0.962369392099817E+000  0.184729086677244E+001 -0.131955926426803E+001 -0.248815607823810E+001 -0.268920711330073E+001  0.000000000000000E+000 -0.349986091147283E+005
