#        weight    minuslogpost         omega_c             n_s            lnas              w0              wa   minuslogprior minuslogprior__0 minuslogprior__function            chi2 chi2__likelihood_CAMB
 1.9762626e-323       754.86588      0.41969574      0.89130369       2.4364237      0.23368702      -2.7536433       2.6892071        2.6892071                      -0       1504.3533             1504.3533
 2.2722138e-312       729.45829      0.20237684       1.0168619       3.3241054      -1.0343109      -2.0539395       2.6892071        2.6892071                      -0       1453.5382             1453.5382
 4.7496685e-306       714.87267      0.20994458      0.95885098       3.3505878      -1.3501236     -0.19040057       2.6892071        2.6892071                      -0       1424.3669             1424.3669
 2.2721643e-302       706.36688      0.34064881      0.93342452       2.6795114     -0.26453754      -2.7591163       2.6892071        2.6892071                      -0       1407.3553             1407.3553
 1.5892904e-297       695.17861      0.17480538       1.1073176       3.5478986      -1.3380988     -0.71222052       2.6892071        2.6892071                      -0       1384.9788             1384.9788
 2.5006027e-293       685.48224      0.18839199       1.0275932       3.4467431      -1.3536832       -1.092237       2.6892071        2.6892071                      -0       1365.5861             1365.5861
 4.2563551e-293       684.91756      0.18650011         1.01194        3.517454      -1.4006982     -0.58479074       2.6892071        2.6892071                      -0       1364.4567             1364.4567
 1.4408476e-279       653.73176      0.28685954       1.0114582       2.8708465     -0.80419374      -1.6020824       2.6892071        2.6892071                      -0       1302.0851             1302.0851
 5.8572286e-278       649.99394      0.18328635       1.1093102       3.4863976      -1.2996682     -0.91448446       2.6892071        2.6892071                      -0       1294.6095             1294.6095
 5.6378088e-272       636.18383      0.17454242       1.0998183       3.5605225      -1.3625022     -0.53346329       2.6892071        2.6892071                      -0       1266.9892             1266.9892
 2.2135146e-254       595.63942      0.27847692      0.94590977       2.9493979     -0.51020282      -2.4101237       2.6892071        2.6892071                      -0       1185.9004             1185.9004
 4.5466542e-246       576.46614       0.2117933      0.99435189       3.3721644      -1.3491069      0.74045177       2.6892071        2.6892071                      -0       1147.5539             1147.5539
 5.9789214e-243       569.28453       0.1789972        1.096431       3.5225913      -1.3092978      -0.8980609       2.6892071        2.6892071                      -0       1133.1907             1133.1907
 5.8850191e-236       553.18227      0.16372991       1.0782788       3.6661492      -1.5829813    -0.065732467       2.6892071        2.6892071                      -0       1100.9861             1100.9861
 8.7232358e-230       538.93809      0.19709619       1.0315683       3.3610935     -0.99975971      -2.3886329       2.6892071        2.6892071                      -0       1072.4978             1072.4978
 9.7946228e-224       525.00673      0.25984405       1.0389226       2.9884363     -0.94505092      -1.6940601       2.6892071        2.6892071                      -0       1044.6351             1044.6351
 1.0689686e-219       515.67258      0.35077471      0.94201604       2.6773799     -0.44167305      -1.0807257       2.6892071        2.6892071                      -0       1025.9667             1025.9667
 5.4341091e-218       511.70762      0.41456199      0.87882469       2.4870937      0.14956118      -2.3682156       2.6892071        2.6892071                      -0       1018.0368             1018.0368
 1.6043738e-216       508.28605      0.35792928      0.92866453        2.639611     -0.36152374      -1.5166845       2.6892071        2.6892071                      -0       1011.1937             1011.1937
 2.0552067e-213       501.09428      0.18094655       1.0407567       3.5405421      -1.5393155      0.35884631       2.6892071        2.6892071                      -0       996.81015             996.81015
 2.0609017e-209       491.84481      0.17943614       1.0380025       3.5354061      -1.4942514     -0.52654209       2.6892071        2.6892071                      -0        978.3112              978.3112
 2.9568931e-208       489.14486      0.22188534      0.98514419       3.3057897       -1.279482      0.59560086       2.6892071        2.6892071                      -0        972.9113              972.9113
 3.5211112e-194       456.69766      0.34933461      0.91923452       2.6257735      -0.2299438      -2.9562828       2.6892071        2.6892071                      -0       908.01691             908.01691
 1.0437971e-190       448.66687      0.16774487       1.0724871       3.6530219      -1.5522626      0.05736507       2.6892071        2.6892071                      -0       891.95532             891.95532
 6.1199486e-187       439.95405      0.19293561       1.0816456       3.4232911      -1.3404941      -1.4928689       2.6892071        2.6892071                      -0        874.5297              874.5297
 6.2400662e-183       430.72428       0.2082258       1.0528672       3.2998375     -0.96502728      -2.5209841       2.6892071        2.6892071                      -0       856.07014             856.07014
 2.8973631e-182       429.15114      0.16446471       1.0969022       3.6810794      -1.7579468      0.27786728       2.6892071        2.6892071                      -0       852.92387             852.92387
 3.5157659e-181       426.61736        0.258446      0.92072388       3.0414016     -0.65636405      -1.7244943       2.6892071        2.6892071                      -0       847.85631             847.85631
  4.776071e-170       400.98256      0.20626133      0.98885963       3.3272265      -1.0531191      -1.6473639       2.6892071        2.6892071                      -0       796.58671             796.58671
 5.1720051e-159       375.57448      0.16526409       1.1241835       3.6235748      -1.5620762      -1.1923784       2.6892071        2.6892071                      -0       745.77056             745.77056
  2.539471e-157       371.68062      0.17694444       1.1241184       3.5219588      -1.4130461      -2.0192856       2.6892071        2.6892071                      -0       737.98282             737.98282
 8.5512366e-154       363.55874      0.31894593      0.90840951       2.7909442     -0.39220203      -2.3108768       2.6892071        2.6892071                      -0       721.73907             721.73907
 1.7504539e-147        348.9824      0.16702374       1.1211443        3.635688      -1.6550054     -0.43018011       2.6892071        2.6892071                      -0       692.58638             692.58638
 1.6667943e-146       346.72879      0.26491209      0.97353153       2.9990801     -0.70707036      -2.4227632       2.6892071        2.6892071                      -0       688.07916             688.07916
 4.4980728e-146       345.68952      0.18715266       1.0254149       3.5025689      -1.5004509      0.19626696       2.6892071        2.6892071                      -0       686.00062             686.00062
 6.0283454e-146       345.35017      0.17447821       1.1243438       3.5420942      -1.4288074      -1.9413451       2.6892071        2.6892071                      -0       685.32194             685.32194
 1.5159968e-145       344.42799      0.18084598       1.0986015       3.4848503      -1.3219163      -1.3912552       2.6892071        2.6892071                      -0       683.47756             683.47756
 3.1021736e-138       327.54507       0.1955143       1.0477827        3.389486      -1.0975962      -1.7602537       2.6892071        2.6892071                      -0       649.71173             649.71173
 2.8817989e-136       323.01359      0.28693733      0.91882757       2.8851499     -0.57809106      -2.4758283       2.6892071        2.6892071                      -0       640.64877             640.64877
 1.0404403e-130       310.16556      0.16726038       1.1053502       3.6250876      -1.5812583      -0.2254473       2.6892071        2.6892071                      -0        614.9527              614.9527
 3.7828436e-129       306.52085      0.25989495      0.98539013       3.0106889     -0.65984939      -2.8030537       2.6892071        2.6892071                      -0       607.66328             607.66328
 9.8581452e-129       305.56303      0.17317438       1.0945386       3.5689117      -1.4159311     -0.95595237       2.6892071        2.6892071                      -0       605.74764             605.74764
 5.6669696e-127        301.5115      0.16963642       1.0899687       3.6171524      -1.5917301     -0.53344002       2.6892071        2.6892071                      -0       597.64458             597.64458
 3.2949821e-124       295.08884      0.27078255       0.9585623       2.9538987      -0.4644568       -2.964565       2.6892071        2.6892071                      -0       584.79926             584.79926
 3.6689636e-121       288.01642       0.2497975      0.99166488        3.065308     -0.92840563      -2.0644598       2.6892071        2.6892071                      -0       570.65442             570.65442
 1.7278152e-109       261.13845        0.207835       1.0251936       3.2945043      -0.8953004       -2.799933       2.6892071        2.6892071                      -0       516.89848             516.89848
 7.0549761e-108       257.42899      0.19957966       1.0364168       3.3500293       -1.004739      -2.5603397       2.6892071        2.6892071                      -0       509.47956             509.47956
 2.3287764e-107       256.23479      0.19268809       1.0823215        3.411737      -1.2677612      -1.8381427       2.6892071        2.6892071                      -0       507.09117             507.09117
 4.4077135e-102       244.01486      0.31377743       0.9398507       2.7725277     -0.36688042        -2.72665       2.6892071        2.6892071                      -0       482.65131             482.65131
 1.4306846e-101       242.76849      0.31815975      0.92456564       2.7594975     -0.31045707      -2.2438117       2.6892071        2.6892071                      -0       480.15856             480.15856
  1.4921501e-99       238.05226      0.21549169       1.0225825       3.2507987     -0.85190773      -2.9225703       2.6892071        2.6892071                      -0        470.7261              470.7261
  5.8145953e-97       232.08693      0.25613526      0.95034051       3.0339666     -0.55994014      -2.7036177       2.6892071        2.6892071                      -0       458.79545             458.79545
  1.5086998e-95       228.75678      0.18739578       1.0397443       3.4650755      -1.3006712      -1.2966433       2.6892071        2.6892071                      -0       452.13514             452.13514
    1.64241e-92       221.62101      0.18676555       1.0413453       3.4728504      -1.3123652      -1.2582689       2.6892071        2.6892071                      -0        437.8636              437.8636
  1.8440483e-90       216.83104      0.18858224       1.0400798       3.4633428      -1.3054905      -1.2506882       2.6892071        2.6892071                      -0       428.28368             428.28368
  1.9764496e-86       207.55137      0.26958297      0.96855649       2.9570153      -0.5354932      -2.6122508       2.6892071        2.6892071                      -0       409.72432             409.72432
  1.9278957e-83       200.52538      0.26392593      0.97811593       2.9789321     -0.69686437       -2.960413       2.6892071        2.6892071                      -0       395.67235             395.67235
  5.8519534e-81       194.67633      0.28189055       0.9595071       2.8917457     -0.47760777      -2.5603987       2.6892071        2.6892071                      -0       383.97425             383.97425
  2.2826995e-80       193.31517      0.27302531       0.9566074       2.9464374     -0.51709742      -2.4560913       2.6892071        2.6892071                      -0       381.25192             381.25192
  1.7051296e-74       179.65784      0.26965614      0.97963146        2.950948     -0.61187656      -2.1093667       2.6892071        2.6892071                      -0       353.93727             353.93727
  2.1543474e-74         179.424      0.23568966       1.0034641       3.1492725     -0.87381336      -1.5579213       2.6892071        2.6892071                      -0       353.46958             353.46958
    3.79069e-72       174.25376      0.20975784       1.0231951        3.283988     -0.98628046       -2.959115       2.6892071        2.6892071                      -0       343.12912             343.12912
   5.365114e-70       169.15812      0.26280052      0.95998596       3.0046776     -0.61758309      -2.8559414       2.6892071        2.6892071                      -0       332.93783             332.93783
   1.906634e-63       153.82329       0.2758865      0.95057086       2.9412723     -0.52955068      -2.2823272       2.6892071        2.6892071                      -0       302.26817             302.26817
  4.3606087e-54        132.2156      0.24732783      0.99818725       3.0622196     -0.87098275      -2.0665939       2.6892071        2.6892071                      -0       259.05278             259.05278
  6.9309614e-52       127.08988      0.28334057      0.91465517       2.9540735     -0.61038159      -1.5840797       2.6892071        2.6892071                      -0       248.80135             248.80135
  1.8250427e-51       126.12169      0.26332205      0.96557199       2.9878837      -0.5841817      -2.5536353       2.6892071        2.6892071                      -0       246.86497             246.86497
  1.9007089e-49        121.4759      0.27273383      0.97536049       2.9308067     -0.62028302      -2.3769288       2.6892071        2.6892071                      -0       237.57338             237.57338
  2.9238478e-48       118.56032      0.28885887      0.91992891       2.8794024     -0.51639969      -2.6299225       2.6892071        2.6892071                      -0       231.74222             231.74222
  3.7388259e-48       118.25729      0.25293754      0.99059842       3.0450629     -0.73919462      -2.0374575       2.6892071        2.6892071                      -0       231.13616             231.13616
  4.1759651e-48       118.08955      0.26635304      0.96289309       2.9918937     -0.76805379      -2.0157547       2.6892071        2.6892071                      -0       230.80069             230.80069
  5.5286463e-45       110.68989      0.29106245      0.96331101       2.8748727     -0.58037307      -1.6902843       2.6892071        2.6892071                      -0       216.00137             216.00137
  6.4053078e-45       110.49392      0.30471303      0.90803354        2.817908     -0.42805153      -2.7941695       2.6892071        2.6892071                      -0       215.60942             215.60942
  1.7905098e-44       109.46596      0.30345883      0.88599495       2.8310183     -0.35876756      -2.7982876       2.6892071        2.6892071                      -0       213.55351             213.55351
  2.0506409e-42       104.72514       0.2709126      0.93231695       2.9587145     -0.58607047      -2.5821776       2.6892071        2.6892071                      -0       204.07186             204.07186
  2.5604603e-41       102.14645      0.30003057      0.89837125       2.8704417     -0.52034361      -2.0555499       2.6892071        2.6892071                      -0       198.91449             198.91449
  3.7510277e-39       97.105371      0.30215967       0.9037191       2.8420549     -0.40911539      -2.8363261       2.6892071        2.6892071                      -0       188.83233             188.83233
  2.8236979e-38       95.032701      0.23956774      0.97513255       3.1322939     -0.82205327      -2.1772088       2.6892071        2.6892071                      -0       184.68699             184.68699
  7.7973498e-38       94.016964      0.26260966      0.97754159       2.9895205     -0.74702965      -2.2883798       2.6892071        2.6892071                      -0       182.65551             182.65551
   1.534436e-37           93.34      0.30942081      0.92436045       2.8066587     -0.44886413      -1.9057308       2.6892071        2.6892071                      -0       181.30159             181.30159
  2.6782747e-37       92.722366      0.30170138      0.89357222       2.8539971     -0.41882637      -2.6410652       2.6892071        2.6892071                      -0       180.06632             180.06632
  4.1821976e-36       89.974117      0.22469008      0.99792636       3.1975558      -0.8276609       -2.986247       2.6892071        2.6892071                      -0       174.56982             174.56982
  7.9616466e-35       86.902569      0.26405585      0.96515767        2.978546     -0.57321561      -2.8144508       2.6892071        2.6892071                      -0       168.42672             168.42672
  1.1434219e-33        84.23801      0.28313775      0.95010093       2.9116939     -0.55413371       -2.160399       2.6892071        2.6892071                      -0        163.0976              163.0976
   1.905871e-33       83.662557      0.24223705       1.0009299       3.0896541     -0.83408981      -2.4849827       2.6892071        2.6892071                      -0        161.9467              161.9467
  1.4385362e-31       79.274162      0.23275256       1.0002526       3.1498656     -0.83206878      -2.7917006       2.6892071        2.6892071                      -0       153.16991             153.16991
  1.2631325e-30       77.037069      0.22914354       1.0083869       3.1664609     -0.86000696      -2.7301588       2.6892071        2.6892071                      -0       148.69572             148.69572
   1.164348e-28       72.448794      0.28108639      0.93535355       2.9190203     -0.61886382       -2.080543       2.6892071        2.6892071                      -0       139.51917             139.51917
  1.2446768e-28        72.38208      0.24050745      0.97369526       3.1068309     -0.76476141      -2.7519161       2.6892071        2.6892071                      -0       139.38574             139.38574
  2.7058405e-28       71.605543      0.27976561      0.95192759       2.9156937     -0.62231597      -2.0959297       2.6892071        2.6892071                      -0       137.83267             137.83267
  4.0678622e-28        71.12373      0.27170241      0.96347232       2.9553667     -0.66985303      -2.3391015       2.6892071        2.6892071                      -0       136.86905             136.86905
  9.8898952e-28       70.235334      0.27252295      0.94263131       2.9680034     -0.60823307      -1.8874447       2.6892071        2.6892071                      -0       135.09225             135.09225
  1.1922604e-26       67.665784      0.30462236      0.91354554       2.8258003     -0.41495369      -2.6455107       2.6892071        2.6892071                      -0       129.95315             129.95315
  2.5349804e-26       66.911449      0.24699278      0.96635931       3.0761851     -0.73489238       -2.911741       2.6892071        2.6892071                      -0       128.44448             128.44448
  1.2037917e-25       65.266562       0.2304326      0.98232749       3.1765654      -0.8758139      -2.3256271       2.6892071        2.6892071                      -0       125.15471             125.15471
    3.00228e-23       59.506334      0.28199086      0.95352944       2.9023957     -0.55985666      -2.5575117       2.6892071        2.6892071                      -0       113.63425             113.63425
  3.3520635e-23       59.322022      0.27570148      0.91434448       2.9497805     -0.48426426      -2.8571445       2.6892071        2.6892071                      -0       113.26563             113.26563
  2.7148246e-22       57.230285      0.26886111      0.95450995       2.9628147     -0.59853324      -2.4819473       2.6892071        2.6892071                      -0       109.08216             109.08216
  6.1304926e-21        54.03311      0.27030438      0.94155049        2.955222     -0.54491416       -2.982323       2.6892071        2.6892071                      -0       102.68781             102.68781
  7.0917636e-21       53.807408      0.26660449      0.95740808       2.9813693     -0.68545273      -1.9530705       2.6892071        2.6892071                      -0        102.2364              102.2364
  4.8956381e-20       51.875413      0.23976685      0.96874958       3.1222887     -0.79126587      -2.3996016       2.6892071        2.6892071                      -0       98.372411             98.372411
   8.862322e-20       51.281948      0.27288955      0.94621363       2.9522865     -0.57805322      -2.8152246       2.6892071        2.6892071                      -0       97.185483             97.185483
  3.4655951e-19       49.735966      0.26682445      0.94167914       2.9810028     -0.62451993      -2.4225163       2.6892071        2.6892071                      -0       94.093518             94.093518
  1.0985168e-17       46.192708      0.25893168      0.94507948       3.0241488     -0.62963432      -2.8782144       2.6892071        2.6892071                      -0       87.007002             87.007002
  1.3685056e-16       43.583353      0.25043445      0.96469623       3.0595387     -0.69866764      -2.8596002       2.6892071        2.6892071                      -0       81.788292             81.788292
  4.9684804e-15       39.824319      0.24773178      0.95610898       3.0944164     -0.80634601      -1.8310496       2.6892071        2.6892071                      -0       74.270224             74.270224
  1.2654004e-14        38.88946      0.26506564      0.94820956       3.0038284     -0.76027597      -1.6092274       2.6892071        2.6892071                      -0       72.400505             72.400505
  8.5129043e-14       36.896254       0.2685899      0.93053914       2.9829982     -0.63634233      -2.3957555       2.6892071        2.6892071                      -0       68.414093             68.414093
  1.1907382e-13       36.473667      0.26103256      0.94139076       3.0175463     -0.69256056      -2.3297338       2.6892071        2.6892071                      -0        67.56892              67.56892
  1.1497099e-13       36.421719      0.26256564      0.93977323       3.0261748      -0.7226033      -1.8347491       2.6892071        2.6892071                      -0       67.465025             67.465025
  3.0699905e-13       35.352543       0.2688025      0.93586036       2.9731904     -0.58707176      -2.6293727       2.6892071        2.6892071                      -0       65.326672             65.326672
  3.9022793e-13       35.112657      0.27018056      0.93512526       2.9695563     -0.61826731      -2.4684744       2.6892071        2.6892071                      -0       64.846899             64.846899
  4.3986766e-13       34.897604      0.27811616       0.9283497       2.9517452     -0.67768995      -1.6804693       2.6892071        2.6892071                      -0       64.416793             64.416793
  6.1337397e-13       34.565103      0.27597975       0.9254046        2.943369     -0.55343088      -2.6393007       2.6892071        2.6892071                      -0       63.751791             63.751791
  7.7093177e-13       34.336478       0.2689218      0.92849338       3.0081289     -0.73729344       -1.400991       2.6892071        2.6892071                      -0       63.294541             63.294541
  1.5183242e-12       33.540932      0.26867522      0.93826834       2.9706297     -0.57344024      -2.8986022       2.6892071        2.6892071                      -0        61.70345              61.70345
  3.0339677e-12       32.848668      0.26120654       0.9491194       3.0061583     -0.62742872       -2.854084       2.6892071        2.6892071                      -0       60.318922             60.318922
  2.8377437e-11       30.479414      0.28344528      0.91968331       2.9473873     -0.65730737      -1.3968922       2.6892071        2.6892071                      -0       55.580413             55.580413
  5.4538619e-10       27.523514      0.26959727      0.94093577       2.9743195     -0.65901668      -2.2138577       2.6892071        2.6892071                      -0       49.668613             49.668613
   8.097119e-09       24.538062      0.27223646      0.95332239       2.9672657     -0.71591322       -1.780645       2.6892071        2.6892071                      -0        43.69771              43.69771
  5.9744656e-06       17.683006      0.26266323      0.95962173       3.0057547     -0.71840367      -1.9252182       2.6892071        2.6892071                      -0       29.987598             29.987598
   1.023294e-05       17.027106      0.26651047      0.94305672       2.9940574     -0.66153725      -2.1504564       2.6892071        2.6892071                      -0       28.675798             28.675798
  1.6470392e-05        16.32801      0.26013747      0.97199677       3.0220698     -0.80434094        -1.59469       2.6892071        2.6892071                      -0       27.277606             27.277606
  6.5060757e-05       14.848892      0.25127032      0.96999204        3.067995     -0.81095578      -1.7732913       2.6892071        2.6892071                      -0        24.31937              24.31937
  6.5190472e-05        14.74154      0.28291739      0.93342556       2.9250701     -0.60876789      -1.7977044       2.6892071        2.6892071                      -0       24.104666             24.104666
  6.0095637e-05       14.717556      0.28379057      0.92518579       2.9242859     -0.59507313      -1.8906994       2.6892071        2.6892071                      -0       24.056697             24.056697
   8.326707e-05        14.39144      0.26132227      0.95630271       3.0144674     -0.71105668      -2.0454871       2.6892071        2.6892071                      -0       23.404465             23.404465
  0.00015791972       13.528262      0.27683012      0.93787879       2.9553732     -0.65459544      -1.7817601       2.6892071        2.6892071                      -0       21.678111             21.678111
   0.0003882023       12.428152      0.25484296      0.96811691       3.0500041     -0.79711116      -1.7560804       2.6892071        2.6892071                      -0        19.47789              19.47789
  0.00073257481       11.793113      0.26659357      0.95029359       2.9907131     -0.68838507      -2.0310462       2.6892071        2.6892071                      -0       18.207812             18.207812
  0.00086193422         11.6305      0.26803938      0.94252282       2.9917075     -0.69663583       -1.876669       2.6892071        2.6892071                      -0       17.882585             17.882585
   0.0011190692       11.251643       0.2728276      0.93699187       2.9738239     -0.67342988      -1.7394117       2.6892071        2.6892071                      -0       17.124872             17.124872
     0.00112273       11.130594      0.26109243      0.96005682       3.0217075     -0.77095234      -1.7268377       2.6892071        2.6892071                      -0       16.882774             16.882774
   0.0012115395       10.831322      0.26339632      0.95164368       3.0150513     -0.73850927      -1.6387243       2.6892071        2.6892071                      -0       16.284229             16.284229
   0.0014570403       10.646806      0.25948017      0.95617363        3.031389     -0.77748942      -1.6736822       2.6892071        2.6892071                      -0       15.915199             15.915199
   0.0019297357       10.248048      0.25307332      0.97413954       3.0641152     -0.84985859      -1.4370189       2.6892071        2.6892071                      -0       15.117681             15.117681
   0.0020589274       10.183245      0.26235813      0.95387899       3.0188453     -0.74485089      -1.7288895       2.6892071        2.6892071                      -0       14.988077             14.988077
   0.0018404353       10.161897      0.26385166      0.95128343       3.0181795     -0.75546146      -1.4537203       2.6892071        2.6892071                      -0        14.94538              14.94538
    0.001464763       10.138891       0.2708467      0.94235611       2.9774661     -0.68419019      -1.8642944       2.6892071        2.6892071                      -0       14.899368             14.899368
   0.0022977208       9.6886671       0.2544809      0.96510267       3.0565141     -0.81258371      -1.5540336       2.6892071        2.6892071                      -0        13.99892              13.99892
   0.0024632996        9.619083       0.2640295      0.95914318       3.0050064     -0.74085214      -1.7781779       2.6892071        2.6892071                      -0       13.859752             13.859752
   0.0031914928        9.360096      0.26405105      0.95208118       3.0156497     -0.75477066      -1.4703082       2.6892071        2.6892071                      -0       13.341778             13.341778
   0.0067598931       8.2731055      0.27333897       0.9405726        2.975332     -0.69622721      -1.5509915       2.6892071        2.6892071                      -0       11.167797             11.167797
   0.0099226801       7.7351388      0.26136504      0.95803958       3.0232379     -0.76374554      -1.5943053       2.6892071        2.6892071                      -0       10.091863             10.091863
    0.011073543       7.6254031      0.26405321      0.95750545       3.0085606     -0.76019686      -1.6380361       2.6892071        2.6892071                      -0       9.8723919             9.8723919
    0.011601153       7.2423851      0.25930956      0.96653949         3.03107     -0.80153416      -1.4738545       2.6892071        2.6892071                      -0       9.1063559             9.1063559
    0.012845089       7.1405281      0.26399051      0.96073767       3.0095954     -0.76621495      -1.5676199       2.6892071        2.6892071                      -0       8.9026419             8.9026419
    0.014428723       7.0242688       0.2644011      0.96020673       3.0090743     -0.77838864      -1.4931292       2.6892071        2.6892071                      -0       8.6701233             8.6701233
    0.015768174        6.935496      0.26481476      0.95753204       3.0047401     -0.75270957       -1.603921       2.6892071        2.6892071                      -0       8.4925778             8.4925778
    0.032359385       6.2165855      0.26060759      0.96098893       3.0263957     -0.78562462      -1.5565814       2.6892071        2.6892071                      -0       7.0547568             7.0547568
    0.032690441       6.2064069      0.26396183      0.95739885       3.0099123     -0.75725691      -1.6049259       2.6892071        2.6892071                      -0       7.0343996             7.0343996
