#        weight    minuslogpost         omega_c             n_s            lnas              w0              wa   minuslogprior minuslogprior__0 minuslogprior__function            chi2 chi2__likelihood_CAMB
 8.5690397e-312       735.98954      0.20253371      0.99340925       3.3892351      -1.1488106     -0.24881412       3.4311445        3.4311445                      -0       1465.1168             1465.1168
 1.5042422e-310       733.09347      0.32748317      0.99472005       2.7218261        -0.47655     -0.90996408       3.4311445        3.4311445                      -0       1459.3246             1459.3246
 6.9004316e-308       726.93423      0.27250579       1.0350789       2.9060878     -0.85638508      -1.2581851       3.4311445        3.4311445                      -0       1447.0062             1447.0062
 5.3245928e-302        713.3472      0.24261341       1.0213385       3.3738893     -0.96799297      0.68530218       3.4311445        3.4311445                      -0       1419.8321             1419.8321
 6.0284187e-296       699.37677      0.26062008      0.94805913       2.9607451     -0.71681035       -3.071339       3.4311445        3.4311445                      -0       1391.8912             1391.8912
 1.2080405e-290       687.13797      0.24331101       1.0186959       3.3930893     -0.93334035      0.65724174       3.4311445        3.4311445                      -0       1367.4136             1367.4136
 7.4666637e-282       666.86507      0.26714074       1.0448797       3.1209744     -0.93288763       0.5001687       3.4311445        3.4311445                      -0       1326.8678             1326.8678
 1.4225355e-276       654.67679      0.21245741       1.1011689       3.2194319       -1.312699      -1.1645281       3.4311445        3.4311445                      -0       1302.4913             1302.4913
 7.4563044e-259       613.84546      0.26730988      0.99691673       3.4350102       -0.745597      0.51218731       3.4311445        3.4311445                      -0       1220.8286             1220.8286
 1.1732441e-256       608.75622       0.2684555       1.0747375       3.0576732      -1.0564393      0.68507303       3.4311445        3.4311445                      -0       1210.6501             1210.6501
 2.0513631e-256       608.16671      0.23153755       1.0675891       3.0953009      -1.0924955       -1.736436       3.4311445        3.4311445                      -0       1209.4711             1209.4711
 1.9399885e-248       589.77108      0.20897185       1.0913401       3.2594137      -1.3017721      -1.2688844       3.4311445        3.4311445                      -0       1172.6799             1172.6799
 2.0775669e-247       587.36921      0.24546554      0.99334269       3.0710352     -0.82791082      -2.2069271       3.4311445        3.4311445                      -0       1167.8761             1167.8761
  3.267329e-244       579.97791      0.30870489      0.93461639       2.7663263     -0.61097128       -1.984998       3.4311445        3.4311445                      -0       1153.0935             1153.0935
 4.4381023e-240       570.43054      0.18342163       1.1052594       3.4242601      -1.3255124      -1.1981127       3.4311445        3.4311445                      -0       1133.9988             1133.9988
 2.3868887e-237       564.11225      0.22583391       1.0756621       3.1291124      -1.1423897      -1.4744706       3.4311445        3.4311445                      -0       1121.3622             1121.3622
     5.964e-233       553.95539      0.33126679      0.85026067       2.8175256     -0.54234997     -0.72869466       3.4311445        3.4311445                      -0       1101.0485             1101.0485
 7.7583992e-232         551.359      0.35338602      0.80298039       2.7419033     -0.23093207       -1.285227       3.4311445        3.4311445                      -0       1095.8557             1095.8557
 4.5047006e-230       547.26671      0.24993515       1.0085799       3.3705559     -0.86952627      0.59962352       3.4311445        3.4311445                      -0       1087.6711             1087.6711
 2.5931535e-225       536.68072       0.2534943       1.0095885       3.3455894     -0.86645517      0.57029032       3.4311445        3.4311445                      -0       1066.4992             1066.4992
 4.5179728e-222       529.17126       0.1784712       1.1109956       3.4772632      -1.3528599     -0.89669641       3.4311445        3.4311445                      -0       1051.4802             1051.4802
 5.3387857e-218       519.74747      0.19971684       1.0623054       3.3114091      -1.2656746      -1.2354518       3.4311445        3.4311445                      -0       1032.6326             1032.6326
 1.1218215e-205        491.3739      0.21466753       1.0690694       3.1991555       -1.113013      -2.1232895       3.4311445        3.4311445                      -0       975.88552             975.88552
 1.1386622e-204       489.00763      0.26753989       1.0102792       2.9388088     -0.87904786      -1.4489297       3.4311445        3.4311445                      -0       971.15297             971.15297
 5.6270883e-201       480.45334       0.2520713      0.96947735       3.0369217     -0.88508075      -2.2169763       3.4311445        3.4311445                      -0        954.0444              954.0444
 8.5702037e-197        470.8223      0.22318241       1.0493363       3.1830088      -1.1210221      -1.5132705       3.4311445        3.4311445                      -0       934.78232             934.78232
 3.1709542e-192       460.30364      0.17331969       1.0652234       3.5382348       -1.429821     -0.84140728       3.4311445        3.4311445                      -0       913.74499             913.74499
 9.4805875e-180       431.42325        0.219933       1.0833236       3.1826543      -1.1357552     -0.68363248       3.4311445        3.4311445                      -0       855.98422             855.98422
 4.6163784e-179       429.79151      0.21907144       1.0729106       3.1881211      -1.1306235     -0.65471349       3.4311445        3.4311445                      -0       852.72074             852.72074
  7.529479e-179       429.25351      0.22277061       1.0506314       3.1781279      -1.1352008      -1.6313937       3.4311445        3.4311445                      -0       851.64473             851.64473
 1.0358499e-164       396.64954      0.22497597       1.0725454       3.1664513       -1.102386     -0.58750289       3.4311445        3.4311445                      -0        786.4368              786.4368
 1.0680636e-160       387.35979       0.2416856       1.0191788       3.0559929     -0.93682016      -2.2468229       3.4311445        3.4311445                      -0       767.85729             767.85729
 6.2987618e-159       383.23391      0.19403639       1.0827671       3.3561728      -1.3014372      -0.9139085       3.4311445        3.4311445                      -0       759.60553             759.60553
 1.7655486e-157       379.85184      0.24408266       1.0234922       3.3730981      -0.9491638      0.69382393       3.4311445        3.4311445                      -0       752.84139             752.84139
 1.2864104e-153       370.90931      0.18374781       1.1052537       3.4421344      -1.3568284      -1.0922808       3.4311445        3.4311445                      -0       734.95634             734.95634
 1.2909142e-153       370.90582      0.24401463       1.0234187       3.3730952     -0.94924822      0.69124662       3.4311445        3.4311445                      -0       734.94935             734.94935
 2.5520678e-153       370.17297      0.21205949       1.0489692        3.268756      -1.2780635     -0.84172328       3.4311445        3.4311445                      -0       733.48366             733.48366
 5.9801627e-151       364.61618      0.21962109       1.0614333       3.1778491      -1.1409126      -1.3961213       3.4311445        3.4311445                      -0       722.37006             722.37006
 3.0600074e-141       342.26035      0.20849619       1.0795398       3.2528179      -1.2250762      -1.3041446       3.4311445        3.4311445                      -0       677.65842             677.65842
 6.2683645e-135       327.62766      0.17191214       1.0822174        3.566345      -1.5021544     -0.22609912       3.4311445        3.4311445                      -0       648.39304             648.39304
 4.2884681e-133       323.35329      0.20312817       1.0152937       3.3108941      -1.1618413      -1.9088307       3.4311445        3.4311445                      -0       639.84429             639.84429
 1.4785405e-130       317.37065      0.17211421       1.0869151       3.5641358      -1.5060696     -0.29518262       3.4311445        3.4311445                      -0         627.879               627.879
 1.0549034e-128       313.05863      0.24971796       1.0292663       3.0142754      -0.8830156      -1.2574896       3.4311445        3.4311445                      -0       619.25497             619.25497
 1.1011765e-124       303.80536      0.25235724       1.0250859       3.0021683     -0.85230685      -1.3371874       3.4311445        3.4311445                      -0       600.74843             600.74843
 2.2640654e-124       303.03806      0.22783015       1.0307455       3.1417848      -1.0855993      -1.6076628       3.4311445        3.4311445                      -0       599.21382             599.21382
 3.2877799e-123        300.3159       0.2583018      0.98509724       3.0959648     -0.80024315    -0.098875062       3.4311445        3.4311445                      -0       593.76951             593.76951
 8.4995419e-117       285.33702      0.20699233       1.0209805        3.303119      -1.1641027      -1.6132133       3.4311445        3.4311445                      -0       563.81174             563.81174
 4.8378704e-115       281.25616      0.23858072       1.0209107       3.0993762      -1.0075223      -1.3425319       3.4311445        3.4311445                      -0       555.65004             555.65004
 4.8683066e-115       281.21067       0.2197496       1.0320073       3.2297993      -1.0841836      -0.2991166       3.4311445        3.4311445                      -0       555.55905             555.55905
  9.311722e-109       266.70741      0.18421458       1.0786572       3.4605449      -1.4675137     -0.62584262       3.4311445        3.4311445                      -0       526.55253             526.55253
 1.3469384e-108       266.29905      0.21589435       1.0690003       3.2183846      -1.2113479     -0.51453596       3.4311445        3.4311445                      -0        525.7358              525.7358
 3.4710331e-108       265.27547      0.22433956        1.030163       3.1624437      -1.0859188      -1.6128624       3.4311445        3.4311445                      -0       523.68864             523.68864
 3.0987014e-104       256.10449      0.20710314       1.0259481       3.3020987      -1.3188888      -0.7232786       3.4311445        3.4311445                      -0       505.34669             505.34669
 2.0005964e-103       254.20307      0.18570364       1.0892986       3.4376554      -1.4438609     -0.64167312       3.4311445        3.4311445                      -0       501.54386             501.54386
 5.0528773e-102       250.93761      0.23782187      0.99918804       3.0938155     -0.88450787      -1.3414777       3.4311445        3.4311445                      -0       495.01293             495.01293
 6.4670933e-102       250.69084      0.19619129       1.0557666       3.4207097      -1.3540106      0.41299729       3.4311445        3.4311445                      -0       494.51939             494.51939
 5.1618308e-100        246.3111      0.23826586      0.98113359       3.0981293     -0.93555488       -1.278427       3.4311445        3.4311445                      -0       485.75992             485.75992
  1.3201342e-98       243.06949      0.23875144      0.94390011       3.1075356     -0.85665874      -2.3401299       3.4311445        3.4311445                      -0       479.27669             479.27669
   2.433081e-97       240.15548      0.22946933       1.0456172       3.1440014      -1.0450201     -0.87705222       3.4311445        3.4311445                      -0       473.44867             473.44867
  4.5059392e-94       232.58893      0.21904539       1.0078726        3.229422      -1.1244375      -1.3404128       3.4311445        3.4311445                      -0       458.31557             458.31557
   1.122501e-92        229.3736      0.21412717       1.0085049       3.2561342      -1.1203699      -1.6085044       3.4311445        3.4311445                      -0        451.8849              451.8849
  2.3697433e-91       226.27934      0.25703598      0.96311597       3.0020082     -0.86897441      -1.6418524       3.4311445        3.4311445                      -0       445.69638             445.69638
  4.1826108e-91       225.66673      0.20608996       1.0032994       3.3103211      -1.1607543     -0.89440544       3.4311445        3.4311445                      -0       444.47117             444.47117
  9.0463939e-91        224.8953      0.21607947      0.99689074       3.2466411      -1.0973713      -1.6534086       3.4311445        3.4311445                      -0       442.92831             442.92831
  6.5339016e-90       222.87156      0.22576414         1.04996       3.1808937      -1.1358913     -0.49631999       3.4311445        3.4311445                      -0       438.88082             438.88082
  2.6714585e-89       221.41683      0.21481231       1.0482638       3.2391268      -1.1525519      -1.0818031       3.4311445        3.4311445                      -0       435.97137             435.97137
  2.6181271e-87       216.78531      0.21331174       1.0448255       3.2333506      -1.1590265      -1.2242732       3.4311445        3.4311445                      -0       426.70832             426.70832
  2.3453607e-85       212.24364      0.21234644      0.99976579       3.3582144      -1.2158333      0.48561098       3.4311445        3.4311445                      -0       417.62498             417.62498
  8.6110252e-85       210.89651      0.24235164       0.9742974       3.1180531     -0.91775264     -0.95409587       3.4311445        3.4311445                      -0       414.93073             414.93073
   9.819111e-84       208.41612      0.19213337        1.075924       3.4092367      -1.3783588    -0.022199618       3.4311445        3.4311445                      -0       409.96995             409.96995
  5.3127072e-82       204.37866      0.21783484       1.0087761       3.2191259      -1.0990382      -1.6983917       3.4311445        3.4311445                      -0       401.89503             401.89503
  3.3769359e-80        200.1801      0.20315935       1.0469543        3.304505      -1.1636926      -1.5948517       3.4311445        3.4311445                      -0       393.49791             393.49791
  3.3477196e-80       200.14227      0.25436796      0.95599652       3.0482549     -0.75123331      -1.0778641       3.4311445        3.4311445                      -0       393.42225             393.42225
  4.6943521e-80       199.75767      0.26539406      0.99943875       2.9575837     -0.78582257      -1.1490729       3.4311445        3.4311445                      -0       392.65305             392.65305
  1.8679566e-79       198.33008      0.24609989       1.0133672       3.0674551      -1.0813662     -0.57361362       3.4311445        3.4311445                      -0       389.79787             389.79787
  3.6515117e-77       193.05461      0.20619694        1.041316       3.3056697      -1.1846207     -0.62760499       3.4311445        3.4311445                      -0       379.24694             379.24694
  7.5697227e-77       192.27681      0.23753144      0.97118594       3.1124838     -0.98244776      -1.5668769       3.4311445        3.4311445                      -0       377.69133             377.69133
  2.4434608e-76       191.05617      0.21182134       1.0396131       3.2686022      -1.1590388      -0.4885189       3.4311445        3.4311445                      -0       375.25006             375.25006
  2.0365226e-74       186.53786      0.20854983       1.0065561       3.2924008      -1.1200639      -1.0219327       3.4311445        3.4311445                      -0       366.21344             366.21344
  6.4874663e-74       185.37924      0.23952286      0.94931291       3.1089901     -0.92256172      -1.5773045       3.4311445        3.4311445                      -0       363.89618             363.89618
  3.3100158e-73       183.74957      0.26573158      0.99201746       2.9485291     -0.76356393      -1.4159661       3.4311445        3.4311445                      -0       360.63685             360.63685
  8.6487866e-70       175.69029      0.23507557       1.0452524        3.187822      -1.1030988       0.3952486       3.4311445        3.4311445                      -0        344.5183              344.5183
  2.1067263e-69       174.75554      0.25091202      0.98553854       3.0577229     -0.93800311      -1.0082697       3.4311445        3.4311445                      -0       342.64879             342.64879
  2.0712698e-66        167.6977      0.26005633      0.98275631       2.9825115     -0.81954178      -1.7515546       3.4311445        3.4311445                      -0       328.53312             328.53312
  6.6786625e-66       166.48773      0.27300707      0.92165254       2.9336792     -0.67200931      -2.1352902       3.4311445        3.4311445                      -0       326.11317             326.11317
  6.7535292e-66       166.47658      0.22753549        1.037035       3.1711804      -1.2040915     -0.41220606       3.4311445        3.4311445                      -0       326.09087             326.09087
   6.899576e-66       166.41436      0.28053665      0.96606317       2.9313888     -0.66596331     -0.80822674       3.4311445        3.4311445                      -0       325.96644             325.96644
  2.9687807e-65       164.95509      0.22686368      0.97093535       3.1797456     -0.89442903      -1.8409083       3.4311445        3.4311445                      -0       323.04789             323.04789
  1.2276045e-64       163.53559      0.26817219      0.93541015        2.963506     -0.71846795      -2.1132415       3.4311445        3.4311445                      -0       320.20889             320.20889
  1.4287109e-63        161.0813      0.24351627      0.94862885       3.0990656     -0.94788047      -1.3813634       3.4311445        3.4311445                      -0        315.3003              315.3003
  1.4885276e-63       160.99376      0.22919316       1.0467493       3.2241439      -1.1398238      0.42985544       3.4311445        3.4311445                      -0       315.12523             315.12523
  4.6237866e-63       159.86033      0.23792289       1.0335014       3.1063699      -1.0616972     -0.45031779       3.4311445        3.4311445                      -0       312.85838             312.85838
  4.4048295e-63       159.86006      0.23841698      0.96841418       3.1067316     -0.78434509      -2.1683209       3.4311445        3.4311445                      -0       312.85782             312.85782
  7.5002269e-62       156.97645      0.22718455       1.0247047       3.1512993      -1.0195006      -1.3919821       3.4311445        3.4311445                      -0       307.09061             307.09061
  1.0447028e-61       156.59628      0.22715316        1.011707       3.1907211      -1.0513177     -0.66281909       3.4311445        3.4311445                      -0       306.33026             306.33026
  3.8340424e-61       155.29609      0.21866535       1.0021884       3.2113238      -1.0100096       -1.708291       3.4311445        3.4311445                      -0       303.72989             303.72989
  5.4756598e-61        154.8884      0.26435015      0.93432524       2.9990138     -0.78722838     -0.96219736       3.4311445        3.4311445                      -0       302.91451             302.91451
  6.4228993e-60       152.37497      0.23878906       0.9796962       3.1012798     -0.93237471      -1.8783839       3.4311445        3.4311445                      -0       297.88764             297.88764
  9.2572116e-60       152.00943       0.2441678       1.0248049       3.0889115      -1.0037513     -0.28072441       3.4311445        3.4311445                      -0       297.15658             297.15658
  1.5381816e-58       149.19907      0.23619836       1.0174076       3.1091465      -1.0314165     -0.83326379       3.4311445        3.4311445                      -0       291.53584             291.53584
  2.9167477e-58       148.50204      0.26726944      0.95786908       2.9478832     -0.69888865      -1.7063828       3.4311445        3.4311445                      -0       290.14179             290.14179
  1.9060216e-56       144.26516      0.22153932      0.99168023        3.201359     -0.94849675      -1.8606288       3.4311445        3.4311445                      -0       281.66803             281.66803
  5.1367729e-56       143.27375      0.22618101       1.0374473        3.226315      -1.3324702      0.62544793       3.4311445        3.4311445                      -0       279.68522             279.68522
  3.9853723e-55       141.22496      0.26868894      0.92649363       2.9800183      -0.6715887      -1.2490294       3.4311445        3.4311445                      -0       275.58764             275.58764
   2.891966e-52       134.51274      0.24815315      0.98387545       3.0949815      -1.0480579     -0.34016946       3.4311445        3.4311445                      -0       262.16319             262.16319
   9.533584e-52       133.31985      0.24542568       1.0252578       3.1181156      -1.1536683      0.31742128       3.4311445        3.4311445                      -0       259.77742             259.77742
  1.4388363e-50       130.48051      0.24947768      0.98010187       3.0611995     -0.87537289      -1.2374979       3.4311445        3.4311445                      -0       254.09873             254.09873
  1.1694099e-49       128.32463      0.24676644      0.99069747       3.0503156     -0.91963468      -1.3713616       3.4311445        3.4311445                      -0       249.78698             249.78698
  2.3300419e-49       127.63525      0.23720711      0.95302967       3.1247078     -0.87451914      -1.9141392       3.4311445        3.4311445                      -0        248.4082              248.4082
  1.1372726e-46       121.38021       0.2396841      0.99630345       3.1375809      -1.0519241     -0.37155518       3.4311445        3.4311445                      -0       235.89812             235.89812
  6.4907015e-43       112.34772      0.22915201      0.99205335       3.1694612     -0.97986338      -1.2260324       3.4311445        3.4311445                      -0       217.83315             217.83315
  1.4669822e-40       106.88061      0.25896613      0.95793038       3.0695199     -0.97738017     0.029748085       3.4311445        3.4311445                      -0       206.89893             206.89893
  1.7193681e-39        104.3283       0.2314252       0.9715885        3.187013      -1.0279448     -0.39402596       3.4311445        3.4311445                      -0       201.79432             201.79432
  3.9759362e-39       103.40299       0.2519063      0.99632468       3.0930413      -1.0869743       0.1499481       3.4311445        3.4311445                      -0       199.94369             199.94369
  4.0129737e-39       103.35116      0.24623348      0.96120719       3.0671836     -0.81376842      -2.0571337       3.4311445        3.4311445                      -0       199.84002             199.84002
  5.1123102e-39       103.06648      0.25826154      0.95935415        3.009271     -0.84627209      -1.5156436       3.4311445        3.4311445                      -0       199.27067             199.27067
  1.4309551e-38       101.99464      0.20975762       1.0282465        3.320034      -1.3544352      0.42487241       3.4311445        3.4311445                      -0       197.12699             197.12699
   6.151929e-38       100.49366      0.22283696       1.0093877        3.197032      -1.0918127      -1.1516294       3.4311445        3.4311445                      -0       194.12503             194.12503
  1.5751323e-36       97.250915      0.23217263       0.9824177       3.1395916     -0.94937899       -1.656507       3.4311445        3.4311445                      -0       187.63954             187.63954
  4.3166629e-36        96.19832      0.24551467      0.97210299       3.0638729     -0.87848501      -1.6899097       3.4311445        3.4311445                      -0       185.53435             185.53435
  4.2856361e-36       96.161081      0.25194668       1.0086487       3.0790093      -1.0775243      0.10460433       3.4311445        3.4311445                      -0       185.45987             185.45987
  4.3453274e-36       96.102798      0.24721428       0.9683981       3.0659164     -0.85158855      -1.6892164       3.4311445        3.4311445                      -0       185.34331             185.34331
  9.9798668e-36       95.226877        0.242632      0.95389742       3.0946841     -0.82659039      -1.7966399       3.4311445        3.4311445                      -0       183.59147             183.59147
  1.3390744e-35       94.932883      0.23312956      0.97483461       3.1817932      -1.1117056     -0.31620694       3.4311445        3.4311445                      -0       183.00348             183.00348
  2.9636422e-34       91.702326      0.22252684      0.99457497       3.2100896      -1.0815395      -1.0575886       3.4311445        3.4311445                      -0       176.54236             176.54236
  9.7438815e-34       90.428724      0.20670464       1.0416065       3.3252261      -1.3623199      0.23028669       3.4311445        3.4311445                      -0       173.99516             173.99516
  1.3087189e-33       90.092908      0.22895187       1.0251105       3.1823267      -1.1262842    -0.080868215       3.4311445        3.4311445                      -0       173.32353             173.32353
  3.4549339e-33       89.081331      0.21165847       1.0393116        3.338856      -1.3953361      0.86100501       3.4311445        3.4311445                      -0       171.30037             171.30037
  4.0422664e-33       88.924329      0.22277971      0.99172487       3.2085074      -1.0653079      -1.0610941       3.4311445        3.4311445                      -0       170.98637             170.98637
  1.7142016e-32       87.437042      0.23991178      0.95606235       3.1124905     -0.91245411      -1.3795698       3.4311445        3.4311445                      -0        168.0118              168.0118
  3.8897753e-32       86.617639      0.24243361        1.000122       3.1093106       -1.103401     -0.19942588       3.4311445        3.4311445                      -0       166.37299             166.37299
  3.8745706e-32       86.577103      0.22477239       1.0145328       3.1973488      -1.1582742     -0.35234948       3.4311445        3.4311445                      -0       166.29192             166.29192
   2.851563e-31       84.536634      0.26837193      0.95772133       2.9613548     -0.80627874       -1.173453       3.4311445        3.4311445                      -0       162.21098             162.21098
  7.3289835e-31       83.548213      0.24829014      0.97195185       3.0523915     -0.85817941       -1.394349       3.4311445        3.4311445                      -0       160.23414             160.23414
  8.2879039e-31       83.380801        0.232475       1.0009851       3.1458241      -1.0108971      -1.0943124       3.4311445        3.4311445                      -0       159.89931             159.89931
  5.2908053e-30        81.48259      0.21766143       1.0183812       3.2457332      -1.2068162     -0.44555971       3.4311445        3.4311445                      -0       156.10289             156.10289
  4.4387728e-28       77.008561      0.22639124      0.97800847       3.2314612      -1.1412438    -0.038684081       3.4311445        3.4311445                      -0       147.15483             147.15483
  1.1352023e-27       76.069543        0.256491      0.95348951       3.0493505      -0.8059715     -0.83918935       3.4311445        3.4311445                      -0        145.2768              145.2768
  3.5829109e-27       74.829207      0.22887959       1.0121267       3.1790665      -1.0704855     -0.45542913       3.4311445        3.4311445                      -0       142.79612             142.79612
  7.9129613e-27       73.992428      0.26001036      0.94663501       3.0441985     -0.80858075     -0.60492034       3.4311445        3.4311445                      -0       141.12257             141.12257
  7.5907404e-27       73.989549      0.25184071      0.96764152       3.0351996     -0.79583717      -1.5625135       3.4311445        3.4311445                      -0       141.11681             141.11681
  9.7421037e-27       73.740021      0.23766159      0.95809356       3.1423092     -0.97608317     -0.83753737       3.4311445        3.4311445                      -0       140.61775             140.61775
  2.3250096e-26       72.870169      0.24632481      0.96902129       3.0884458      -1.0037081     -0.63909107       3.4311445        3.4311445                      -0       138.87805             138.87805
  1.0503872e-25       71.313359      0.27223795      0.94451682        2.965285     -0.72489293     -0.93026624       3.4311445        3.4311445                      -0       135.76443             135.76443
  1.7021561e-25       70.781832      0.25265948      0.95466473       3.0504542     -0.90094625      -1.1646147       3.4311445        3.4311445                      -0       134.70138             134.70138
  5.5431853e-25       69.552369       0.2407429      0.97531061       3.1214739      -1.0498934     -0.48563696       3.4311445        3.4311445                      -0       132.24245             132.24245
  6.4413706e-25       69.353406      0.25853245      0.98910955       3.0132311     -0.89836985     -0.76112758       3.4311445        3.4311445                      -0       131.84452             131.84452
  8.2327565e-25       69.059237      0.23703143      0.98397864       3.1862588      -1.0919981      0.23962761       3.4311445        3.4311445                      -0       131.25618             131.25618
  2.1850874e-24       67.987806      0.28263349      0.94305668       2.8938943     -0.64769738      -1.5324426       3.4311445        3.4311445                      -0       129.11332             129.11332
  3.0169256e-23       65.271667      0.27940189      0.94566044       2.9099521      -0.6408961      -1.6010379       3.4311445        3.4311445                      -0       123.68105             123.68105
  3.1444302e-23       65.185821      0.24446372      0.97098329       3.1143522     -0.92444605     -0.53448762       3.4311445        3.4311445                      -0       123.50935             123.50935
  4.6993702e-23       64.784025      0.23953992       1.0053869       3.1110743      -1.0453041     -0.63323744       3.4311445        3.4311445                      -0       122.70576             122.70576
  4.8156134e-23        64.71307       0.2106159       1.0348277       3.3239662      -1.3709444        0.541439       3.4311445        3.4311445                      -0       122.56385             122.56385
  7.0399268e-23       64.286816      0.24018165      0.98093915       3.1168052      -1.0186111     -0.83086523       3.4311445        3.4311445                      -0       121.71134             121.71134
  2.7631062e-22       62.919473      0.22112575       1.0125256       3.2615273      -1.2666692      0.30171991       3.4311445        3.4311445                      -0       118.97666             118.97666
  3.3405509e-22       62.729693      0.22538407       1.0291025       3.2078351      -1.1966656    -0.038274252       3.4311445        3.4311445                      -0        118.5971              118.5971
  7.1928026e-21       59.560079      0.27998475      0.93566868       2.9199922     -0.64091401      -1.5195693       3.4311445        3.4311445                      -0       112.25787             112.25787
  1.7732076e-20       58.562475      0.27155287      0.94857649       2.9903176     -0.75454476     -0.71758044       3.4311445        3.4311445                      -0       110.26266             110.26266
   1.802155e-20       58.499762      0.26155956      0.93021202       3.0478308     -0.81640322     -0.58913912       3.4311445        3.4311445                      -0       110.13723             110.13723
  3.2516734e-20       57.863055      0.24973371      0.97651841       3.0971459      -0.9697928     -0.32891819       3.4311445        3.4311445                      -0       108.86382             108.86382
  6.7347947e-20       57.001406      0.26217591      0.95135889       3.0112182     -0.76421094      -1.0446067       3.4311445        3.4311445                      -0       107.14052             107.14052
  1.5135251e-19       56.149107      0.26522455      0.92947394       3.0335859     -0.78838898     -0.57732253       3.4311445        3.4311445                      -0       105.43593             105.43593
  9.5540132e-19       54.306587      0.24206866       1.0006353        3.116254      -1.0946776     -0.16432482       3.4311445        3.4311445                      -0       101.75089             101.75089
  1.2230152e-18       54.059644      0.25977893      0.97449241       3.0068411     -0.87708978     -0.94848444       3.4311445        3.4311445                      -0         101.257               101.257
  1.7857069e-18       53.634629      0.26159098      0.95148835       3.0234312     -0.89302087     -0.74035099       3.4311445        3.4311445                      -0       100.40697             100.40697
  1.2712899e-17       51.538295      0.23384374      0.99694474       3.1475298      -1.0740988     -0.60484725       3.4311445        3.4311445                      -0       96.214301             96.214301
  1.7531442e-17       51.174356      0.23343732       1.0097687       3.1557449      -1.0794021     -0.41007423       3.4311445        3.4311445                      -0       95.486424             95.486424
  3.2954078e-17       50.543237      0.25118723      0.98237267       3.0565129     -0.93773339     -0.82162927       3.4311445        3.4311445                      -0       94.224186             94.224186
  3.8540244e-17       50.386649      0.24794813      0.97294846       3.0917725     -0.95600956      -0.6170711       3.4311445        3.4311445                      -0        93.91101              93.91101
  1.4047563e-16       49.046798      0.25876018      0.96818035       3.0529053     -0.96996063     -0.13781489       3.4311445        3.4311445                      -0       91.231308             91.231308
  5.1903909e-16       47.739853      0.24525162      0.98596079       3.0857468     -0.98856701     -0.77380618       3.4311445        3.4311445                      -0       88.617418             88.617418
  1.2152257e-15       46.889147       0.2467063       0.9598054       3.0983355     -0.90868941     -0.69820661       3.4311445        3.4311445                      -0       86.916006             86.916006
  1.8394797e-15       46.474594      0.27998671      0.95961745       2.9388124      -0.7651357     -0.61094736       3.4311445        3.4311445                      -0         86.0869               86.0869
  2.4958515e-15        46.11538      0.23208712      0.98721747       3.1991796      -1.0940064     0.044176222       3.4311445        3.4311445                      -0       85.368471             85.368471
  3.6969336e-15       45.668439      0.23760769      0.98956445       3.1627787      -1.0619283    0.0078938675       3.4311445        3.4311445                      -0       84.474589             84.474589
  4.2148833e-15       45.483254      0.22663502       1.0156676       3.1985871      -1.1503289     -0.16359361       3.4311445        3.4311445                      -0       84.104218             84.104218
  8.0132116e-15       44.786717      0.24893056      0.95879861       3.0869722       -0.944653     -0.55147821       3.4311445        3.4311445                      -0       82.711144             82.711144
  1.4314774e-14       44.101156      0.24959668      0.97547773       3.1012535      -1.0410329    -0.017385056       3.4311445        3.4311445                      -0       81.340022             81.340022
  2.6231426e-14       43.444196      0.24166343      0.96442039       3.1560242      -1.0219764      -0.1123664       3.4311445        3.4311445                      -0       80.026104             80.026104
  3.4679062e-14       43.113725      0.25386593      0.96683573       3.1079647      -1.0314315      0.17672269       3.4311445        3.4311445                      -0       79.365161             79.365161
   5.776133e-14       42.503458      0.22784102       1.0139015       3.2177461      -1.2274047      0.33238505       3.4311445        3.4311445                      -0       78.144627             78.144627
  6.3858957e-14       42.354311      0.25641999      0.96491413       3.0413614     -0.83947668      -0.8043263       3.4311445        3.4311445                      -0       77.846333             77.846333
  6.1671542e-14       42.340375      0.23397789       1.0025334       3.1757344      -1.0982484     0.034415315       3.4311445        3.4311445                      -0       77.818461             77.818461
  2.3976986e-13       40.933728      0.25976242       0.9645465       3.0083239     -0.82188461      -1.1953225       3.4311445        3.4311445                      -0       75.005166             75.005166
   1.018791e-12       39.304714      0.26270615      0.95973685       3.0184737     -0.84317753     -0.74915953       3.4311445        3.4311445                      -0       71.747139             71.747139
   1.354731e-12       38.977168      0.23788401      0.99398964       3.1791056      -1.0510933      0.13967783       3.4311445        3.4311445                      -0       71.092047             71.092047
  1.8355535e-12       38.590043      0.25029144      0.97702657       3.0793172     -0.91152006     -0.52168686       3.4311445        3.4311445                      -0       70.317797             70.317797
  2.0895956e-12       38.460419      0.25493588      0.98322246       3.0681802      -1.0049629     -0.13298046       3.4311445        3.4311445                      -0       70.058548             70.058548
  1.6660471e-11       36.300969      0.27389543      0.94690798       2.9794735     -0.83710075     -0.45649936       3.4311445        3.4311445                      -0       65.739648             65.739648
  3.7610154e-11       35.406691      0.23286525       1.0045025       3.1633865      -1.1001301     -0.26950655       3.4311445        3.4311445                      -0       63.951093             63.951093
  8.5041538e-11       34.551604      0.24349011      0.98124244       3.1486508     -0.99814884   -0.0049013214       3.4311445        3.4311445                      -0        62.24092              62.24092
   8.355257e-11       34.530047      0.26208504      0.93925379       3.0570056      -0.8934436     -0.25286888       3.4311445        3.4311445                      -0       62.197806             62.197806
   1.338521e-10       34.019567      0.24531289      0.96485577       3.1239537     -0.99944811     -0.19573258       3.4311445        3.4311445                      -0       61.176846             61.176846
   2.487706e-10       33.286443       0.2741674      0.94777275       2.9942443       -0.838127      -0.2656808       3.4311445        3.4311445                      -0       59.710597             59.710597
  4.2179104e-10       32.722096      0.24541556       1.0075388       3.1226261      -1.0691213      0.16070043       3.4311445        3.4311445                      -0       58.581904             58.581904
  7.3138346e-10       32.135301      0.27468013      0.95403249       2.9513249     -0.76220827     -0.87675011       3.4311445        3.4311445                      -0       57.408313             57.408313
   7.515667e-10        32.03662      0.25043508      0.98884271       3.0719623     -0.94982607     -0.44823292       3.4311445        3.4311445                      -0       57.210951             57.210951
  9.3158087e-10       31.786805      0.24521345      0.98737435       3.1144907     -0.98252738      -0.2727838       3.4311445        3.4311445                      -0       56.711322             56.711322
  1.2933537e-09       31.389702      0.22662163       1.0124481       3.2101932      -1.1733525   -0.0096811043       3.4311445        3.4311445                      -0       55.917114             55.917114
  1.4322807e-09       31.253771      0.24588596      0.97212004       3.1278466      -1.0551359    -0.024620229       3.4311445        3.4311445                      -0       55.645252             55.645252
   2.420472e-09       30.695175      0.27536833      0.96004491       3.0021941     -0.85327382    -0.086998719       3.4311445        3.4311445                      -0        54.52806              54.52806
  3.9311366e-09       30.176307      0.24689413      0.98259047       3.1279676     -0.99362996       -0.041178       3.4311445        3.4311445                      -0       53.490325             53.490325
   2.749321e-08       28.197395      0.27876979      0.94405644       2.9891997     -0.78279502      -0.3030798       3.4311445        3.4311445                      -0       49.532501             49.532501
   1.566824e-07       26.423212      0.23632846      0.99460988       3.1857798      -1.0890774      0.14186932       3.4311445        3.4311445                      -0       45.984135             45.984135
  1.9899861e-07       26.150233      0.25168487         0.97416       3.0875401      -1.0022045     -0.20391265       3.4311445        3.4311445                      -0       45.438177             45.438177
  2.8525052e-07       25.723472      0.25809665      0.97373636        3.045218     -0.93616431     -0.40269007       3.4311445        3.4311445                      -0       44.584655             44.584655
  3.5378851e-07       25.475351       0.2601493      0.95910426       3.0785841     -0.88150178    -0.086921436       3.4311445        3.4311445                      -0       44.088412             44.088412
  3.4647882e-07       25.463438      0.26500957      0.96247761       2.9950238     -0.81895515     -0.83826983       3.4311445        3.4311445                      -0       44.064588             44.064588
  4.5770065e-07       25.152255       0.2617922      0.93930172       3.0456645     -0.85901979     -0.50484034       3.4311445        3.4311445                      -0       43.442221             43.442221
  7.0151814e-07       24.660685      0.25709568      0.95614259       3.0536526     -0.88765394     -0.48846228       3.4311445        3.4311445                      -0       42.459081             42.459081
   7.875669e-07       24.513235      0.25824928      0.97712864       3.0544945      -0.9048047     -0.24378313       3.4311445        3.4311445                      -0        42.16418              42.16418
  1.0499319e-06       24.193954      0.24399341      0.99894402       3.1673259      -1.0513925      0.34945027       3.4311445        3.4311445                      -0       41.525618             41.525618
  2.2830855e-06       23.385402      0.25930308      0.94582212       3.0428864     -0.84806102     -0.65831703       3.4311445        3.4311445                      -0       39.908516             39.908516
   2.649948e-06       23.204642      0.26559537      0.93991869       3.0177766     -0.84560075       -0.569806       3.4311445        3.4311445                      -0       39.546994             39.546994
  3.7154308e-06       22.834938      0.26654138      0.94369097       2.9914529      -0.7927058      -0.9753574       3.4311445        3.4311445                      -0       38.807588             38.807588
   3.721916e-06       22.833194      0.26467128      0.95154068       3.0037933     -0.80125455     -0.91730212       3.4311445        3.4311445                      -0         38.8041               38.8041
    4.54505e-06       22.600604      0.27901858      0.94196698        2.986431     -0.80577806     -0.24843861       3.4311445        3.4311445                      -0        38.33892              38.33892
  7.1518062e-06        22.08274      0.25288551      0.97494481       3.0852797     -0.99855698    -0.072650085       3.4311445        3.4311445                      -0        37.30319              37.30319
  8.9598841e-06       21.995498      0.26215636      0.97750439       3.0314552     -0.89878071     -0.27712476       3.4311445        3.4311445                      -0       37.128706             37.128706
  8.7452084e-06       21.982009      0.26102672      0.96842683       3.0430997     -0.94360429     -0.21888652       3.4311445        3.4311445                      -0       37.101728             37.101728
  1.1576478e-05       21.627431      0.27013035      0.96497889       3.0124199     -0.87159421      -0.1957048       3.4311445        3.4311445                      -0       36.392574             36.392574
  1.2003453e-05       21.554845      0.25914574      0.96735913        3.051566     -0.95286198     -0.20149179       3.4311445        3.4311445                      -0         36.2474               36.2474
  1.1851559e-05       21.531212      0.26710509      0.95420494       3.0205684     -0.87268689     -0.27378873       3.4311445        3.4311445                      -0       36.200135             36.200135
  1.2077025e-05       21.475999       0.2602515      0.94856921       3.0494837      -0.8600329      -0.4451341       3.4311445        3.4311445                      -0       36.089709             36.089709
  1.7636676e-05       21.060955      0.25191552      0.95961524       3.1051946     -0.96919127    -0.081700868       3.4311445        3.4311445                      -0       35.259622             35.259622
  2.1133476e-05        20.84371      0.26511929      0.93805718       3.0210217     -0.83820509     -0.60427488       3.4311445        3.4311445                      -0       34.825131             34.825131
  2.1408011e-05       20.794435      0.27287828      0.94662525       2.9628357     -0.77203295     -0.92821921       3.4311445        3.4311445                      -0       34.726582             34.726582
  3.9726378e-05       20.104726      0.25443912      0.95912546        3.096761      -0.9544639    -0.050753756       3.4311445        3.4311445                      -0       33.347164             33.347164
  4.6040047e-05       19.922139      0.25575611      0.96213042         3.08377     -0.95068934    -0.082144658       3.4311445        3.4311445                      -0       32.981989             32.981989
  0.00010004865       19.044211      0.24760121      0.97637219       3.1029563     -0.96287629     -0.34777069       3.4311445        3.4311445                      -0       31.226133             31.226133
  0.00010473454       18.965649      0.26619623      0.95839288       3.0656743     -0.89873782     0.058481302       3.4311445        3.4311445                      -0       31.069009             31.069009
  0.00012951743       18.753262      0.26255498      0.96421293       3.0425505     -0.92221288     -0.22185034       3.4311445        3.4311445                      -0       30.644236             30.644236
  0.00013883015       18.649925      0.26758012      0.95176232       3.0220722     -0.83568646     -0.39889433       3.4311445        3.4311445                      -0       30.437561             30.437561
  0.00014859856       18.548026       0.2510697      0.96781826       3.0848149     -0.93989735     -0.36235262       3.4311445        3.4311445                      -0       30.233764             30.233764
  0.00022003483       18.121587      0.27218635      0.95276621       3.0218997      -0.8554705    -0.091139386       3.4311445        3.4311445                      -0       29.380886             29.380886
   0.0003234632       17.702386      0.25352211      0.95549256       3.0780176     -0.92714375     -0.40327274       3.4311445        3.4311445                      -0       28.542484             28.542484
  0.00046699209       17.268468      0.25073691      0.99281235       3.1054076      -1.0342336      0.12433453       3.4311445        3.4311445                      -0       27.674647             27.674647
  0.00046815845       17.233184      0.26034546      0.95065248       3.0385963     -0.87516938      -0.6096213       3.4311445        3.4311445                      -0       27.604078             27.604078
  0.00046793963       17.200861      0.27710977      0.94397889       2.9593755     -0.74984175     -0.74112458       3.4311445        3.4311445                      -0       27.539434             27.539434
  0.00075971845       16.683463      0.27190556      0.95359124       3.0043192     -0.82788909     -0.34075577       3.4311445        3.4311445                      -0       26.504637             26.504637
  0.00078414282        16.61903      0.26265881      0.95255318       3.0383409     -0.86849687     -0.44988207       3.4311445        3.4311445                      -0       26.375771             26.375771
  0.00082293567       16.537953         0.25264       0.9604431        3.079044     -0.92313946     -0.47314247       3.4311445        3.4311445                      -0       26.213617             26.213617
   0.0012410991       16.094289      0.25120623      0.98269683       3.0867675     -0.97847995     -0.22340471       3.4311445        3.4311445                      -0       25.326289             25.326289
   0.0012812078       16.029693      0.27806021      0.94418864       2.9554771     -0.76573837     -0.66783392       3.4311445        3.4311445                      -0       25.197097             25.197097
   0.0014129685       15.899014      0.25049926       0.9741448       3.0938744     -0.95333755     -0.28772633       3.4311445        3.4311445                      -0       24.935738             24.935738
   0.0015654255       15.763759      0.27856781      0.94561497       2.9579959     -0.76812016     -0.60030685       3.4311445        3.4311445                      -0       24.665229             24.665229
   0.0020681531       15.452471      0.25770992      0.95154227       3.0510598     -0.88841307     -0.55475937       3.4311445        3.4311445                      -0       24.042653             24.042653
   0.0021850853       15.397472      0.25377167      0.96273591       3.0682475     -0.90285104     -0.53043938       3.4311445        3.4311445                      -0       23.932655             23.932655
   0.0024248625        15.25945      0.25321847       0.9808338       3.0673742     -0.94653005     -0.35244392       3.4311445        3.4311445                      -0       23.656612             23.656612
   0.0025838434       15.162046      0.26160059       0.9640312       3.0884438       -0.933902      0.13176624       3.4311445        3.4311445                      -0       23.461803             23.461803
   0.0034792238       14.830613      0.25394647      0.98253772       3.0954146     -0.97884711     0.073862007       3.4311445        3.4311445                      -0       22.798937             22.798937
   0.0038425864       14.697375      0.27495178      0.94705313       2.9712492     -0.77846191       -0.653948       3.4311445        3.4311445                      -0       22.532461             22.532461
   0.0039241312       14.642474      0.27197474      0.93657791       3.0004912     -0.81159652     -0.49082693       3.4311445        3.4311445                      -0       22.422659             22.422659
    0.003882847       14.619149       0.2640481      0.94614323       3.0516592     -0.86917521     -0.21946755       3.4311445        3.4311445                      -0       22.376009             22.376009
   0.0041650321       14.515092      0.24496753      0.98750535       3.1219154      -1.0093074     -0.11007286       3.4311445        3.4311445                      -0       22.167895             22.167895
   0.0052378005       14.252013      0.26585312       0.9576933       3.0074654      -0.8425314     -0.55344886       3.4311445        3.4311445                      -0       21.641737             21.641737
   0.0060920885       14.100923      0.25032793      0.97623892        3.097145     -0.96075919     -0.22876492       3.4311445        3.4311445                      -0       21.339558             21.339558
   0.0080397982       13.788419      0.26486767      0.95533175        3.061713     -0.87418279      -0.0692091       3.4311445        3.4311445                      -0       20.714549             20.714549
   0.0090236271       13.637885      0.24465553      0.97948695       3.1140807      -1.0150476     -0.30368315       3.4311445        3.4311445                      -0       20.413482             20.413482
    0.013178501       13.224054      0.26643693      0.96531933       3.0334812      -0.8655078     -0.19217174       3.4311445        3.4311445                      -0       19.585818             19.585818
     0.01358608       13.158503      0.26134847      0.94806922       3.0501787     -0.86928219     -0.37516257       3.4311445        3.4311445                      -0       19.454718             19.454718
    0.014368804       13.067398      0.26947086      0.94685803        2.992719     -0.82243159     -0.63507251       3.4311445        3.4311445                      -0       19.272508             19.272508
    0.017636211       12.827412      0.24966906      0.98292085       3.0886992     -0.97914142     -0.25575436       3.4311445        3.4311445                      -0       18.792536             18.792536
    0.017367217       12.807691      0.25531616      0.97182135       3.1042978     -0.96112054     0.073930918       3.4311445        3.4311445                      -0       18.753093             18.753093
    0.017009386       12.793419      0.26990448      0.94916366       2.9925359     -0.82199274     -0.62241929       3.4311445        3.4311445                      -0       18.724548             18.724548
     0.01667613       12.778114      0.27567894      0.93835936       2.9683089     -0.76929431     -0.68824547       3.4311445        3.4311445                      -0       18.693939             18.693939
    0.023807246       12.387011      0.27153045      0.95245092       2.9868058     -0.80411827     -0.58798303       3.4311445        3.4311445                      -0       17.911733             17.911733
    0.027925725       12.192362      0.25268745      0.97550339       3.0920999     -0.94684901     -0.13682684       3.4311445        3.4311445                      -0       17.522434             17.522434
    0.033445752       11.976894       0.2641153      0.95205878       3.0590052      -0.8753154     -0.12860302       3.4311445        3.4311445                      -0       17.091499             17.091499
    0.034017763       11.924844      0.25894865      0.96495346       3.0421781     -0.91585712     -0.44889635       3.4311445        3.4311445                      -0         16.9874               16.9874
    0.061316078       11.300594       0.2529626      0.97582927        3.093194     -0.97030133    -0.042574281       3.4311445        3.4311445                      -0       15.738899             15.738899
    0.061984733       11.254656      0.26055957      0.96782316       3.0535046     -0.89585727     -0.24045036       3.4311445        3.4311445                      -0       15.647024             15.647024
    0.060352737       11.246247      0.27392864      0.93976309       2.9760238     -0.76324182     -0.72868613       3.4311445        3.4311445                      -0       15.630205             15.630205
    0.066497802       11.114193      0.26980801      0.95406018       2.9970001     -0.81007766     -0.54061983       3.4311445        3.4311445                      -0       15.366097             15.366097
    0.071665697        11.03935       0.2604861      0.96761892       3.0370286     -0.88362356     -0.43903249       3.4311445        3.4311445                      -0       15.216411             15.216411
    0.077115071       10.966063      0.26618032      0.95696664       3.0060365     -0.83128749     -0.60259378       3.4311445        3.4311445                      -0       15.069838             15.069838
    0.095288454       10.645254      0.26018727      0.97027054       3.0456971     -0.89461952     -0.31264996       3.4311445        3.4311445                      -0       14.428219             14.428219
     0.11346854       10.368854      0.25863461       0.9565796       3.0777488     -0.91733348      -0.1107937       3.4311445        3.4311445                      -0        13.87542              13.87542
     0.11488359       10.356461      0.26165995      0.96282067       3.0299213      -0.8731692     -0.51471889       3.4311445        3.4311445                      -0       13.850632             13.850632
     0.11530963       10.318858      0.26388793      0.95455502       3.0480806     -0.87781911     -0.22875179       3.4311445        3.4311445                      -0       13.775426             13.775426
     0.11957887       10.248601      0.25801155      0.96755814       3.0889271      -0.9622656     0.090046741       3.4311445        3.4311445                      -0       13.634912             13.634912
     0.11624224       10.242999      0.24682404      0.97283601       3.1253831      -1.0051401    -0.053878267       3.4311445        3.4311445                      -0       13.623709             13.623709
     0.11259065       10.241015      0.27440622      0.94690092       2.9898358     -0.81205233     -0.39068499       3.4311445        3.4311445                      -0       13.619741             13.619741
      0.1107864       10.223268      0.26660705      0.94646183       3.0297297     -0.84972295      -0.3561748       3.4311445        3.4311445                      -0       13.584247             13.584247
     0.12328504       10.082472      0.27116658      0.95698577       3.0023622     -0.82944558      -0.3452457       3.4311445        3.4311445                      -0       13.302654             13.302654
     0.13639786       9.9147032      0.26700086      0.94515989       3.0078924     -0.82593429      -0.6340125       3.4311445        3.4311445                      -0       12.967118             12.967118
     0.16475474       9.6612828      0.24692232      0.97412926        3.114615      -1.0105189      -0.1555175       3.4311445        3.4311445                      -0       12.460277             12.460277
     0.18055572       9.5379526       0.2556993      0.96907464       3.0672753     -0.91543367      -0.3223912       3.4311445        3.4311445                      -0       12.213616             12.213616
     0.18522132       9.4806919      0.25553492       0.9644402       3.0807945      -0.9645606     -0.12340727       3.4311445        3.4311445                      -0       12.099095             12.099095
     0.18484362       9.4509845      0.25316016      0.97885217       3.0843028     -0.99167215    -0.090149793       3.4311445        3.4311445                      -0        12.03968              12.03968
     0.22867749       9.2064333      0.24717223      0.98147414       3.1212768      -1.0286749     0.032121254       3.4311445        3.4311445                      -0       11.550578             11.550578
     0.27525954       8.9892828      0.26390614      0.96713942       3.0334056     -0.89661641      -0.2447428       3.4311445        3.4311445                      -0       11.116277             11.116277
     0.27459473       8.9599523       0.2560515      0.97728265       3.0913215     -0.95141279     0.028987775       3.4311445        3.4311445                      -0       11.057616             11.057616
     0.27647795       8.9213688      0.27146606       0.9444616       2.9886605     -0.79578145     -0.63534173       3.4311445        3.4311445                      -0       10.980449             10.980449
      0.2737315       8.8996035      0.26815988      0.94893455       2.9995656     -0.81804003     -0.63662388       3.4311445        3.4311445                      -0       10.936918             10.936918
     0.28910404       8.8132159      0.25914311      0.96891662        3.084652     -0.92999083     0.029997603       3.4311445        3.4311445                      -0       10.764143             10.764143
     0.31942991       8.6509442      0.25369998      0.96736857        3.097261      -0.9607403    -0.075870766       3.4311445        3.4311445                      -0         10.4396               10.4396
     0.32525471       8.6021019      0.25901788      0.96979906       3.0545386     -0.91498559     -0.23097897       3.4311445        3.4311445                      -0       10.341915             10.341915
     0.32510052       8.5718044      0.26050597      0.95723462       3.0627085     -0.89935936     -0.20562215       3.4311445        3.4311445                      -0        10.28132              10.28132
     0.33416586       8.5135297      0.26268856      0.95229465       3.0423023     -0.88705582     -0.33787521       3.4311445        3.4311445                      -0        10.16477              10.16477
     0.35605769       8.4193027      0.26458873      0.96252613       3.0385574     -0.88605379     -0.21779113       3.4311445        3.4311445                      -0       9.9763165             9.9763165
     0.38350717       8.3142655      0.26171491      0.97089712       3.0651361     -0.91538475    -0.016268225       3.4311445        3.4311445                      -0       9.7662421             9.7662421
     0.38646171       8.2758194      0.26498792       0.9602529       3.0238573     -0.88198468     -0.35008045       3.4311445        3.4311445                      -0       9.6893498             9.6893498
     0.37941846       8.2634408      0.26495219      0.95461211       3.0220689     -0.87167701     -0.42643416       3.4311445        3.4311445                      -0       9.6645927             9.6645927
     0.37707401       8.2388674      0.24805961      0.97343442       3.1185245     -0.99500289     -0.06584062       3.4311445        3.4311445                      -0       9.6154458             9.6154458
     0.37042808       8.2258779      0.26611099      0.95713332       3.0113611     -0.84870474     -0.50242525       3.4311445        3.4311445                      -0       9.5894669             9.5894669
     0.40166239       8.1141536      0.26514452      0.94892704       3.0238356     -0.84223225     -0.48200441       3.4311445        3.4311445                      -0       9.3660183             9.3660183
     0.41820284       8.0430273      0.26700216       0.9577714       3.0144158     -0.86195239      -0.3893891       3.4311445        3.4311445                      -0       9.2237657             9.2237657
     0.42520672       7.9956468      0.24945299      0.98462731        3.104597      -1.0178441    -0.025490538       3.4311445        3.4311445                      -0       9.1290046             9.1290046
     0.45257399       7.9024993      0.24896626      0.97358503       3.1274029      -1.0086772     0.089987265       3.4311445        3.4311445                      -0       8.9427097             8.9427097
     0.52102207       7.7308865      0.25370686      0.96814579       3.0980663     -0.96015683    -0.062256409       3.4311445        3.4311445                      -0       8.5994841             8.5994841
     0.54107434       7.6623506      0.26332789      0.95098385       3.0290264     -0.85633746     -0.51269955       3.4311445        3.4311445                      -0       8.4624122             8.4624122
     0.60311075       7.5230347      0.25371025      0.96671851       3.0942876     -0.97472213    -0.055404877       3.4311445        3.4311445                      -0       8.1837806             8.1837806
     0.60811977       7.4839921      0.25720204      0.96090927       3.0777591     -0.92666875     -0.16330595       3.4311445        3.4311445                      -0       8.1056952             8.1056952
     0.66268684       7.3672897      0.26346892      0.95840018       3.0559418     -0.90321928    -0.099750236       3.4311445        3.4311445                      -0       7.8722905             7.8722905
      0.6810871       7.3091304      0.26090614      0.97025154       3.0538182     -0.90951939     -0.15309594       3.4311445        3.4311445                      -0       7.7559719             7.7559719
       0.675225        7.287003      0.26465811      0.95400329       3.0431265     -0.88856945      -0.1966742       3.4311445        3.4311445                      -0        7.711717              7.711717
     0.68678508       7.2392559      0.25148802      0.96929285       3.0966513     -0.96166748      -0.1858872       3.4311445        3.4311445                      -0       7.6162228             7.6162228
     0.75034112       7.1199777      0.25661237      0.97336649       3.0622045     -0.93247813     -0.25481554       3.4311445        3.4311445                      -0       7.3776665             7.3776665
     0.74714438       7.0934755      0.26203106      0.96216477       3.0503167     -0.91611805     -0.17592125       3.4311445        3.4311445                      -0       7.3246621             7.3246621
     0.78016189       7.0194609      0.25881004      0.96837315       3.0817175     -0.95027378     0.047995203       3.4311445        3.4311445                      -0       7.1766328             7.1766328
     0.80220135        6.960831      0.26059272      0.96915288       3.0466922      -0.9041812     -0.26207426       3.4311445        3.4311445                      -0       7.0593731             7.0593731
     0.78503576       6.9516897      0.25856089      0.97233362       3.0789046     -0.94649426    0.0083408688       3.4311445        3.4311445                      -0       7.0410905             7.0410905
     0.77736454       6.9307379      0.26303802      0.96062007       3.0575702     -0.89937228    -0.084154383       3.4311445        3.4311445                      -0       6.9991869             6.9991869
     0.75840633       6.9246564      0.25949363      0.96039492        3.075209     -0.91757228    -0.075204506       3.4311445        3.4311445                      -0       6.9870238             6.9870238
     0.74575479       6.9107072      0.25504581       0.9806729       3.0923759     -0.97218039     0.054953366       3.4311445        3.4311445                      -0       6.9591254             6.9591254
     0.73031161        6.900861      0.26064541      0.96872071       3.0547913      -0.9078196     -0.18729591       3.4311445        3.4311445                      -0       6.9394332             6.9394332
     0.73453499       6.8643231       0.2580542      0.96714284       3.0891803     -0.95337146     0.065121881       3.4311445        3.4311445                      -0       6.8663572             6.8663572
     0.77237558       6.7833181      0.25717637      0.96790355       3.0692421      -0.9526402     -0.14154364       3.4311445        3.4311445                      -0       6.7043473             6.7043473
     0.78019763       6.7424701      0.26716772      0.95242871       3.0317866     -0.86377685     -0.23672931       3.4311445        3.4311445                      -0       6.6226513             6.6226513
     0.81071135       6.6733336      0.25740471      0.95974634       3.0666823     -0.92538861     -0.25573835       3.4311445        3.4311445                      -0       6.4843784             6.4843784
     0.81468803       6.6376688      0.25883648      0.96379258       3.0587403     -0.90902373     -0.28454347       3.4311445        3.4311445                      -0       6.4130487             6.4130487
     0.82385494       6.5957079      0.26200721       0.9562423       3.0537411     -0.90309634     -0.20067031       3.4311445        3.4311445                      -0        6.329127              6.329127
     0.87693469       6.5024982      0.25878409      0.95897474       3.0526508      -0.9005446     -0.39692907       3.4311445        3.4311445                      -0       6.1427075             6.1427075
     0.85682253       6.4949283      0.26216684       0.9633076       3.0548491     -0.89758826     -0.16047664       3.4311445        3.4311445                      -0       6.1275676             6.1275676
     0.83975635       6.4842756      0.25112106      0.97110477       3.1023789     -0.97671102     -0.11367482       3.4311445        3.4311445                      -0       6.1062624             6.1062624
     0.81437019       6.4842007      0.25489075       0.9775184       3.0847365     -0.97840667    -0.027712771       3.4311445        3.4311445                      -0       6.1061125             6.1061125
     0.81541196       6.4521507      0.25688098      0.96769517       3.0813024     -0.92878628    -0.095793001       3.4311445        3.4311445                      -0       6.0420124             6.0420124
     0.82851482       6.4054377      0.26037866      0.96209965       3.0396456     -0.89036615     -0.43277177       3.4311445        3.4311445                      -0       5.9485865             5.9485865
      0.8057675       6.4025056      0.26801476      0.95439155       3.0289628     -0.85966115      -0.2129553       3.4311445        3.4311445                      -0       5.9427222             5.9427222
     0.84631714        6.322635      0.26205507      0.95811085       3.0332609     -0.87927559     -0.45374242       3.4311445        3.4311445                      -0        5.782981              5.782981
     0.82390768        6.318699      0.25900069      0.97106063       3.0755792      -0.9291029    -0.029510765       3.4311445        3.4311445                      -0       5.7751091             5.7751091
     0.81497775        6.298825      0.25564278      0.97199037       3.1029597     -0.96899945       0.1104021       3.4311445        3.4311445                      -0       5.7353611             5.7353611
     0.79119574       6.2976688      0.26802594      0.95097069       3.0119565     -0.83159417     -0.45201733       3.4311445        3.4311445                      -0       5.7330486             5.7330486
     0.79396921       6.2633978      0.25659517      0.97667229       3.0797721     -0.96330154   -0.0057004042       3.4311445        3.4311445                      -0       5.6645067             5.6645067
     0.80555094       6.2181444      0.25869957      0.95967829        3.056507     -0.91516662     -0.30817096       3.4311445        3.4311445                      -0       5.5739999             5.5739999
     0.78870315       6.2085092      0.26681719       0.9551281       3.0355679     -0.86930764     -0.18644574       3.4311445        3.4311445                      -0       5.5547294             5.5547294
      0.7746925       6.1956613       0.2550775       0.9701403        3.086882     -0.96259696    -0.078026695       3.4311445        3.4311445                      -0       5.5290338             5.5290338
      0.7569694        6.188033      0.26338227      0.95737952       3.0410333     -0.88837005      -0.2791651       3.4311445        3.4311445                      -0       5.5137772             5.5137772
     0.75781685       6.1561425      0.25311352      0.97568834       3.0895881     -0.97348387    -0.075953178       3.4311445        3.4311445                      -0        5.449996              5.449996
      0.7443668       6.1432786      0.26719325      0.95234167       3.0223987     -0.85819223     -0.33586757       3.4311445        3.4311445                      -0       5.4242684             5.4242684
     0.77081598       6.0775912      0.25056488      0.97316742       3.1014269     -0.98136179     -0.13627659       3.4311445        3.4311445                      -0       5.2928935             5.2928935
     0.79914719       6.0107241      0.26513501      0.95202315       3.0287306     -0.85949192     -0.39028971       3.4311445        3.4311445                      -0       5.1591593             5.1591593
     0.78943424        5.992181       0.2553917      0.96797643       3.0822476     -0.96132598    -0.091343825       3.4311445        3.4311445                      -0       5.1220732             5.1220732
     0.77988906       5.9735742      0.25536409      0.97212677       3.0721037     -0.94749737     -0.19551651       3.4311445        3.4311445                      -0       5.0848596             5.0848596
     0.86688539       5.8370475       0.2686126        0.950713       3.0147461     -0.83801295     -0.37887697       3.4311445        3.4311445                      -0        4.811806              4.811806
     0.84182733       5.8356077      0.25458295      0.96477907       3.0769554     -0.94191152      -0.2652459       3.4311445        3.4311445                      -0       4.8089264             4.8089264
       0.876465       5.7645142      0.26241522      0.95639775       3.0527002     -0.88925697     -0.21380556       3.4311445        3.4311445                      -0       4.6667394             4.6667394
     0.88710942        5.721671      0.26508474      0.95697122       3.0288641      -0.8648601     -0.35216625       3.4311445        3.4311445                      -0        4.581053              4.581053
     0.87848872       5.7006646      0.25536243      0.97696613       3.0875001     -0.95852664    -0.017450001       3.4311445        3.4311445                      -0       4.5390402             4.5390402
     0.89926345       5.6465199      0.26474995      0.95780097       3.0334124      -0.8689038     -0.31086272       3.4311445        3.4311445                      -0       4.4307509             4.4307509
     0.96001488       5.5503755      0.25239794      0.97597069        3.102999     -0.99814061     0.036386819       3.4311445        3.4311445                      -0       4.2384621             4.2384621
     0.94129497       5.5392961      0.24694703      0.98017029       3.1206195      -1.0175037    -0.039342337       3.4311445        3.4311445                      -0       4.2163033             4.2163033
     0.98464681        5.463498      0.26659444       0.9570834       3.0238324     -0.86245415     -0.31348359       3.4311445        3.4311445                      -0       4.0647071             4.0647071
     0.95636365       5.4618711       0.2635692      0.95737299       3.0483278     -0.89471197     -0.17123953       3.4311445        3.4311445                      -0       4.0614533             4.0614533
     0.94336719       5.4447821      0.25725677      0.96299152       3.0717078     -0.91999502     -0.21108778       3.4311445        3.4311445                      -0       4.0272752             4.0272752
     0.92420801       5.4345288      0.24867406      0.97949493       3.1100251     -0.99928433    -0.072875707       3.4311445        3.4311445                      -0       4.0067688             4.0067688
      0.9095569       5.4197368      0.25699111      0.97023336       3.0616031     -0.93493453      -0.2588585       3.4311445        3.4311445                      -0       3.9771847             3.9771847
     0.89001682       5.4106823      0.25364784      0.97483101        3.091636     -0.97391117    -0.033153968       3.4311445        3.4311445                      -0       3.9590758             3.9590758
     0.88335779       5.3874207      0.25936205       0.9707806       3.0612465     -0.92416194     -0.14598995       3.4311445        3.4311445                      -0       3.9125525             3.9125525
     0.88056038       5.3598209       0.2592005      0.96201245       3.0514148     -0.90570318     -0.33370089       3.4311445        3.4311445                      -0       3.8573528             3.8573528
     0.85543891        5.357993      0.25633716      0.96999955       3.0907436     -0.94895315   0.00071290887       3.4311445        3.4311445                      -0       3.8536972             3.8536972
     0.90506836       5.2708256      0.25603868      0.96597895       3.0793036     -0.95342391     -0.11645012       3.4311445        3.4311445                      -0       3.6793623             3.6793623
     0.88042175       5.2676633       0.2610621      0.95938379       3.0510245     -0.90701271     -0.25415705       3.4311445        3.4311445                      -0       3.6730378             3.6730378
     0.88602172       5.2305513      0.25509253      0.96829416       3.0757437     -0.94479957     -0.20394802       3.4311445        3.4311445                      -0       3.5988136             3.5988136
     0.87430582       5.2130909      0.26163302      0.96127572       3.0591632     -0.91533376      -0.1135354       3.4311445        3.4311445                      -0       3.5638928             3.5638928
     0.86326937       5.1950227      0.25152624      0.98012661       3.1033458     -0.99129011     0.016994892       3.4311445        3.4311445                      -0       3.5277564             3.5277564
     0.84091687        5.190485      0.26261961      0.95620194       3.0429858     -0.87740506     -0.31360477       3.4311445        3.4311445                      -0        3.518681              3.518681
     0.83263933       5.1696055      0.25677053      0.97101288       3.0913316     -0.95911486     0.050158937       3.4311445        3.4311445                      -0       3.4769222             3.4769222
     0.82217045       5.1514867      0.25449789      0.97429293        3.089759     -0.95738318    -0.046310575       3.4311445        3.4311445                      -0       3.4406845             3.4406845
      0.8269561       5.1149112      0.26002237      0.96329287       3.0488473     -0.90211697     -0.30798723       3.4311445        3.4311445                      -0       3.3675334             3.3675334
     0.81345933       5.1005952      0.26444257      0.96095986       3.0359083     -0.88216766     -0.25276303       3.4311445        3.4311445                      -0       3.3389015             3.3389015
     0.79691438       5.0903722      0.25692117      0.96857555       3.0642059     -0.92414675     -0.26884351       3.4311445        3.4311445                      -0       3.3184555             3.3184555
     0.83580409       5.0119536      0.25821638       0.9648091       3.0683662     -0.91912583     -0.18772373       3.4311445        3.4311445                      -0       3.1616182             3.1616182
     0.83695428       4.9798067      0.25422008      0.96951822        3.081734     -0.95816307     -0.18322272       3.4311445        3.4311445                      -0       3.0973245             3.0973245
     0.86946732       4.9109238      0.25133711      0.97913593       3.1047395     -0.99015089     0.011827738       3.4311445        3.4311445                      -0       2.9595586             2.9595586
     0.84344563       4.9105374      0.25111881      0.97200655       3.1016625     -0.97911026    -0.098858103       3.4311445        3.4311445                      -0       2.9587859             2.9587859
      0.8272867       4.8991099      0.25314163       0.9778745       3.0910453     -0.97095095    -0.065405784       3.4311445        3.4311445                      -0       2.9359308             2.9359308
     0.80373141       4.8972244      0.25531245      0.97306882       3.0750194     -0.95501243     -0.16885743       3.4311445        3.4311445                      -0       2.9321598             2.9321598
     0.78022211       4.8961392      0.25608102      0.96510574       3.0731719     -0.93135599     -0.23525704       3.4311445        3.4311445                      -0       2.9299895             2.9299895
     0.76507043       4.8849783      0.26488307      0.95852605       3.0342016      -0.8710542     -0.27524001       3.4311445        3.4311445                      -0       2.9076677             2.9076677
     0.74348429       4.8828269      0.26050116      0.96354337       3.0648252     -0.91214923     -0.10769667       3.4311445        3.4311445                      -0       2.9033649             2.9033649
     0.72331145        4.879563      0.25777415      0.96462015       3.0769501     -0.93980059    -0.090789367       3.4311445        3.4311445                      -0       2.8968371             2.8968371
     0.74047763       4.8253358      0.25773923      0.96728145       3.0776553     -0.93313957    -0.086453674       3.4311445        3.4311445                      -0       2.7883827             2.7883827
      0.7455274       4.7877677      0.24831734      0.97931328        3.119544      -1.0080626    0.0085032517       3.4311445        3.4311445                      -0       2.7132464             2.7132464
     0.76991733       4.7248048      0.25900607      0.96283238       3.0558244     -0.90975052     -0.28375993       3.4311445        3.4311445                      -0       2.5873206             2.5873206
     0.74963888       4.7207247      0.25207613      0.97228957       3.1043379     -0.98488401   -0.0029120327       3.4311445        3.4311445                      -0       2.5791604             2.5791604
     0.75248572       4.6861626      0.25147735      0.97476106       3.1073396     -0.98409873   -0.0075121472       3.4311445        3.4311445                      -0       2.5100362             2.5100362
     0.74258073       4.6686413      0.25679376      0.96551379       3.0688995     -0.92723709     -0.22805317       3.4311445        3.4311445                      -0       2.4749938             2.4749938
     0.72973791       4.6553158        0.256887      0.96635142       3.0698522     -0.92436696     -0.22029683       3.4311445        3.4311445                      -0       2.4483427             2.4483427
     0.71420293       4.6460625      0.25970881      0.95957494       3.0559093     -0.90679468     -0.27600586       3.4311445        3.4311445                      -0        2.429836              2.429836
     0.69384169       4.6442141      0.25653113      0.96636888        3.084457     -0.94409692    -0.068140682       3.4311445        3.4311445                      -0       2.4261394             2.4261394
     0.70660768       4.5952107      0.25956145      0.96771806        3.059639     -0.92670186     -0.16479618       3.4311445        3.4311445                      -0       2.3281325             2.3281325
     0.70711503       4.5637213      0.25937514      0.96576921       3.0537023      -0.9185477     -0.25768948       3.4311445        3.4311445                      -0       2.2651536             2.2651536
     0.69649595        4.548081      0.25744391      0.96645792       3.0673225     -0.93933963     -0.18056618       3.4311445        3.4311445                      -0       2.2338731             2.2338731
     0.70084059       4.5110909      0.25590041      0.96539977       3.0765527     -0.94314605     -0.18383927       3.4311445        3.4311445                      -0       2.1598928             2.1598928
     0.68549434       4.5024594      0.25554073       0.9701486       3.0867907     -0.94991244    -0.069452242       3.4311445        3.4311445                      -0       2.1426299             2.1426299
     0.66676628       4.4993884       0.2517345      0.97646014       3.1020162     -0.98921145   -0.0077441522       3.4311445        3.4311445                      -0        2.136488              2.136488
     0.64954969        4.494777      0.25901873      0.96467704        3.062829     -0.92902151     -0.17645085       3.4311445        3.4311445                      -0       2.1272651             2.1272651
     0.65026893       4.4628987      0.25787768      0.96297037       3.0648127     -0.91765692     -0.24607073       3.4311445        3.4311445                      -0       2.0635084             2.0635084
      0.6332876       4.4585884      0.24981357      0.98105755       3.1132212      -1.0028213     0.028648933       3.4311445        3.4311445                      -0       2.0548878             2.0548878
     0.61659784       4.4545244      0.25911049      0.96693826        3.060498      -0.9284085     -0.18249747       3.4311445        3.4311445                      -0       2.0467598             2.0467598
     0.60998955       4.4345279      0.26205878      0.96246426       3.0489983     -0.89353729     -0.21882024       3.4311445        3.4311445                      -0       2.0067669             2.0067669
     0.59368377       4.4308513       0.2539957      0.97165629        3.085727     -0.95493471     -0.14515377       3.4311445        3.4311445                      -0       1.9994136             1.9994136
     0.57898468       4.4251504      0.25556801      0.97477084       3.0793736     -0.95854069    -0.084194081       3.4311445        3.4311445                      -0       1.9880118             1.9880118
     0.56689276       4.4154846      0.25779673      0.96804051       3.0628292     -0.92290135     -0.23506713       3.4311445        3.4311445                      -0       1.9686802             1.9686802
     0.55381786       4.4080472      0.25427732      0.97182262       3.0916318     -0.96674092    -0.034144976       3.4311445        3.4311445                      -0       1.9538055             1.9538055
     0.54791752       4.3879867      0.26023635      0.96009569       3.0524052     -0.90456706     -0.28286099       3.4311445        3.4311445                      -0       1.9136844             1.9136844
     0.53618441       4.3788616      0.25704879      0.96987489       3.0704194     -0.93912995     -0.14728779       3.4311445        3.4311445                      -0       1.8954343             1.8954343
     0.52183187       4.3752227      0.26024458      0.96031336       3.0599889     -0.91125909     -0.19158293       3.4311445        3.4311445                      -0       1.8881564             1.8881564
     0.50681936       4.3736418      0.25036323      0.97920686       3.1104975      -1.0054726      0.03690968       3.4311445        3.4311445                      -0       1.8849947             1.8849947
     0.50544806       4.3455795      0.25464421      0.97379701       3.0853086     -0.95484782    -0.092003397       3.4311445        3.4311445                      -0       1.8288701             1.8288701
     0.50487764        4.315937      0.25858534      0.96730804       3.0601567     -0.91787316     -0.22744854       3.4311445        3.4311445                      -0       1.7695851             1.7695851
     0.48968402       4.3157211      0.25880058      0.96830068       3.0675439     -0.93501943     -0.11237315       3.4311445        3.4311445                      -0       1.7691534             1.7691534
     0.48169068       4.3014076      0.25222706      0.97501824       3.0967436     -0.97897265    -0.074830443       3.4311445        3.4311445                      -0       1.7405264             1.7405264
     0.46806958       4.2993212      0.24993655      0.97763247       3.1170593      -1.0051573     0.058259135       3.4311445        3.4311445                      -0       1.7363534             1.7363534
     0.47098993       4.2931014      0.25583293      0.96574262       3.0790093     -0.94025619     -0.16110005       3.4311445        3.4311445                      -0        1.723914              1.723914
     0.47746603       4.2794451      0.26185427      0.96318134       3.0466457     -0.90167816     -0.23186056       3.4311445        3.4311445                      -0       1.6966013             1.6966013
     0.49424108       4.2449147      0.25459581      0.97221669       3.0905812      -0.9614147     -0.03663077       3.4311445        3.4311445                      -0       1.6275406             1.6275406
     0.50952254       4.2144641      0.25078262      0.97831743       3.1038445     -0.99754723    -0.025601955       3.4311445        3.4311445                      -0       1.5666392             1.5666392
     0.51967311       4.1947382      0.25604721      0.96833457       3.0726334     -0.94216789      -0.2028683       3.4311445        3.4311445                      -0       1.5271874             1.5271874
     0.52211022       4.1900594      0.25730948      0.96912104       3.0722925     -0.93118701     -0.14352472       3.4311445        3.4311445                      -0       1.5178299             1.5178299
     0.52226077       4.1897711      0.25323351      0.97108342       3.0960714     -0.97296581    -0.054699668       3.4311445        3.4311445                      -0       1.5172533             1.5172533
     0.52505431       4.1844364       0.2554457      0.97160331       3.0782174     -0.95879055     -0.12552542       3.4311445        3.4311445                      -0        1.506584              1.506584
      0.5340008       4.1675408      0.25929685      0.96168877       3.0586459     -0.91069648     -0.25241135       3.4311445        3.4311445                      -0       1.4727927             1.4727927
     0.53726533       4.1614461      0.25416175      0.97489361       3.0942209     -0.97270117   -0.0061848543       3.4311445        3.4311445                      -0       1.4606032             1.4606032
     0.53787074       4.1603199      0.26060866      0.96499258       3.0547196     -0.91441592     -0.19259427       3.4311445        3.4311445                      -0       1.4583508             1.4583508
     0.54355957       4.1497988      0.25656647      0.96546577       3.0731165      -0.9398052     -0.18011949       3.4311445        3.4311445                      -0       1.4373088             1.4373088
     0.54634868       4.1446808      0.25221465      0.97435902        3.092958     -0.97210371     -0.12167201       3.4311445        3.4311445                      -0       1.4270726             1.4270726
     0.55947816       4.1209337      0.25094444      0.97709115       3.1033222     -0.98850681    -0.049956296       3.4311445        3.4311445                      -0       1.3795784             1.3795784
     0.57617117       4.0915334      0.25506948      0.97060154       3.0758614       -0.948441     -0.19450413       3.4311445        3.4311445                      -0       1.3207778             1.3207778
     0.58644171       4.0738649      0.25512097      0.96974072       3.0820307     -0.95128126     -0.12089593       3.4311445        3.4311445                      -0       1.2854408             1.2854408
     0.58933271       4.0689473      0.26011601      0.96440179       3.0535865     -0.91006735     -0.24328389       3.4311445        3.4311445                      -0       1.2756056             1.2756056
     0.59202369       4.0643915      0.25473011      0.97357908       3.0833913      -0.9552155     -0.10952889       3.4311445        3.4311445                      -0       1.2664941             1.2664941
     0.59318284       4.0624355      0.25692452      0.96551181       3.0735495     -0.93264652     -0.16589255       3.4311445        3.4311445                      -0        1.262582              1.262582
     0.59893444        4.052786      0.25812472      0.96752655       3.0647239     -0.93228696     -0.18479423       3.4311445        3.4311445                      -0       1.2432831             1.2432831
     0.60718293        4.039108      0.25372476      0.97527244       3.0891762     -0.96969906    -0.076851571       3.4311445        3.4311445                      -0       1.2159272             1.2159272
     0.62361971       4.0123974      0.25468984      0.97449509       3.0844746     -0.96218881    -0.077361851       3.4311445        3.4311445                      -0       1.1625059             1.1625059
     0.62620656       4.0082579      0.25060938      0.97732817       3.1088733     -0.99805509    0.0041205747       3.4311445        3.4311445                      -0       1.1542268             1.1542268
     0.63008454       4.0020842      0.25450688      0.96947748       3.0834498     -0.95873978     -0.13446675       3.4311445        3.4311445                      -0       1.1418794             1.1418794
     0.65527881       3.9628773      0.25793724      0.96431915       3.0700323     -0.92765059     -0.16847624       3.4311445        3.4311445                      -0       1.0634658             1.0634658
     0.68277049       3.9217794      0.25820338      0.96628856       3.0630914     -0.92654386     -0.20435467       3.4311445        3.4311445                      -0      0.98126986            0.98126986
     0.68306504       3.9213481      0.26093699       0.9632462       3.0550961     -0.90528481     -0.19529096       3.4311445        3.4311445                      -0      0.98040722            0.98040722
     0.71375462       3.8773989      0.26052183      0.96254553       3.0559878     -0.90571603     -0.21135391       3.4311445        3.4311445                      -0      0.89250891            0.89250891
      0.7557711       3.8201996      0.26051182      0.96388362       3.0546825     -0.91170029     -0.20604597       3.4311445        3.4311445                      -0      0.77811028            0.77811028
     0.78584658       3.7811766      0.25940698      0.96568336       3.0615142     -0.92315633     -0.16383898       3.4311445        3.4311445                      -0      0.70006422            0.70006422
     0.82473822       3.7328721      0.25581039      0.97197031       3.0797489     -0.95257024     -0.10159397       3.4311445        3.4311445                      -0      0.60345534            0.60345534
