  0.252985971515537E+000  0.990737353021843E+000  0.311888455077694E+001  0.306525160253261E+000 -0.212039338572360E+002 -0.212039338572360E+002 -0.239149096314049E+002
  0.253000842941868E+000  0.989252477407774E+000  0.311884848889803E+001  0.306525160253261E+000 -0.211047041341306E+002 -0.211047041341306E+002 -0.224038186816434E+002
  0.252661728941818E+000  0.987518405831331E+000  0.312196176180971E+001  0.306525160253261E+000 -0.211699106758646E+002 -0.211699106758646E+002 -0.213363729332251E+002
  0.253761788028815E+000  0.989344636464573E+000  0.311463928954473E+001  0.306525160253261E+000 -0.210777289913536E+002 -0.210777289913536E+002 -0.232354411770396E+002
  0.253230274257310E+000  0.987077587484904E+000  0.311935685710936E+001  0.306525160253261E+000 -0.209344217507247E+002 -0.209344217507247E+002 -0.214923778173418E+002
  0.252380145320275E+000  0.988278617933349E+000  0.312376766961437E+001  0.306525160253261E+000 -0.212763574912280E+002 -0.212763574912280E+002 -0.220172801979451E+002
  0.252737721979926E+000  0.989654357283094E+000  0.312058399564987E+001  0.306525160253261E+000 -0.210275007573598E+002 -0.210275007573598E+002 -0.214922255891833E+002
  0.253459337165905E+000  0.988165961804536E+000  0.311712784003981E+001  0.306525160253261E+000 -0.208849966469306E+002 -0.208849966469306E+002 -0.215151486622623E+002
  0.253409022018679E+000  0.989170838645661E+000  0.311717768832569E+001  0.306525160253261E+000 -0.208366339485846E+002 -0.208366339485846E+002 -0.215129611254642E+002
  0.253502240326694E+000  0.987544966130815E+000  0.311779287773802E+001  0.306525160253261E+000 -0.209399505651546E+002 -0.209399505651546E+002 -0.235316481965632E+002
  0.252736510861667E+000  0.989312123350799E+000  0.312035801044182E+001  0.306525160253261E+000 -0.211964756785873E+002 -0.211964756785873E+002 -0.243057753781555E+002
  0.253440992257887E+000  0.986666908403933E+000  0.311786011766367E+001  0.306525160253261E+000 -0.212259332218077E+002 -0.212259332218077E+002 -0.239824489010862E+002
  0.252705726594123E+000  0.989531187304962E+000  0.312151986833266E+001  0.306525160253261E+000 -0.212819591393687E+002 -0.212819591393687E+002 -0.212879374110860E+002
  0.253949957527697E+000  0.987694710438881E+000  0.311523266781149E+001  0.306525160253261E+000 -0.212409676415942E+002 -0.212409676415942E+002 -0.233184347781769E+002
  0.252843167241264E+000  0.987253204995272E+000  0.312164665682033E+001  0.306525160253261E+000 -0.210094364568821E+002 -0.210094364568821E+002 -0.218992308885124E+002
  0.253788099853181E+000  0.989218625159654E+000  0.311535882549607E+001  0.306525160253261E+000 -0.211590203266394E+002 -0.211590203266394E+002 -0.216889721922395E+002
  0.252675479692051E+000  0.988255851320515E+000  0.312237727094864E+001  0.306525160253261E+000 -0.211838741081552E+002 -0.211838741081552E+002 -0.213675863282917E+002
  0.253700886370135E+000  0.986535412279096E+000  0.311674776894298E+001  0.306525160253261E+000 -0.211905695954661E+002 -0.211905695954661E+002 -0.217558974674888E+002
  0.253452929044245E+000  0.988693911975160E+000  0.311660620062116E+001  0.306525160253261E+000 -0.210278488723525E+002 -0.210278488723525E+002 -0.236444657829516E+002
  0.253201666325272E+000  0.990396878748622E+000  0.311801775067281E+001  0.306525160253261E+000 -0.211867819907983E+002 -0.211867819907983E+002 -0.218026699816795E+002
  0.252586494100238E+000  0.988771457759493E+000  0.312209601101773E+001  0.306525160253261E+000 -0.210450468082973E+002 -0.210450468082973E+002 -0.213279407387872E+002
  0.252707094682243E+000  0.988248692979285E+000  0.312175209478381E+001  0.306525160253261E+000 -0.209637019433338E+002 -0.209637019433338E+002 -0.213260585021877E+002
  0.253316776812113E+000  0.989047924161389E+000  0.311704051496909E+001  0.306525160253261E+000 -0.211676162490113E+002 -0.211676162490113E+002 -0.241277574201523E+002
  0.253885440241819E+000  0.987210522786005E+000  0.311568547447555E+001  0.306525160253261E+000 -0.211435839058480E+002 -0.211435839058480E+002 -0.213629019723378E+002
  0.253761372382484E+000  0.988150821396700E+000  0.311590757272494E+001  0.306525160253261E+000 -0.209985716026462E+002 -0.209985716026462E+002 -0.214145156299102E+002
  0.252861059770078E+000  0.990979148046815E+000  0.311917743653297E+001  0.306525160253261E+000 -0.212619933664125E+002 -0.212619933664125E+002 -0.214466672313439E+002
  0.253269575970233E+000  0.987157361016121E+000  0.311841200162174E+001  0.306525160253261E+000 -0.212609570885057E+002 -0.212609570885057E+002 -0.234496742497310E+002
  0.252677798622911E+000  0.988649593629071E+000  0.312160902757943E+001  0.306525160253261E+000 -0.209769643313862E+002 -0.209769643313862E+002 -0.213390653387670E+002
  0.253782292030540E+000  0.987357688761521E+000  0.311581831597306E+001  0.306525160253261E+000 -0.210753990944889E+002 -0.210753990944889E+002 -0.216716667162550E+002
  0.252933282010762E+000  0.988610903660377E+000  0.311959574003424E+001  0.306525160253261E+000 -0.211068031157864E+002 -0.211068031157864E+002 -0.213416204684306E+002
  0.253639328160342E+000  0.989155260315005E+000  0.311642432046083E+001  0.306525160253261E+000 -0.212207401985000E+002 -0.212207401985000E+002 -0.218123400037749E+002
  0.253049222529703E+000  0.990375406419830E+000  0.311817258029166E+001  0.306525160253261E+000 -0.211031591374456E+002 -0.211031591374456E+002 -0.212842683233335E+002
