  0.116858235832425E-313  0.146719054606337E+004  0.271404157333648E+000  0.106278594701242E+001  0.296907571737858E+001  0.306525160253261E+000 -0.733062115705291E+003
  0.794408983762101E-310  0.144948021842628E+004  0.270997412477814E+000  0.877996475400472E+000  0.307480323097292E+001  0.306525160253261E+000 -0.724206951886744E+003
  0.978083460647963E-310  0.144900268194305E+004  0.231133129863500E+000  0.996425490866212E+000  0.321247223641864E+001  0.306525160253261E+000 -0.723968183645130E+003
  0.222191656947575E-293  0.137361735481486E+004  0.269221424639559E+000  0.103140350475313E+001  0.301146285649404E+001  0.306525160253261E+000 -0.686275520081034E+003
  0.362185388374800E-291  0.136336823937693E+004  0.271400687486984E+000  0.880753405699614E+000  0.306734593257186E+001  0.306525160253261E+000 -0.681150962362071E+003
  0.134207951300002E-276  0.129621467473160E+004  0.282421969873349E+000  0.100416133200874E+001  0.292169931640190E+001  0.306525160253261E+000 -0.647574180039402E+003
  0.126899249286945E-275  0.129165995525526E+004  0.273906479495225E+000  0.889276147833537E+000  0.304596956415209E+001  0.306525160253261E+000 -0.645296820301232E+003
  0.578838890282654E-275  0.128856315048830E+004  0.224778578886693E+000  0.939280204753516E+000  0.331045807616798E+001  0.306525160253261E+000 -0.643748417917756E+003
  0.106446871634146E-269  0.126425734241693E+004  0.283834059212119E+000  0.926312743594847E+000  0.298375181286584E+001  0.306525160253261E+000 -0.631595513882070E+003
  0.213530458425389E-260  0.122135700046146E+004  0.281706406405717E+000  0.924294119296756E+000  0.298171080134912E+001  0.306525160253261E+000 -0.610145342904332E+003
  0.422390047249062E-249  0.116927428572861E+004  0.248930440483789E+000  0.104013952642056E+001  0.311924281150899E+001  0.306525160253261E+000 -0.584103985537908E+003
  0.124316521689175E-241  0.113481757744776E+004  0.271320201924224E+000  0.900481999565622E+000  0.304607499138001E+001  0.306525160253261E+000 -0.566875631397482E+003
  0.101965491348405E-237  0.111673174632969E+004  0.252060086477091E+000  0.106836175205498E+001  0.306819224279016E+001  0.306525160253261E+000 -0.557832715838449E+003
  0.374395420344440E-222  0.104499129406930E+004  0.274192205952401E+000  0.903471493172318E+000  0.304180122668134E+001  0.306525160253261E+000 -0.521962489708256E+003
  0.286951138112920E-221  0.104085658168949E+004  0.231516022625399E+000  0.100513202264495E+001  0.324184434698950E+001  0.306525160253261E+000 -0.519895133518350E+003
  0.365332146983690E-219  0.103110170803870E+004  0.244548297064981E+000  0.976694769142720E+000  0.318771911181885E+001  0.306525160253261E+000 -0.515017696692956E+003
  0.221745938355161E-217  0.102282837360305E+004  0.249179499099642E+000  0.982086582616333E+000  0.310730896867741E+001  0.306525160253261E+000 -0.510881029475130E+003
  0.384869282322898E-213  0.100324340665076E+004  0.272214828890510E+000  0.901825512099744E+000  0.305403903525140E+001  0.306525160253261E+000 -0.501088545998984E+003
  0.641731989685509E-210  0.988343818765906E+003  0.234624985928281E+000  0.916599915560921E+000  0.324770078094799E+001  0.306525160253261E+000 -0.493638752056557E+003
  0.645893417557868E-208  0.979059007582815E+003  0.266101093635884E+000  0.105889316615625E+001  0.298885962879559E+001  0.306525160253261E+000 -0.488996346465012E+003
  0.912530418926131E-207  0.973701120241813E+003  0.257020939625890E+000  0.887500786457073E+000  0.313456220274159E+001  0.306525160253261E+000 -0.486317402794510E+003
  0.665143041679761E-206  0.969666845344321E+003  0.230429569096330E+000  0.101559789310917E+001  0.323631882476728E+001  0.306525160253261E+000 -0.484300265345765E+003
  0.118492748425214E-203  0.959240092176657E+003  0.271442317025737E+000  0.995662123761094E+000  0.298063291967931E+001  0.306525160253261E+000 -0.479086888761932E+003
  0.236141288411676E-198  0.934773540846143E+003  0.234240994777673E+000  0.102936461763751E+001  0.320415208594545E+001  0.306525160253261E+000 -0.466853613096675E+003
  0.946504921057002E-193  0.908909454870365E+003  0.265877253799179E+000  0.962697662366080E+000  0.307213077724094E+001  0.306525160253261E+000 -0.453921570108786E+003
  0.193836084327644E-192  0.907414267955213E+003  0.269076683457651E+000  0.101378232913666E+001  0.301938501784380E+001  0.306525160253261E+000 -0.453173976651211E+003
  0.357106455725982E-192  0.906130682524133E+003  0.234378611001810E+000  0.920948693138854E+000  0.324857942115526E+001  0.306525160253261E+000 -0.452532183935671E+003
  0.344058782347923E-182  0.860091880168810E+003  0.239062847450089E+000  0.908354330926246E+000  0.322889050086183E+001  0.306525160253261E+000 -0.429512782758009E+003
  0.498298249921290E-176  0.831658543192570E+003  0.278824533136056E+000  0.941129372562233E+000  0.299913578193044E+001  0.306525160253261E+000 -0.415296114269889E+003
  0.171884144364570E-172  0.815305075376487E+003  0.237256958108651E+000  0.102483167413206E+001  0.319055386650509E+001  0.306525160253261E+000 -0.407119380361847E+003
  0.968853842238235E-171  0.807179775680506E+003  0.239083786540390E+000  0.102177806560835E+001  0.318368939893227E+001  0.306525160253261E+000 -0.403056730513857E+003
  0.219169950747230E-168  0.796275254419691E+003  0.230557499727793E+000  0.100107593737106E+001  0.324182862241144E+001  0.306525160253261E+000 -0.397604469883449E+003
  0.158858162641574E-162  0.769226361415286E+003  0.236074372280981E+000  0.974006079640580E+000  0.320041375811823E+001  0.306525160253261E+000 -0.384080023381247E+003
  0.225555750415023E-160  0.759253366499242E+003  0.271727816133128E+000  0.101221328949898E+001  0.297510057672650E+001  0.306525160253261E+000 -0.379093525923225E+003
  0.411838771895268E-149  0.707330821968438E+003  0.252024929742142E+000  0.103884517812737E+001  0.306979800198494E+001  0.306525160253261E+000 -0.353132253657823E+003
  0.287851868784576E-147  0.698775310157311E+003  0.255456669565581E+000  0.966447391592203E+000  0.312695532607307E+001  0.306525160253261E+000 -0.348854497752259E+003
  0.354664204210444E-147  0.698296315970225E+003  0.262976526437521E+000  0.103408247602914E+001  0.301044408765179E+001  0.306525160253261E+000 -0.348615000658716E+003
  0.136155854650307E-143  0.681728834345994E+003  0.257403347426619E+000  0.101269197984863E+001  0.308523149419585E+001  0.306525160253261E+000 -0.340331259846601E+003
  0.572687605561333E-143  0.678794210713890E+003  0.273007542077448E+000  0.929208321964036E+000  0.302739549553536E+001  0.306525160253261E+000 -0.338863948030549E+003
  0.246452597031481E-142  0.675813838622955E+003  0.231863948323991E+000  0.952617745966589E+000  0.325095642854523E+001  0.306525160253261E+000 -0.337373761985082E+003
  0.205169498481550E-139  0.662303451170632E+003  0.248866136573692E+000  0.103127367506460E+001  0.311794750077698E+001  0.306525160253261E+000 -0.330618568258920E+003
  0.144639389083514E-138  0.658335923240189E+003  0.273045883480250E+000  0.928590672692711E+000  0.303108375355387E+001  0.306525160253261E+000 -0.328634804293699E+003
  0.802760887655247E-137  0.650241583291082E+003  0.274310590703956E+000  0.993459659914761E+000  0.299677581592758E+001  0.306525160253261E+000 -0.324587634319145E+003
  0.275600215504592E-130  0.620082059821308E+003  0.247439441990667E+000  0.934666306468537E+000  0.315392957287617E+001  0.306525160253261E+000 -0.309507872584258E+003
  0.493341777125673E-126  0.600435334014717E+003  0.258820397416243E+000  0.104353364259277E+001  0.304267352514409E+001  0.306525160253261E+000 -0.299684509680962E+003
  0.716085627068758E-125  0.595023425397496E+003  0.276324554557478E+000  0.995977954332043E+000  0.297554736421177E+001  0.306525160253261E+000 -0.296978555372352E+003
  0.107091301506390E-124  0.594156947884096E+003  0.244237212365202E+000  0.103411213253265E+001  0.313737866434400E+001  0.306525160253261E+000 -0.296545316615652E+003
  0.254702577791443E-123  0.587757404886575E+003  0.243573987052597E+000  0.102939433634618E+001  0.314630972155452E+001  0.306525160253261E+000 -0.293345545116892E+003
  0.480832126122019E-121  0.577214677804827E+003  0.269307241543002E+000  0.100568175274026E+001  0.299375234543201E+001  0.306525160253261E+000 -0.288074181576018E+003
  0.198036787388381E-120  0.574322095082943E+003  0.253105579859423E+000  0.924679643854550E+000  0.312916796280094E+001  0.306525160253261E+000 -0.286627890215075E+003
  0.226447810268886E-119  0.569387258196009E+003  0.244400820770111E+000  0.961345438941192E+000  0.315591419719755E+001  0.306525160253261E+000 -0.284160471771609E+003
  0.487769990927777E-116  0.553975545391626E+003  0.263497497978517E+000  0.103331716194818E+001  0.301358826672559E+001  0.306525160253261E+000 -0.276454615369417E+003
  0.135698137895499E-108  0.519631462826676E+003  0.269739923107851E+000  0.931976368786034E+000  0.305099116526057E+001  0.306525160253261E+000 -0.259282574086942E+003
  0.747903433220524E-107  0.511551067273083E+003  0.271998857970842E+000  0.100682352790611E+001  0.299536069372774E+001  0.306525160253261E+000 -0.255242376310146E+003
  0.100187867620610E-102  0.492484126565767E+003  0.238149116683954E+000  0.996597379256543E+000  0.320056758579789E+001  0.306525160253261E+000 -0.245708905956487E+003
  0.421518256319273E-102  0.489548951269327E+003  0.242090602212161E+000  0.981530346587404E+000  0.316092098341901E+001  0.306525160253261E+000 -0.244241318308267E+003
  0.839600032481931E-102  0.488109282877210E+003  0.260784742073371E+000  0.953632570617216E+000  0.306778488288445E+001  0.306525160253261E+000 -0.243521484112209E+003
  0.331168831508792E-100  0.480697993820530E+003  0.238083474995948E+000  0.985206764893933E+000  0.320836030511333E+001  0.306525160253261E+000 -0.239815839583869E+003
  0.171411988637229E-099  0.477348397039662E+003  0.254167533049873E+000  0.103743125341616E+001  0.306751863966197E+001  0.306525160253261E+000 -0.238141041193435E+003
  0.122149265739118E-097  0.468754165675448E+003  0.256741961871245E+000  0.920360149012940E+000  0.313193408640536E+001  0.306525160253261E+000 -0.233843925511328E+003
  0.244778421794386E-097  0.467302403130227E+003  0.250667369680541E+000  0.101034439786672E+001  0.312167697153976E+001  0.306525160253261E+000 -0.233118044238718E+003
  0.173114613213033E-096  0.463328488669361E+003  0.253942630237089E+000  0.945923346846666E+000  0.314123936200586E+001  0.306525160253261E+000 -0.231131087008285E+003
  0.714742537678544E-094  0.451220667957204E+003  0.259831879531678E+000  0.103360694715545E+001  0.303811191333395E+001  0.306525160253261E+000 -0.225077176652206E+003
  0.143415347354011E-092  0.445161139154817E+003  0.247854699493599E+000  0.101498290546280E+001  0.310950697141011E+001  0.306525160253261E+000 -0.222047412251013E+003
  0.372437566879864E-086  0.415559925779839E+003  0.239744695382911E+000  0.963664547767718E+000  0.320973735476321E+001  0.306525160253261E+000 -0.207246805563524E+003
  0.491880035082889E-086  0.414942051587410E+003  0.235428575817079E+000  0.983033065055449E+000  0.321666988364645E+001  0.306525160253261E+000 -0.206937868467309E+003
  0.470612849091933E-084  0.405758566050241E+003  0.258844664760162E+000  0.971952239064247E+000  0.309931827682671E+001  0.306525160253261E+000 -0.202346125698724E+003
  0.962519672229041E-084  0.404265985282759E+003  0.245878719368017E+000  0.100220043555220E+001  0.312814418493721E+001  0.306525160253261E+000 -0.201599835314983E+003
  0.100245290843374E-081  0.394912800234821E+003  0.242552345131855E+000  0.931719194415170E+000  0.320061251385281E+001  0.306525160253261E+000 -0.196923242791015E+003
  0.113828672358040E-080  0.389991938025616E+003  0.239741840817057E+000  0.943846425378227E+000  0.320614827050381E+001  0.306525160253261E+000 -0.194462811686412E+003
  0.619083207587482E-077  0.372727793665612E+003  0.251012652018959E+000  0.102898590649965E+001  0.309685978989878E+001  0.306525160253261E+000 -0.185830739506410E+003
  0.151044595879694E-073  0.357066898716494E+003  0.259660912645967E+000  0.102647852584715E+001  0.304768447646966E+001  0.306525160253261E+000 -0.178000292031851E+003
  0.963366137818954E-073  0.353299638569572E+003  0.268303601493273E+000  0.100756661892098E+001  0.300955818996958E+001  0.306525160253261E+000 -0.176116661958390E+003
  0.963918630013212E-073  0.353236948577458E+003  0.252838604867746E+000  0.923620010774867E+000  0.314829796537806E+001  0.306525160253261E+000 -0.176085316962333E+003
  0.122299482361407E-072  0.352699303218527E+003  0.263748811131613E+000  0.101596649196064E+001  0.303507766692410E+001  0.306525160253261E+000 -0.175816494282867E+003
  0.144255189089985E-069  0.338492027208264E+003  0.261022645698197E+000  0.955318362694306E+000  0.306899605946023E+001  0.306525160253261E+000 -0.168712856277736E+003
  0.130145964609360E-067  0.329425998023686E+003  0.262900463428859E+000  0.973538889203341E+000  0.304791480001424E+001  0.306525160253261E+000 -0.164179841685447E+003
  0.410688672083887E-062  0.304040246149732E+003  0.259103197820025E+000  0.987412814875133E+000  0.308598294403401E+001  0.306525160253261E+000 -0.151486965748470E+003
  0.131035710398585E-061  0.301658263754598E+003  0.248277912891659E+000  0.956437397094504E+000  0.316477610880658E+001  0.306525160253261E+000 -0.150295974550903E+003
  0.593717091379675E-060  0.293969684162771E+003  0.247080368972560E+000  0.936492837321329E+000  0.316476095067683E+001  0.306525160253261E+000 -0.146451684754990E+003
  0.694239149564391E-059  0.288990143522863E+003  0.258685011579194E+000  0.940177124223551E+000  0.311122231988880E+001  0.306525160253261E+000 -0.143961914435036E+003
  0.390405516574293E-058  0.285474691043647E+003  0.259177451244282E+000  0.950923210499445E+000  0.310476798554523E+001  0.306525160253261E+000 -0.142204188195428E+003
  0.433269740571050E-056  0.275994458341387E+003  0.262084382136229E+000  0.935495871511083E+000  0.308883784775210E+001  0.306525160253261E+000 -0.137464071844297E+003
  0.111147977850852E-055  0.274048740926493E+003  0.245351632921022E+000  0.100471137385936E+001  0.314989980556709E+001  0.306525160253261E+000 -0.136491213136851E+003
  0.151215973245178E-054  0.268766334115068E+003  0.243205027665909E+000  0.942804859219109E+000  0.319082055191530E+001  0.306525160253261E+000 -0.133850009731138E+003
  0.341243635602137E-054  0.267077015608228E+003  0.263682865184992E+000  0.100440120551607E+001  0.303108420583786E+001  0.306525160253261E+000 -0.133005350477718E+003
  0.140498424772478E-053  0.264185102942802E+003  0.253472799283430E+000  0.995369281847558E+000  0.308849018942493E+001  0.306525160253261E+000 -0.131559394145005E+003
  0.395708916201769E-053  0.262052594417985E+003  0.241897630809358E+000  0.957225635707850E+000  0.319587942936325E+001  0.306525160253261E+000 -0.130493139882597E+003
  0.379272481652254E-052  0.257470728884975E+003  0.262186398004842E+000  0.992339107864289E+000  0.304327746881552E+001  0.306525160253261E+000 -0.128202207116092E+003
  0.100067307242077E-050  0.250863668923097E+003  0.266384427836564E+000  0.986372711271872E+000  0.302738650065113E+001  0.306525160253261E+000 -0.124898677135153E+003
  0.203629042871279E-050  0.249381211827320E+003  0.260668818123936E+000  0.101210850294414E+001  0.304442445599836E+001  0.306525160253261E+000 -0.124157448587264E+003
  0.523368928009364E-050  0.247431695107093E+003  0.259668930094622E+000  0.982025343926271E+000  0.308465291744615E+001  0.306525160253261E+000 -0.123182690227150E+003
  0.375521737670617E-048  0.238823751944188E+003  0.251600500650872E+000  0.101368124674346E+001  0.310604844412284E+001  0.306525160253261E+000 -0.118878718645698E+003
  0.137803943413930E-046  0.231556837023591E+003  0.240204904654547E+000  0.974426843525331E+000  0.318802676098225E+001  0.306525160253261E+000 -0.115245261185399E+003
  0.325639210415433E-044  0.220565037180522E+003  0.249456870231521E+000  0.101065759637859E+001  0.310902157657517E+001  0.306525160253261E+000 -0.109749361263865E+003
  0.214578540891488E-039  0.198311871378520E+003  0.242306733456561E+000  0.982692743829280E+000  0.316864961357706E+001  0.306525160253261E+000 -0.986227783628639E+002
  0.489402430442298E-039  0.196601309485561E+003  0.258053653364922E+000  0.100992027113328E+001  0.306983461813356E+001  0.306525160253261E+000 -0.977674974163844E+002
  0.666786086405630E-039  0.195921197833673E+003  0.242031404645176E+000  0.991740035988351E+000  0.317082896178601E+001  0.306525160253261E+000 -0.974274415904407E+002
  0.295550259562774E-037  0.188276574902232E+003  0.264287191884607E+000  0.998270296876387E+000  0.303706511706973E+001  0.306525160253261E+000 -0.936051301247200E+002
  0.289361831438946E-035  0.179047013190138E+003  0.256169073471851E+000  0.999774465255636E+000  0.309033010515520E+001  0.306525160253261E+000 -0.889903492686730E+002
  0.146062263698903E-033  0.171142419345646E+003  0.249823538427564E+000  0.970320222650432E+000  0.314594356859337E+001  0.306525160253261E+000 -0.850380523464271E+002
  0.330678281902302E-033  0.169655703797669E+003  0.248147714664632E+000  0.968798486542221E+000  0.313764714469563E+001  0.306525160253261E+000 -0.843908384329916E+002
  0.444463952828247E-033  0.168988777119813E+003  0.245821996248652E+000  0.967687455263938E+000  0.316854705140114E+001  0.306525160253261E+000 -0.840573750940632E+002
  0.233755802127227E-032  0.165593310209600E+003  0.259303085532844E+000  0.949083906392403E+000  0.309981681951497E+001  0.306525160253261E+000 -0.823596416389570E+002
  0.353319634666041E-032  0.164691637277479E+003  0.264746966772019E+000  0.967830742132569E+000  0.305723562516454E+001  0.306525160253261E+000 -0.819088051728962E+002
  0.438568972322718E-029  0.150368358137409E+003  0.250876819647463E+000  0.946186150242024E+000  0.314822562600774E+001  0.306525160253261E+000 -0.747471656028614E+002
  0.517225882536219E-029  0.150038432940857E+003  0.256372078412817E+000  0.943018863131015E+000  0.311709314885829E+001  0.306525160253261E+000 -0.745822030045855E+002
  0.113349205775425E-028  0.148390833966810E+003  0.245542858444602E+000  0.972945830479752E+000  0.315307940095669E+001  0.306525160253261E+000 -0.737584035175617E+002
  0.234695439235293E-028  0.146856761939991E+003  0.253148516259368E+000  0.940881503553757E+000  0.313323906918550E+001  0.306525160253261E+000 -0.729913675041524E+002
  0.512023214672058E-027  0.140612987738063E+003  0.247494920123723E+000  0.971139848162596E+000  0.315697937829290E+001  0.306525160253261E+000 -0.698694804031886E+002
  0.223561068218577E-026  0.137586746830887E+003  0.248589392778653E+000  0.953601289457519E+000  0.314711379535762E+001  0.306525160253261E+000 -0.683563599496005E+002
  0.274172154116376E-024  0.127889821840252E+003  0.258991355704807E+000  0.971582510739021E+000  0.307540649301187E+001  0.306525160253261E+000 -0.635078974542827E+002
  0.666041883240630E-024  0.126036187718892E+003  0.262480852677115E+000  0.975091752510539E+000  0.305682150545688E+001  0.306525160253261E+000 -0.625810803936029E+002
  0.152784888729098E-023  0.124297219267041E+003  0.248602521102226E+000  0.959739246189676E+000  0.314280911171246E+001  0.306525160253261E+000 -0.617115961676774E+002
  0.172084115565458E-023  0.124059314416710E+003  0.256241567358049E+000  0.973026746920384E+000  0.310643220042446E+001  0.306525160253261E+000 -0.615926437425117E+002
  0.427180799998170E-023  0.122159222544557E+003  0.248381292881388E+000  0.970599440154176E+000  0.315179890081409E+001  0.306525160253261E+000 -0.606425978064356E+002
  0.310942141500044E-020  0.108897268973818E+003  0.252685206527157E+000  0.985924111211074E+000  0.311834345534295E+001  0.306525160253261E+000 -0.540116210210659E+002
  0.104685944103561E-019  0.106387738788918E+003  0.263095839141855E+000  0.975760238246688E+000  0.305618004234396E+001  0.306525160253261E+000 -0.527568559286158E+002
  0.343902603749226E-019  0.103927307541809E+003  0.247219075763135E+000  0.954805430149601E+000  0.316048809011123E+001  0.306525160253261E+000 -0.515266403050612E+002
  0.790300345101462E-019  0.102181554416301E+003  0.251388293174710E+000  0.952034115872720E+000  0.314157197207319E+001  0.306525160253261E+000 -0.506537637423076E+002
  0.409954974591685E-017  0.940483794155793E+002  0.256484427351207E+000  0.978147971029342E+000  0.308609723388480E+001  0.306525160253261E+000 -0.465871762419466E+002
  0.536076035361947E-017  0.935119220707198E+002  0.249173175330198E+000  0.951937433119515E+000  0.315044318698302E+001  0.306525160253261E+000 -0.463189475695168E+002
  0.973214499944550E-017  0.920926076960776E+002  0.258562233961751E+000  0.955474719323072E+000  0.309807566360884E+001  0.306525160253261E+000 -0.456092903821957E+002
  0.218983627128558E-016  0.903979173117299E+002  0.257718233434418E+000  0.958981240021819E+000  0.309264031898346E+001  0.306525160253261E+000 -0.447619451900219E+002
  0.300332369335783E-016  0.896933964351388E+002  0.249412724260996E+000  0.959536525201004E+000  0.313976107908176E+001  0.306525160253261E+000 -0.444096847517263E+002
  0.626371654271245E-016  0.880803702418256E+002  0.248988840478632E+000  0.965280115259564E+000  0.314942600035460E+001  0.306525160253261E+000 -0.436031716550697E+002
  0.117086351291105E-015  0.868292644239401E+002  0.254727799805671E+000  0.984576878263757E+000  0.310657869005549E+001  0.306525160253261E+000 -0.429776187461270E+002
  0.711250618910684E-015  0.831483028399705E+002  0.250861697679767E+000  0.985587850260083E+000  0.311505497568264E+001  0.306525160253261E+000 -0.411371379541422E+002
  0.218721530921736E-013  0.760856924030846E+002  0.257429395482682E+000  0.984231349145545E+000  0.309016938222161E+001  0.306525160253261E+000 -0.376058327356992E+002
  0.347055593322143E-013  0.750945180877193E+002  0.257733000343580E+000  0.981512611120212E+000  0.307869215918451E+001  0.306525160253261E+000 -0.371102455780165E+002
  0.333891640009794E-012  0.704333020911103E+002  0.259354169376202E+000  0.978435772853592E+000  0.308164151273249E+001  0.306525160253261E+000 -0.347796375797121E+002
  0.829726329512825E-012  0.684836662214107E+002  0.252128230190486E+000  0.957044717795089E+000  0.312647850765243E+001  0.306525160253261E+000 -0.338048196448623E+002
  0.204214964593126E-011  0.666188441105822E+002  0.255318199004669E+000  0.981209525600665E+000  0.310440387819573E+001  0.306525160253261E+000 -0.328724085894480E+002
  0.262963372338101E-011  0.660496635804419E+002  0.258914868370559E+000  0.989276485999668E+000  0.307570332215698E+001  0.306525160253261E+000 -0.325878183243779E+002
  0.319865273586768E-011  0.655943959172207E+002  0.256930270637848E+000  0.954797847197664E+000  0.310377814750597E+001  0.306525160253261E+000 -0.323601844927673E+002
  0.392347160260003E-011  0.651224041732389E+002  0.249455495050829E+000  0.957302551425906E+000  0.314437953764163E+001  0.306525160253261E+000 -0.321241886207764E+002
  0.388916120050346E-011  0.650764735168068E+002  0.250423291851360E+000  0.960614600091641E+000  0.313417521351115E+001  0.306525160253261E+000 -0.321012232925603E+002
  0.103954179665256E-010  0.630466328717110E+002  0.255363398413637E+000  0.959654546675211E+000  0.311472983303766E+001  0.306525160253261E+000 -0.310863029700124E+002
  0.220356288164363E-009  0.568753742768329E+002  0.254351953856892E+000  0.972428205028441E+000  0.311479465443945E+001  0.306525160253261E+000 -0.280006736725734E+002
  0.292278434949565E-009  0.562469545517329E+002  0.248366568306981E+000  0.981248977766165E+000  0.313498722601340E+001  0.306525160253261E+000 -0.276864638100234E+002
  0.981063884009583E-009  0.537615957821475E+002  0.254172876043663E+000  0.982533750132368E+000  0.309856880573229E+001  0.306525160253261E+000 -0.264437844252307E+002
  0.984341419697895E-009  0.536914279268189E+002  0.255078786782266E+000  0.955172587369130E+000  0.311485212303367E+001  0.306525160253261E+000 -0.264087004975664E+002
  0.980336199390649E-009  0.536360849995375E+002  0.256140217939594E+000  0.974033103792123E+000  0.310320172436094E+001  0.306525160253261E+000 -0.263810290339256E+002
  0.184783372610108E-008  0.523048402035791E+002  0.256206363458660E+000  0.961296439290640E+000  0.310830129736093E+001  0.306525160253261E+000 -0.257154066359464E+002
  0.256187658913174E-008  0.515878907300328E+002  0.247941122055214E+000  0.982159752432468E+000  0.313834698233495E+001  0.306525160253261E+000 -0.253569318991733E+002
  0.299831106729282E-008  0.512097750934213E+002  0.256326966838438E+000  0.957174755505393E+000  0.310732778017457E+001  0.306525160253261E+000 -0.251678740808676E+002
  0.623723963413965E-008  0.496813005655581E+002  0.248687778671841E+000  0.965699848348906E+000  0.314755254685723E+001  0.306525160253261E+000 -0.244036368169360E+002
  0.162654960052540E-007  0.477007864958761E+002  0.256796779289188E+000  0.975606306616915E+000  0.309793705850797E+001  0.306525160253261E+000 -0.234133797820950E+002
  0.241073481438678E-007  0.468503478161521E+002  0.253381689280418E+000  0.973821507763784E+000  0.311903499701581E+001  0.306525160253261E+000 -0.229881604422330E+002
  0.516308831938564E-007  0.452021004847870E+002  0.252066986006675E+000  0.972459702167942E+000  0.312702912877738E+001  0.306525160253261E+000 -0.221640367765504E+002
  0.519645986994302E-007  0.451276717923849E+002  0.250612583428289E+000  0.990344220782013E+000  0.311807707270770E+001  0.306525160253261E+000 -0.221268224303494E+002
  0.763431771062486E-007  0.442967765314484E+002  0.249473789388060E+000  0.978228028119793E+000  0.312994318771766E+001  0.306525160253261E+000 -0.217113747998811E+002
  0.876524480897454E-007  0.439589514601756E+002  0.250567392144903E+000  0.979798063846320E+000  0.312206283652418E+001  0.306525160253261E+000 -0.215424622642447E+002
  0.178252607612852E-006  0.424777638490695E+002  0.255582860866181E+000  0.987035888913354E+000  0.309694640030278E+001  0.306525160253261E+000 -0.208018684586917E+002
  0.303461016826344E-006  0.413521175943050E+002  0.253667103262410E+000  0.986980642596165E+000  0.310040505186807E+001  0.306525160253261E+000 -0.202390453313094E+002
  0.381748726505995E-006  0.408315553743935E+002  0.256050918850501E+000  0.985052109606503E+000  0.309556747165955E+001  0.306525160253261E+000 -0.199787642213536E+002
  0.104591489334849E-005  0.387542427185659E+002  0.255376335147899E+000  0.968589351062619E+000  0.310955515113048E+001  0.306525160253261E+000 -0.189401078934398E+002
  0.120104029375883E-005  0.384161072126564E+002  0.250365132382851E+000  0.962709969022857E+000  0.313895313790654E+001  0.306525160253261E+000 -0.187710401404851E+002
  0.161485141279531E-005  0.377624541847791E+002  0.249572507462585E+000  0.985448311282206E+000  0.312721195478726E+001  0.306525160253261E+000 -0.184442136265464E+002
  0.225715894001985E-005  0.370311829308523E+002  0.253209542887241E+000  0.958977353663985E+000  0.312191260270732E+001  0.306525160253261E+000 -0.180785779995831E+002
  0.247417238902472E-005  0.367860415424185E+002  0.251296994831651E+000  0.982018427320544E+000  0.312478280728101E+001  0.306525160253261E+000 -0.179560073053662E+002
  0.279658582729216E-005  0.364795114771870E+002  0.258809025385721E+000  0.969900135821563E+000  0.308590173465960E+001  0.306525160253261E+000 -0.178027422727504E+002
  0.420603965849481E-005  0.356017237988772E+002  0.254494411034363E+000  0.990306106878396E+000  0.309558816758218E+001  0.306525160253261E+000 -0.173638484335955E+002
  0.414608153603286E-005  0.355688961340484E+002  0.248296191353623E+000  0.974350101118641E+000  0.314313921773908E+001  0.306525160253261E+000 -0.173474346011811E+002
  0.111585848847149E-004  0.335272618838034E+002  0.258772634756545E+000  0.971953143051567E+000  0.308374281933362E+001  0.306525160253261E+000 -0.163266174760586E+002
  0.283169428271606E-004  0.316032162354461E+002  0.254554186478415E+000  0.960752472148741E+000  0.311577610733302E+001  0.306525160253261E+000 -0.153645946518800E+002
  0.297788350160468E-004  0.314409977284435E+002  0.258085154772475E+000  0.969745852916182E+000  0.308790438629980E+001  0.306525160253261E+000 -0.152834853983786E+002
  0.347363700262777E-004  0.310714756935210E+002  0.252232034597890E+000  0.961539870825971E+000  0.312871132419980E+001  0.306525160253261E+000 -0.150987243809174E+002
  0.543960337027671E-004  0.301129244247492E+002  0.253788488842299E+000  0.960298939924491E+000  0.311850020432509E+001  0.306525160253261E+000 -0.146194487465315E+002
  0.122544696821369E-003  0.284270119191795E+002  0.254959793543815E+000  0.985567940346428E+000  0.309493405760331E+001  0.306525160253261E+000 -0.137764924937466E+002
  0.148872541707615E-003  0.279762392425791E+002  0.258132045417722E+000  0.972408113003044E+000  0.308871079144349E+001  0.306525160253261E+000 -0.135511061554465E+002
  0.153460525389093E-003  0.278539902146730E+002  0.251336712176193E+000  0.987846665898914E+000  0.311641015102872E+001  0.306525160253261E+000 -0.134899816414934E+002
  0.183805545352380E-003  0.274315768779812E+002  0.251800737123897E+000  0.979278309647318E+000  0.311597015957078E+001  0.306525160253261E+000 -0.132787749731475E+002
  0.184245336643663E-003  0.273652538791187E+002  0.250958108820284E+000  0.963825660205091E+000  0.313388437758165E+001  0.306525160253261E+000 -0.132456134737163E+002
  0.226533389538484E-003  0.268904623049257E+002  0.254479019689646E+000  0.967328951784306E+000  0.310785525624254E+001  0.306525160253261E+000 -0.130082176866197E+002
  0.232736774786644E-003  0.267748875000649E+002  0.253961334542066E+000  0.988490471807245E+000  0.310009321477582E+001  0.306525160253261E+000 -0.129504302841894E+002
  0.228787596022683E-003  0.267475722790407E+002  0.255471340838339E+000  0.977749766791639E+000  0.310308913198311E+001  0.306525160253261E+000 -0.129367726736772E+002
  0.383660435028117E-003  0.256521012962097E+002  0.257942581433975E+000  0.975611694687328E+000  0.308807122292454E+001  0.306525160253261E+000 -0.123890371822617E+002
  0.387569347825152E-003  0.255702841442486E+002  0.255829974924344E+000  0.982520786230092E+000  0.309178369931229E+001  0.306525160253261E+000 -0.123481286062812E+002
  0.613063903442607E-003  0.245915920616283E+002  0.250814786676132E+000  0.979320071339495E+000  0.312249252970608E+001  0.306525160253261E+000 -0.118587825649710E+002
  0.808649560081797E-003  0.239762558063035E+002  0.255111246855301E+000  0.983671815138208E+000  0.310073793272629E+001  0.306525160253261E+000 -0.115511144373087E+002
  0.814730131411706E-003  0.238997299194621E+002  0.255458737932021E+000  0.975849628301513E+000  0.309717596219273E+001  0.306525160253261E+000 -0.115128514938880E+002
  0.154713280255857E-002  0.225555830805153E+002  0.253223355037542E+000  0.975595215458001E+000  0.311717542271544E+001  0.306525160253261E+000 -0.108407780744145E+002
  0.255585262139286E-002  0.214900748394569E+002  0.254873426189478E+000  0.963314109875282E+000  0.311147813020516E+001  0.306525160253261E+000 -0.103080239538854E+002
  0.501611509435470E-002  0.200799917750795E+002  0.253645402614105E+000  0.982593617993049E+000  0.310423490987548E+001  0.306525160253261E+000 -0.960298242169667E+001
  0.491831185086176E-002  0.200578292510086E+002  0.251985317489394E+000  0.971236380590619E+000  0.312603441944081E+001  0.306525160253261E+000 -0.959190115966119E+001
  0.492920720939095E-002  0.199918603060999E+002  0.257351336315282E+000  0.979299657869786E+000  0.308728070566293E+001  0.306525160253261E+000 -0.955891668720686E+001
  0.496671588875649E-002  0.199151556506606E+002  0.257612232225632E+000  0.975952285836548E+000  0.308840808341214E+001  0.306525160253261E+000 -0.952056435948723E+001
  0.627454233460357E-002  0.193861289075044E+002  0.251808214052541E+000  0.979843243582830E+000  0.311649145175924E+001  0.306525160253261E+000 -0.925605098790910E+001
  0.644972052127144E-002  0.192695130857708E+002  0.255133198944604E+000  0.964381876918037E+000  0.310934825359136E+001  0.306525160253261E+000 -0.919774307704233E+001
  0.701300253423494E-002  0.190405115062699E+002  0.257252144221590E+000  0.979589542024953E+000  0.308795816649158E+001  0.306525160253261E+000 -0.908324228729188E+001
  0.714885249198615E-002  0.189405963443816E+002  0.256825484427547E+000  0.970188824237937E+000  0.309737555775665E+001  0.306525160253261E+000 -0.903328470634769E+001
  0.769698895880951E-002  0.187312983172944E+002  0.253316801562722E+000  0.969797763534453E+000  0.311922583071180E+001  0.306525160253261E+000 -0.892863569280412E+001
  0.863982737261994E-002  0.184386482109127E+002  0.251968887600290E+000  0.979893587486610E+000  0.312091043189205E+001  0.306525160253261E+000 -0.878231063961327E+001
  0.930476474985757E-002  0.182288168834644E+002  0.255890349585358E+000  0.970413361984626E+000  0.309912651485849E+001  0.306525160253261E+000 -0.867739497588912E+001
  0.101817962317110E-001  0.179871238960761E+002  0.257234501334218E+000  0.974951880236173E+000  0.309018953584166E+001  0.306525160253261E+000 -0.855654848219498E+001
  0.118448372267873E-001  0.176229992729393E+002  0.254021770922567E+000  0.982354619022978E+000  0.310753192812354E+001  0.306525160253261E+000 -0.837448617062658E+001
  0.116087197197515E-001  0.176017271153578E+002  0.255644388027721E+000  0.979946393257457E+000  0.309480199339570E+001  0.306525160253261E+000 -0.836385009183581E+001
  0.120506901604155E-001  0.174654529633966E+002  0.252230312789781E+000  0.984147361603628E+000  0.311587838401026E+001  0.306525160253261E+000 -0.829571301585522E+001
  0.118666872574387E-001  0.174346833433711E+002  0.253009436242392E+000  0.972498704879234E+000  0.311956264689842E+001  0.306525160253261E+000 -0.828032820584248E+001
  0.119817059482719E-001  0.173538482302927E+002  0.254642035735785E+000  0.979174343591183E+000  0.310046373101426E+001  0.306525160253261E+000 -0.823991064930328E+001
  0.153542732819373E-001  0.167962792274502E+002  0.257117091317506E+000  0.972968596153846E+000  0.309244308668869E+001  0.306525160253261E+000 -0.796112614788203E+001
  0.168630435556299E-001  0.165472746489106E+002  0.255220034916733E+000  0.965850933112472E+000  0.310844301112711E+001  0.306525160253261E+000 -0.783662385861220E+001
  0.176184701190112E-001  0.163980846620716E+002  0.255041415079805E+000  0.980824004531188E+000  0.309770413515114E+001  0.306525160253261E+000 -0.776202886519268E+001
  0.201984428917614E-001  0.160632258916958E+002  0.255156835576692E+000  0.974072823626112E+000  0.310608881440027E+001  0.306525160253261E+000 -0.759459948000479E+001
  0.196188281306918E-001  0.160599141600012E+002  0.250185869196724E+000  0.976999009228357E+000  0.313012852606002E+001  0.306525160253261E+000 -0.759294361415751E+001
  0.224841289110397E-001  0.157257309336081E+002  0.256853297144699E+000  0.971384491742778E+000  0.309516859547851E+001  0.306525160253261E+000 -0.742585200096094E+001
  0.220516416206059E-001  0.157030328753633E+002  0.251751256868598E+000  0.982859135439577E+000  0.311638179183843E+001  0.306525160253261E+000 -0.741450297183855E+001
  0.244684775419166E-001  0.154334923397247E+002  0.256844799114847E+000  0.978233527165124E+000  0.309065126952119E+001  0.306525160253261E+000 -0.727973270401924E+001
  0.276032636977570E-001  0.151308523074659E+002  0.253677478118189E+000  0.970262871979690E+000  0.311655989248207E+001  0.306525160253261E+000 -0.712841268788988E+001
  0.275720456855398E-001  0.150715721774818E+002  0.253521248555009E+000  0.978870233843602E+000  0.311268769857611E+001  0.306525160253261E+000 -0.709877262289781E+001
  0.278068466371172E-001  0.149930691595309E+002  0.256975756252392E+000  0.973684285014161E+000  0.309338083140358E+001  0.306525160253261E+000 -0.705952111392237E+001
  0.301097862522462E-001  0.147723898996219E+002  0.251544006876694E+000  0.973912964178743E+000  0.312636208052451E+001  0.306525160253261E+000 -0.694918148396788E+001
  0.312324717682515E-001  0.146376304386311E+002  0.253419926865343E+000  0.980683543013697E+000  0.311191315901619E+001  0.306525160253261E+000 -0.688180175347244E+001
  0.326176714291591E-001  0.144892953323286E+002  0.251520480733333E+000  0.969324672167100E+000  0.312826351280432E+001  0.306525160253261E+000 -0.680763420032119E+001
  0.358919154266136E-001  0.142364362885600E+002  0.253593285607532E+000  0.985510288616173E+000  0.310570600476579E+001  0.306525160253261E+000 -0.668120467843691E+001
  0.370288003175515E-001  0.141125251237950E+002  0.252857318349309E+000  0.969330622651953E+000  0.312136001631026E+001  0.306525160253261E+000 -0.661924909605442E+001
  0.366547717447554E-001  0.140712865650361E+002  0.252595259720627E+000  0.978825327514661E+000  0.311277377045175E+001  0.306525160253261E+000 -0.659862981667495E+001
  0.407890756207400E-001  0.137960019004384E+002  0.252013941762112E+000  0.973681736837117E+000  0.311923151497001E+001  0.306525160253261E+000 -0.646098748437609E+001
  0.401787081750636E-001  0.137646127495811E+002  0.253642996964605E+000  0.965680703718345E+000  0.311727484064788E+001  0.306525160253261E+000 -0.644529290894744E+001
  0.400432984104325E-001  0.137098211902249E+002  0.255711802837409E+000  0.967986509161771E+000  0.310340010815790E+001  0.306525160253261E+000 -0.641789712926938E+001
  0.463241447044387E-001  0.133568739126378E+002  0.251517621687274E+000  0.980575416580652E+000  0.312186199287532E+001  0.306525160253261E+000 -0.624142349047583E+001
  0.100342117375329E+000  0.119795964046661E+002  0.256637572500623E+000  0.977089473399545E+000  0.309367385382772E+001  0.306525160253261E+000 -0.598979820233307E+001
  0.975994300239635E-001  0.119268896968383E+002  0.256474769581710E+000  0.972491982472622E+000  0.309618872770151E+001  0.306525160253261E+000 -0.596344484841913E+001
  0.160772793257068E+000  0.108205142687308E+002  0.254551798235844E+000  0.967721066406369E+000  0.311151107907398E+001  0.306525160253261E+000 -0.541025713436538E+001
  0.162769862791912E+000  0.106876894818320E+002  0.256090043725980E+000  0.976713186173890E+000  0.309525757325745E+001  0.306525160253261E+000 -0.534384474091598E+001
  0.197524315036738E+000  0.100899197056620E+002  0.252699997656039E+000  0.975521152581823E+000  0.311886599089152E+001  0.306525160253261E+000 -0.504495985283102E+001
  0.208745615582738E+000  0.977924344966686E+001  0.251686750718698E+000  0.971772669275088E+000  0.312587791527703E+001  0.306525160253261E+000 -0.488962172483343E+001
  0.213604245447386E+000  0.963564587679879E+001  0.251635807084469E+000  0.971172561346993E+000  0.312625138173955E+001  0.306525160253261E+000 -0.481782293839940E+001
  0.206493282425018E+000  0.960577975113199E+001  0.255855766824584E+000  0.976068311604004E+000  0.309688567176925E+001  0.306525160253261E+000 -0.480288987556599E+001
  0.194100678428491E+000  0.953894118316582E+001  0.251119360359249E+000  0.973406152673653E+000  0.312626746254427E+001  0.306525160253261E+000 -0.476947059158291E+001
  0.209479264320661E+000  0.920450208264895E+001  0.255904272661393E+000  0.971123035684021E+000  0.310098103569383E+001  0.306525160253261E+000 -0.460225104132448E+001
  0.220977569942242E+000  0.892360643783178E+001  0.254944038425414E+000  0.974549310400952E+000  0.310236428863614E+001  0.306525160253261E+000 -0.446180321891589E+001
  0.258662066929615E+000  0.844192072800273E+001  0.251147658164628E+000  0.975269509366643E+000  0.312531489614188E+001  0.306525160253261E+000 -0.422096036400136E+001
  0.280915352298139E+000  0.819521486354004E+001  0.251832675956527E+000  0.971567179716860E+000  0.312483592324156E+001  0.306525160253261E+000 -0.409760743177002E+001
  0.294489737655623E+000  0.810083332507047E+001  0.251773393628095E+000  0.970533914811311E+000  0.312499046330096E+001  0.306525160253261E+000 -0.405041666253523E+001
  0.316744494712530E+000  0.787001153085001E+001  0.253978549724255E+000  0.968161047584133E+000  0.311392112574069E+001  0.306525160253261E+000 -0.393500576542500E+001
  0.369171538612016E+000  0.747856035840931E+001  0.254367925870512E+000  0.972224799966208E+000  0.311065933253523E+001  0.306525160253261E+000 -0.373928017920465E+001
  0.388534839113049E+000  0.713111285133173E+001  0.255546047768512E+000  0.972285751122046E+000  0.310287822843321E+001  0.306525160253261E+000 -0.356555642566586E+001
  0.393289352289331E+000  0.695286523991463E+001  0.253217241117125E+000  0.973844155369268E+000  0.311644816217551E+001  0.306525160253261E+000 -0.347643261995732E+001
  0.394248627346154E+000  0.687251230829468E+001  0.254630898921120E+000  0.969215727544542E+000  0.310921809687787E+001  0.306525160253261E+000 -0.343625615414734E+001
  0.472616478224570E+000  0.650990733397116E+001  0.254642277576862E+000  0.973963441898921E+000  0.310798565411929E+001  0.306525160253261E+000 -0.325495366698558E+001
  0.481353268617301E+000  0.639483147685073E+001  0.255344253556279E+000  0.971423164213097E+000  0.310368567307871E+001  0.306525160253261E+000 -0.319741573842537E+001
  0.551210111403055E+000  0.604536081623537E+001  0.253276347207899E+000  0.975653016484956E+000  0.311141949442696E+001  0.306525160253261E+000 -0.302268040811769E+001
  0.554764976868814E+000  0.587858174379877E+001  0.253449149863305E+000  0.971513585984997E+000  0.311322505714763E+001  0.306525160253261E+000 -0.293929087189939E+001
  0.556245843670865E+000  0.579776948294983E+001  0.253410522901565E+000  0.969475856431501E+000  0.311647568331726E+001  0.306525160253261E+000 -0.289888474147492E+001
  0.549921875399134E+000  0.567242181462597E+001  0.253951392310283E+000  0.975641290324146E+000  0.311104561210925E+001  0.306525160253261E+000 -0.283621090731299E+001
  0.544575025781566E+000  0.561922753054702E+001  0.253388906654825E+000  0.969690528950474E+000  0.311654731151301E+001  0.306525160253261E+000 -0.280961376527351E+001
  0.569778773994303E+000  0.552874263371555E+001  0.253091904266971E+000  0.971525999309452E+000  0.311784469208318E+001  0.306525160253261E+000 -0.276437131685777E+001
  0.553132490321679E+000  0.551256320214524E+001  0.252781351974782E+000  0.970344555210953E+000  0.311962659845417E+001  0.306525160253261E+000 -0.275628160107262E+001
  0.600303200551412E+000  0.527340793750926E+001  0.254518111139135E+000  0.972111497629266E+000  0.310701385120085E+001  0.306525160253261E+000 -0.263670396875463E+001
  0.581696713837338E+000  0.526089860188149E+001  0.251792856119728E+000  0.974840335522556E+000  0.312181429622207E+001  0.306525160253261E+000 -0.263044930094075E+001
  0.619230713063920E+000  0.498762521640274E+001  0.254287692866427E+000  0.974901343553307E+000  0.310933083105068E+001  0.306525160253261E+000 -0.249381260820137E+001
  0.620891208467636E+000  0.483935137506499E+001  0.252949984323094E+000  0.975100801293430E+000  0.311393825011781E+001  0.306525160253261E+000 -0.241967568753249E+001
  0.612927827450516E+000  0.479498610854481E+001  0.253642372699324E+000  0.971529569971995E+000  0.311238256599173E+001  0.306525160253261E+000 -0.239749305427240E+001
  0.595253010574870E+000  0.478332476764943E+001  0.252748343955566E+000  0.972715857459680E+000  0.311681138446250E+001  0.306525160253261E+000 -0.239166238382471E+001
  0.636811069883971E+000  0.451036607473146E+001  0.254222540240963E+000  0.976553585026301E+000  0.310862675430695E+001  0.306525160253261E+000 -0.225518303736573E+001
  0.623366149307003E+000  0.448524087587810E+001  0.253068250480941E+000  0.975097278034664E+000  0.311611168584050E+001  0.306525160253261E+000 -0.224262043793905E+001
  0.612821404334554E+000  0.445155881088889E+001  0.253244201092227E+000  0.970437669393325E+000  0.311671517797828E+001  0.306525160253261E+000 -0.222577940544444E+001
  0.599820842749759E+000  0.442664077023787E+001  0.252160032116474E+000  0.976805518401282E+000  0.311956815043231E+001  0.306525160253261E+000 -0.221332038511893E+001
  0.585029702390822E+000  0.440877445878653E+001  0.254852066815726E+000  0.975444704689771E+000  0.310328554765993E+001  0.306525160253261E+000 -0.220438722939327E+001
  0.647301621114206E+000  0.413867185400997E+001  0.255075692013761E+000  0.976019454717491E+000  0.310206879178977E+001  0.306525160253261E+000 -0.206933592700498E+001
  0.685103451150460E+000  0.395735378973171E+001  0.254576155286221E+000  0.974684476834865E+000  0.310524792532341E+001  0.306525160253261E+000 -0.197867689486586E+001
  0.705456666673925E+000  0.383099969273857E+001  0.253033418535398E+000  0.976943505191977E+000  0.311268108158646E+001  0.306525160253261E+000 -0.191549984636929E+001
  0.688834566767437E+000  0.381088501211156E+001  0.252687580690098E+000  0.972694612884851E+000  0.311899394555629E+001  0.306525160253261E+000 -0.190544250605578E+001
  0.682369255019882E+000  0.376194229860840E+001  0.253878199496283E+000  0.971528649683063E+000  0.311284786975983E+001  0.306525160253261E+000 -0.188097114930420E+001
  0.687369580896382E+000  0.367953685513761E+001  0.255066851416332E+000  0.976579754472196E+000  0.310221044787269E+001  0.306525160253261E+000 -0.183976842756880E+001
  0.695125318012125E+000  0.358929368785466E+001  0.254566421388080E+000  0.973349680484733E+000  0.310795770383768E+001  0.306525160253261E+000 -0.179464684392733E+001
  0.752731433010308E+000  0.336225786747334E+001  0.254462459114866E+000  0.973449728268943E+000  0.310687763821726E+001  0.306525160253261E+000 -0.168112893373667E+001
  0.732696094603009E+000  0.334840974513131E+001  0.254632220923337E+000  0.973954940270233E+000  0.310568495126738E+001  0.306525160253261E+000 -0.167420487256566E+001
  0.722162200758570E+000  0.330956912689010E+001  0.253410336278819E+000  0.971978283408999E+000  0.311387096642810E+001  0.306525160253261E+000 -0.165478456344505E+001
  0.712593599135430E+000  0.326844301899768E+001  0.253698920657419E+000  0.974256858939452E+000  0.311044372930406E+001  0.306525160253261E+000 -0.163422150949884E+001
  0.694012160505819E+000  0.325348349169940E+001  0.254607378276180E+000  0.975331612176314E+000  0.310493649039150E+001  0.306525160253261E+000 -0.162674174584970E+001
  0.682843889382265E+000  0.321812681896515E+001  0.254895353614343E+000  0.976672751013978E+000  0.310308261625971E+001  0.306525160253261E+000 -0.160906340948258E+001
  0.672941955050289E+000  0.317953809467416E+001  0.254627672686669E+000  0.973926181294903E+000  0.310580613832096E+001  0.306525160253261E+000 -0.158976904733708E+001
  0.657937697354112E+000  0.315683266309675E+001  0.254068154971650E+000  0.975783660067312E+000  0.310968378210684E+001  0.306525160253261E+000 -0.157841633154837E+001
  0.640069702252366E+000  0.314409588330029E+001  0.254101160693331E+000  0.971561143308372E+000  0.311078450923947E+001  0.306525160253261E+000 -0.157204794165014E+001
  0.619674088464965E+000  0.314105958820789E+001  0.253241538962985E+000  0.973384373652259E+000  0.311564888450869E+001  0.306525160253261E+000 -0.157052979410395E+001
  0.623470928373876E+000  0.306103956192791E+001  0.252953647565209E+000  0.972009943891174E+000  0.311704959128833E+001  0.306525160253261E+000 -0.153051978096396E+001
  0.618470290144236E+000  0.300934242294764E+001  0.252947451098857E+000  0.972370348277299E+000  0.311658186760840E+001  0.306525160253261E+000 -0.150467121147382E+001
  0.604071217791708E+000  0.298865342781021E+001  0.253502567202905E+000  0.975603165056172E+000  0.311082595317059E+001  0.306525160253261E+000 -0.149432671390511E+001
  0.592247625726762E+000  0.296038485867485E+001  0.254031783107672E+000  0.971760920817402E+000  0.311091001025425E+001  0.306525160253261E+000 -0.148019242933742E+001
  0.582766926331094E+000  0.292485677736323E+001  0.252413781564959E+000  0.976345544889571E+000  0.311763030289635E+001  0.306525160253261E+000 -0.146242838868161E+001
  0.567146797083482E+000  0.291139197702563E+001  0.253190298492564E+000  0.971973730253078E+000  0.311550145269423E+001  0.306525160253261E+000 -0.145569598851281E+001
  0.551024183982830E+000  0.290126781834372E+001  0.253091614089198E+000  0.977270698468901E+000  0.311415022975277E+001  0.306525160253261E+000 -0.145063390917186E+001
  0.533466798320946E+000  0.289822844331363E+001  0.254850354840004E+000  0.975727343710393E+000  0.310441342962939E+001  0.306525160253261E+000 -0.144911422165681E+001
  0.525129686676282E+000  0.286192850151792E+001  0.252639390557904E+000  0.977230953467423E+000  0.311634256068075E+001  0.306525160253261E+000 -0.143096425075896E+001
  0.512861783867431E+000  0.284140314340144E+001  0.252819889631836E+000  0.977136751891664E+000  0.311430732878629E+001  0.306525160253261E+000 -0.142070157170072E+001
  0.504159468229877E+000  0.280782755698197E+001  0.252493230843195E+000  0.974317398017135E+000  0.311866772303728E+001  0.306525160253261E+000 -0.140391377849099E+001
  0.496158468397149E+000  0.277201896324986E+001  0.253072809194648E+000  0.973822944970764E+000  0.311460918570241E+001  0.306525160253261E+000 -0.138600948162493E+001
  0.500037461131016E+000  0.262306091536550E+001  0.253676484232387E+000  0.976647621595609E+000  0.311127369581879E+001  0.306525160253261E+000 -0.131153045768275E+001
  0.486754246463766E+000  0.261132856881314E+001  0.252604651631944E+000  0.974053314615000E+000  0.311777092905450E+001  0.306525160253261E+000 -0.130566428440657E+001
  0.482261115414296E+000  0.256429625864729E+001  0.254231557855655E+000  0.977643063160347E+000  0.310712304931016E+001  0.306525160253261E+000 -0.128214812932365E+001
  0.474553336486515E+000  0.253093997939349E+001  0.253925462560860E+000  0.973827321813108E+000  0.310971491337113E+001  0.306525160253261E+000 -0.126546998969675E+001
  0.465267832787115E+000  0.250488192001619E+001  0.253957579328865E+000  0.974420090093183E+000  0.310913481052497E+001  0.306525160253261E+000 -0.125244096000810E+001
  0.449621140994828E+000  0.244422068774253E+001  0.254127171677151E+000  0.974729230055321E+000  0.310804755527443E+001  0.306525160253261E+000 -0.122211034387126E+001
  0.428182691806987E+000  0.241689070325200E+001  0.253555109189431E+000  0.972230515733995E+000  0.311335599330648E+001  0.306525160253261E+000 -0.120844535162600E+001
  0.419353426111305E+000  0.239701916806755E+001  0.254503106609334E+000  0.973562781484391E+000  0.310728785308572E+001  0.306525160253261E+000 -0.119850958403377E+001
  0.409044355347019E+000  0.238525678074426E+001  0.253844094798718E+000  0.975901112309071E+000  0.311070079583571E+001  0.306525160253261E+000 -0.119262839037213E+001
  0.397606103984204E+000  0.238043700682356E+001  0.252708985298581E+000  0.975574979937577E+000  0.311694511272724E+001  0.306525160253261E+000 -0.119021850341178E+001
  0.409568547640665E+000  0.225960877738452E+001  0.252703251362750E+000  0.976636187513919E+000  0.311591315948431E+001  0.306525160253261E+000 -0.112980438869226E+001
  0.406487788746515E+000  0.221316624852623E+001  0.254537903645689E+000  0.974335135047364E+000  0.310659593647422E+001  0.306525160253261E+000 -0.110658312426311E+001
  0.394175334709329E+000  0.221313906377390E+001  0.253590077290064E+000  0.972397725565860E+000  0.311322355626641E+001  0.306525160253261E+000 -0.110656953188695E+001
  0.385477724223031E+000  0.219622057653024E+001  0.254294051740073E+000  0.974237861417951E+000  0.310872601736196E+001  0.306525160253261E+000 -0.109811028826512E+001
  0.377154534506507E+000  0.217833405500634E+001  0.253344868730045E+000  0.974438407426457E+000  0.311275472136849E+001  0.306525160253261E+000 -0.108916702750317E+001
  0.371732518569066E+000  0.214575163722147E+001  0.254562558331041E+000  0.974717018945622E+000  0.310637317975489E+001  0.306525160253261E+000 -0.107287581861074E+001
  0.366446011068996E+000  0.211285503700878E+001  0.253349200375347E+000  0.972838158729028E+000  0.311413698179487E+001  0.306525160253261E+000 -0.105642751850439E+001
  0.356719922836776E+000  0.210511223361842E+001  0.253602936529266E+000  0.978028021054051E+000  0.311031451298075E+001  0.306525160253261E+000 -0.105255611680921E+001
  0.355110467129920E+000  0.205261297212828E+001  0.254540794043987E+000  0.975588450151181E+000  0.310592639178584E+001  0.306525160253261E+000 -0.102630648606414E+001
  0.344934007314486E+000  0.204922125578754E+001  0.252951753539532E+000  0.976910237425828E+000  0.311400540359827E+001  0.306525160253261E+000 -0.102461062789377E+001
  0.336955375282617E+000  0.203448316157925E+001  0.253125031433608E+000  0.976719101389908E+000  0.311398353759702E+001  0.306525160253261E+000 -0.101724158078962E+001
  0.332975468333100E+000  0.199670321510169E+001  0.254116497241358E+000  0.974268048660193E+000  0.310863243346264E+001  0.306525160253261E+000 -0.998351607550846E+000
  0.323831740953909E+000  0.199084940924995E+001  0.254218465040698E+000  0.975416230063702E+000  0.310736926692611E+001  0.306525160253261E+000 -0.995424704624975E+000
  0.314880259826981E+000  0.198536933957858E+001  0.254475559721568E+000  0.975335156635079E+000  0.310674475009969E+001  0.306525160253261E+000 -0.992684669789288E+000
  0.315474389499099E+000  0.198159920891522E+001  0.252766525993947E+000  0.975182594157024E+000  0.311629180151580E+001  0.306525160253261E+000 -0.990799604457610E+000
  0.317765177294519E+000  0.196712886998723E+001  0.254156658079766E+000  0.977425599643205E+000  0.310734504390851E+001  0.306525160253261E+000 -0.983564434993615E+000
  0.321488438239251E+000  0.194383105542901E+001  0.254455883769281E+000  0.974869911831110E+000  0.310675422519926E+001  0.306525160253261E+000 -0.971915527714503E+000
  0.322496419648583E+000  0.193757014901080E+001  0.253524326550643E+000  0.977256167170355E+000  0.311031740083877E+001  0.306525160253261E+000 -0.968785074505399E+000
  0.325020572998614E+000  0.192197725390853E+001  0.254250424731961E+000  0.976787409901310E+000  0.310663529486314E+001  0.306525160253261E+000 -0.960988626954268E+000
  0.329629293432294E+000  0.189381687804773E+001  0.253421327040134E+000  0.973204913233921E+000  0.311410126289022E+001  0.306525160253261E+000 -0.946908439023864E+000
  0.333153342057171E+000  0.187254847633514E+001  0.253770921842670E+000  0.976683892254785E+000  0.310916005740266E+001  0.306525160253261E+000 -0.936274238167570E+000
  0.352274362368053E+000  0.176093359655103E+001  0.253840410101252E+000  0.977350228102033E+000  0.310864422773388E+001  0.306525160253261E+000 -0.880466798275516E+000
  0.366145457853337E+000  0.168369285707463E+001  0.254207195815930E+000  0.976324247987854E+000  0.310720922252749E+001  0.306525160253261E+000 -0.841846428537315E+000
  0.367370762670646E+000  0.167701103642647E+001  0.252937254059541E+000  0.975266726091082E+000  0.311524055045156E+001  0.306525160253261E+000 -0.838505518213237E+000
  0.371085454405550E+000  0.165688947481097E+001  0.254241042110897E+000  0.976252258764369E+000  0.310714028993796E+001  0.306525160253261E+000 -0.828444737405486E+000
  0.371215756370698E+000  0.165618732336843E+001  0.253032228862330E+000  0.974338393976486E+000  0.311532453085994E+001  0.306525160253261E+000 -0.828093661684215E+000
  0.371407227217679E+000  0.165515600138969E+001  0.252975287302948E+000  0.975906195989302E+000  0.311492988384609E+001  0.306525160253261E+000 -0.827578000694845E+000
  0.374116377380664E+000  0.164062038067274E+001  0.253762685093785E+000  0.976763032948980E+000  0.311022948360248E+001  0.306525160253261E+000 -0.820310190336370E+000
  0.379277502980369E+000  0.161321794764199E+001  0.253795211635342E+000  0.974043604411132E+000  0.311157629051723E+001  0.306525160253261E+000 -0.806608973820994E+000
  0.384137377793608E+000  0.158775373107022E+001  0.254154190489019E+000  0.976126006501690E+000  0.310817800096453E+001  0.306525160253261E+000 -0.793876865535108E+000
  0.387899860637942E+000  0.156825978728409E+001  0.254194331480699E+000  0.975190326749349E+000  0.310847336521813E+001  0.306525160253261E+000 -0.784129893642047E+000
  0.389986392122249E+000  0.155753052458805E+001  0.253450770452217E+000  0.975148419516933E+000  0.311197063876731E+001  0.306525160253261E+000 -0.778765262294027E+000
  0.390458053449517E+000  0.155511312569506E+001  0.253299738167747E+000  0.977019461269785E+000  0.311213079972919E+001  0.306525160253261E+000 -0.777556562847532E+000
  0.390899567493711E+000  0.155285288490723E+001  0.254086493648122E+000  0.974190059879879E+000  0.310924027853934E+001  0.306525160253261E+000 -0.776426442453617E+000
  0.393599100344175E+000  0.153908845870038E+001  0.253983569853415E+000  0.975767508350723E+000  0.310864423565449E+001  0.306525160253261E+000 -0.769544229350192E+000
  0.404185945089255E+000  0.148600415323775E+001  0.254056494781970E+000  0.975937712835695E+000  0.310824515826355E+001  0.306525160253261E+000 -0.743002076618874E+000
  0.404659816999860E+000  0.148366070539129E+001  0.253291609962414E+000  0.973977187445593E+000  0.311407004162763E+001  0.306525160253261E+000 -0.741830352695647E+000
  0.409012740497761E+000  0.146226160579166E+001  0.253269944060004E+000  0.976229552487487E+000  0.311259402884264E+001  0.306525160253261E+000 -0.731130802895831E+000
  0.410555839825704E+000  0.145473032073058E+001  0.254012783898641E+000  0.976096271261822E+000  0.310902958950840E+001  0.306525160253261E+000 -0.727365160365292E+000
  0.418486243539351E+000  0.141646618059837E+001  0.253435297151170E+000  0.976726005309291E+000  0.311189772423564E+001  0.306525160253261E+000 -0.708233090299186E+000
  0.420287650097951E+000  0.140787550155165E+001  0.253864732449386E+000  0.974192410055490E+000  0.311089592684370E+001  0.306525160253261E+000 -0.703937750775824E+000
  0.431324294812564E+000  0.135603375496212E+001  0.253785683819057E+000  0.975752989750746E+000  0.310984196173352E+001  0.306525160253261E+000 -0.678016877481062E+000
  0.450932880079931E+000  0.126711721008805E+001  0.253527793748861E+000  0.975166393132281E+000  0.311236331186839E+001  0.306525160253261E+000 -0.633558605044027E+000
  0.458704069357338E+000  0.123294367150068E+001  0.253799286518758E+000  0.974475554425243E+000  0.311086800098269E+001  0.306525160253261E+000 -0.616471835750342E+000
  0.459421787856765E+000  0.122981678583470E+001  0.253930862312972E+000  0.975933919137678E+000  0.310933803841398E+001  0.306525160253261E+000 -0.614908392917348E+000
