  0.301380043963160E-321  0.149660076710789E+004  0.261059452123819E+000  0.115374910035038E+001  0.319924599533677E+001  0.686885674741634E+000  0.529668711567471E+000 -0.747704874842950E+003
  0.132726779573998E-312  0.145671889466085E+004  0.272245156471437E+000  0.107181725890938E+001  0.300721736746944E+001  0.181621335793858E+000  0.529668711567471E+000 -0.727763938619427E+003
  0.561486576571761E-272  0.126956595362170E+004  0.244328357197822E+000  0.893555577303105E+000  0.326889455552689E+001  0.187540840721492E+000  0.529668711567471E+000 -0.634187468099852E+003
  0.931618350062900E-271  0.126388656938306E+004  0.243104075654211E+000  0.104484285168717E+001  0.314077898597614E+001  0.414725657534563E-001  0.529668711567471E+000 -0.631347775980533E+003
  0.644587920783483E-268  0.125074613951788E+004  0.266020418492364E+000  0.109303991791883E+001  0.320786573928984E+001  0.748401843291344E+000  0.529668711567471E+000 -0.624777561047945E+003
  0.453054176155722E-263  0.122836394430585E+004  0.247727545888304E+000  0.109861899305187E+001  0.319591795229063E+001  0.382638719999934E+000  0.529668711567471E+000 -0.613586463441931E+003
  0.859151261269834E-261  0.121781219404866E+004  0.266744757479348E+000  0.106634463045607E+001  0.314118855125103E+001  0.402284234000091E+000  0.529668711567471E+000 -0.608310588313335E+003
  0.675674924223172E-259  0.120902077619411E+004  0.225379746208651E+000  0.102086612274396E+001  0.341887441394585E+001  0.448605816666232E+000  0.529668711567471E+000 -0.603914879386060E+003
  0.468635695851514E-256  0.119587549507953E+004  0.263618634296550E+000  0.106127836356106E+001  0.323133699012141E+001  0.579245499200987E+000  0.529668711567471E+000 -0.597342238828768E+003
  0.141337313027115E-239  0.111992341134904E+004  0.266035572095671E+000  0.103201413937988E+001  0.323550084054040E+001  0.687963530688657E+000  0.529668711567471E+000 -0.559366196963523E+003
  0.322914980595476E-237  0.110899904816728E+004  0.259096677354090E+000  0.106070564578248E+001  0.301523357273786E+001  0.624270709414058E-001  0.529668711567471E+000 -0.553904015372643E+003
  0.517026141593653E-218  0.102049786258290E+004  0.249694594860760E+000  0.942828506726401E+000  0.325734326182600E+001  0.250693173718729E+000  0.529668711567471E+000 -0.509653422580452E+003
  0.110510803971620E-217  0.101891710937470E+004  0.277789814364183E+000  0.101768516604111E+001  0.294201366767431E+001  0.636656482528811E-001  0.529668711567471E+000 -0.508863045976355E+003
  0.546179157416057E-210  0.983423707236689E+003  0.256894093794880E+000  0.101481530032606E+001  0.333418407528270E+001  0.762357080862995E+000  0.529668711567471E+000 -0.491116344907348E+003
  0.309375565792202E-206  0.966078265349231E+003  0.255983832259105E+000  0.106607888397560E+001  0.319170806688249E+001  0.464478020369186E+000  0.529668711567471E+000 -0.482443623963620E+003
  0.682435954920847E-202  0.946013815844810E+003  0.273788890964788E+000  0.976768027171792E+000  0.311474777033142E+001  0.333209974922097E+000  0.529668711567471E+000 -0.472411399211409E+003
  0.141581103786297E-201  0.944492694259877E+003  0.258632178152348E+000  0.969425348591336E+000  0.326689055877046E+001  0.465045583495264E+000  0.529668711567471E+000 -0.471650838418943E+003
  0.123027153732428E-195  0.917081065089530E+003  0.264881925437108E+000  0.106512692016792E+001  0.304564949835411E+001  0.184708203846452E+000  0.529668711567471E+000 -0.457945023833769E+003
  0.421452638356992E-194  0.909951746959102E+003  0.255713501787604E+000  0.107182736854304E+001  0.328734608391653E+001  0.748744051874597E+000  0.529668711567471E+000 -0.454380364768555E+003
  0.163177783666152E-186  0.874946576359557E+003  0.229482309018475E+000  0.100379921387429E+001  0.345517304660622E+001  0.566422910939124E+000  0.529668711567471E+000 -0.436877779468783E+003
  0.323347786153105E-186  0.873517256687212E+003  0.253104131760812E+000  0.112514070002650E+001  0.324119546902775E+001  0.608823200507323E+000  0.529668711567471E+000 -0.436163119632610E+003
  0.120508180597335E-182  0.857009054309670E+003  0.229039723663703E+000  0.102746788230549E+001  0.348939351149882E+001  0.640886236902908E+000  0.529668711567471E+000 -0.427909018443839E+003
  0.340724159066898E-182  0.854868799806657E+003  0.239079776549637E+000  0.103604454450764E+001  0.317378847726110E+001  0.653391370033784E-001  0.529668711567471E+000 -0.426838891192332E+003
  0.591932615543143E-182  0.853702617347186E+003  0.253884484685373E+000  0.107375192366433E+001  0.326139425290244E+001  0.636033450318286E+000  0.529668711567471E+000 -0.426255799962597E+003
  0.130808366744698E-174  0.819819031342736E+003  0.255549791938596E+000  0.922074295798440E+000  0.319787809476788E+001  0.227974096899299E+000  0.529668711567471E+000 -0.409314006960372E+003
  0.651917421030581E-172  0.807334778661168E+003  0.262291435590967E+000  0.109002685399377E+001  0.322040360853205E+001  0.608173597368360E+000  0.529668711567471E+000 -0.403071880619588E+003
  0.821012196528121E-171  0.802206825025855E+003  0.262940825318600E+000  0.100041398596233E+001  0.322657328510615E+001  0.466895490994049E+000  0.529668711567471E+000 -0.400507903801931E+003
  0.388203330183918E-169  0.794432958768177E+003  0.249969268002847E+000  0.108447170736916E+001  0.325827860426499E+001  0.478244861363721E+000  0.529668711567471E+000 -0.396620970673092E+003
  0.352700397948193E-165  0.776142555274275E+003  0.226199996609060E+000  0.103808226015446E+001  0.339381668410187E+001  0.401597039967478E+000  0.529668711567471E+000 -0.387475768926142E+003
  0.620987975392951E-150  0.705872073661285E+003  0.253392899858881E+000  0.100789462976082E+001  0.334089817847975E+001  0.663422232746605E+000  0.529668711567471E+000 -0.352340528119647E+003
  0.128713914146729E-145  0.685932118407338E+003  0.240279360743686E+000  0.106636069117617E+001  0.340819187204291E+001  0.782952233272235E+000  0.529668711567471E+000 -0.342370550492673E+003
  0.888515149895377E-143  0.672796315764518E+003  0.262676308362045E+000  0.104149108684260E+001  0.313922819721801E+001  0.374496429356637E+000  0.529668711567471E+000 -0.335802649171263E+003
  0.242623496557492E-142  0.670725683968477E+003  0.242513474152386E+000  0.109219595636399E+001  0.329468947057667E+001  0.479216298347403E+000  0.529668711567471E+000 -0.334767333273243E+003
  0.596243274004004E-137  0.645840013887720E+003  0.263485163363721E+000  0.109512550486084E+001  0.320025961518127E+001  0.619719987556425E+000  0.529668711567471E+000 -0.322324498232864E+003
  0.105484586850919E-136  0.644637468215597E+003  0.235935804401456E+000  0.101550631593608E+001  0.336849816174784E+001  0.490256608918459E+000  0.529668711567471E+000 -0.321723225396803E+003
  0.284116748595716E-136  0.642594284109765E+003  0.247754892683920E+000  0.103538617854515E+001  0.319152122848319E+001  0.205284577815297E+000  0.529668711567471E+000 -0.320701633343886E+003
  0.804323257928792E-133  0.626635998214104E+003  0.238906282163988E+000  0.105621589518718E+001  0.325415487893499E+001  0.268893373099225E+000  0.529668711567471E+000 -0.312722490396056E+003
  0.536695913508606E-129  0.608962913323674E+003  0.244774126483020E+000  0.983546247028182E+000  0.332913489764759E+001  0.415979583037282E+000  0.529668711567471E+000 -0.303885947950841E+003
  0.142271142569322E-124  0.588530913023246E+003  0.232224521198605E+000  0.102509480745047E+001  0.342194395792040E+001  0.509327133658155E+000  0.529668711567471E+000 -0.293669947800627E+003
  0.247790111701601E-120  0.568938994217113E+003  0.270857207913234E+000  0.100999373231501E+001  0.304616859635051E+001  0.165324279903898E+000  0.529668711567471E+000 -0.283873988397560E+003
  0.628237211604811E-119  0.562411609200619E+003  0.260748999054284E+000  0.105851973141158E+001  0.324076946558571E+001  0.646049008980008E+000  0.529668711567471E+000 -0.280610295889313E+003
  0.634976644467927E-119  0.562328725088850E+003  0.269167294887471E+000  0.101559915685342E+001  0.308352027982957E+001  0.237847285401771E+000  0.529668711567471E+000 -0.280568853833429E+003
  0.852884642456182E-118  0.557071939419435E+003  0.267835327609258E+000  0.100345131639403E+001  0.309182573586933E+001  0.259416499117874E+000  0.529668711567471E+000 -0.277940460998722E+003
  0.105253221598024E-117  0.556589736355706E+003  0.228559626958043E+000  0.106293659952758E+001  0.343602856001031E+001  0.567562788102564E+000  0.529668711567471E+000 -0.277699359466857E+003
  0.237922038033155E-115  0.545686704731161E+003  0.252431728815184E+000  0.103301607188286E+001  0.335658516979378E+001  0.761888622071539E+000  0.529668711567471E+000 -0.272247843654584E+003
  0.231779930397337E-115  0.545677470820046E+003  0.258504314279491E+000  0.104828645711937E+001  0.331499421962212E+001  0.768753127706928E+000  0.529668711567471E+000 -0.272243226699027E+003
  0.312493393937828E-115  0.545018337534824E+003  0.247585687862306E+000  0.104580630004775E+001  0.327517357418505E+001  0.500273017862073E+000  0.529668711567471E+000 -0.271913660056416E+003
  0.688612797697417E-115  0.543376602604942E+003  0.259394087038749E+000  0.101587647077335E+001  0.304879195319006E+001  0.115068027059491E-001  0.529668711567471E+000 -0.271092792591475E+003
  0.680498451124247E-115  0.543338766467257E+003  0.261985655295952E+000  0.108510290405045E+001  0.324439047257712E+001  0.681231514675736E+000  0.529668711567471E+000 -0.271073874522632E+003
  0.308329957066552E-113  0.535650192872495E+003  0.265248977999384E+000  0.103143774691429E+001  0.301770090690676E+001  0.659489072538180E-001  0.529668711567471E+000 -0.267229587725252E+003
  0.599099414095114E-113  0.534260135450393E+003  0.259209578076170E+000  0.105431000145997E+001  0.328127941752001E+001  0.726472505448099E+000  0.529668711567471E+000 -0.266534559014201E+003
  0.180986442104872E-111  0.527382262617387E+003  0.257422798713548E+000  0.983747242399104E+000  0.318409667674816E+001  0.319064867119824E+000  0.529668711567471E+000 -0.263095622597698E+003
  0.187726212926912E-111  0.527247594371668E+003  0.240774681281434E+000  0.989362358737638E+000  0.333350765363866E+001  0.436035808957683E+000  0.529668711567471E+000 -0.263028288474838E+003
  0.345457882078991E-105  0.498335257649678E+003  0.250987663774857E+000  0.106411033757222E+001  0.334685314915304E+001  0.799012206510079E+000  0.529668711567471E+000 -0.248572120113843E+003
  0.656884197238443E-105  0.496988440309307E+003  0.253130592879214E+000  0.108160569999898E+001  0.334487555627346E+001  0.795831943698231E+000  0.529668711567471E+000 -0.247898711443658E+003
  0.990765886659427E-105  0.496104955944199E+003  0.252037235664498E+000  0.917135628454615E+000  0.316137569186702E+001  0.658006044031524E-001  0.529668711567471E+000 -0.247456969261104E+003
  0.185263541403502E-100  0.476370959511777E+003  0.249430129323346E+000  0.106309111960271E+001  0.322009375856360E+001  0.401732855341342E+000  0.529668711567471E+000 -0.237589971044892E+003
  0.220635207817411E-100  0.475959953524752E+003  0.270210259941799E+000  0.999270818151015E+000  0.303999096297811E+001  0.153533952785877E+000  0.529668711567471E+000 -0.237384468051380E+003
  0.194383783585895E-099  0.471546592468563E+003  0.236569224107572E+000  0.986726226240544E+000  0.333509905042914E+001  0.364388520249971E+000  0.529668711567471E+000 -0.235177787523285E+003
  0.488295981994893E-099  0.469642874607836E+003  0.257767190590218E+000  0.103985539663766E+001  0.307530388424032E+001  0.115145758095370E+000  0.529668711567471E+000 -0.234225928592922E+003
  0.238649068315512E-095  0.452592505752570E+003  0.237283392091874E+000  0.105684513857217E+001  0.336180939022500E+001  0.554533844738339E+000  0.529668711567471E+000 -0.225700744165289E+003
  0.906733125330855E-091  0.431440573634349E+003  0.236805957337716E+000  0.102600415179898E+001  0.342985875355666E+001  0.646852042695012E+000  0.529668711567471E+000 -0.215124778106179E+003
  0.288264431915212E-090  0.429065800016391E+003  0.244774446662932E+000  0.109433460599498E+001  0.330151057873029E+001  0.558204850910620E+000  0.529668711567471E+000 -0.213937391297199E+003
  0.130433220997086E-089  0.426120691217813E+003  0.238603656659562E+000  0.103943885050281E+001  0.338985171957931E+001  0.559911821477577E+000  0.529668711567471E+000 -0.213060345608906E+003
  0.277256013966924E-088  0.419886111911800E+003  0.257189348008053E+000  0.103733545645047E+001  0.329190756572494E+001  0.637346235469248E+000  0.529668711567471E+000 -0.209943055955900E+003
  0.188728408162182E-084  0.402113446583708E+003  0.242794292307770E+000  0.102531292237502E+001  0.333541709617775E+001  0.532734199537657E+000  0.529668711567471E+000 -0.201056723291854E+003
  0.487089298517552E-077  0.367745412244393E+003  0.256571295481881E+000  0.105472545026366E+001  0.324743002159835E+001  0.522579920119675E+000  0.529668711567471E+000 -0.183872706122197E+003
  0.950044576400795E-072  0.343383438443983E+003  0.241754274068569E+000  0.106197851913011E+001  0.337279750745318E+001  0.613794727201174E+000  0.529668711567471E+000 -0.171691719221991E+003
  0.115849125831370E-070  0.338260289230103E+003  0.252703049997046E+000  0.105390206296981E+001  0.334427325787633E+001  0.771302328822885E+000  0.529668711567471E+000 -0.169130144615052E+003
  0.566436395059379E-068  0.325640230602868E+003  0.243445580952489E+000  0.105859092921418E+001  0.339987146157274E+001  0.777747367183835E+000  0.529668711567471E+000 -0.162820115301434E+003
  0.425967047484538E-065  0.312172274389032E+003  0.254964395020976E+000  0.105616678148277E+001  0.331839458565526E+001  0.738314635311000E+000  0.529668711567471E+000 -0.156086137194516E+003
  0.432042527100427E-064  0.307538780131431E+003  0.254516643970490E+000  0.108028363768768E+001  0.325288892588220E+001  0.585146718865222E+000  0.529668711567471E+000 -0.153769390065716E+003
  0.168332412961665E-057  0.276965304264741E+003  0.236218575381946E+000  0.104583037501651E+001  0.337243415639428E+001  0.498269884333570E+000  0.529668711567471E+000 -0.138482652132370E+003
  0.121343360340040E-056  0.273014766993390E+003  0.247220182582453E+000  0.107407739344598E+001  0.327999798049372E+001  0.502262733451187E+000  0.529668711567471E+000 -0.136507383496695E+003
  0.374983550100728E-056  0.270643934279928E+003  0.245458241105191E+000  0.103186075572478E+001  0.336048310871022E+001  0.641402603827631E+000  0.529668711567471E+000 -0.135321967139964E+003
  0.854274637757367E-056  0.268882876305530E+003  0.257776460773226E+000  0.105601297076643E+001  0.322316901860001E+001  0.512336211604860E+000  0.529668711567471E+000 -0.134441438152765E+003
  0.796552674837295E-055  0.264195173793177E+003  0.237133271979081E+000  0.107420835628475E+001  0.339114931083682E+001  0.627474417110436E+000  0.529668711567471E+000 -0.132097586896589E+003
  0.147215245130459E-053  0.258253493961955E+003  0.247196300157835E+000  0.108516918951748E+001  0.331495017642679E+001  0.644435257216551E+000  0.529668711567471E+000 -0.129126746980977E+003
  0.103306580428186E-052  0.254248578717797E+003  0.246539433978957E+000  0.104518498748548E+001  0.337431296847656E+001  0.710453871626475E+000  0.529668711567471E+000 -0.127124289358898E+003
  0.210184563138587E-051  0.248222838650578E+003  0.246860991284185E+000  0.104172839802183E+001  0.335896619484353E+001  0.649842540761171E+000  0.529668711567471E+000 -0.124111419325289E+003
  0.539035622511030E-050  0.241619760353104E+003  0.256991773454231E+000  0.101694203661203E+001  0.324477856546062E+001  0.478140761447844E+000  0.529668711567471E+000 -0.120809880176552E+003
  0.145302889601568E-046  0.225706685183888E+003  0.237472599861463E+000  0.105143809799759E+001  0.337077669490604E+001  0.551274067454646E+000  0.529668711567471E+000 -0.112853342591944E+003
  0.246661850075778E-046  0.224648289357687E+003  0.246670809165252E+000  0.103031160239579E+001  0.333689278892971E+001  0.595720312677219E+000  0.529668711567471E+000 -0.112324144678844E+003
  0.565260129189470E-046  0.222989754037252E+003  0.253392205989295E+000  0.108221377095815E+001  0.329851470241862E+001  0.697694999213444E+000  0.529668711567471E+000 -0.111494877018626E+003
  0.294642664800137E-045  0.219687629280231E+003  0.252420867209610E+000  0.106929186646903E+001  0.333161884920591E+001  0.745833964756712E+000  0.529668711567471E+000 -0.109843814640115E+003
  0.105414975423834E-044  0.217138176311281E+003  0.240547055020781E+000  0.106515195093470E+001  0.334489168441230E+001  0.562389939556845E+000  0.529668711567471E+000 -0.108569088155640E+003
  0.361285660591116E-044  0.214526431884655E+003  0.251164172952913E+000  0.103167060884487E+001  0.331591642156586E+001  0.597660222206322E+000  0.529668711567471E+000 -0.107263215942328E+003
  0.442438734069317E-044  0.213972949836772E+003  0.236862000666858E+000  0.101430859585952E+001  0.335787571284847E+001  0.435824601726960E+000  0.529668711567471E+000 -0.106986474918386E+003
  0.379584050507560E-043  0.209674231553794E+003  0.238491676984638E+000  0.103931821606282E+001  0.338516602487994E+001  0.568512298683278E+000  0.529668711567471E+000 -0.104837115776897E+003
  0.136939450837786E-037  0.183506920664625E+003  0.254185400880362E+000  0.103300106016843E+001  0.324731030305676E+001  0.484461403306852E+000  0.529668711567471E+000 -0.917534603323123E+002
  0.163060508764010E-037  0.183157755688849E+003  0.251669990964043E+000  0.107629862049570E+001  0.332177328544098E+001  0.716651059659467E+000  0.529668711567471E+000 -0.915788778444245E+002
  0.530113827575943E-037  0.180661829143546E+003  0.242825688912830E+000  0.107885537516326E+001  0.335484086722804E+001  0.647769295085306E+000  0.529668711567471E+000 -0.903309145717728E+002
  0.196064275347619E-036  0.177907971637742E+003  0.239779629892811E+000  0.105548040945614E+001  0.335575798377438E+001  0.540714570134027E+000  0.529668711567471E+000 -0.889539858188711E+002
  0.233163141390413E-036  0.177561379947185E+003  0.239571022620855E+000  0.102233794630018E+001  0.336187442062592E+001  0.504474487699762E+000  0.529668711567471E+000 -0.887806899735926E+002
  0.693441583999263E-036  0.175381522714363E+003  0.250875100813191E+000  0.105469824203118E+001  0.325898929585968E+001  0.471796475295649E+000  0.529668711567471E+000 -0.876907613571813E+002
  0.302889544977095E-035  0.172272864716204E+003  0.244457813913678E+000  0.106642733021868E+001  0.332523095504301E+001  0.559769807914523E+000  0.529668711567471E+000 -0.861364323581022E+002
  0.363327685630931E-035  0.171908990833646E+003  0.249375029121645E+000  0.107384544777748E+001  0.332510990780306E+001  0.689597666350167E+000  0.529668711567471E+000 -0.859544954168228E+002
  0.185175293504080E-034  0.168651825114441E+003  0.250494559388488E+000  0.104517009190673E+001  0.328319578015790E+001  0.506800717159998E+000  0.529668711567471E+000 -0.843259125572206E+002
  0.138308703727195E-031  0.154895215504627E+003  0.246923085756422E+000  0.106724783764629E+001  0.330765094757502E+001  0.576319617981541E+000  0.529668711567471E+000 -0.774476077523133E+002
  0.149860027161047E-031  0.154734788432999E+003  0.240137177656272E+000  0.105324818873723E+001  0.336723766793689E+001  0.578188425981037E+000  0.529668711567471E+000 -0.773673942164994E+002
  0.596882919144659E-031  0.151970749887709E+003  0.242081885584647E+000  0.103584026690710E+001  0.335995506425502E+001  0.574335157921431E+000  0.529668711567471E+000 -0.759853749438544E+002
  0.232191327674988E-030  0.149253898219264E+003  0.240961632925555E+000  0.105991088756665E+001  0.335786073348033E+001  0.586158610715528E+000  0.529668711567471E+000 -0.746269491096322E+002
  0.350304750532204E-030  0.148220693645180E+003  0.248848009842800E+000  0.107106214436606E+001  0.333967779284266E+001  0.706114331001277E+000  0.529668711567471E+000 -0.741103468225898E+002
  0.189673348299545E-029  0.144631802664488E+003  0.251329896795523E+000  0.104942804607932E+001  0.325000475569440E+001  0.465782306056312E+000  0.529668711567471E+000 -0.723159013322440E+002
  0.220479208299310E-029  0.144330802616721E+003  0.247000103242062E+000  0.105991654543735E+001  0.335026158536385E+001  0.684014589266428E+000  0.529668711567471E+000 -0.721654013083607E+002
  0.403352366562550E-027  0.133912447961505E+003  0.243830428224351E+000  0.105028283022155E+001  0.330178112607635E+001  0.462284346287892E+000  0.529668711567471E+000 -0.669562239807527E+002
  0.830668529827641E-026  0.127862437184370E+003  0.252589854445660E+000  0.103845146888404E+001  0.325359543859733E+001  0.477983186148618E+000  0.529668711567471E+000 -0.639312185921851E+002
  0.677611062460134E-025  0.123356280368844E+003  0.249616488695273E+000  0.105349098262809E+001  0.327499548639160E+001  0.497839294946218E+000  0.529668711567471E+000 -0.616781401844218E+002
  0.703882294409554E-019  0.953408825380825E+002  0.245461325488868E+000  0.105121119493389E+001  0.332484472474608E+001  0.560496999440735E+000  0.529668711567471E+000 -0.476704412690413E+002
  0.638942988158332E-017  0.860158326399532E+002  0.246384450986763E+000  0.104343349392713E+001  0.331157330256489E+001  0.530588987033188E+000  0.529668711567471E+000 -0.430079163199766E+002
  0.913037797137758E-017  0.853019085427793E+002  0.247461490009451E+000  0.103500467320652E+001  0.329152518523916E+001  0.485770647102695E+000  0.529668711567471E+000 -0.426509542713897E+002
  0.354362713753532E-016  0.825896509065465E+002  0.243792166752052E+000  0.103210314461303E+001  0.328390624156215E+001  0.391531040304494E+000  0.529668711567471E+000 -0.412948254532733E+002
  0.889445544489024E-015  0.761439261582103E+002  0.244317578249933E+000  0.102579691059264E+001  0.331126666488476E+001  0.460879955626821E+000  0.529668711567471E+000 -0.380719630791052E+002
  0.148315450246209E-013  0.705160995037916E+002  0.245196438020752E+000  0.102484068202746E+001  0.330327705011969E+001  0.451067534844460E+000  0.529668711567471E+000 -0.352580497518958E+002
  0.319856216391280E-011  0.583824044807994E+002  0.248778834264273E+000  0.102759588224571E+001  0.325339199747788E+001  0.393153565206053E+000  0.529668711567471E+000 -0.291912022403997E+002
  0.411699927350162E-011  0.578775581182545E+002  0.247675730239015E+000  0.102999361785567E+001  0.326474158814331E+001  0.403255076924560E+000  0.529668711567471E+000 -0.289387790591272E+002
  0.240190827041188E-010  0.535391797805177E+002  0.247632444776441E+000  0.102688965271572E+001  0.326087530080647E+001  0.387255937940843E+000  0.529668711567471E+000 -0.267695898902588E+002
  0.375032412077735E-010  0.526480223117903E+002  0.247323646722993E+000  0.102630941936647E+001  0.325637396555126E+001  0.372988198170455E+000  0.529668711567471E+000 -0.263240111558952E+002
  0.976290537822099E-010  0.493482324109371E+002  0.247433820439257E+000  0.102393310089803E+001  0.326409051902135E+001  0.387288991330000E+000  0.529668711567471E+000 -0.246741162054686E+002
