  0.567647897710450E+000  0.458713689673635E+001  0.255300268843323E+000  0.969373604991014E+000  0.308383082678199E+001  0.924748900106544E-002  0.529668711567471E+000 -0.229356844836818E+001
  0.567647897710450E+000  0.891399249164792E+001  0.252300842492401E+000  0.974733066876308E+000  0.310561823304452E+001  0.277741142090873E-001  0.529668711567471E+000 -0.445699624582396E+001
  0.567647897710450E+000  0.696212194745664E+001  0.256860501742843E+000  0.969360173073662E+000  0.307549112400031E+001  0.111822020385213E-001  0.529668711567471E+000 -0.348106097372832E+001
  0.567647897710450E+000  0.694494996045517E+001  0.254570309146786E+000  0.964790811941725E+000  0.309221453437978E+001  0.123124633017477E-001  0.529668711567471E+000 -0.347247498022758E+001
  0.567647897710450E+000  0.689758408847472E+001  0.256345042154777E+000  0.973333420221443E+000  0.308330779204396E+001  0.217410163004691E-001  0.529668711567471E+000 -0.344879204423736E+001
  0.567647897710450E+000  0.663906949997916E+001  0.257147467480340E+000  0.970141776795026E+000  0.307773236116080E+001  0.140251832787024E-001  0.529668711567471E+000 -0.331953474998958E+001
  0.567647897710450E+000  0.645774379862021E+001  0.252760341678919E+000  0.973079420291458E+000  0.310318932834959E+001  0.245433077275567E-001  0.529668711567471E+000 -0.322887189931010E+001
  0.567647897710450E+000  0.627072782946931E+001  0.255327285119531E+000  0.977987905990826E+000  0.308779261684466E+001  0.334154433063487E-001  0.529668711567471E+000 -0.313536391473465E+001
  0.567647897710450E+000  0.482159538661068E+001  0.255780623692710E+000  0.972085818844838E+000  0.309064408510565E+001  0.383548030128631E-001  0.529668711567471E+000 -0.241079769330534E+001
  0.567647897710450E+000  0.520833680734923E+001  0.256142475996387E+000  0.968151294671606E+000  0.308606370165838E+001  0.189443135132676E-001  0.529668711567471E+000 -0.260416840367462E+001
  0.567647897710450E+000  0.545352049367459E+001  0.256590239064276E+000  0.976496993367904E+000  0.307314377553837E+001  0.507242208869021E-002  0.529668711567471E+000 -0.272676024683729E+001
  0.567647897710450E+000  0.404736135093008E+001  0.254601394173995E+000  0.968196367282505E+000  0.308829143805069E+001  0.639452909885716E-002  0.529668711567471E+000 -0.202368067546504E+001
  0.567647897710450E+000  0.383018561562958E+001  0.254054374266748E+000  0.967746454063577E+000  0.309926285491454E+001  0.272627715876645E-001  0.529668711567471E+000 -0.191509280781479E+001
  0.567647897710450E+000  0.381059363498383E+001  0.256506152026606E+000  0.969182743849755E+000  0.308472366211744E+001  0.253573466869242E-001  0.529668711567471E+000 -0.190529681749192E+001
  0.567647897710450E+000  0.365652985314429E+001  0.257335173000563E+000  0.968305658696529E+000  0.307533652548905E+001  0.103649836449235E-001  0.529668711567471E+000 -0.182826492657214E+001
  0.567647897710450E+000  0.365566921282608E+001  0.254652175826395E+000  0.968384741812821E+000  0.309540504301131E+001  0.283779068482823E-001  0.529668711567471E+000 -0.182783460641304E+001
  0.567647897710450E+000  0.365346918904637E+001  0.255066890113502E+000  0.970252027254682E+000  0.308420404814189E+001  0.663495015680608E-002  0.529668711567471E+000 -0.182673459452318E+001
  0.567647897710450E+000  0.313017367034750E+001  0.254325114117248E+000  0.968135368945520E+000  0.309753320282199E+001  0.275925535104684E-001  0.529668711567471E+000 -0.156508683517375E+001
  0.567647897710450E+000  0.306778916505070E+001  0.254635658838321E+000  0.969553045587357E+000  0.309395032920498E+001  0.264451534939601E-001  0.529668711567471E+000 -0.153389458252535E+001
  0.567647897710450E+000  0.297866965730863E+001  0.253531347263113E+000  0.974204368009591E+000  0.309956698421192E+001  0.302227076554284E-001  0.529668711567471E+000 -0.148933482865432E+001
  0.567647897710450E+000  0.292455814134372E+001  0.253807955352488E+000  0.971837753982036E+000  0.309575434688877E+001  0.207111026567919E-001  0.529668711567471E+000 -0.146227907067186E+001
  0.567647897710450E+000  0.287638988576256E+001  0.255122983471299E+000  0.974384546098011E+000  0.308298136781011E+001  0.921579238407361E-002  0.529668711567471E+000 -0.143819494288128E+001
  0.567647897710450E+000  0.276183236331864E+001  0.255052120988861E+000  0.975064190252705E+000  0.308435153429245E+001  0.113953795210154E-001  0.529668711567471E+000 -0.138091618165932E+001
  0.567647897710450E+000  0.275599921487936E+001  0.254149417107024E+000  0.971219136776988E+000  0.309499489175017E+001  0.241536522413367E-001  0.529668711567471E+000 -0.137799960743968E+001
  0.567647897710450E+000  0.274821666446503E+001  0.255284000156404E+000  0.965896843846483E+000  0.308637810716426E+001  0.587915870964978E-002  0.529668711567471E+000 -0.137410833223252E+001
  0.567647897710450E+000  0.270157929422735E+001  0.255101142909288E+000  0.966217480457995E+000  0.308798042610186E+001  0.827249140276410E-002  0.529668711567471E+000 -0.135078964711368E+001
  0.567647897710450E+000  0.266090145568073E+001  0.255612074086909E+000  0.972992282438886E+000  0.308599553522012E+001  0.252596219329664E-001  0.529668711567471E+000 -0.133045072784036E+001
  0.567647897710450E+000  0.265804637499946E+001  0.257676146963137E+000  0.969299254885473E+000  0.307019924277048E+001  0.176908253264510E-002  0.529668711567471E+000 -0.132902318749973E+001
  0.567647897710450E+000  0.257169885539253E+001  0.256415281747343E+000  0.973625603576315E+000  0.307638117800108E+001  0.502190912652969E-002  0.529668711567471E+000 -0.128584942769626E+001
  0.567647897710450E+000  0.253956654877249E+001  0.254960799009291E+000  0.966936188004954E+000  0.308721399904758E+001  0.258453402702276E-002  0.529668711567471E+000 -0.126978327438625E+001
  0.567647897710450E+000  0.235702724225073E+001  0.254493798337971E+000  0.968883974147426E+000  0.309220327080957E+001  0.171877775593580E-001  0.529668711567471E+000 -0.117851362112537E+001
  0.567647897710450E+000  0.218215900183278E+001  0.254619030695724E+000  0.970982135049495E+000  0.308903399233606E+001  0.140923056554177E-001  0.529668711567471E+000 -0.109107950091639E+001
  0.567647897710450E+000  0.207637438143080E+001  0.253866992810566E+000  0.970135395878578E+000  0.310317865565574E+001  0.361783248620448E-001  0.529668711567471E+000 -0.103818719071540E+001
  0.567647897710450E+000  0.200790396612093E+001  0.255788866962339E+000  0.969870992447428E+000  0.308433927710131E+001  0.117874249104367E-001  0.529668711567471E+000 -0.100395198306046E+001
  0.567647897710450E+000  0.199102733604299E+001  0.256775217599861E+000  0.968926043265993E+000  0.307613441439653E+001  0.715972942254949E-002  0.529668711567471E+000 -0.995513668021493E+000
  0.567647897710450E+000  0.199048684425344E+001  0.255200625187286E+000  0.971543096408447E+000  0.308553635510328E+001  0.849101742951439E-002  0.529668711567471E+000 -0.995243422126722E+000
  0.567647897710450E+000  0.197718176948716E+001  0.255670737178047E+000  0.973065738275997E+000  0.307910868707921E+001  0.195527704413696E-002  0.529668711567471E+000 -0.988590884743578E+000
  0.567647897710450E+000  0.194472296089441E+001  0.255969499028626E+000  0.973702229303130E+000  0.307760278319877E+001  0.472042276723273E-002  0.529668711567471E+000 -0.972361480447207E+000
  0.567647897710450E+000  0.189967898900093E+001  0.254224506313107E+000  0.971136193162193E+000  0.309919533904788E+001  0.353238673875140E-001  0.529668711567471E+000 -0.949839494500466E+000
  0.567647897710450E+000  0.187452261455537E+001  0.254743670334104E+000  0.972307190024756E+000  0.308982566318152E+001  0.157302312787341E-001  0.529668711567471E+000 -0.937261307277683E+000
  0.567647897710450E+000  0.173382259460143E+001  0.255804169704259E+000  0.970118721121241E+000  0.307942672113487E+001  0.116382197456733E-002  0.529668711567471E+000 -0.866911297300717E+000
  0.567647897710450E+000  0.169904650161122E+001  0.256979511143347E+000  0.970920614324390E+000  0.307432521261163E+001  0.755935535451189E-002  0.529668711567471E+000 -0.849523250805608E+000
  0.567647897710450E+000  0.169340376234695E+001  0.255319528946828E+000  0.967568359550432E+000  0.308741585057203E+001  0.108725546631072E-001  0.529668711567471E+000 -0.846701881173474E+000
  0.567647897710450E+000  0.168821741351442E+001  0.254731008847679E+000  0.974325472030353E+000  0.309992609747703E+001  0.479921427741015E-001  0.529668711567471E+000 -0.844108706757209E+000
  0.567647897710450E+000  0.143825594576309E+001  0.254737828930417E+000  0.972254871682943E+000  0.309930505532202E+001  0.408358903706446E-001  0.529668711567471E+000 -0.719127972881546E+000
  0.567647897710450E+000  0.142623717541067E+001  0.256649007088265E+000  0.966533322567318E+000  0.307768989956206E+001  0.193293987319207E-002  0.529668711567471E+000 -0.713118587705337E+000
  0.567647897710450E+000  0.142449362591918E+001  0.254085513028399E+000  0.974061768067935E+000  0.309701378664768E+001  0.292609325746115E-001  0.529668711567471E+000 -0.712246812959591E+000
  0.567647897710450E+000  0.139822310119230E+001  0.256132195360613E+000  0.970440845033347E+000  0.308451437899187E+001  0.212325166236279E-001  0.529668711567471E+000 -0.699111550596152E+000
  0.567647897710450E+000  0.138612729549464E+001  0.254295468325446E+000  0.974714681922679E+000  0.309471706061545E+001  0.279661085958094E-001  0.529668711567471E+000 -0.693063647747318E+000
  0.567647897710450E+000  0.131836968870165E+001  0.256180817958694E+000  0.971603136395463E+000  0.307770393399923E+001  0.652730188645834E-002  0.529668711567471E+000 -0.659184844350825E+000
  0.567647897710450E+000  0.123691055410688E+001  0.254791781568686E+000  0.974494216747655E+000  0.308977074228057E+001  0.220181520527372E-001  0.529668711567471E+000 -0.618455277053442E+000
  0.567647897710450E+000  0.122920374113941E+001  0.256000203284040E+000  0.968229867889295E+000  0.308010513649618E+001  0.401909186786025E-002  0.529668711567471E+000 -0.614601870569705E+000
  0.567647897710450E+000  0.116281154288831E+001  0.255431260458599E+000  0.969325634457877E+000  0.308874522172328E+001  0.195578188175454E-001  0.529668711567471E+000 -0.581405771444154E+000
  0.567647897710450E+000  0.112604505495659E+001  0.255875746868388E+000  0.969673916481975E+000  0.308134187622356E+001  0.285820495820360E-002  0.529668711567471E+000 -0.563022527478293E+000
  0.567647897710450E+000  0.104584414473192E+001  0.254238611161009E+000  0.970986916252977E+000  0.309796664386045E+001  0.295147140380292E-001  0.529668711567471E+000 -0.522922072365961E+000
  0.567647897710450E+000  0.930873955457111E+000  0.256246089212733E+000  0.970975227445482E+000  0.308096763134316E+001  0.131407789858348E-001  0.529668711567471E+000 -0.465436977728556E+000
  0.567647897710450E+000  0.886857179704760E+000  0.256607877466570E+000  0.971898341643109E+000  0.307484028040794E+001  0.232940038665440E-002  0.529668711567471E+000 -0.443428589852380E+000
  0.567647897710450E+000  0.886238517430160E+000  0.255231548089507E+000  0.968781325227311E+000  0.308637297796701E+001  0.858707861254529E-002  0.529668711567471E+000 -0.443119258715080E+000
  0.567647897710450E+000  0.881579946877470E+000  0.255612837869971E+000  0.973294794833877E+000  0.308192032637259E+001  0.110797262462168E-001  0.529668711567471E+000 -0.440789973438735E+000
  0.567647897710450E+000  0.603167556692906E+000  0.255287856085661E+000  0.969863483877498E+000  0.308516143054579E+001  0.756014737115055E-002  0.529668711567471E+000 -0.301583778346453E+000
  0.567647897710450E+000  0.603089001252922E+000  0.256064411289047E+000  0.971807138763224E+000  0.308167869275924E+001  0.158195977308680E-001  0.529668711567471E+000 -0.301544500626461E+000
  0.567647897710450E+000  0.544529893050785E+000  0.256765159573904E+000  0.969688999552527E+000  0.307494916075523E+001  0.128719035675434E-002  0.529668711567471E+000 -0.272264946525393E+000
  0.567647897710450E+000  0.536121045790589E+000  0.255286419020838E+000  0.969559638240180E+000  0.308558096949109E+001  0.108369407297866E-001  0.529668711567471E+000 -0.268060522895294E+000
  0.567647897710450E+000  0.471388248094303E+000  0.255010053302281E+000  0.973045867000153E+000  0.309337407366320E+001  0.321936223356638E-001  0.529668711567471E+000 -0.235694124047152E+000
  0.567647897710450E+000  0.461860346988240E+000  0.255725373032370E+000  0.972332849904198E+000  0.308280577967749E+001  0.147324398907266E-001  0.529668711567471E+000 -0.230930173494120E+000
  0.567647897710450E+000  0.365145230043435E+000  0.255179211331076E+000  0.970325600312254E+000  0.308657225771455E+001  0.117018616108734E-001  0.529668711567471E+000 -0.182572615021717E+000
  0.567647897710450E+000  0.360620682894496E+000  0.256258362531965E+000  0.971056307267677E+000  0.307930301977464E+001  0.920580885908259E-002  0.529668711567471E+000 -0.180310341447248E+000
  0.567647897710450E+000  0.107026455512221E+000  0.255995293030184E+000  0.970819756603719E+000  0.308104335614814E+001  0.996121909148754E-002  0.529668711567471E+000 -0.535132277561108E-001
