  0.100000000000000E+001  0.738474023039249E+001  0.254323597831110E+000  0.967979443187164E+000  0.310983770753056E+001  0.545054692674230E-001  0.529668711567471E+000 -0.369237011519625E+001
  0.100000000000000E+001  0.879118843684941E+001  0.253096768585978E+000  0.972211840370130E+000  0.309911103713340E+001  0.146278265845847E-001  0.529668711567471E+000 -0.439559421842470E+001
  0.100000000000000E+001  0.828765867978103E+001  0.250020266106979E+000  0.984747844063173E+000  0.316824250015775E+001  0.152307990970024E+000  0.529668711567471E+000 -0.414382933989051E+001
  0.100000000000000E+001  0.105551330532815E+002  0.250041809027991E+000  0.991968500862836E+000  0.317759600501206E+001  0.180796779039049E+000  0.529668711567471E+000 -0.527756652664074E+001
  0.100000000000000E+001  0.104821713492130E+002  0.250629855182873E+000  0.984427532462495E+000  0.316403919432399E+001  0.146080362114244E+000  0.529668711567471E+000 -0.524108567460649E+001
  0.100000000000000E+001  0.885863530570687E+001  0.250812877512434E+000  0.981530591511187E+000  0.316434272130559E+001  0.147708606298451E+000  0.529668711567471E+000 -0.442931765285344E+001
  0.100000000000000E+001  0.836932058388391E+001  0.251025721893856E+000  0.982275559370807E+000  0.313687667753776E+001  0.951365727556139E-001  0.529668711567471E+000 -0.418466029194196E+001
  0.100000000000000E+001  0.630714108283612E+001  0.251295172337189E+000  0.985862020658643E+000  0.315330972912341E+001  0.137509995703840E+000  0.529668711567471E+000 -0.315357054141806E+001
  0.100000000000000E+001  0.499348180975060E+001  0.251351616060782E+000  0.983963628808189E+000  0.314447207379770E+001  0.115340948182718E+000  0.529668711567471E+000 -0.249674090487530E+001
  0.100000000000000E+001  0.487274962054521E+001  0.251355908743314E+000  0.977868312684098E+000  0.314125772588705E+001  0.101815105252307E+000  0.529668711567471E+000 -0.243637481027261E+001
  0.100000000000000E+001  0.692844216235426E+001  0.256271704191256E+000  0.967384414826022E+000  0.308602617966655E+001  0.191670615337393E-001  0.529668711567471E+000 -0.346422108117713E+001
  0.100000000000000E+001  0.665426106978401E+001  0.254297492390942E+000  0.965497361642597E+000  0.309267250153937E+001  0.992104583576309E-002  0.529668711567471E+000 -0.332713053489200E+001
  0.100000000000000E+001  0.626450576016858E+001  0.255717836327981E+000  0.973952483353632E+000  0.308027277879859E+001  0.144638923204417E-002  0.529668711567471E+000 -0.313225288008429E+001
  0.100000000000000E+001  0.622524413597978E+001  0.254282758841812E+000  0.972527155037334E+000  0.309052769569056E+001  0.831450334537375E-002  0.529668711567471E+000 -0.311262206798989E+001
  0.100000000000000E+001  0.520833680734923E+001  0.256142475996387E+000  0.968151294671606E+000  0.308606370165838E+001  0.189443135132676E-001  0.529668711567471E+000 -0.260416840367462E+001
  0.100000000000000E+001  0.566155600790080E+001  0.251982786542128E+000  0.974381654613182E+000  0.311737634676587E+001  0.520746308344745E-001  0.529668711567471E+000 -0.283077800395040E+001
  0.100000000000000E+001  0.496337365697605E+001  0.251859265325956E+000  0.973908564335259E+000  0.312272329540585E+001  0.607386230862831E-001  0.529668711567471E+000 -0.248168682848803E+001
  0.100000000000000E+001  0.482159538661068E+001  0.255780623692710E+000  0.972085818844838E+000  0.309064408510565E+001  0.383548030128631E-001  0.529668711567471E+000 -0.241079769330534E+001
  0.100000000000000E+001  0.448611191504406E+001  0.252926899449255E+000  0.977314546441638E+000  0.311931894424387E+001  0.745645040119324E-001  0.529668711567471E+000 -0.224305595752203E+001
  0.100000000000000E+001  0.404736135093008E+001  0.254601394173995E+000  0.968196367282505E+000  0.308829143805069E+001  0.639452909885716E-002  0.529668711567471E+000 -0.202368067546504E+001
  0.100000000000000E+001  0.383018561562958E+001  0.254054374266748E+000  0.967746454063577E+000  0.309926285491454E+001  0.272627715876645E-001  0.529668711567471E+000 -0.191509280781479E+001
  0.100000000000000E+001  0.381059363498383E+001  0.256506152026606E+000  0.969182743849755E+000  0.308472366211744E+001  0.253573466869242E-001  0.529668711567471E+000 -0.190529681749192E+001
  0.100000000000000E+001  0.365652985314429E+001  0.257335173000563E+000  0.968305658696529E+000  0.307533652548905E+001  0.103649836449235E-001  0.529668711567471E+000 -0.182826492657214E+001
  0.100000000000000E+001  0.360225529870454E+001  0.255571674001892E+000  0.965345176338286E+000  0.308603998772362E+001  0.100684677122191E-001  0.529668711567471E+000 -0.180112764935227E+001
  0.100000000000000E+001  0.313017367034750E+001  0.254325114117248E+000  0.968135368945520E+000  0.309753320282199E+001  0.275925535104684E-001  0.529668711567471E+000 -0.156508683517375E+001
  0.100000000000000E+001  0.295968631518312E+001  0.255637585154556E+000  0.972861132750275E+000  0.308212147512886E+001  0.150230222569309E-001  0.529668711567471E+000 -0.147984315759156E+001
  0.100000000000000E+001  0.292455814134372E+001  0.253807955352488E+000  0.971837753982036E+000  0.309575434688877E+001  0.207111026567919E-001  0.529668711567471E+000 -0.146227907067186E+001
  0.100000000000000E+001  0.287638988576256E+001  0.255122983471299E+000  0.974384546098011E+000  0.308298136781011E+001  0.921579238407361E-002  0.529668711567471E+000 -0.143819494288128E+001
  0.100000000000000E+001  0.253956654877249E+001  0.254960799009291E+000  0.966936188004954E+000  0.308721399904758E+001  0.258453402702276E-002  0.529668711567471E+000 -0.126978327438625E+001
  0.100000000000000E+001  0.429273219745214E+001  0.253016492977923E+000  0.981963385495139E+000  0.312178469569674E+001  0.851241760280403E-001  0.529668711567471E+000 -0.214636609872607E+001
  0.100000000000000E+001  0.380540258993939E+001  0.252111188948226E+000  0.975626786124761E+000  0.311989364981878E+001  0.605286614562696E-001  0.529668711567471E+000 -0.190270129496969E+001
  0.100000000000000E+001  0.362502847761820E+001  0.252181875226921E+000  0.977308350614280E+000  0.312012755689223E+001  0.645149300350946E-001  0.529668711567471E+000 -0.181251423880910E+001
  0.100000000000000E+001  0.251259443758200E+001  0.253715342036791E+000  0.978215995044130E+000  0.310817360339389E+001  0.565243461491420E-001  0.529668711567471E+000 -0.125629721879100E+001
  0.100000000000000E+001  0.200790396612093E+001  0.255788866962339E+000  0.969870992447428E+000  0.308433927710131E+001  0.117874249104367E-001  0.529668711567471E+000 -0.100395198306046E+001
  0.100000000000000E+001  0.197718176948716E+001  0.255670737178047E+000  0.973065738275997E+000  0.307910868707921E+001  0.195527704413696E-002  0.529668711567471E+000 -0.988590884743578E+000
  0.100000000000000E+001  0.194472296089441E+001  0.255969499028626E+000  0.973702229303130E+000  0.307760278319877E+001  0.472042276723273E-002  0.529668711567471E+000 -0.972361480447207E+000
  0.100000000000000E+001  0.187452261455537E+001  0.254743670334104E+000  0.972307190024756E+000  0.308982566318152E+001  0.157302312787341E-001  0.529668711567471E+000 -0.937261307277683E+000
  0.100000000000000E+001  0.173382259460143E+001  0.255804169704259E+000  0.970118721121241E+000  0.307942672113487E+001  0.116382197456733E-002  0.529668711567471E+000 -0.866911297300717E+000
  0.100000000000000E+001  0.175310441678525E+001  0.252960760338424E+000  0.976800572334402E+000  0.312121138868812E+001  0.756412289448763E-001  0.529668711567471E+000 -0.876552208392626E+000
  0.100000000000000E+001  0.223709495971682E+001  0.253822522230637E+000  0.975849265956589E+000  0.310866805091351E+001  0.549499601688755E-001  0.529668711567471E+000 -0.111854747985841E+001
  0.100000000000000E+001  0.142449362591918E+001  0.254085513028399E+000  0.974061768067935E+000  0.309701378664768E+001  0.292609325746115E-001  0.529668711567471E+000 -0.712246812959591E+000
  0.100000000000000E+001  0.139822310119230E+001  0.256132195360613E+000  0.970440845033347E+000  0.308451437899187E+001  0.212325166236279E-001  0.529668711567471E+000 -0.699111550596152E+000
  0.100000000000000E+001  0.603089001252922E+000  0.256064411289047E+000  0.971807138763224E+000  0.308167869275924E+001  0.158195977308680E-001  0.529668711567471E+000 -0.301544500626461E+000
  0.100000000000000E+001  0.536121045790589E+000  0.255286419020838E+000  0.969559638240180E+000  0.308558096949109E+001  0.108369407297866E-001  0.529668711567471E+000 -0.268060522895294E+000
  0.100000000000000E+001  0.431067323933982E+000  0.255582616841592E+000  0.968879990032432E+000  0.308274490574779E+001  0.307336892108029E-002  0.529668711567471E+000 -0.215533661966991E+000
  0.100000000000000E+001  0.107026455512221E+000  0.255995293030184E+000  0.970819756603719E+000  0.308104335614814E+001  0.996121909148754E-002  0.529668711567471E+000 -0.535132277561108E-001
