  0.249605544467971E+000  0.974754125901804E+000  0.310636977798826E+001 -0.100138807854546E+001 -0.718669635507716E-001 -0.268920711330073E+001  0.000000000000000E+000 -0.356607949295140E+001 -0.356607949295140E+001
  0.253492976498585E+000  0.977614307686044E+000  0.311243797221579E+001 -0.979386127722981E+000  0.151725393241872E+000 -0.268920711330073E+001  0.000000000000000E+000 -0.792929355969619E+001 -0.792929355969619E+001
  0.242539852649110E+000  0.987296964112143E+000  0.314348654294716E+001 -0.106198684393925E+001  0.269634831828145E-001 -0.268920711330073E+001  0.000000000000000E+000 -0.753558055165839E+001 -0.753558055165839E+001
  0.256184865941895E+000  0.981112130973762E+000  0.307880826001283E+001 -0.967047397575125E+000 -0.144586629408661E-002 -0.268920711330073E+001  0.000000000000000E+000 -0.622862696621159E+001 -0.622862696621159E+001
  0.257362821154957E+000  0.979637817840768E+000  0.306678257039467E+001 -0.965610569594042E+000 -0.689275846392952E-001 -0.268920711330073E+001  0.000000000000000E+000 -0.872724353983312E+001 -0.872724353983312E+001
  0.257997648444796E+000  0.979818564298775E+000  0.308094059788985E+001 -0.965565019327292E+000  0.709344219633552E-001 -0.268920711330073E+001  0.000000000000000E+000 -0.802077647583397E+001 -0.802077647583397E+001
  0.253811413181625E+000  0.963334979913604E+000  0.309224904104042E+001 -0.969456422561712E+000 -0.115878591370912E+000 -0.268920711330073E+001  0.000000000000000E+000 -0.734024559441874E+001 -0.734024559441874E+001
  0.256877032863555E+000  0.965152445827709E+000  0.309131185828601E+001 -0.961945242667555E+000  0.249714573217235E-001 -0.268920711330073E+001  0.000000000000000E+000 -0.659409336776884E+001 -0.659409336776884E+001
  0.245988239012733E+000  0.986734269730534E+000  0.317047494784585E+001 -0.106441379257380E+001  0.408318476189824E+000 -0.268920711330073E+001  0.000000000000000E+000 -0.842324865817969E+001 -0.842324865817969E+001
  0.247315720758603E+000  0.982784545570792E+000  0.312232970289690E+001 -0.104340980940038E+001  0.720463194017715E-001 -0.268920711330073E+001  0.000000000000000E+000 -0.601264925864116E+001 -0.601264925864116E+001
  0.246026959604299E+000  0.996193055624302E+000  0.314355119765610E+001 -0.106546011474010E+001  0.280358463793101E+000 -0.268920711330073E+001  0.000000000000000E+000 -0.672896954714381E+001 -0.672896954714381E+001
  0.251215335399573E+000  0.988468979530601E+000  0.311752061063666E+001 -0.101795195641167E+001  0.185961263918001E+000 -0.268920711330073E+001  0.000000000000000E+000 -0.649734056538505E+001 -0.649734056538505E+001
  0.252634619586530E+000  0.980362411849653E+000  0.313021657765231E+001 -0.991337257751569E+000  0.245482926426755E+000 -0.268920711330073E+001  0.000000000000000E+000 -0.718703265462501E+001 -0.718703265462501E+001
  0.243989292529930E+000  0.984866527535926E+000  0.314487503490101E+001 -0.106719183017175E+001  0.132269540250450E+000 -0.268920711330073E+001  0.000000000000000E+000 -0.643169470000534E+001 -0.643169470000534E+001
  0.243990201539497E+000  0.995867986140235E+000  0.313998736556958E+001 -0.107147752052103E+001  0.171991527531126E+000 -0.268920711330073E+001  0.000000000000000E+000 -0.686058149947202E+001 -0.686058149947202E+001
  0.251110906350968E+000  0.975193027595150E+000  0.311800829570943E+001 -0.100271379113574E+001  0.117258235420866E+000 -0.268920711330073E+001  0.000000000000000E+000 -0.332803434035929E+001 -0.332803434035929E+001
  0.266257516351167E+000  0.966022670347019E+000  0.304923297193927E+001 -0.898935873733455E+000 -0.103331652375411E-001 -0.268920711330073E+001  0.000000000000000E+000 -0.967825607166079E+001 -0.967825607166079E+001
  0.256683867045514E+000  0.970988400365279E+000  0.310185628800039E+001 -0.953536927699712E+000  0.120522107181255E+000 -0.268920711330073E+001  0.000000000000000E+000 -0.549083123804327E+001 -0.549083123804327E+001
  0.242560910225727E+000  0.993920890774978E+000  0.318343928060205E+001 -0.110192978740191E+001  0.458340350529172E+000 -0.268920711330073E+001  0.000000000000000E+000 -0.906885241816846E+001 -0.906885241816846E+001
  0.240350332378133E+000  0.985384516472155E+000  0.314819340177270E+001 -0.104706769801167E+001 -0.903540562106637E-001 -0.268920711330073E+001  0.000000000000000E+000 -0.964253161694661E+001 -0.964253161694660E+001
  0.245172860097407E+000  0.993724186896608E+000  0.315060976816865E+001 -0.105251927614992E+001  0.249003822683197E+000 -0.268920711330073E+001  0.000000000000000E+000 -0.628982567485525E+001 -0.628982567485524E+001
  0.250476193565282E+000  0.975555783257057E+000  0.310583480919762E+001 -0.100687232832844E+001 -0.164943433184881E-001 -0.268920711330073E+001  0.000000000000000E+000 -0.337245730808270E+001 -0.337245730808270E+001
  0.250776055801690E+000  0.976527342012813E+000  0.311114189564807E+001 -0.980598144299094E+000  0.136842408300857E-001 -0.268920711330073E+001  0.000000000000000E+000 -0.532147421815271E+001 -0.532147421815271E+001
  0.238030431977937E+000  0.994351156616482E+000  0.318705821555821E+001 -0.111458168486463E+001  0.311698960745638E+000 -0.268920711330073E+001  0.000000000000000E+000 -0.716553785150406E+001 -0.716553785150406E+001
  0.242912660108801E+000  0.996040416098755E+000  0.317675183116658E+001 -0.108998757434428E+001  0.405658004781537E+000 -0.268920711330073E+001  0.000000000000000E+000 -0.760550239181404E+001 -0.760550239181404E+001
  0.244637304573182E+000  0.990364691948064E+000  0.313268864250937E+001 -0.105260721914439E+001  0.770992563701989E-001 -0.268920711330073E+001  0.000000000000000E+000 -0.437845620864431E+001 -0.437845620864431E+001
