  0.901995530890595E-277  0.130737669549186E+004  0.275888816091114E+000  0.101859574309393E+001  0.287785175794124E+001 -0.690870048354488E+000 -0.218206543030316E+001 -0.268920711330073E+001  0.000000000000000E+000 -0.652732836300902E+003
  0.208515047299370E-272  0.128728004127681E+004  0.313110132826510E+000  0.985171176917494E+000  0.272492698019908E+001 -0.483258151338525E+000 -0.150066987334113E+001 -0.268920711330073E+001  0.000000000000000E+000 -0.642684509193379E+003
  0.747192353218707E-272  0.128456733297144E+004  0.259734253298210E+000  0.102920222286260E+001  0.296147451715624E+001 -0.775904855570933E+000 -0.213027000426834E+001 -0.268920711330073E+001  0.000000000000000E+000 -0.641328155040695E+003
  0.427936990957914E-269  0.127186651578466E+004  0.296182197927524E+000  0.978698064771931E+000  0.282372632927554E+001 -0.532662993115502E+000 -0.174303338245218E+001 -0.268920711330073E+001  0.000000000000000E+000 -0.634977746447304E+003
  0.864590198058671E-245  0.115960176381593E+004  0.310593897474847E+000  0.965747558317326E+000  0.271639805923294E+001 -0.411438180625845E+000 -0.245020531895436E+001 -0.268920711330073E+001  0.000000000000000E+000 -0.578845370462937E+003
  0.255685321152838E-243  0.115282803976610E+004  0.337730798119277E+000  0.909230788283877E+000  0.263750461325596E+001 -0.243380886219095E+000 -0.258529522542913E+001 -0.268920711330073E+001  0.000000000000000E+000 -0.575458508438022E+003
  0.967630494482392E-230  0.108981669759523E+004  0.263177997611965E+000  0.878427655506805E+000  0.304686424514027E+001 -0.632734780126301E+000 -0.109923133893813E+001 -0.268920711330073E+001  0.000000000000000E+000 -0.543952837352585E+003
  0.921947301878755E-211  0.100241518851789E+004  0.274289146381049E+000  0.996407519078798E+000  0.290366184490346E+001 -0.636236826745618E+000 -0.133888316768613E+001 -0.268920711330073E+001  0.000000000000000E+000 -0.500252082813916E+003
  0.855757061914821E-171  0.818197298734861E+003  0.309414850398262E+000  0.969769611723718E+000  0.280296013207032E+001 -0.650966653975896E+000 -0.824993007199822E+000 -0.268920711330073E+001  0.000000000000000E+000 -0.408143137922403E+003
  0.164431482273370E-169  0.812285943497655E+003  0.268147865077645E+000  0.946601592701557E+000  0.298393750820875E+001 -0.612323808889173E+000 -0.114354318000837E+001 -0.268920711330073E+001  0.000000000000000E+000 -0.405187460303800E+003
  0.226802110695150E-147  0.710329031574068E+003  0.250643936756849E+000  0.954545074317693E+000  0.305193672335790E+001 -0.764198336313193E+000 -0.115652664264547E+001 -0.268920711330073E+001  0.000000000000000E+000 -0.354209004342006E+003
  0.291966902473391E-147  0.709633286074612E+003  0.284640820572255E+000  0.946605236511083E+000  0.290799503275329E+001 -0.675428416746271E+000 -0.140546940322736E+001 -0.268920711330073E+001  0.000000000000000E+000 -0.353861131592278E+003
  0.330834785913810E-144  0.695567818183837E+003  0.227202418568351E+000  0.927261135504539E+000  0.321206256112719E+001 -0.960395586993653E+000 -0.133413803599054E+001 -0.268920711330073E+001  0.000000000000000E+000 -0.346828397646891E+003
  0.170192277273883E-133  0.645838985294773E+003  0.301458144154111E+000  0.855514649344733E+000  0.286176177540416E+001 -0.467546571210555E+000 -0.150875570285651E+001 -0.268920711330073E+001  0.000000000000000E+000 -0.321963981202359E+003
  0.413978877540544E-131  0.634660252340389E+003  0.252691631656923E+000  0.936642821130221E+000  0.303802962836911E+001 -0.889754253068797E+000 -0.157621452283823E+001 -0.268920711330073E+001  0.000000000000000E+000 -0.316374614725167E+003
  0.471166027303338E-119  0.578948798590133E+003  0.250756948297380E+000  0.101628549319452E+001  0.299986494186215E+001 -0.790561313048597E+000 -0.208714286260155E+001 -0.268920711330073E+001  0.000000000000000E+000 -0.288518887850039E+003
  0.105367168228553E-117  0.572733977099729E+003  0.315949867539601E+000  0.959306739085346E+000  0.277837344462952E+001 -0.596979727243452E+000 -0.837234907419914E+000 -0.268920711330073E+001  0.000000000000000E+000 -0.285411477104837E+003
  0.267436632797539E-114  0.557055603420092E+003  0.293729934943130E+000  0.919922967772360E+000  0.287576402521589E+001 -0.536104141315799E+000 -0.167003945216531E+001 -0.268920711330073E+001  0.000000000000000E+000 -0.277572290265018E+003
  0.477970536549514E-110  0.537027302693434E+003  0.284894367233194E+000  0.940725019290604E+000  0.287988770371348E+001 -0.675504451624735E+000 -0.201680035011457E+001 -0.268920711330073E+001  0.000000000000000E+000 -0.267558139901690E+003
  0.973817704238630E-102  0.498762591140372E+003  0.320017248952211E+000  0.933602230866902E+000  0.277704746349465E+001 -0.589967095321846E+000 -0.805079193226991E+000 -0.268920711330073E+001  0.000000000000000E+000 -0.248425784125158E+003
  0.413161799781174E-101  0.495872190636159E+003  0.284739399521521E+000  0.947025425136400E+000  0.291322765651792E+001 -0.601921746530607E+000 -0.917511395062837E+000 -0.268920711330073E+001  0.000000000000000E+000 -0.246980583873052E+003
  0.106141533124822E-093  0.461481898086216E+003  0.276324206609786E+000  0.904371665762381E+000  0.297611254334868E+001 -0.781544642954949E+000 -0.101105379075559E+001 -0.268920711330073E+001  0.000000000000000E+000 -0.229785437598081E+003
  0.362867396616662E-086  0.426787178689718E+003  0.269644401526167E+000  0.914501455411197E+000  0.297119819778707E+001 -0.722005086930904E+000 -0.199553811843011E+001 -0.268920711330073E+001  0.000000000000000E+000 -0.212438077899832E+003
  0.819113881918218E-075  0.374193633973800E+003  0.303433423515834E+000  0.850599627621543E+000  0.288867734871725E+001 -0.511505036833311E+000 -0.120217428986875E+001 -0.268920711330073E+001  0.000000000000000E+000 -0.186141305541873E+003
  0.530309054721905E-073  0.365852819932693E+003  0.264634069421468E+000  0.972727007083639E+000  0.295567137933802E+001 -0.720944748917173E+000 -0.158946263004520E+001 -0.268920711330073E+001  0.000000000000000E+000 -0.181970898521319E+003
  0.149329062307292E-068  0.344996941121157E+003  0.233537268789019E+000  0.991490834967899E+000  0.313914497622406E+001 -0.109707161394384E+001 -0.771506623898509E+000 -0.268920711330073E+001  0.000000000000000E+000 -0.171542959115551E+003
  0.684310911524994E-046  0.239173941200707E+003  0.290657983117472E+000  0.906405096711921E+000  0.287471981814383E+001 -0.467674037955839E+000 -0.210239793821182E+001 -0.268920711330073E+001  0.000000000000000E+000 -0.119586970600354E+003
  0.239887094889747E-041  0.218244578248102E+003  0.305919240560948E+000  0.875693975837877E+000  0.283553426761550E+001 -0.418431292835296E+000 -0.165575323728603E+001 -0.268920711330073E+001  0.000000000000000E+000 -0.109122289124051E+003
  0.255656288242565E-030  0.167460375115017E+003  0.292763623064830E+000  0.883137532963437E+000  0.287335916732944E+001 -0.509511337657635E+000 -0.207855816036268E+001 -0.268920711330073E+001  0.000000000000000E+000 -0.837301875575087E+002
