  0.205757266347940E-279  0.130643668823337E+004  0.275888816091114E+000  0.101859574309393E+001  0.287785175794124E+001 -0.690870048354488E+000 -0.218206543030316E+001 -0.268920711330073E+001  0.000000000000000E+000 -0.652732836300902E+003
  0.475650761621497E-275  0.128634003401832E+004  0.313110132826510E+000  0.985171176917494E+000  0.272492698019908E+001 -0.483258151338525E+000 -0.150066987334113E+001 -0.268920711330073E+001  0.000000000000000E+000 -0.642684509193379E+003
  0.170444587328020E-274  0.128362732571295E+004  0.259734253298210E+000  0.102920222286260E+001  0.296147451715624E+001 -0.775904855570933E+000 -0.213027000426834E+001 -0.268920711330073E+001  0.000000000000000E+000 -0.641328155040695E+003
  0.976181615242876E-272  0.127092650852617E+004  0.296182197927524E+000  0.978698064771931E+000  0.282372632927554E+001 -0.532662993115502E+000 -0.174303338245218E+001 -0.268920711330073E+001  0.000000000000000E+000 -0.634977746447304E+003
  0.197224608738504E-247  0.115866175655744E+004  0.310593897474847E+000  0.965747558317326E+000  0.271639805923294E+001 -0.411438180625845E+000 -0.245020531895436E+001 -0.268920711330073E+001  0.000000000000000E+000 -0.578845370462937E+003
  0.583252476581108E-246  0.115188803250761E+004  0.337730798119277E+000  0.909230788283877E+000  0.263750461325596E+001 -0.243380886219095E+000 -0.258529522542913E+001 -0.268920711330073E+001  0.000000000000000E+000 -0.575458508438022E+003
  0.220729480979825E-232  0.108887669033673E+004  0.263177997611965E+000  0.878427655506805E+000  0.304686424514027E+001 -0.632734780126301E+000 -0.109923133893813E+001 -0.268920711330073E+001  0.000000000000000E+000 -0.543952837352585E+003
  0.210308532642222E-213  0.100147518125939E+004  0.274289146381049E+000  0.996407519078798E+000  0.290366184490346E+001 -0.636236826745618E+000 -0.133888316768613E+001 -0.268920711330073E+001  0.000000000000000E+000 -0.500252082813916E+003
  0.195209652029746E-173  0.817257291476369E+003  0.309414850398262E+000  0.969769611723718E+000  0.280296013207032E+001 -0.650966653975896E+000 -0.824993007199822E+000 -0.268920711330073E+001  0.000000000000000E+000 -0.408143137922403E+003
  0.375090243082502E-172  0.811345936239163E+003  0.268147865077645E+000  0.946601592701557E+000  0.298393750820875E+001 -0.612323808889173E+000 -0.114354318000837E+001 -0.268920711330073E+001  0.000000000000000E+000 -0.405187460303800E+003
  0.517366003493395E-150  0.709389024315576E+003  0.250643936756849E+000  0.954545074317693E+000  0.305193672335790E+001 -0.764198336313193E+000 -0.115652664264547E+001 -0.268920711330073E+001  0.000000000000000E+000 -0.354209004342006E+003
  0.666015624907648E-150  0.708693278816120E+003  0.284640820572255E+000  0.946605236511083E+000  0.290799503275329E+001 -0.675428416746271E+000 -0.140546940322736E+001 -0.268920711330073E+001  0.000000000000000E+000 -0.353861131592278E+003
  0.754678474905750E-147  0.694627810925346E+003  0.227202418568351E+000  0.927261135504539E+000  0.321206256112719E+001 -0.960395586993653E+000 -0.133413803599054E+001 -0.268920711330073E+001  0.000000000000000E+000 -0.346828397646891E+003
  0.388231388362082E-136  0.644898978036281E+003  0.301458144154111E+000  0.855514649344733E+000  0.286176177540416E+001 -0.467546571210555E+000 -0.150875570285651E+001 -0.268920711330073E+001  0.000000000000000E+000 -0.321963981202359E+003
  0.944341288303650E-134  0.633720245081897E+003  0.252691631656923E+000  0.936642821130221E+000  0.303802962836911E+001 -0.889754253068797E+000 -0.157621452283823E+001 -0.268920711330073E+001  0.000000000000000E+000 -0.316374614725167E+003
  0.107479283936400E-121  0.578008791331641E+003  0.250756948297380E+000  0.101628549319452E+001  0.299986494186215E+001 -0.790561313048597E+000 -0.208714286260155E+001 -0.268920711330073E+001  0.000000000000000E+000 -0.288518887850039E+003
  0.240356628775363E-120  0.571793969841237E+003  0.315949867539601E+000  0.959306739085346E+000  0.277837344462952E+001 -0.596979727243452E+000 -0.837234907419914E+000 -0.268920711330073E+001  0.000000000000000E+000 -0.285411477104837E+003
  0.610058792989672E-117  0.556115596161600E+003  0.293729934943130E+000  0.919922967772360E+000  0.287576402521589E+001 -0.536104141315799E+000 -0.167003945216531E+001 -0.268920711330073E+001  0.000000000000000E+000 -0.277572290265018E+003
  0.109031483668424E-112  0.536087295434943E+003  0.284894367233194E+000  0.940725019290604E+000  0.287988770371348E+001 -0.675504451624735E+000 -0.201680035011457E+001 -0.268920711330073E+001  0.000000000000000E+000 -0.267558139901690E+003
  0.222140866427060E-104  0.497822583881880E+003  0.320017248952211E+000  0.933602230866902E+000  0.277704746349465E+001 -0.589967095321846E+000 -0.805079193226991E+000 -0.268920711330073E+001  0.000000000000000E+000 -0.248425784125158E+003
  0.942477424455033E-104  0.494932183377668E+003  0.284739399521521E+000  0.947025425136400E+000  0.291322765651792E+001 -0.601921746530607E+000 -0.917511395062837E+000 -0.268920711330073E+001  0.000000000000000E+000 -0.246980583873052E+003
  0.242123058860169E-096  0.460541890827725E+003  0.276324206609786E+000  0.904371665762381E+000  0.297611254334868E+001 -0.781544642954949E+000 -0.101105379075559E+001 -0.268920711330073E+001  0.000000000000000E+000 -0.229785437598081E+003
  0.827749151937832E-089  0.425847171431227E+003  0.269644401526167E+000  0.914501455411197E+000  0.297119819778707E+001 -0.722005086930904E+000 -0.199553811843011E+001 -0.268920711330073E+001  0.000000000000000E+000 -0.212438077899832E+003
  0.186850851694064E-077  0.373253626715309E+003  0.303433423515834E+000  0.850599627621543E+000  0.288867734871725E+001 -0.511505036833311E+000 -0.120217428986875E+001 -0.268920711330073E+001  0.000000000000000E+000 -0.186141305541873E+003
  0.120970600942343E-075  0.364912812674201E+003  0.264634069421468E+000  0.972727007083639E+000  0.295567137933802E+001 -0.720944748917173E+000 -0.158946263004520E+001 -0.268920711330073E+001  0.000000000000000E+000 -0.181970898521319E+003
  0.340639599581080E-071  0.344056933862665E+003  0.233537268789019E+000  0.991490834967899E+000  0.313914497622406E+001 -0.109707161394384E+001 -0.771506623898509E+000 -0.268920711330073E+001  0.000000000000000E+000 -0.171542959115551E+003
  0.151840042382093E-059  0.288766926349341E+003  0.247239963521931E+000  0.976035403199438E+000  0.306815788583833E+001 -0.996953580031656E+000 -0.103794683002464E+001 -0.268920711330073E+001  0.000000000000000E+000 -0.144383463174671E+003
  0.270566623429113E-053  0.259980523730792E+003  0.260792755618512E+000  0.954528556246443E+000  0.301238030020161E+001 -0.724415096966276E+000 -0.123181836814135E+001 -0.268920711330073E+001  0.000000000000000E+000 -0.129990261865396E+003
  0.788527355492639E-047  0.229537260674452E+003  0.243075525355675E+000  0.945224642035715E+000  0.309746915629268E+001 -0.898935467940423E+000 -0.141986122856998E+001 -0.268920711330073E+001  0.000000000000000E+000 -0.114768630337226E+003
  0.170327947104180E-046  0.227688671967893E+003  0.251363299046499E+000  0.967763474059948E+000  0.305413140731942E+001 -0.804251608590457E+000 -0.126704632858521E+001 -0.268920711330073E+001  0.000000000000000E+000 -0.113844335983947E+003
  0.126396858174515E-037  0.186263374257394E+003  0.250621790937399E+000  0.952585763436339E+000  0.305532137668745E+001 -0.898105861196986E+000 -0.133196325475979E+001 -0.268920711330073E+001  0.000000000000000E+000 -0.931316871286969E+002
  0.438522584259541E-037  0.183508342094667E+003  0.240217739227939E+000  0.950960746544569E+000  0.312696339371593E+001 -0.928083508115523E+000 -0.916390740066299E+000 -0.268920711330073E+001  0.000000000000000E+000 -0.917541710473334E+002
  0.542286678379879E-037  0.183083575145509E+003  0.240075898850763E+000  0.963486143414478E+000  0.311802250873777E+001 -0.894836001390486E+000 -0.106475788408412E+001 -0.268920711330073E+001  0.000000000000000E+000 -0.915417875727547E+002
  0.308489915726839E-029  0.146795060780256E+003  0.265740917291265E+000  0.968072517852086E+000  0.297623684772522E+001 -0.803069472761174E+000 -0.123555800031199E+001 -0.268920711330073E+001  0.000000000000000E+000 -0.733975303901282E+002
  0.494185514477725E-027  0.135928926865718E+003  0.251879255361044E+000  0.976775039826080E+000  0.304404640785252E+001 -0.906048213399625E+000 -0.117918946961782E+001 -0.268920711330073E+001  0.000000000000000E+000 -0.679644634328588E+002
  0.185630069203432E-026  0.133071345976510E+003  0.250147601406372E+000  0.966792812041651E+000  0.305468103002577E+001 -0.903756638470305E+000 -0.102831560545889E+001 -0.268920711330073E+001  0.000000000000000E+000 -0.665356729882550E+002
  0.785713554463420E-025  0.125580502843606E+003  0.248586893019728E+000  0.958340920879379E+000  0.307277283995275E+001 -0.864208946361509E+000 -0.101197026375420E+001 -0.268920711330073E+001  0.000000000000000E+000 -0.627902514218031E+002
  0.381473816483100E-024  0.122420432809987E+003  0.250207394212842E+000  0.944204612398911E+000  0.306524471438505E+001 -0.864440424074163E+000 -0.126751706612965E+001 -0.268920711330073E+001  0.000000000000000E+000 -0.612102164049937E+002
  0.760333090856232E-024  0.120773941225918E+003  0.249655992932155E+000  0.953911541606680E+000  0.306778012826585E+001 -0.908390220072544E+000 -0.115008002635032E+001 -0.268920711330073E+001  0.000000000000000E+000 -0.603869706129592E+002
  0.152082532428352E-022  0.114515204598127E+003  0.263639764402039E+000  0.947671489382087E+000  0.297822596846115E+001 -0.726584751375824E+000 -0.186106201835269E+001 -0.268920711330073E+001  0.000000000000000E+000 -0.572576022990637E+002
  0.253268712240869E-020  0.104284808868505E+003  0.246478021271384E+000  0.975474390342819E+000  0.307547203505562E+001 -0.956719630727532E+000 -0.982658251586689E+000 -0.268920711330073E+001  0.000000000000000E+000 -0.521424044342525E+002
  0.760122418379276E-020  0.102086751931884E+003  0.258222650421989E+000  0.943817629213857E+000  0.303043568639175E+001 -0.778639174197611E+000 -0.120816797923630E+001 -0.268920711330073E+001  0.000000000000000E+000 -0.510433759659420E+002
  0.218954337392459E-012  0.665590497023845E+002  0.270487514255349E+000  0.933410137348445E+000  0.296125447511899E+001 -0.699447673582818E+000 -0.155183268032939E+001 -0.268920711330073E+001  0.000000000000000E+000 -0.332795248511922E+002
  0.318495674256098E-012  0.653632712191812E+002  0.274789541538979E+000  0.921409105584545E+000  0.295463470719133E+001 -0.681997559241595E+000 -0.138797187752534E+001 -0.268920711330073E+001  0.000000000000000E+000 -0.326816356095906E+002
  0.446291479632003E-012  0.646885444451333E+002  0.267793818750065E+000  0.940517173259132E+000  0.297510235063775E+001 -0.733753947947849E+000 -0.143224549317407E+001 -0.268920711330073E+001  0.000000000000000E+000 -0.323442722225666E+002
  0.656647898713126E-012  0.636806270304502E+002  0.266776741304421E+000  0.931236098636750E+000  0.298818978743498E+001 -0.734879558905015E+000 -0.131152354016546E+001 -0.268920711330073E+001  0.000000000000000E+000 -0.318403135152251E+002
  0.921406392988293E-012  0.630031205528419E+002  0.249065118866673E+000  0.959640612372998E+000  0.307413523842035E+001 -0.888112478248658E+000 -0.993132954390578E+000 -0.268920711330073E+001  0.000000000000000E+000 -0.315015602764210E+002
  0.104629478715605E-011  0.627489020780712E+002  0.280680137508972E+000  0.918898553523192E+000  0.292509420698845E+001 -0.630691127925328E+000 -0.144694455407438E+001 -0.268920711330073E+001  0.000000000000000E+000 -0.313744510390356E+002
  0.128086543501296E-009  0.528256987037494E+002  0.276764479832158E+000  0.924075935264855E+000  0.294264172392314E+001 -0.671623178441638E+000 -0.137207496984676E+001 -0.268920711330073E+001  0.000000000000000E+000 -0.264128493518747E+002
  0.131814823320308E-009  0.527683148487987E+002  0.260708112834209E+000  0.940835193604276E+000  0.302373789648759E+001 -0.812855076842993E+000 -0.966479562485596E+000 -0.268920711330073E+001  0.000000000000000E+000 -0.263841574243993E+002
  0.221415547559654E-009  0.517310285335513E+002  0.271497671799712E+000  0.951951803718008E+000  0.296503285259473E+001 -0.769495537100754E+000 -0.101097414064181E+001 -0.268920711330073E+001  0.000000000000000E+000 -0.258655142667757E+002
  0.126643935961371E-008  0.474322516246338E+002  0.278813451313412E+000  0.936102784475609E+000  0.293452974866308E+001 -0.707361262325352E+000 -0.115791792373140E+001 -0.268920711330073E+001  0.000000000000000E+000 -0.237161258123169E+002
  0.158655774537971E-008  0.469815367839841E+002  0.263999619868395E+000  0.944466036310331E+000  0.300052139230470E+001 -0.807585641194183E+000 -0.108848622105563E+001 -0.268920711330073E+001  0.000000000000000E+000 -0.234907683919921E+002
  0.595066356303513E-008  0.432184331937342E+002  0.272418793837933E+000  0.935610138276341E+000  0.296363706691632E+001 -0.751586607937301E+000 -0.110049743766223E+001 -0.268920711330073E+001  0.000000000000000E+000 -0.216092165968671E+002
  0.175488992760405E-007  0.410554562095491E+002  0.283679766171829E+000  0.931678713774371E+000  0.291959707498674E+001 -0.691870260976197E+000 -0.104390029541882E+001 -0.268920711330073E+001  0.000000000000000E+000 -0.205277281047746E+002
  0.127954416337985E-006  0.370820905105441E+002  0.270090417145378E+000  0.935704604433233E+000  0.297900380001063E+001 -0.744919593682109E+000 -0.105350092025308E+001 -0.268920711330073E+001  0.000000000000000E+000 -0.185410452552721E+002
  0.245190984376939E-006  0.357813637969318E+002  0.268608728733203E+000  0.946347830249499E+000  0.297910536613137E+001 -0.773148019431068E+000 -0.106567162192841E+001 -0.268920711330073E+001  0.000000000000000E+000 -0.178906818984659E+002
  0.207141467146317E-005  0.304918132812737E+002  0.261991612416457E+000  0.955156205295090E+000  0.301787333665210E+001 -0.824870719803283E+000 -0.788213140149799E+000 -0.268920711330073E+001  0.000000000000000E+000 -0.152459066406369E+002
  0.265003674049617E-005  0.295528427502061E+002  0.267220728120132E+000  0.960025509669245E+000  0.299582087957651E+001 -0.831888076264269E+000 -0.670380758978597E+000 -0.268920711330073E+001  0.000000000000000E+000 -0.147764213751030E+002
  0.110992946455148E-004  0.266882266369863E+002  0.268778684111745E+000  0.950242911491731E+000  0.298763174687303E+001 -0.807954177566018E+000 -0.742391427830906E+000 -0.268920711330073E+001  0.000000000000000E+000 -0.133441133184932E+002
  0.124097991510370E-004  0.258896527845019E+002  0.264545074210569E+000  0.953664538033805E+000  0.300310069235671E+001 -0.830930022565798E+000 -0.830583462295971E+000 -0.268920711330073E+001  0.000000000000000E+000 -0.129448263922509E+002
  0.354809923433809E-004  0.227669801139666E+002  0.262923543064589E+000  0.962621706141775E+000  0.301455287376757E+001 -0.850212094331217E+000 -0.655310113351958E+000 -0.268920711330073E+001  0.000000000000000E+000 -0.113834900569833E+002
  0.428145373748411E-004  0.223912189598357E+002  0.258355080401538E+000  0.961711763262253E+000  0.303406749325761E+001 -0.877902930700152E+000 -0.717529612894435E+000 -0.268920711330073E+001  0.000000000000000E+000 -0.111956094799178E+002
  0.848539584268374E-004  0.210231110809575E+002  0.269844583262570E+000  0.950262560575284E+000  0.298600195811411E+001 -0.807074595037153E+000 -0.734936204988847E+000 -0.268920711330073E+001  0.000000000000000E+000 -0.105115555404787E+002
  0.224735432810442E-002  0.144699564679235E+002  0.268552009816721E+000  0.952539855189548E+000  0.299661053652660E+001 -0.826009153481949E+000 -0.620206171447378E+000 -0.268920711330073E+001  0.000000000000000E+000 -0.723497823396173E+001
