  0.118897114072010E-296  0.139537456492687E+004  0.304191222709565E+000  0.102690569067073E+001  0.328421277465011E+001 -0.836597493683848E+000  0.712276264109065E+000 -0.268920711330073E+001  0.000000000000000E+000 -0.697429597664688E+003
  0.133024166531189E-235  0.111356169454146E+004  0.293406494725941E+000  0.103219900348906E+001  0.332149534278500E+001 -0.873703449874374E+000  0.753854542128062E+000 -0.268920711330073E+001  0.000000000000000E+000 -0.556523162471982E+003
  0.234047630420779E-234  0.110767832075417E+004  0.297187975835935E+000  0.102888164719273E+001  0.331314083325360E+001 -0.840013977626024E+000  0.709949724897080E+000 -0.268920711330073E+001  0.000000000000000E+000 -0.553581475578341E+003
  0.276136792832708E-201  0.955228745220880E+003  0.230742510285288E+000  0.978819485314294E+000  0.324366774979749E+001 -0.135913717747741E+001  0.754007754754705E+000 -0.268920711330073E+001  0.000000000000000E+000 -0.477356687811694E+003
  0.589585712387843E-198  0.939896187185475E+003  0.236046809188240E+000  0.102097009339526E+001  0.332345876341250E+001 -0.100015113723772E+001  0.604701790612328E+000 -0.268920711330073E+001  0.000000000000000E+000 -0.469690408793992E+003
  0.194325263209967E-176  0.840642131154914E+003  0.227480883299519E+000  0.103739677817594E+001  0.322574406410903E+001 -0.123993778221081E+001  0.288981025157595E+000 -0.268920711330073E+001  0.000000000000000E+000 -0.420063380778712E+003
  0.109419032503951E-141  0.679798941475200E+003  0.210354552283733E+000  0.985656273544267E+000  0.338229517693649E+001 -0.142820638624166E+001  0.931213096831469E+000 -0.268920711330073E+001  0.000000000000000E+000 -0.339641785938854E+003
  0.141252749572379E-141  0.679288209496640E+003  0.212098895150784E+000  0.992293296302616E+000  0.338049466042438E+001 -0.142347530316283E+001  0.955020995921703E+000 -0.268920711330073E+001  0.000000000000000E+000 -0.339386419949574E+003
  0.346768791420727E-137  0.659071313922918E+003  0.210276247645754E+000  0.986173711787805E+000  0.338435368818446E+001 -0.142291521004245E+001  0.916358098058105E+000 -0.268920711330073E+001  0.000000000000000E+000 -0.329277972162714E+003
  0.986073676366453E-133  0.638431410489548E+003  0.238940215414775E+000  0.102959116214980E+001  0.313134970949277E+001 -0.124389596093747E+001  0.126889405064842E+000 -0.268920711330073E+001  0.000000000000000E+000 -0.318958020446028E+003
  0.398061594979236E-130  0.626430148571039E+003  0.231098275439447E+000  0.103097312894552E+001  0.315320657844089E+001 -0.126564459391677E+001 -0.191102955457291E+000 -0.268920711330073E+001  0.000000000000000E+000 -0.312957389486774E+003
  0.160429871504162E-124  0.600349564360158E+003  0.235498307860662E+000  0.102494889126780E+001  0.315626699992100E+001 -0.128577522266284E+001  0.262572408592556E+000 -0.268920711330073E+001  0.000000000000000E+000 -0.299917097381333E+003
  0.243139674979926E-121  0.585452169190387E+003  0.253831607542425E+000  0.961400795492732E+000  0.313115207143880E+001 -0.982621626974467E+000  0.314474243198894E+000 -0.268920711330073E+001  0.000000000000000E+000 -0.292468399796448E+003
  0.374219778715455E-121  0.584468505554598E+003  0.236416421645620E+000  0.102722504835093E+001  0.314916845969731E+001 -0.125527556951818E+001  0.151245857449567E+000 -0.268920711330073E+001  0.000000000000000E+000 -0.291976567978553E+003
  0.148657633870569E-117  0.567658653470644E+003  0.251226033480442E+000  0.981259873948851E+000  0.334003619328117E+001 -0.102868874396395E+001  0.791976065734539E+000 -0.268920711330073E+001  0.000000000000000E+000 -0.283571641936577E+003
  0.511425592959735E-117  0.565187541063219E+003  0.294207669392309E+000  0.944264310228403E+000  0.292640055659290E+001 -0.839691759618221E+000 -0.812406714440885E-001 -0.268920711330073E+001  0.000000000000000E+000 -0.282336085732864E+003
  0.778718110852109E-114  0.550295570406710E+003  0.286249993508736E+000  0.929435535825860E+000  0.294968672213315E+001 -0.863115704036311E+000 -0.129893505552486E+000 -0.268920711330073E+001  0.000000000000000E+000 -0.274890100404609E+003
  0.859628309409769E-114  0.550097868452019E+003  0.319544354396347E+000  0.936847866112424E+000  0.292441027061946E+001 -0.619235243934302E+000  0.131297834562387E-001 -0.268920711330073E+001  0.000000000000000E+000 -0.274791249427264E+003
  0.471672239164026E-112  0.542087959603324E+003  0.275320573405124E+000  0.911982503710970E+000  0.304433476782824E+001 -0.848585942648157E+000 -0.109009308871222E+000 -0.268920711330073E+001  0.000000000000000E+000 -0.270786295002916E+003
  0.960427405266523E-112  0.540665771476561E+003  0.230985247073189E+000  0.103495636435727E+001  0.316842389464024E+001 -0.130135037809034E+001  0.191033307372100E+000 -0.268920711330073E+001  0.000000000000000E+000 -0.270075200939535E+003
  0.177670879773511E-110  0.534563259420215E+003  0.302711212550395E+000  0.906881052331914E+000  0.292802391193420E+001 -0.708427227591591E+000 -0.131293628234929E+000 -0.268920711330073E+001  0.000000000000000E+000 -0.267023944911362E+003
  0.342222666568506E-104  0.505621180807723E+003  0.316199290691739E+000  0.942758316683645E+000  0.293534582301574E+001 -0.639000848110682E+000  0.427335746047763E-001 -0.268920711330073E+001  0.000000000000000E+000 -0.252552905605116E+003
  0.366064896858773E-099  0.482193569023614E+003  0.293540879993239E+000  0.910915750705340E+000  0.303242829364290E+001 -0.774863740009613E+000  0.201370898081949E+000 -0.268920711330073E+001  0.000000000000000E+000 -0.240839099713061E+003
  0.188617745572738E-098  0.478914575186982E+003  0.291979879919149E+000  0.933258122807814E+000  0.298669863221094E+001 -0.836974140101688E+000  0.185374117872126E+000 -0.268920711330073E+001  0.000000000000000E+000 -0.239199602794745E+003
  0.163468125643325E-084  0.414117638155423E+003  0.272590165853351E+000  0.905674563805095E+000  0.311993375260307E+001 -0.790036267386099E+000  0.129862950835134E+000 -0.268920711330073E+001  0.000000000000000E+000 -0.206801134278966E+003
  0.136812802802667E-076  0.377524151090158E+003  0.240208866784098E+000  0.994854381563042E+000  0.340563015236282E+001 -0.110349286806261E+001  0.932485254787426E+000 -0.268920711330073E+001  0.000000000000000E+000 -0.188504390746334E+003
  0.444101976998501E-074  0.365850795024768E+003  0.229436191396766E+000  0.962638910058668E+000  0.326320127133275E+001 -0.117848288476526E+001  0.423464659899303E+000 -0.268920711330073E+001  0.000000000000000E+000 -0.182667712713639E+003
  0.699505053673026E-074  0.364834022972652E+003  0.293640498077083E+000  0.906745575896867E+000  0.297621219851290E+001 -0.699196201600129E+000 -0.250137392176467E+000 -0.268920711330073E+001  0.000000000000000E+000 -0.182159326687580E+003
  0.172546958114283E-073  0.362920125540912E+003  0.313371532381708E+000  0.919514801905620E+000  0.292196176800228E+001 -0.637284008141185E+000 -0.903259850545668E-001 -0.268920711330073E+001  0.000000000000000E+000 -0.181202377971710E+003
  0.855447590870646E-073  0.359610080279021E+003  0.291963630422557E+000  0.931367172437734E+000  0.296528268396257E+001 -0.817761964829456E+000  0.237739234316852E-001 -0.268920711330073E+001  0.000000000000000E+000 -0.179547355340765E+003
  0.952607294320353E-069  0.340866109261410E+003  0.254660444938652E+000  0.981717115246455E+000  0.323853221220698E+001 -0.108304930273210E+001  0.813440432836783E+000 -0.268920711330073E+001  0.000000000000000E+000 -0.170175369831959E+003
  0.533142677265321E-068  0.337313631973065E+003  0.285331156926220E+000  0.948242037118059E+000  0.308762327604472E+001 -0.683146755711871E+000  0.116893720819560E+000 -0.268920711330073E+001  0.000000000000000E+000 -0.168399131187787E+003
  0.103940363495190E-067  0.335978405324643E+003  0.286023733964264E+000  0.923312583480710E+000  0.303482831771560E+001 -0.830030587121696E+000  0.198084607595701E+000 -0.268920711330073E+001  0.000000000000000E+000 -0.167731517863576E+003
  0.274336587441922E-066  0.329432158204497E+003  0.263113085718247E+000  0.937765116515370E+000  0.309358445622464E+001 -0.971324362203398E+000  0.250668679248408E+000 -0.268920711330073E+001  0.000000000000000E+000 -0.164458394303503E+003
  0.443081157300323E-066  0.328473363846951E+003  0.275530836991116E+000  0.971218274372695E+000  0.303954934753688E+001 -0.935783326125978E+000  0.277686969186826E+000 -0.268920711330073E+001  0.000000000000000E+000 -0.163978997124730E+003
  0.674871847511321E-064  0.318421483745536E+003  0.214524868901443E+000  0.994221825185682E+000  0.335211335230931E+001 -0.133160189381014E+001  0.747316711570542E+000 -0.268920711330073E+001  0.000000000000000E+000 -0.158953057074023E+003
  0.249403038999209E-060  0.301724645414126E+003  0.282569169595165E+000  0.964174581854880E+000  0.306818925152096E+001 -0.761114418886136E+000  0.169074385678683E+000 -0.268920711330073E+001  0.000000000000000E+000 -0.150604637908318E+003
  0.574836284802086E-060  0.300054615294607E+003  0.223118154882880E+000  0.987416673662460E+000  0.330392188386128E+001 -0.117889157326586E+001  0.493985950498545E+000 -0.268920711330073E+001  0.000000000000000E+000 -0.149769622848558E+003
  0.327807896788583E-059  0.296572760152397E+003  0.254077306706395E+000  0.965351707111092E+000  0.315940466164208E+001 -0.105985357707176E+001  0.553236565462112E+000 -0.268920711330073E+001  0.000000000000000E+000 -0.148028695277453E+003
  0.100806795846972E-057  0.289572647803718E+003  0.281223263824922E+000  0.935126101873947E+000  0.306502173454005E+001 -0.864030139942066E+000  0.296353966714553E+000 -0.268920711330073E+001  0.000000000000000E+000 -0.144528639103113E+003
  0.273850254867916E-053  0.268737936991345E+003  0.245956808138209E+000  0.948470300235988E+000  0.316544775574154E+001 -0.108532394637464E+001  0.284565635432274E+000 -0.268920711330073E+001  0.000000000000000E+000 -0.134111283696927E+003
  0.194929217205621E-051  0.260078409452964E+003  0.291523963310940E+000  0.922008209634487E+000  0.299228522810215E+001 -0.605680975000498E+000 -0.304191804742968E+000 -0.268920711330073E+001  0.000000000000000E+000 -0.129781519927737E+003
  0.363008448011362E-049  0.249374163589531E+003  0.251126137899928E+000  0.960018095246461E+000  0.311162425202344E+001 -0.107554226426260E+001  0.150189443851117E+000 -0.268920711330073E+001  0.000000000000000E+000 -0.124429396996020E+003
  0.410964660787093E-049  0.249004752104778E+003  0.241181922863000E+000  0.972344995232509E+000  0.313595341709015E+001 -0.106969214749503E+001 -0.909448620301703E-001 -0.268920711330073E+001  0.000000000000000E+000 -0.124244691253643E+003
  0.502866606753920E-045  0.229944869864921E+003  0.249013024659420E+000  0.100635739619348E+001  0.318810930169633E+001 -0.114973023169038E+001  0.771693275697419E+000 -0.268920711330073E+001  0.000000000000000E+000 -0.114714750133715E+003
  0.228182026385118E-044  0.226805745386927E+003  0.257909611696363E+000  0.948959762927032E+000  0.307315242705600E+001 -0.809932945441112E+000 -0.464006108790844E+000 -0.268920711330073E+001  0.000000000000000E+000 -0.113145187894718E+003
  0.214510477585403E-037  0.194368086402104E+003  0.244828414576933E+000  0.966887209596166E+000  0.322781856739324E+001 -0.110651784237581E+001  0.658323769473540E+000 -0.268920711330073E+001  0.000000000000000E+000 -0.969263584023066E+002
  0.298039321569524E-037  0.193710352710806E+003  0.285829568407402E+000  0.927547578263583E+000  0.299988883182667E+001 -0.655047677632958E+000 -0.288070196625748E+000 -0.268920711330073E+001  0.000000000000000E+000 -0.965974915566575E+002
  0.356815538498887E-037  0.193242231228294E+003  0.243864631440146E+000  0.992319273646729E+000  0.339260013976859E+001 -0.106410907980712E+001  0.874450882197589E+000 -0.268920711330073E+001  0.000000000000000E+000 -0.963634308154013E+002
  0.790514283826170E-035  0.182039619912432E+003  0.267858620669551E+000  0.965217593489362E+000  0.307271094510552E+001 -0.951783239868665E+000  0.314885595330904E+000 -0.268920711330073E+001  0.000000000000000E+000 -0.907621251574706E+002
  0.322341301756187E-033  0.174441481580643E+003  0.227545214165331E+000  0.989203813492247E+000  0.332251910828033E+001 -0.122037987246442E+001  0.840211162370756E+000 -0.268920711330073E+001  0.000000000000000E+000 -0.869630559915761E+002
  0.117779185268354E-031  0.167155836418432E+003  0.251955276289418E+000  0.974566832596892E+000  0.313658812995105E+001 -0.961755314778770E+000  0.233972988396677E+000 -0.268920711330073E+001  0.000000000000000E+000 -0.833202334104703E+002
  0.264621242163284E-031  0.165447956955984E+003  0.252035139175786E+000  0.954350723908296E+000  0.311020902917957E+001 -0.907741530132640E+000 -0.262545726511420E+000 -0.268920711330073E+001  0.000000000000000E+000 -0.824662936792465E+002
  0.546959407166361E-031  0.163906903308859E+003  0.244300281885511E+000  0.990831042829302E+000  0.338291194884758E+001 -0.106686543346868E+001  0.869449190167893E+000 -0.268920711330073E+001  0.000000000000000E+000 -0.816957668556840E+002
  0.427782485528593E-030  0.159793252592307E+003  0.261219281524809E+000  0.935784358203108E+000  0.308177392380353E+001 -0.930159520170523E+000 -0.159440767691876E-002 -0.268920711330073E+001  0.000000000000000E+000 -0.796389414974079E+002
  0.107100516959972E-029  0.157957776507687E+003  0.261354027713333E+000  0.969799673966991E+000  0.312865957522354E+001 -0.920157309891229E+000  0.342163386004525E+000 -0.268920711330073E+001  0.000000000000000E+000 -0.787212034550981E+002
  0.173449190129045E-028  0.152290792193595E+003  0.266902426241802E+000  0.922137432659384E+000  0.301895357057719E+001 -0.745754372842744E+000 -0.774784695019452E+000 -0.268920711330073E+001  0.000000000000000E+000 -0.758877112980520E+002
  0.515791431435970E-028  0.149920536280164E+003  0.273121111234506E+000  0.967512302188245E+000  0.295787635332815E+001 -0.756923695255574E+000 -0.749799023136522E+000 -0.268920711330073E+001  0.000000000000000E+000 -0.747025833413367E+002
  0.344542261110019E-027  0.146029297511781E+003  0.253279770370955E+000  0.972345024588853E+000  0.308359220582769E+001 -0.937559336273115E+000 -0.137049807893860E+000 -0.268920711330073E+001  0.000000000000000E+000 -0.727569639571449E+002
  0.560646566193702E-027  0.145055549624759E+003  0.254566549957614E+000  0.944786211317543E+000  0.310733090819561E+001 -0.978913838005769E+000  0.352455250357302E-001 -0.268920711330073E+001  0.000000000000000E+000 -0.722700900136337E+002
  0.193136176958302E-024  0.133091905542054E+003  0.246106645287575E+000  0.957845718940422E+000  0.312881577694674E+001 -0.932969190438509E+000 -0.317709171705929E+000 -0.268920711330073E+001  0.000000000000000E+000 -0.662882679722815E+002
  0.561464181538283E-023  0.126352430433510E+003  0.259933111703256E+000  0.945519034900371E+000  0.304607585878641E+001 -0.809531614288070E+000 -0.608460833743971E+000 -0.268920711330073E+001  0.000000000000000E+000 -0.629185304180097E+002
  0.252844390463953E-022  0.123160864169962E+003  0.243357439467816E+000  0.999943034340073E+000  0.314625423604873E+001 -0.107074143322117E+001  0.267431151803421E+000 -0.268920711330073E+001  0.000000000000000E+000 -0.613227472862354E+002
  0.123308611096936E-019  0.110525854860449E+003  0.243704030258256E+000  0.995001482187176E+000  0.324751209342289E+001 -0.109866534339039E+001  0.730691361233717E+000 -0.268920711330073E+001  0.000000000000000E+000 -0.550052426314789E+002
  0.297043847744052E-018  0.104002220224922E+003  0.247573926117746E+000  0.998357100345883E+000  0.322750567088289E+001 -0.106971214578763E+001  0.695041249025497E+000 -0.268920711330073E+001  0.000000000000000E+000 -0.517434253137157E+002
  0.123783488742265E-017  0.100921084233259E+003  0.250478306579379E+000  0.100808549681625E+001  0.310702161594351E+001 -0.101105487477336E+001  0.175959223305066E+000 -0.268920711330073E+001  0.000000000000000E+000 -0.502028573178842E+002
  0.176734036655921E-017  0.100208860225639E+003  0.249851121896179E+000  0.993602125468617E+000  0.318744233643261E+001 -0.105224852744755E+001  0.590222048962537E+000 -0.268920711330073E+001  0.000000000000000E+000 -0.498467453140737E+002
  0.228788143863165E-017  0.995443433720617E+002  0.238816217667747E+000  0.102347209616011E+001  0.327806772810999E+001 -0.114305908969609E+001  0.832551512999827E+000 -0.268920711330073E+001  0.000000000000000E+000 -0.495144868872853E+002
  0.342696188402248E-017  0.986635123493644E+002  0.246741674192549E+000  0.956898115073761E+000  0.315611851636446E+001 -0.102896595829167E+001  0.180646620278710E+000 -0.268920711330073E+001  0.000000000000000E+000 -0.490740713759367E+002
  0.259657422801845E-016  0.945405691729502E+002  0.248242392921364E+000  0.996579497425465E+000  0.322687862642013E+001 -0.107655277128509E+001  0.710795780616598E+000 -0.268920711330073E+001  0.000000000000000E+000 -0.470125997877296E+002
  0.486875013985022E-016  0.932105453091165E+002  0.255598596330752E+000  0.990920009785866E+000  0.310466394245642E+001 -0.100668901851603E+001  0.229269647994538E+000 -0.268920711330073E+001  0.000000000000000E+000 -0.463475878558127E+002
  0.114408095579746E-015  0.915018463298282E+002  0.239198651335767E+000  0.973085157766501E+000  0.315693648560340E+001 -0.103859040194343E+001 -0.236833986246051E+000 -0.268920711330073E+001  0.000000000000000E+000 -0.454932383661686E+002
  0.344290565550185E-015  0.892229374215812E+002  0.231600014562796E+000  0.998320736654902E+000  0.321009315790322E+001 -0.116841827669583E+001  0.340305743576539E+000 -0.268920711330073E+001  0.000000000000000E+000 -0.443537839120451E+002
  0.616454619872284E-015  0.879824592806863E+002  0.231342622985940E+000  0.988411235231464E+000  0.320386937884558E+001 -0.112216141985295E+001  0.101912836373508E-003 -0.268920711330073E+001  0.000000000000000E+000 -0.437335448415976E+002
  0.625280977503191E-015  0.878785458204936E+002  0.252985022599461E+000  0.966608083999970E+000  0.309266914699411E+001 -0.964239293131916E+000 -0.220167691386647E+000 -0.268920711330073E+001  0.000000000000000E+000 -0.436815881115013E+002
  0.146698715731575E-014  0.861730159984921E+002  0.256865445797304E+000  0.995361619409294E+000  0.317024524600606E+001 -0.100613512749302E+001  0.569062891736061E+000 -0.268920711330073E+001  0.000000000000000E+000 -0.428288232005005E+002
  0.410302276958765E-014  0.840375481357745E+002  0.276718085556979E+000  0.943409760807718E+000  0.302060588430267E+001 -0.813712255636530E+000 -0.107110426062562E+000 -0.268920711330073E+001  0.000000000000000E+000 -0.417610892691417E+002
  0.467361864713749E-014  0.836986873502906E+002  0.264791930455706E+000  0.970668101344920E+000  0.306423577655491E+001 -0.966097066721869E+000  0.183715541911871E+000 -0.268920711330073E+001  0.000000000000000E+000 -0.415916588763997E+002
  0.915573628934328E-014  0.822753520095949E+002  0.278745943974673E+000  0.930816791944123E+000  0.302205213068309E+001 -0.782964546052255E+000 -0.919545750640509E-001 -0.268920711330073E+001  0.000000000000000E+000 -0.408799912060519E+002
  0.156103691454220E-013  0.811298010182252E+002  0.236280172848750E+000  0.100165982937337E+001  0.317157423498911E+001 -0.109224402207554E+001  0.104714201224643E-001 -0.268920711330073E+001  0.000000000000000E+000 -0.403072157103671E+002
  0.109807246104181E-012  0.771497773153107E+002  0.248086467523745E+000  0.964855185656654E+000  0.312338976633982E+001 -0.104566597538799E+001  0.228124168909449E-001 -0.268920711330073E+001  0.000000000000000E+000 -0.383172038589098E+002
  0.113657826869562E-012  0.770024040978953E+002  0.244357867741954E+000  0.100034991825554E+001  0.321678852530006E+001 -0.107970260933193E+001  0.631167874705091E+000 -0.268920711330073E+001  0.000000000000000E+000 -0.382435172502021E+002
  0.753703652506191E-012  0.731403489899422E+002  0.261914457323982E+000  0.957293015827303E+000  0.306079304425841E+001 -0.933385390141769E+000 -0.245680056669935E-001 -0.268920711330073E+001  0.000000000000000E+000 -0.363124896962256E+002
  0.120634771352364E-011  0.721212007667079E+002  0.246291247099947E+000  0.972624461918289E+000  0.313638828972697E+001 -0.105793439708071E+001  0.709816029228127E-001 -0.268920711330073E+001  0.000000000000000E+000 -0.358029155846084E+002
  0.131397250647512E-011  0.718718441006246E+002  0.280734773094746E+000  0.924919181627846E+000  0.300697108251377E+001 -0.754600289183648E+000 -0.210873612935911E+000 -0.268920711330073E+001  0.000000000000000E+000 -0.356782372515668E+002
  0.230837584565738E-011  0.706664243066813E+002  0.263006112950194E+000  0.953342310385104E+000  0.300995496147515E+001 -0.821280303088650E+000 -0.776423536223089E+000 -0.268920711330073E+001  0.000000000000000E+000 -0.350755273545951E+002
  0.278430614295228E-011  0.702130738374940E+002  0.243294754035823E+000  0.993525733822762E+000  0.322763106103334E+001 -0.110992703520814E+001  0.682566677478570E+000 -0.268920711330073E+001  0.000000000000000E+000 -0.348488521200015E+002
  0.342938935266267E-011  0.697178653862527E+002  0.240280715358214E+000  0.100365086776911E+001  0.324287523235761E+001 -0.108834978286646E+001  0.633673461576353E+000 -0.268920711330073E+001  0.000000000000000E+000 -0.346012478943808E+002
  0.967477417229132E-011  0.675651445934592E+002  0.249927141042983E+000  0.961532524005549E+000  0.312877269979535E+001 -0.102464825336731E+001  0.990787420790449E-001 -0.268920711330073E+001  0.000000000000000E+000 -0.335248874979841E+002
  0.958234975148412E-011  0.675059012843486E+002  0.238999836426737E+000  0.994332223401884E+000  0.314763692173336E+001 -0.106366531260373E+001 -0.382698641405312E-001 -0.268920711330073E+001  0.000000000000000E+000 -0.334952658434288E+002
  0.145965715711243E-010  0.666641736072225E+002  0.247558234066287E+000  0.100007606666119E+001  0.311649451207188E+001 -0.102580564414565E+001  0.454836500731490E-001 -0.268920711330073E+001  0.000000000000000E+000 -0.330744020048657E+002
  0.178238280023309E-010  0.661830305448308E+002  0.262659477456308E+000  0.986008284570804E+000  0.308152059498387E+001 -0.927927738971042E+000  0.209817358426320E+000 -0.268920711330073E+001  0.000000000000000E+000 -0.328338304736699E+002
  0.297386000697145E-010  0.651098260122452E+002  0.240320144231018E+000  0.100472089623959E+001  0.316291598309937E+001 -0.107193926967028E+001  0.174416613562659E+000 -0.268920711330073E+001  0.000000000000000E+000 -0.324554522125920E+002
  0.307232966344180E-010  0.649470949894685E+002  0.242166016663428E+000  0.998451019097047E+000  0.315262777931540E+001 -0.105007628091341E+001  0.107740591423014E+000 -0.268920711330073E+001  0.000000000000000E+000 -0.323740867012036E+002
  0.356118099022568E-010  0.645542024474655E+002  0.222100554495946E+000  0.100810117226552E+001  0.326241410506381E+001 -0.121467526955887E+001  0.330093836196611E+000 -0.268920711330073E+001  0.000000000000000E+000 -0.321776404302021E+002
  0.920988821610680E-010  0.622891883653080E+002  0.247934592681093E+000  0.987963484143649E+000  0.311337564638499E+001 -0.973719239704508E+000 -0.643585798312225E-001 -0.268920711330073E+001  0.000000000000000E+000 -0.310451333891233E+002
  0.189888193444486E-009  0.607569238615901E+002  0.253037471067192E+000  0.987814684511196E+000  0.307477993710576E+001 -0.100227477413625E+001 -0.825565497088023E-001 -0.268920711330073E+001  0.000000000000000E+000 -0.302790011372644E+002
  0.289217043396577E-009  0.598303206766375E+002  0.233340973478599E+000  0.101215983184453E+001  0.325267253340604E+001 -0.115852204023405E+001  0.670350541839269E+000 -0.268920711330073E+001  0.000000000000000E+000 -0.298156995447881E+002
  0.663975753758233E-009  0.580830650239386E+002  0.255629512092362E+000  0.972575600358490E+000  0.313270766598504E+001 -0.996787090767847E+000  0.359107270631964E+000 -0.268920711330073E+001  0.000000000000000E+000 -0.289420717184386E+002
  0.784901081859466E-009  0.577484408917647E+002  0.238378606604929E+000  0.100304391304330E+001  0.315380103191757E+001 -0.113477083209645E+001  0.125631579370888E+000 -0.268920711330073E+001  0.000000000000000E+000 -0.287747596523517E+002
  0.264005977969613E-008  0.552335390861511E+002  0.250097190865904E+000  0.100427037808975E+001  0.311771931341201E+001 -0.103479204225950E+001  0.253363497663282E+000 -0.268920711330073E+001  0.000000000000000E+000 -0.275173087495449E+002
  0.429255340308722E-008  0.541724751729934E+002  0.226910118444609E+000  0.102061377600477E+001  0.325720010756500E+001 -0.119001644015615E+001  0.539652483445630E+000 -0.268920711330073E+001  0.000000000000000E+000 -0.269867767929661E+002
  0.497415361884520E-008  0.537888246987759E+002  0.236770095587811E+000  0.980010940329701E+000  0.317559731534189E+001 -0.110626505250349E+001  0.531662697306978E-001 -0.268920711330073E+001  0.000000000000000E+000 -0.267949515558573E+002
  0.182335089110895E-007  0.510167903029278E+002  0.227784176479568E+000  0.100401384759588E+001  0.321500595428442E+001 -0.114490278108760E+001  0.637676280375974E-001 -0.268920711330073E+001  0.000000000000000E+000 -0.254089343579333E+002
  0.194784884368324E-007  0.508846910042237E+002  0.231070483711682E+000  0.999512738216293E+000  0.319518030739759E+001 -0.110738779895328E+001 -0.272849604356145E-001 -0.268920711330073E+001  0.000000000000000E+000 -0.253428847085812E+002
  0.265786018475277E-007  0.500890767489047E+002  0.252996563704532E+000  0.979587930391056E+000  0.313007308674340E+001 -0.956539620310513E+000  0.194326735768895E+000 -0.268920711330073E+001  0.000000000000000E+000 -0.249450775809217E+002
  0.434522813092650E-007  0.490208437113760E+002  0.229421737012271E+000  0.997280320205972E+000  0.320968199652263E+001 -0.115294828667146E+001  0.118041858795492E+000 -0.268920711330073E+001  0.000000000000000E+000 -0.244109610621574E+002
  0.991885603964319E-007  0.472033618245323E+002  0.250395210372162E+000  0.989212212884691E+000  0.318541686541405E+001 -0.105279165192960E+001  0.568874636108985E+000 -0.268920711330073E+001  0.000000000000000E+000 -0.235022201187355E+002
  0.131519016528439E-006  0.465574603065133E+002  0.253796650402978E+000  0.990155820418807E+000  0.315413110965462E+001 -0.102855851388415E+001  0.484914396234955E+000 -0.268920711330073E+001  0.000000000000000E+000 -0.231792693597260E+002
  0.167275766459993E-006  0.460764757202175E+002  0.257525398029454E+000  0.969729124298512E+000  0.311124405814258E+001 -0.980861637820904E+000  0.267123751498798E+000 -0.268920711330073E+001  0.000000000000000E+000 -0.229387770665781E+002
  0.162495415091604E-006  0.460493444116660E+002  0.244860632341215E+000  0.972093904282463E+000  0.314808368430952E+001 -0.103749254662489E+001  0.656942274868646E-001 -0.268920711330073E+001  0.000000000000000E+000 -0.229252114123024E+002
  0.160572056741757E-006  0.459880391689632E+002  0.246568349530762E+000  0.979370607256072E+000  0.312670559217777E+001 -0.101854904671912E+001 -0.544868756789860E-001 -0.268920711330073E+001  0.000000000000000E+000 -0.228945587909510E+002
  0.190463591838016E-006  0.455614834124112E+002  0.249051034989249E+000  0.967862867362598E+000  0.315263510091042E+001 -0.102634870924650E+001  0.286223741242004E+000 -0.268920711330073E+001  0.000000000000000E+000 -0.226812809126750E+002
  0.204130866398119E-006  0.453377637180122E+002  0.254396478849163E+000  0.977710217086530E+000  0.313034239959994E+001 -0.101419813300113E+001  0.322018523011128E+000 -0.268920711330073E+001  0.000000000000000E+000 -0.225694210654755E+002
  0.224881705436772E-006  0.450590180487510E+002  0.259397954350644E+000  0.988548003989853E+000  0.306873329844503E+001 -0.957690438451105E+000  0.806423080278407E-001 -0.268920711330073E+001  0.000000000000000E+000 -0.224300482308449E+002
  0.311337361353779E-006  0.443232936656914E+002  0.245783629294960E+000  0.967316285669124E+000  0.312453894846024E+001 -0.102820803976189E+001 -0.117904506314620E+000 -0.268920711330073E+001  0.000000000000000E+000 -0.220621860393150E+002
  0.429865576295159E-006  0.436781027474861E+002  0.251696505344496E+000  0.982771540930175E+000  0.309606454597146E+001 -0.102093856806028E+001  0.556380498349616E-001 -0.268920711330073E+001  0.000000000000000E+000 -0.217395905802124E+002
  0.646445433026761E-006  0.427731667334805E+002  0.225692702618281E+000  0.101283884859750E+001  0.323150638297121E+001 -0.118904189342918E+001  0.224185953697334E+000 -0.268920711330073E+001  0.000000000000000E+000 -0.212871225732096E+002
  0.681838910421273E-006  0.425776539338662E+002  0.235018775283895E+000  0.101528651147124E+001  0.320569406717943E+001 -0.113278237055209E+001  0.437204028934812E+000 -0.268920711330073E+001  0.000000000000000E+000 -0.211893661734025E+002
  0.147594192960622E-005  0.408591147137147E+002  0.237838933493560E+000  0.993914126237591E+000  0.315830455847966E+001 -0.106837048631035E+001 -0.178344381283781E-001 -0.268920711330073E+001  0.000000000000000E+000 -0.203300965633267E+002
  0.215152587640805E-005  0.401053528776093E+002  0.254614405507600E+000  0.975787270924310E+000  0.309888028421674E+001 -0.933709408370495E+000  0.247528078618764E-002 -0.268920711330073E+001  0.000000000000000E+000 -0.199532156452740E+002
  0.402207176054092E-005  0.388541132119619E+002  0.252459570152908E+000  0.977300965087910E+000  0.307974179811039E+001 -0.981532333561468E+000 -0.167099501089201E+000 -0.268920711330073E+001  0.000000000000000E+000 -0.193275958124503E+002
  0.412321799998492E-005  0.387113995941949E+002  0.248060716221541E+000  0.974371113439468E+000  0.315405789965431E+001 -0.102015565186574E+001  0.279082215956435E+000 -0.268920711330073E+001  0.000000000000000E+000 -0.192562390035668E+002
  0.433724896650767E-005  0.385171468789305E+002  0.236275454802764E+000  0.101107179811417E+001  0.318059986393518E+001 -0.112674205077564E+001  0.298790950835028E+000 -0.268920711330073E+001  0.000000000000000E+000 -0.191591126459346E+002
  0.468053288872705E-005  0.382717634474235E+002  0.234809946675420E+000  0.100026998914819E+001  0.317050568644391E+001 -0.108972310110117E+001 -0.417841364560956E-001 -0.268920711330073E+001  0.000000000000000E+000 -0.190364209301811E+002
  0.746345672117870E-005  0.371566064794434E+002  0.234149140465701E+000  0.990950897150985E+000  0.317482751852253E+001 -0.109084635167031E+001 -0.114121524527071E+000 -0.268920711330073E+001  0.000000000000000E+000 -0.184788424461911E+002
  0.105870999818137E-004  0.363684677486999E+002  0.244717791746231E+000  0.984302667078233E+000  0.317629159257033E+001 -0.103941767282209E+001  0.352090632177351E+000 -0.268920711330073E+001  0.000000000000000E+000 -0.180847730808193E+002
  0.118507453015803E-004  0.361429587824875E+002  0.253416991320611E+000  0.959684122816952E+000  0.310384563901219E+001 -0.976899987412667E+000 -0.149969286722573E-002 -0.268920711330073E+001  0.000000000000000E+000 -0.179720185977131E+002
  0.215486871535033E-004  0.347651669590932E+002  0.261156411920455E+000  0.978722217018154E+000  0.309320991691960E+001 -0.942079692291417E+000  0.227855727561702E+000 -0.268920711330073E+001  0.000000000000000E+000 -0.172831226860160E+002
  0.242157389905747E-004  0.343577684060515E+002  0.255363206176142E+000  0.968248994109560E+000  0.311453291017962E+001 -0.998672369496949E+000  0.211410910714723E+000 -0.268920711330073E+001  0.000000000000000E+000 -0.170794234094951E+002
  0.451542378178726E-004  0.329448425020830E+002  0.252660096457789E+000  0.989912879842919E+000  0.308457796766032E+001 -0.985146153366266E+000 -0.430783398281549E-001 -0.268920711330073E+001  0.000000000000000E+000 -0.163729604575109E+002
  0.598802410241108E-004  0.322202321900504E+002  0.238940790370410E+000  0.981290219782799E+000  0.315965402146096E+001 -0.105604877379411E+001 -0.827987967619954E-001 -0.268920711330073E+001  0.000000000000000E+000 -0.160106553014946E+002
  0.596920377088198E-004  0.321480866534836E+002  0.252858507708338E+000  0.972240197386743E+000  0.309691651693646E+001 -0.100079028766038E+001  0.273879233240892E-001 -0.268920711330073E+001  0.000000000000000E+000 -0.159745825332112E+002
  0.595759861273034E-004  0.320735373556591E+002  0.249582817403728E+000  0.961223573988809E+000  0.310639504586882E+001 -0.984027537338455E+000 -0.195895603781058E+000 -0.268920711330073E+001  0.000000000000000E+000 -0.159373078842989E+002
  0.110216401519095E-003  0.306892289849778E+002  0.252820486982838E+000  0.990012327107329E+000  0.313662297960111E+001 -0.100012177350599E+001  0.337342054468539E+000 -0.268920711330073E+001  0.000000000000000E+000 -0.152451536989583E+002
  0.109615520411044E-003  0.306246818203674E+002  0.244252992200397E+000  0.987734079083122E+000  0.313448966011717E+001 -0.107725588656419E+001  0.114237278293375E+000 -0.268920711330073E+001  0.000000000000000E+000 -0.152128801166531E+002
  0.116595666900056E-003  0.304257348902903E+002  0.236054780937197E+000  0.101411695713959E+001  0.321564705758509E+001 -0.116817885360651E+001  0.590083722916216E+000 -0.268920711330073E+001  0.000000000000000E+000 -0.151134066516145E+002
  0.225396578273074E-003  0.289592203266441E+002  0.250161592651331E+000  0.965845039670136E+000  0.312891168582005E+001 -0.100184036280437E+001  0.116727958323112E+000 -0.268920711330073E+001  0.000000000000000E+000 -0.143801493697914E+002
  0.217792409223087E-003  0.289551231642294E+002  0.258689635164393E+000  0.976293097503943E+000  0.309154226609719E+001 -0.927456395178048E+000  0.857666552071192E-001 -0.268920711330073E+001  0.000000000000000E+000 -0.143781007885841E+002
  0.222883552362658E-003  0.288361736948496E+002  0.250480636253058E+000  0.990483338195855E+000  0.308812775041340E+001 -0.100831834538680E+001 -0.112279883008093E+000 -0.268920711330073E+001  0.000000000000000E+000 -0.143186260538942E+002
  0.319818816640627E-003  0.280412280283349E+002  0.231859433432809E+000  0.100074871917746E+001  0.320164972620937E+001 -0.113891636157480E+001  0.164964005620669E+000 -0.268920711330073E+001  0.000000000000000E+000 -0.139211532206368E+002
  0.334917666833057E-003  0.278762325529415E+002  0.249695991631895E+000  0.962166652278600E+000  0.310047147546974E+001 -0.962479283881962E+000 -0.282795251078861E+000 -0.268920711330073E+001  0.000000000000000E+000 -0.138386554829401E+002
  0.380369120641881E-003  0.276217177121714E+002  0.235638169222684E+000  0.100178788587616E+001  0.322904063861280E+001 -0.115734631615655E+001  0.593791671926902E+000 -0.268920711330073E+001  0.000000000000000E+000 -0.137113980625550E+002
  0.382822594044841E-003  0.276088586529980E+002  0.262580887257858E+000  0.962892678641428E+000  0.308222116426281E+001 -0.900390051143513E+000  0.806345678586657E-001 -0.268920711330073E+001  0.000000000000000E+000 -0.137049685329684E+002
  0.464626026494114E-003  0.271430949127550E+002  0.236967552336574E+000  0.993590207490136E+000  0.317089103750841E+001 -0.108579826074873E+001  0.316024411093521E-001 -0.268920711330073E+001  0.000000000000000E+000 -0.134720866628469E+002
  0.579550522062406E-003  0.265471328240228E+002  0.234976912056807E+000  0.100129718652452E+001  0.318225522039180E+001 -0.110529789380248E+001  0.131093128174694E+000 -0.268920711330073E+001  0.000000000000000E+000 -0.131741056184808E+002
  0.621740233950261E-003  0.263311130999342E+002  0.238519111537970E+000  0.101019100717470E+001  0.319177452651433E+001 -0.112205026696793E+001  0.450741950572227E+000 -0.268920711330073E+001  0.000000000000000E+000 -0.130660957564365E+002
  0.751139803977999E-003  0.258774936113060E+002  0.236467270337859E+000  0.100005066310385E+001  0.318051121375601E+001 -0.114115161297482E+001  0.268034483648736E+000 -0.268920711330073E+001  0.000000000000000E+000 -0.128392860121223E+002
  0.110452368768874E-002  0.251063382560593E+002  0.250967453184379E+000  0.971924757801398E+000  0.310059967395554E+001 -0.100717609402283E+001 -0.431773162352380E-001 -0.268920711330073E+001  0.000000000000000E+000 -0.124537083344990E+002
  0.111299230779289E-002  0.250126208880379E+002  0.241873980719010E+000  0.986052622182191E+000  0.316678425984981E+001 -0.108687724685459E+001  0.280011029699234E+000 -0.268920711330073E+001  0.000000000000000E+000 -0.124068496504883E+002
  0.120876518673963E-002  0.247690851203752E+002  0.259384114430857E+000  0.969704565247042E+000  0.310377748673712E+001 -0.931555956032395E+000  0.167768082673934E+000 -0.268920711330073E+001  0.000000000000000E+000 -0.122850817666570E+002
  0.152153525893674E-002  0.242304026297164E+002  0.254467502069486E+000  0.973630938403664E+000  0.309985167052279E+001 -0.951989146242128E+000  0.379401550701415E-001 -0.268920711330073E+001  0.000000000000000E+000 -0.120157405213275E+002
  0.215806149220015E-002  0.234529802083318E+002  0.259302592642364E+000  0.964302871793912E+000  0.309955032392001E+001 -0.923806030546614E+000  0.110558390221320E+000 -0.268920711330073E+001  0.000000000000000E+000 -0.116270293106353E+002
  0.280230557712871E-002  0.229305159336633E+002  0.263959640559248E+000  0.964972021667802E+000  0.302897845213496E+001 -0.908408246375219E+000 -0.263739925016503E+000 -0.268920711330073E+001  0.000000000000000E+000 -0.113657971733010E+002
  0.373459587925636E-002  0.221960362870236E+002  0.261113060009550E+000  0.976013461322983E+000  0.305935463549909E+001 -0.910384504723484E+000 -0.720445839724491E-001 -0.268920711330073E+001  0.000000000000000E+000 -0.109985573499812E+002
  0.394249946548617E-002  0.220092442809737E+002  0.242142972586128E+000  0.999530823536000E+000  0.319607523649990E+001 -0.110629149433060E+001  0.526156218042922E+000 -0.268920711330073E+001  0.000000000000000E+000 -0.109051613469562E+002
  0.389339736884761E-002  0.219558683910730E+002  0.250561999421025E+000  0.977350623774431E+000  0.312287960296429E+001 -0.100033042032449E+001  0.983123049636596E-001 -0.268920711330073E+001  0.000000000000000E+000 -0.108784734020059E+002
  0.432410488232170E-002  0.217460223525447E+002  0.252413333276576E+000  0.988958543391591E+000  0.313513671816135E+001 -0.101297770215674E+001  0.332839893819333E+000 -0.268920711330073E+001  0.000000000000000E+000 -0.107735503827417E+002
  0.674429074104431E-002  0.206969545861983E+002  0.254017075231744E+000  0.961377183879207E+000  0.309443930811900E+001 -0.933689546829241E+000 -0.157280743165741E+000 -0.268920711330073E+001  0.000000000000000E+000 -0.102490164995685E+002
  0.901949549650687E-002  0.199616483638848E+002  0.253759286413650E+000  0.984207971519222E+000  0.309607306072277E+001 -0.967077416974615E+000  0.227158523933300E-001 -0.268920711330073E+001  0.000000000000000E+000 -0.988136338841174E+001
  0.950247038010536E-002  0.197818409000113E+002  0.248159500424620E+000  0.973512670339333E+000  0.312433109670877E+001 -0.984435377803214E+000 -0.253088331484763E-001 -0.268920711330073E+001  0.000000000000000E+000 -0.979145965647503E+001
  0.101896820659640E-001  0.195667125613606E+002  0.238707165789150E+000  0.100005464469580E+001  0.316191029788378E+001 -0.110994142124495E+001  0.147878723519819E+000 -0.268920711330073E+001  0.000000000000000E+000 -0.968389548714968E+001
  0.986777831781556E-002  0.195554337303829E+002  0.266257516351167E+000  0.966022670347019E+000  0.304923297193927E+001 -0.898935873733455E+000 -0.103331652375411E-001 -0.268920711330073E+001  0.000000000000000E+000 -0.967825607166079E+001
  0.984790616388516E-002  0.194839848209545E+002  0.240350332378133E+000  0.985384516472155E+000  0.314819340177270E+001 -0.104706769801167E+001 -0.903540562106637E-001 -0.268920711330073E+001  0.000000000000000E+000 -0.964253161694661E+001
  0.168305843979921E-001  0.183366264233982E+002  0.242560910225727E+000  0.993920890774978E+000  0.318343928060205E+001 -0.110192978740191E+001  0.458340350529172E+000 -0.268920711330073E+001  0.000000000000000E+000 -0.906885241816846E+001
  0.171063261623799E-001  0.182286445375890E+002  0.257864393706611E+000  0.969821815397637E+000  0.305538062770929E+001 -0.914144208591584E+000 -0.284482776439001E+000 -0.268920711330073E+001  0.000000000000000E+000 -0.901486147526386E+001
  0.204476301272558E-001  0.176534086667275E+002  0.257362821154957E+000  0.979637817840768E+000  0.306678257039467E+001 -0.965610569594042E+000 -0.689275846392952E-001 -0.268920711330073E+001  0.000000000000000E+000 -0.872724353983312E+001
  0.246090095767951E-001  0.172127347685627E+002  0.256404129921111E+000  0.979966070453954E+000  0.306974939490609E+001 -0.969636112712458E+000 -0.734319976842275E-001 -0.268920711330073E+001  0.000000000000000E+000 -0.850690659075069E+001
  0.258336842535319E-001  0.170454189034207E+002  0.245988239012733E+000  0.986734269730534E+000  0.317047494784585E+001 -0.106441379257380E+001  0.408318476189824E+000 -0.268920711330073E+001  0.000000000000000E+000 -0.842324865817969E+001
  0.360590741602150E-001  0.162404745387292E+002  0.257997648444796E+000  0.979818564298775E+000  0.308094059788985E+001 -0.965565019327292E+000  0.709344219633552E-001 -0.268920711330073E+001  0.000000000000000E+000 -0.802077647583397E+001
  0.369642076672446E-001  0.160575087064537E+002  0.253492976498585E+000  0.977614307686044E+000  0.311243797221579E+001 -0.979386127722981E+000  0.151725393241872E+000 -0.268920711330073E+001  0.000000000000000E+000 -0.792929355969619E+001
  0.494494744034381E-001  0.154099263706894E+002  0.242912660108801E+000  0.996040416098755E+000  0.317675183116658E+001 -0.108998757434428E+001  0.405658004781537E+000 -0.268920711330073E+001  0.000000000000000E+000 -0.760550239181404E+001
  0.513201491745695E-001  0.152700826903781E+002  0.242539852649110E+000  0.987296964112143E+000  0.314348654294716E+001 -0.106198684393925E+001  0.269634831828145E-001 -0.268920711330073E+001  0.000000000000000E+000 -0.753558055165839E+001
  0.508023880741790E-001  0.152247832120972E+002  0.242819417366000E+000  0.990919385812681E+000  0.315501568424617E+001 -0.104805029480201E+001  0.159371696186682E+000 -0.268920711330073E+001  0.000000000000000E+000 -0.751293081251796E+001
  0.537884054863647E-001  0.150449744270068E+002  0.259808754428455E+000  0.976259579089933E+000  0.307367965481423E+001 -0.954647480681337E+000  0.617777343259371E-001 -0.268920711330073E+001  0.000000000000000E+000 -0.742302641997277E+001
  0.542781957418190E-001  0.150268451029180E+002  0.249094153481420E+000  0.977673937916165E+000  0.312737505278042E+001 -0.103528523953829E+001  0.150626170401593E+000 -0.268920711330073E+001  0.000000000000000E+000 -0.741396175792836E+001
  0.558366383026710E-001  0.149024266800757E+002  0.254787333200983E+000  0.977497549747746E+000  0.308138941541653E+001 -0.964072906438829E+000 -0.598171111564536E-001 -0.268920711330073E+001  0.000000000000000E+000 -0.735175254650723E+001
  0.546000967506181E-001  0.148794127758987E+002  0.253811413181625E+000  0.963334979913604E+000  0.309224904104042E+001 -0.969456422561712E+000 -0.115878591370912E+000 -0.268920711330073E+001  0.000000000000000E+000 -0.734024559441874E+001
  0.595345740363712E-001  0.145729868963113E+002  0.252634619586530E+000  0.980362411849653E+000  0.313021657765231E+001 -0.991337257751569E+000  0.245482926426755E+000 -0.268920711330073E+001  0.000000000000000E+000 -0.718703265462501E+001
  0.588659132270084E-001  0.145299972900694E+002  0.238030431977937E+000  0.994351156616482E+000  0.318705821555821E+001 -0.111458168486463E+001  0.311698960745638E+000 -0.268920711330073E+001  0.000000000000000E+000 -0.716553785150406E+001
  0.600280332073293E-001  0.144253186986249E+002  0.243264918068775E+000  0.998611168566091E+000  0.315286466449636E+001 -0.107497134019055E+001  0.243499988589554E+000 -0.268920711330073E+001  0.000000000000000E+000 -0.711319855578180E+001
  0.653461244020775E-001  0.141899661333125E+002  0.253381797272381E+000  0.979896183761520E+000  0.312676694608005E+001 -0.100461162183594E+001  0.281710414543095E+000 -0.268920711330073E+001  0.000000000000000E+000 -0.699552227312559E+001
  0.646866379607524E-001  0.141446734394741E+002  0.247024812168996E+000  0.994461373773982E+000  0.315142685144376E+001 -0.105953190650492E+001  0.352554170004586E+000 -0.268920711330073E+001  0.000000000000000E+000 -0.697287592620643E+001
  0.723741422166954E-001  0.139200845860053E+002  0.243990201539497E+000  0.995867986140235E+000  0.313998736556958E+001 -0.107147752052103E+001  0.171991527531126E+000 -0.268920711330073E+001  0.000000000000000E+000 -0.686058149947202E+001
  0.798028712629539E-001  0.136568606813489E+002  0.246026959604299E+000  0.996193055624302E+000  0.314355119765610E+001 -0.106546011474010E+001  0.280358463793101E+000 -0.268920711330073E+001  0.000000000000000E+000 -0.672896954714381E+001
  0.882818124827501E-001  0.133871083225990E+002  0.256877032863555E+000  0.965152445827709E+000  0.309131185828601E+001 -0.961945242667555E+000  0.249714573217235E-001 -0.268920711330073E+001  0.000000000000000E+000 -0.659409336776884E+001
  0.919472728802350E-001  0.132379428599697E+002  0.256312837171907E+000  0.975751476447445E+000  0.310445596499935E+001 -0.972757810990841E+000  0.160254582118241E+000 -0.268920711330073E+001  0.000000000000000E+000 -0.651951063645421E+001
  0.908748978043301E-001  0.131936027178314E+002  0.251215335399573E+000  0.988468979530601E+000  0.311752061063666E+001 -0.101795195641167E+001  0.185961263918001E+000 -0.268920711330073E+001  0.000000000000000E+000 -0.649734056538505E+001
  0.938059348172058E-001  0.130623109870719E+002  0.243989292529930E+000  0.984866527535926E+000  0.314487503490101E+001 -0.106719183017175E+001  0.132269540250450E+000 -0.268920711330073E+001  0.000000000000000E+000 -0.643169470000534E+001
  0.965412877147637E-001  0.129370225960689E+002  0.256679709742941E+000  0.968922716705816E+000  0.307387279701640E+001 -0.942896783884746E+000 -0.113858152694462E+000 -0.268920711330073E+001  0.000000000000000E+000 -0.636905050450381E+001
  0.101017528044764E+000  0.127785729367718E+002  0.245172860097407E+000  0.993724186896608E+000  0.315060976816865E+001 -0.105251927614992E+001  0.249003822683197E+000 -0.268920711330073E+001  0.000000000000000E+000 -0.628982567485525E+001
  0.103813000001257E+000  0.126561755194845E+002  0.256184865941895E+000  0.981112130973762E+000  0.307880826001283E+001 -0.967047397575125E+000 -0.144586629408661E-002 -0.268920711330073E+001  0.000000000000000E+000 -0.622862696621159E+001
  0.128839689091049E+000  0.122242201043436E+002  0.247315720758603E+000  0.982784545570792E+000  0.312232970289690E+001 -0.104340980940038E+001  0.720463194017715E-001 -0.268920711330073E+001  0.000000000000000E+000 -0.601264925864116E+001
  0.138412343573282E+000  0.120107008336117E+002  0.255517045681105E+000  0.981329645302078E+000  0.308941840330734E+001 -0.964567198924369E+000  0.486750762760479E-001 -0.268920711330073E+001  0.000000000000000E+000 -0.590588962327522E+001
  0.135866038520708E+000  0.119776538689050E+002  0.246607047517624E+000  0.989754387759592E+000  0.315600232331078E+001 -0.106352684137380E+001  0.356838281783041E+000 -0.268920711330073E+001  0.000000000000000E+000 -0.588936614092187E+001
  0.143602274184794E+000  0.117967150212559E+002  0.256926714473531E+000  0.972908667280807E+000  0.306152104565832E+001 -0.924857479769102E+000 -0.281643611218365E+000 -0.268920711330073E+001  0.000000000000000E+000 -0.579889671709731E+001
  0.161030685811380E+000  0.114974374846432E+002  0.252224298347838E+000  0.972710200972016E+000  0.311666167417810E+001 -0.981929286025567E+000  0.108540141944164E+000 -0.268920711330073E+001  0.000000000000000E+000 -0.564925794879096E+001
  0.165389871876683E+000  0.113060305323288E+002  0.243160384260313E+000  0.986181041874664E+000  0.314611528839774E+001 -0.106712333266460E+001  0.103261633207901E+000 -0.268920711330073E+001  0.000000000000000E+000 -0.555355447263378E+001
  0.164734882130622E+000  0.111805840631478E+002  0.256683867045514E+000  0.970988400365279E+000  0.310185628800039E+001 -0.953536927699712E+000  0.120522107181255E+000 -0.268920711330073E+001  0.000000000000000E+000 -0.549083123804327E+001
  0.169883518501443E+000  0.110534531970407E+002  0.242488187669470E+000  0.985082556491074E+000  0.315272452379798E+001 -0.107057737213893E+001  0.132364004750836E+000 -0.268920711330073E+001  0.000000000000000E+000 -0.542726580498970E+001
  0.175658080694398E+000  0.108575234242488E+002  0.245605821387653E+000  0.989716380492860E+000  0.315928942706472E+001 -0.105696485757679E+001  0.331421650145793E+000 -0.268920711330073E+001  0.000000000000000E+000 -0.532930091859376E+001
  0.171505851284809E+000  0.108418700233667E+002  0.250776055801690E+000  0.976527342012813E+000  0.311114189564807E+001 -0.980598144299094E+000  0.136842408300857E-001 -0.268920711330073E+001  0.000000000000000E+000 -0.532147421815271E+001
  0.172947710956119E+000  0.107616287953374E+002  0.250438614663695E+000  0.984423074153763E+000  0.311906809305453E+001 -0.101027647041365E+001  0.124753593995178E+000 -0.268920711330073E+001  0.000000000000000E+000 -0.528135360413804E+001
  0.174819941548980E+000  0.106765969211088E+002  0.248069709987220E+000  0.982274027266208E+000  0.311350230012866E+001 -0.103064217528891E+001  0.257885887301690E-002 -0.268920711330073E+001  0.000000000000000E+000 -0.523883766702375E+001
  0.226261466612868E+000  0.100972300771694E+002  0.257729110744405E+000  0.966085506186472E+000  0.306321596274193E+001 -0.941143971013239E+000 -0.191986432457927E+000 -0.268920711330073E+001  0.000000000000000E+000 -0.494915424505408E+001
  0.223105588119899E+000  0.100618249080029E+002  0.254943692912002E+000  0.981436783938753E+000  0.308427983968523E+001 -0.972285924497603E+000 -0.219993378819145E-001 -0.268920711330073E+001  0.000000000000000E+000 -0.493145166047082E+001
  0.250694069231936E+000  0.976515111272381E+001  0.256210735493697E+000  0.968758763249306E+000  0.307663137090368E+001 -0.923427841526388E+000 -0.184201530482399E+000 -0.268920711330073E+001  0.000000000000000E+000 -0.478311476283127E+001
  0.246450126598703E+000  0.973580111851633E+001  0.247483241233722E+000  0.980216193092666E+000  0.311934822863592E+001 -0.102006862231957E+001  0.686023501856914E-002 -0.268920711330073E+001  0.000000000000000E+000 -0.476843976572753E+001
  0.267063344498416E+000  0.945010794708567E+001  0.258355171615633E+000  0.961650778640897E+000  0.306874973621127E+001 -0.910667769052162E+000 -0.185953285989008E+000 -0.268920711330073E+001  0.000000000000000E+000 -0.462559318001220E+001
  0.263673313756519E+000  0.941411460293408E+001  0.249810813983379E+000  0.985328610049457E+000  0.310214309697540E+001 -0.101165761219851E+001 -0.266562282174814E-001 -0.268920711330073E+001  0.000000000000000E+000 -0.460759650793640E+001
  0.257154073060811E+000  0.940264224089468E+001  0.259153621182941E+000  0.964178702011818E+000  0.304894192402455E+001 -0.903709130215779E+000 -0.342009066723296E+000 -0.268920711330073E+001  0.000000000000000E+000 -0.460186032691670E+001
  0.301589829770783E+000  0.902231391694188E+001  0.248683006337545E+000  0.984617248236517E+000  0.313554859504646E+001 -0.104090252865222E+001  0.235549030634060E+000 -0.268920711330073E+001  0.000000000000000E+000 -0.441169616494030E+001
  0.295319221471378E+000  0.900279267296645E+001  0.246813790998516E+000  0.984916214313171E+000  0.311837556539599E+001 -0.103450010621157E+001 -0.174229415952865E-001 -0.268920711330073E+001  0.000000000000000E+000 -0.440193554295258E+001
  0.293173491108804E+000  0.895583400434990E+001  0.244637304573182E+000  0.990364691948064E+000  0.313268864250937E+001 -0.105260721914439E+001  0.770992563701989E-001 -0.268920711330073E+001  0.000000000000000E+000 -0.437845620864431E+001
  0.284636230398873E+000  0.895339583337211E+001  0.244704041308293E+000  0.984761673035097E+000  0.313973003386166E+001 -0.103031290697365E+001  0.647055505504528E-001 -0.268920711330073E+001  0.000000000000000E+000 -0.437723712315542E+001
  0.284153142107590E+000  0.889524982569869E+001  0.242837493019687E+000  0.990909055015644E+000  0.315826162065835E+001 -0.107596219237002E+001  0.250485126095450E+000 -0.268920711330073E+001  0.000000000000000E+000 -0.434816411931871E+001
  0.316743135468499E+000  0.861655086516328E+001  0.244585861749237E+000  0.991051631947154E+000  0.313944247628375E+001 -0.105765855912914E+001  0.151402367473618E+000 -0.268920711330073E+001  0.000000000000000E+000 -0.420881463905100E+001
  0.314573310501888E+000  0.856875554077036E+001  0.248823608022854E+000  0.987831517533272E+000  0.313386412659754E+001 -0.104044847097494E+001  0.244565985998740E+000 -0.268920711330073E+001  0.000000000000000E+000 -0.418491697685454E+001
  0.336912808985873E+000  0.836999818523576E+001  0.245581346195509E+000  0.986967783109758E+000  0.314514266447505E+001 -0.104436448965285E+001  0.180443642195291E+000 -0.268920711330073E+001  0.000000000000000E+000 -0.408553829908724E+001
  0.384444410302589E+000  0.804450480375147E+001  0.251758226660805E+000  0.981521040090579E+000  0.312459677384854E+001 -0.100772534386202E+001  0.210682673436435E+000 -0.268920711330073E+001  0.000000000000000E+000 -0.392279160834509E+001
  0.393539291407086E+000  0.793619806229101E+001  0.254250094755534E+000  0.974397575749686E+000  0.307443000321507E+001 -0.966523757414916E+000 -0.204456073043692E+000 -0.268920711330073E+001  0.000000000000000E+000 -0.386863823761487E+001
  0.423606416076451E+000  0.772740705258392E+001  0.244555008733106E+000  0.990513676901281E+000  0.315402865070549E+001 -0.107024920991050E+001  0.279618178471207E+000 -0.268920711330073E+001  0.000000000000000E+000 -0.376424273276132E+001
  0.462181143165278E+000  0.749155945754561E+001  0.261324754115872E+000  0.967200896253374E+000  0.306483606319952E+001 -0.906775580426747E+000 -0.663097958758936E-001 -0.268920711330073E+001  0.000000000000000E+000 -0.364631893524216E+001
  0.464595945080027E+000  0.741959375316702E+001  0.254208530082123E+000  0.968514459945931E+000  0.308971584574344E+001 -0.971974828622536E+000 -0.602400614598833E-001 -0.268920711330073E+001  0.000000000000000E+000 -0.361033608305287E+001
  0.461152130923694E+000  0.737293063977515E+001  0.254337698435378E+000  0.981634022999936E+000  0.309414349659486E+001 -0.987446275194301E+000  0.698663052978019E-001 -0.268920711330073E+001  0.000000000000000E+000 -0.358700452635694E+001
  0.456633621245846E+000  0.733108057296409E+001  0.249605544467971E+000  0.974754125901804E+000  0.310636977798826E+001 -0.100138807854546E+001 -0.718669635507716E-001 -0.268920711330073E+001  0.000000000000000E+000 -0.356607949295140E+001
  0.456442998891141E+000  0.727037233278959E+001  0.259618170864104E+000  0.969891930239883E+000  0.304955168751938E+001 -0.919200108873664E+000 -0.266874237196211E+000 -0.268920711330073E+001  0.000000000000000E+000 -0.353572537286415E+001
  0.453661203922120E+000  0.722105532371195E+001  0.251893615507334E+000  0.975777619698521E+000  0.309644787285936E+001 -0.996336927080210E+000 -0.415646289773615E-001 -0.268920711330073E+001  0.000000000000000E+000 -0.351106686832534E+001
  0.505318323455632E+000  0.694383620322668E+001  0.250476193565282E+000  0.975555783257057E+000  0.310583480919762E+001 -0.100687232832844E+001 -0.164943433184881E-001 -0.268920711330073E+001  0.000000000000000E+000 -0.337245730808270E+001
  0.512263880168603E+000  0.685499026777986E+001  0.251110906350968E+000  0.975193027595150E+000  0.311800829570943E+001 -0.100271379113574E+001  0.117258235420866E+000 -0.268920711330073E+001  0.000000000000000E+000 -0.332803434035929E+001
  0.500992142428021E+000  0.683794588252644E+001  0.254099791908388E+000  0.973356629954411E+000  0.307943989852874E+001 -0.963159217030127E+000 -0.189377197911160E+000 -0.268920711330073E+001  0.000000000000000E+000 -0.331951214773258E+001
  0.513378981095392E+000  0.672755474556817E+001  0.255251869458620E+000  0.976895999955317E+000  0.308027413328439E+001 -0.974021199951654E+000 -0.597164613269174E-001 -0.268920711330073E+001  0.000000000000000E+000 -0.326431657925345E+001
  0.506175346433485E+000  0.669427379480676E+001  0.258645629101084E+000  0.969059916738375E+000  0.308187853811155E+001 -0.929273988411865E+000 -0.894292865984081E-003 -0.268920711330073E+001  0.000000000000000E+000 -0.324767610387274E+001
  0.524963409624955E+000  0.655983963647628E+001  0.260224057945616E+000  0.972197147235251E+000  0.306576564186326E+001 -0.929621635626463E+000 -0.380987604206786E-001 -0.268920711330073E+001  0.000000000000000E+000 -0.318045902470750E+001
  0.524934577751982E+000  0.649840616552148E+001  0.252541103859763E+000  0.972847233685483E+000  0.310256091302816E+001 -0.976776665350542E+000  0.364023031760663E-002 -0.268920711330073E+001  0.000000000000000E+000 -0.314974228923010E+001
  0.518739902569221E+000  0.646060491737250E+001  0.248315929786079E+000  0.983736664954399E+000  0.313646010224744E+001 -0.103476606927352E+001  0.211014273465371E+000 -0.268920711330073E+001  0.000000000000000E+000 -0.313084166515561E+001
  0.541028356206153E+000  0.631492342909229E+001  0.249919158685793E+000  0.980156539848285E+000  0.312840492387045E+001 -0.101635277692979E+001  0.170890632018653E+000 -0.268920711330073E+001  0.000000000000000E+000 -0.305800092101551E+001
  0.700674564578450E+000  0.573623642616052E+001  0.243158073265829E+000  0.989388157937630E+000  0.314861922887379E+001 -0.106009249352782E+001  0.140697266426648E+000 -0.268920711330073E+001  0.000000000000000E+000 -0.276865741954962E+001
  0.682218651745019E+000  0.572807975784376E+001  0.257889546656431E+000  0.971546943365152E+000  0.305774031833782E+001 -0.930440539799678E+000 -0.241809601004245E+000 -0.268920711330073E+001  0.000000000000000E+000 -0.276457908539124E+001
  0.678973396938664E+000  0.567607296684614E+001  0.253239473923739E+000  0.971372726138913E+000  0.310369701702811E+001 -0.973360196318164E+000  0.728933399557352E-002 -0.268920711330073E+001  0.000000000000000E+000 -0.273857568989243E+001
  0.726046203818301E+000  0.548046623471676E+001  0.249600112028557E+000  0.975610880612988E+000  0.310683491599556E+001 -0.994510814835742E+000 -0.741818864137320E-001 -0.268920711330073E+001  0.000000000000000E+000 -0.264077232382774E+001
  0.712403053747086E+000  0.545686255029124E+001  0.260149842983579E+000  0.961937317711233E+000  0.305826894348414E+001 -0.924910919407935E+000 -0.170460456127450E+000 -0.268920711330073E+001  0.000000000000000E+000 -0.262897048161498E+001
  0.693550410437745E+000  0.544895905489185E+001  0.255516854840696E+000  0.972350063747757E+000  0.308765927152585E+001 -0.949471610683536E+000 -0.567438366870356E-001 -0.268920711330073E+001  0.000000000000000E+000 -0.262501873391529E+001
  0.679835918746224E+000  0.542736064537743E+001  0.245424827767265E+000  0.986168165982531E+000  0.314197464559393E+001 -0.105415107599219E+001  0.170586305699862E+000 -0.268920711330073E+001  0.000000000000000E+000 -0.261421952915807E+001
  0.662140313912684E+000  0.541856529817085E+001  0.246183186173864E+000  0.987067144355273E+000  0.312671430152808E+001 -0.103917791669698E+001  0.613804163951395E-001 -0.268920711330073E+001  0.000000000000000E+000 -0.260982185555479E+001
  0.669436040746550E+000  0.533510570149038E+001  0.252797394086547E+000  0.968600083585278E+000  0.310251048595893E+001 -0.970213010754330E+000 -0.291963684534071E-001 -0.268920711330073E+001  0.000000000000000E+000 -0.256809205721455E+001
  0.754425165627633E+000  0.503452146110115E+001  0.257761537409755E+000  0.961734991260229E+000  0.307243161070840E+001 -0.936921582114975E+000 -0.149644844040091E+000 -0.268920711330073E+001  0.000000000000000E+000 -0.241779993701994E+001
  0.734484378999725E+000  0.502655286651078E+001  0.252219542053921E+000  0.980977161779257E+000  0.310301255997312E+001 -0.100081873574163E+001  0.554189870050759E-001 -0.268920711330073E+001  0.000000000000000E+000 -0.241381563972475E+001
  0.733973960297921E+000  0.496639990179048E+001  0.255777062162311E+000  0.975496841693207E+000  0.309816033269311E+001 -0.971669207895602E+000  0.108513818874159E+000 -0.268920711330073E+001  0.000000000000000E+000 -0.238373915736460E+001
  0.714304534500760E+000  0.495918490693094E+001  0.256667646812272E+000  0.970187035848843E+000  0.307685367689958E+001 -0.930779181321060E+000 -0.129909887172767E+000 -0.268920711330073E+001  0.000000000000000E+000 -0.238013165993483E+001
  0.726668018982511E+000  0.486332091403039E+001  0.257633079130650E+000  0.973898052990608E+000  0.308442670131766E+001 -0.958356190357253E+000  0.527741544640117E-001 -0.268920711330073E+001  0.000000000000000E+000 -0.233219966348455E+001
  0.736220841546869E+000  0.477565679255269E+001  0.255674210207127E+000  0.965930649731094E+000  0.308505567835951E+001 -0.947678995357348E+000 -0.109400937101379E+000 -0.268920711330073E+001  0.000000000000000E+000 -0.228836760274571E+001
  0.747667792805561E+000  0.468325623144925E+001  0.254873251545352E+000  0.976159892819578E+000  0.308797636377770E+001 -0.958178689301728E+000 -0.318229573154589E-001 -0.268920711330073E+001  0.000000000000000E+000 -0.224216732219399E+001
  0.730306121935740E+000  0.466870283550807E+001  0.259921790694202E+000  0.964730709270675E+000  0.306493429119066E+001 -0.932497804132092E+000 -0.103203394537977E+000 -0.268920711330073E+001  0.000000000000000E+000 -0.223489062422339E+001
  0.734235624422209E+000  0.459642711829380E+001  0.257724139628487E+000  0.968152599084689E+000  0.306170903332378E+001 -0.939062852453449E+000 -0.219841090299153E+000 -0.268920711330073E+001  0.000000000000000E+000 -0.219875276561626E+001
  0.751904442901579E+000  0.448732529302748E+001  0.245142982705111E+000  0.988200249209308E+000  0.314087211574194E+001 -0.105251984375517E+001  0.159877796061706E+000 -0.268920711330073E+001  0.000000000000000E+000 -0.214420185298310E+001
  0.740650130858096E+000  0.445594375480990E+001  0.248484432759671E+000  0.982381665275618E+000  0.311508269681321E+001 -0.102281055007371E+001  0.231330908283209E-001 -0.268920711330073E+001  0.000000000000000E+000 -0.212851108387431E+001
  0.731146224898266E+000  0.442023020128025E+001  0.249928164168119E+000  0.973650669120908E+000  0.311421834138165E+001 -0.100057419451127E+001  0.631810155525381E-002 -0.268920711330073E+001  0.000000000000000E+000 -0.211065430710948E+001
  0.711395476268699E+000  0.441345683039851E+001  0.249503749476920E+000  0.975713824152633E+000  0.311539917316294E+001 -0.100414410730956E+001  0.184276052547254E-001 -0.268920711330073E+001  0.000000000000000E+000 -0.210726762166861E+001
  0.744303835866538E+000  0.426147184820742E+001  0.250625313131580E+000  0.979128768535609E+000  0.309820081489955E+001 -0.995934763616265E+000 -0.864516874450660E-001 -0.268920711330073E+001  0.000000000000000E+000 -0.203127513057307E+001
  0.759320691161550E+000  0.415997878457321E+001  0.254054324506496E+000  0.974794548691713E+000  0.309841550315760E+001 -0.963235389755304E+000  0.975458804150442E-002 -0.268920711330073E+001  0.000000000000000E+000 -0.198052859875597E+001
  0.781864136764366E+000  0.403992190496238E+001  0.246044440935044E+000  0.986730563211266E+000  0.313127902985036E+001 -0.103931233368532E+001  0.925608469840653E-001 -0.268920711330073E+001  0.000000000000000E+000 -0.192050015895055E+001
  0.762997309662727E+000  0.402723155166669E+001  0.247552638761346E+000  0.986839207156395E+000  0.313114986836988E+001 -0.103709335788224E+001  0.161683765361820E+000 -0.268920711330073E+001  0.000000000000000E+000 -0.191415498230271E+001
  0.796686799529067E+000  0.387927399026451E+001  0.257872622738908E+000  0.964341309791147E+000  0.306007871666451E+001 -0.928780629792841E+000 -0.270193830893738E+000 -0.268920711330073E+001  0.000000000000000E+000 -0.184017620160162E+001
  0.777570655662807E+000  0.386630489680802E+001  0.250481568390419E+000  0.975637404185199E+000  0.309693174420976E+001 -0.984534485976693E+000 -0.153560466483500E+000 -0.268920711330073E+001  0.000000000000000E+000 -0.183369165487337E+001
  0.754666109166732E+000  0.386455978638849E+001  0.253367807807623E+000  0.967289899189799E+000  0.308804907166539E+001 -0.959088297627927E+000 -0.169174613137201E+000 -0.268920711330073E+001  0.000000000000000E+000 -0.183281909966361E+001
  0.737896023293321E+000  0.384796144323481E+001  0.255973761612177E+000  0.970943344479047E+000  0.308062635967037E+001 -0.954987911584888E+000 -0.678634305788206E-001 -0.268920711330073E+001  0.000000000000000E+000 -0.182451992808676E+001
  0.728487672694515E+000  0.381208256755341E+001  0.259875944270013E+000  0.968508825516792E+000  0.305280403992087E+001 -0.920101873095295E+000 -0.218691061153223E+000 -0.268920711330073E+001  0.000000000000000E+000 -0.180658049024607E+001
  0.719848990585984E+000  0.377439774879336E+001  0.256628390017324E+000  0.975870690044394E+000  0.308031537567610E+001 -0.956468073487966E+000 -0.236510956557350E-001 -0.268920711330073E+001  0.000000000000000E+000 -0.178773808086604E+001
  0.710669093621041E+000  0.373852351758895E+001  0.252394239728020E+000  0.976032196175072E+000  0.310403139934006E+001 -0.997633747874861E+000  0.455354271899697E-001 -0.268920711330073E+001  0.000000000000000E+000 -0.176980096526384E+001
  0.710736943226533E+000  0.367678926366509E+001  0.259499505358463E+000  0.959182622588688E+000  0.306167537482312E+001 -0.909760454782944E+000 -0.229013150575878E+000 -0.268920711330073E+001  0.000000000000000E+000 -0.173893383830191E+001
  0.699884123354998E+000  0.364602113967114E+001  0.258983864334091E+000  0.962214739344106E+000  0.306196450721043E+001 -0.927310551683003E+000 -0.197013750627993E+000 -0.268920711330073E+001  0.000000000000000E+000 -0.172354977630493E+001
  0.681532667561498E+000  0.363761901932828E+001  0.250509848508000E+000  0.973148130844154E+000  0.310453683295917E+001 -0.990267347473491E+000 -0.744824970213211E-001 -0.268920711330073E+001  0.000000000000000E+000 -0.171934871613350E+001
  0.682951887655093E+000  0.357191524272110E+001  0.250382989076176E+000  0.973922725268275E+000  0.310755613867072E+001 -0.993493293408637E+000 -0.517806368910390E-001 -0.268920711330073E+001  0.000000000000000E+000 -0.168649682782991E+001
  0.663209482396339E+000  0.356903895089760E+001  0.256047134222042E+000  0.974006190893269E+000  0.307146287250494E+001 -0.949040012760638E+000 -0.157055496580850E+000 -0.268920711330073E+001  0.000000000000000E+000 -0.168505868191816E+001
  0.647023229154256E+000  0.355691304344478E+001  0.259001020629812E+000  0.966732789199282E+000  0.305300182302964E+001 -0.917226880161107E+000 -0.278389137125104E+000 -0.268920711330073E+001  0.000000000000000E+000 -0.167899572819175E+001
  0.630432688368193E+000  0.354732133840541E+001  0.252826233309338E+000  0.973005211932264E+000  0.310111895969137E+001 -0.975273446648396E+000 -0.156308665230886E-002 -0.268920711330073E+001  0.000000000000000E+000 -0.167419987567207E+001
  0.630041575420375E+000  0.348701918234463E+001  0.265581990428228E+000  0.956384360459890E+000  0.303053967183406E+001 -0.862200228029114E+000 -0.305591365067976E+000 -0.268920711330073E+001  0.000000000000000E+000 -0.164404879764167E+001
  0.631291774528094E+000  0.342151117314856E+001  0.256996941740582E+000  0.972713122718684E+000  0.307281218944059E+001 -0.953005759641103E+000 -0.879101519594254E-001 -0.268920711330073E+001  0.000000000000000E+000 -0.161129479304364E+001
  0.631323936610122E+000  0.335986596548769E+001  0.254981725439401E+000  0.973972065918631E+000  0.309503784391859E+001 -0.963123393767057E+000  0.304111192895871E-001 -0.268920711330073E+001  0.000000000000000E+000 -0.158047218921321E+001
  0.633481564377882E+000  0.329149905398405E+001  0.248489801271225E+000  0.984229026871130E+000  0.312009228526929E+001 -0.101717993648408E+001  0.706468994465164E-001 -0.268920711330073E+001  0.000000000000000E+000 -0.154628873346139E+001
  0.616299946222451E+000  0.328494999146946E+001  0.263661613725810E+000  0.958696091221116E+000  0.303452430143421E+001 -0.883754091914879E+000 -0.319168946053741E+000 -0.268920711330073E+001  0.000000000000000E+000 -0.154301420220409E+001
  0.626241010962188E+000  0.319140361846877E+001  0.261789274755626E+000  0.965123436128398E+000  0.305068272600230E+001 -0.912185786871088E+000 -0.163527295572853E+000 -0.268920711330073E+001  0.000000000000000E+000 -0.149624101570374E+001
  0.613963270415102E+000  0.316946068584738E+001  0.257210174155962E+000  0.965606450013067E+000  0.308298967663845E+001 -0.940596058212764E+000 -0.582582860565699E-001 -0.268920711330073E+001  0.000000000000000E+000 -0.148526954939305E+001
  0.612188631184308E+000  0.311370666906504E+001  0.258767707483435E+000  0.970783942827420E+000  0.306173108726240E+001 -0.928357545642529E+000 -0.162878541217855E+000 -0.268920711330073E+001  0.000000000000000E+000 -0.145739254100188E+001
  0.607733317882731E+000  0.306677193587429E+001  0.260456217774748E+000  0.964193463352730E+000  0.305183330798406E+001 -0.912840079785929E+000 -0.242725229728560E+000 -0.268920711330073E+001  0.000000000000000E+000 -0.143392517440651E+001
  0.590885921656967E+000  0.306145500059476E+001  0.254832001323353E+000  0.973523796943468E+000  0.307738991506438E+001 -0.953652530617217E+000 -0.157529399369711E+000 -0.268920711330073E+001  0.000000000000000E+000 -0.143126670676674E+001
  0.596442909388934E+000  0.298119057361792E+001  0.259561835476738E+000  0.967086314748350E+000  0.306924976895506E+001 -0.935598425106118E+000 -0.542329069208125E-001 -0.268920711330073E+001  0.000000000000000E+000 -0.139113449327832E+001
  0.582331447853132E+000  0.296753474423701E+001  0.259505860116794E+000  0.962077040003528E+000  0.307041492287501E+001 -0.921133480127965E+000 -0.106078351076071E+000 -0.268920711330073E+001  0.000000000000000E+000 -0.138430657858787E+001
  0.568340230753395E+000  0.295463051982264E+001  0.251059818325519E+000  0.977410814851829E+000  0.310048151086741E+001 -0.986009147253166E+000 -0.608256367889997E-001 -0.268920711330073E+001  0.000000000000000E+000 -0.137785446638068E+001
  0.566465891454105E+000  0.289969393809637E+001  0.247152370100789E+000  0.983037214700308E+000  0.312964789979770E+001 -0.103144290193512E+001  0.997216575151376E-001 -0.268920711330073E+001  0.000000000000000E+000 -0.135038617551755E+001
  0.559051109328530E+000  0.286450256175041E+001  0.255977737057766E+000  0.975436269431499E+000  0.308008490553528E+001 -0.961719728809861E+000 -0.491378127406996E-001 -0.268920711330073E+001  0.000000000000000E+000 -0.133279048734457E+001
  0.555286602102439E+000  0.281647228093517E+001  0.262936201097706E+000  0.959205875227467E+000  0.305193271077356E+001 -0.896639091951259E+000 -0.158938079553159E+000 -0.268920711330073E+001  0.000000000000000E+000 -0.130877534693694E+001
  0.551137243480134E+000  0.276993000715898E+001  0.256188102567661E+000  0.966177933304240E+000  0.306779853537739E+001 -0.928982944704464E+000 -0.280039788894049E+000 -0.268920711330073E+001  0.000000000000000E+000 -0.128550421004885E+001
  0.535864090776252E+000  0.276459327368494E+001  0.252190617347838E+000  0.975970442078666E+000  0.309664660779276E+001 -0.977097358240943E+000 -0.775773048180257E-001 -0.268920711330073E+001  0.000000000000000E+000 -0.128283584331183E+001
  0.526028937999505E+000  0.274009863735405E+001  0.255191728433274E+000  0.971680561467751E+000  0.309177407871215E+001 -0.972647963283849E+000  0.127275797929576E-001 -0.268920711330073E+001  0.000000000000000E+000 -0.127058852514639E+001
  0.524724359692948E+000  0.268352158176724E+001  0.255910355936837E+000  0.973616448679282E+000  0.308472263611478E+001 -0.967653804846802E+000 -0.124139033977002E-001 -0.268920711330073E+001  0.000000000000000E+000 -0.124229999735298E+001
  0.511957575647350E+000  0.267124093246695E+001  0.256292282823075E+000  0.974805206822283E+000  0.308028728708374E+001 -0.960728996434916E+000 -0.375364293058302E-001 -0.268920711330073E+001  0.000000000000000E+000 -0.123615967270284E+001
  0.502959925028748E+000  0.264516014818930E+001  0.259081842049038E+000  0.961884172406093E+000  0.305567191348236E+001 -0.909240488739922E+000 -0.289692723757039E+000 -0.268920711330073E+001  0.000000000000000E+000 -0.122311928056401E+001
  0.493445150606919E+000  0.262181440279932E+001  0.256795100508259E+000  0.971346536066281E+000  0.307209683012817E+001 -0.937242065776957E+000 -0.155484248712511E+000 -0.268920711330073E+001  0.000000000000000E+000 -0.121144640786902E+001
  0.478874572933264E+000  0.262021708113601E+001  0.256875367170512E+000  0.972774451758458E+000  0.308253690642364E+001 -0.946718880726265E+000 -0.255023714801741E-001 -0.268920711330073E+001  0.000000000000000E+000 -0.121064774703736E+001
  0.465342806707207E+000  0.261600248081764E+001  0.261372452847117E+000  0.959082503898462E+000  0.304577949553476E+001 -0.891489629153650E+000 -0.321764489196654E+000 -0.268920711330073E+001  0.000000000000000E+000 -0.120854044687818E+001
  0.458173416160557E+000  0.258551236817654E+001  0.253369846830522E+000  0.971294008858409E+000  0.308788885313268E+001 -0.955549496717305E+000 -0.155412378529642E+000 -0.268920711330073E+001  0.000000000000000E+000 -0.119329539055763E+001
  0.456000245678020E+000  0.253347785498754E+001  0.253275408151502E+000  0.976846141388257E+000  0.310470330252243E+001 -0.985281928612193E+000  0.718563391602087E-001 -0.268920711330073E+001  0.000000000000000E+000 -0.116727813396313E+001
  0.446372551476353E+000  0.251461339312098E+001  0.256575567452887E+000  0.967199197628866E+000  0.308620591710344E+001 -0.948240791431628E+000 -0.303381643077967E-001 -0.268920711330073E+001  0.000000000000000E+000 -0.115784590302985E+001
  0.434201139177392E+000  0.250836215475537E+001  0.250497284231925E+000  0.981885836064913E+000  0.311578725048769E+001 -0.100906600828656E+001  0.106190038841754E+000 -0.268920711330073E+001  0.000000000000000E+000 -0.115472028384705E+001
  0.422025242402444E+000  0.250370434281740E+001  0.255495092018794E+000  0.967584471975698E+000  0.308068721468864E+001 -0.951776427958438E+000 -0.141250535514495E+000 -0.268920711330073E+001  0.000000000000000E+000 -0.115239137787806E+001
  0.412847743267459E+000  0.248613355297768E+001  0.254979563498693E+000  0.974421409324786E+000  0.309482814442609E+001 -0.976318535862919E+000  0.484335667658806E-001 -0.268920711330073E+001  0.000000000000000E+000 -0.114360598295820E+001
  0.409436236319880E+000  0.244118560467099E+001  0.252861745602554E+000  0.972604917345870E+000  0.308609661561021E+001 -0.967225614586607E+000 -0.175628566892520E+000 -0.268920711330073E+001  0.000000000000000E+000 -0.112113200880486E+001
  0.399060771547898E+000  0.243097721767858E+001  0.256301348413077E+000  0.966669961053725E+000  0.307600230251245E+001 -0.942808218117811E+000 -0.145251075147465E+000 -0.268920711330073E+001  0.000000000000000E+000 -0.111602781530865E+001
  0.441169022893393E+000  0.222830705834727E+001  0.259030377567291E+000  0.965220250167834E+000  0.306266440837581E+001 -0.929891574803278E+000 -0.160119731237176E+000 -0.268920711330073E+001  0.000000000000000E+000 -0.111415352917364E+001
  0.431235791517138E+000  0.220367052530051E+001  0.263043544613501E+000  0.959053879394787E+000  0.304170340623042E+001 -0.888319675150060E+000 -0.273346001690291E+000 -0.268920711330073E+001  0.000000000000000E+000 -0.110183526265025E+001
  0.442127233523034E+000  0.208360252826279E+001  0.255716283839621E+000  0.967041998410736E+000  0.308311045907071E+001 -0.948741080621597E+000 -0.113153807017156E+000 -0.268920711330073E+001  0.000000000000000E+000 -0.104180126413140E+001
  0.430310056123339E+000  0.206760326804743E+001  0.261345158947879E+000  0.964757898959268E+000  0.305973554274957E+001 -0.916316007611905E+000 -0.102445966222596E+000 -0.268920711330073E+001  0.000000000000000E+000 -0.103380163402372E+001
  0.416906670905217E+000  0.206070787568404E+001  0.260621146506111E+000  0.962283226788245E+000  0.305547826088525E+001 -0.904145369634304E+000 -0.223477515326136E+000 -0.268920711330073E+001  0.000000000000000E+000 -0.103035393784202E+001
  0.410019960914676E+000  0.202383832066062E+001  0.258674988613226E+000  0.966416125461485E+000  0.306585245327597E+001 -0.934435346983740E+000 -0.146441065238818E+000 -0.268920711330073E+001  0.000000000000000E+000 -0.101191916033031E+001
  0.396709619128639E+000  0.201965821819449E+001  0.260605557823448E+000  0.963589033394213E+000  0.306280382822183E+001 -0.909681900561583E+000 -0.130650084944243E+000 -0.268920711330073E+001  0.000000000000000E+000 -0.100982910909725E+001
  0.397743449807018E+000  0.194427033082418E+001  0.262889827712071E+000  0.959948147100425E+000  0.304867671364884E+001 -0.897085043736149E+000 -0.186835023792204E+000 -0.268920711330073E+001  0.000000000000000E+000 -0.972135165412091E+000
  0.385126782627672E+000  0.193855691792493E+001  0.248785240727505E+000  0.982485121345809E+000  0.311945085555499E+001 -0.101736621396461E+001  0.691787894205920E-001 -0.268920711330073E+001  0.000000000000000E+000 -0.969278458962468E+000
  0.373312036709719E+000  0.193069019057969E+001  0.256311108230576E+000  0.968868986116819E+000  0.308287635340578E+001 -0.956058384202259E+000 -0.466024441194000E-001 -0.268920711330073E+001  0.000000000000000E+000 -0.965345095289845E+000
  0.362014596713765E+000  0.192196774303681E+001  0.262584703880832E+000  0.960339510532446E+000  0.304461694724531E+001 -0.891162763440343E+000 -0.256609695021413E+000 -0.268920711330073E+001  0.000000000000000E+000 -0.960983871518406E+000
  0.351150312066246E+000  0.191272542766244E+001  0.254544304023898E+000  0.971396583700058E+000  0.308289624130934E+001 -0.949000424300275E+000 -0.150243063499645E+000 -0.268920711330073E+001  0.000000000000000E+000 -0.956362713831220E+000
  0.341795338274520E+000  0.189654726697215E+001  0.256351516222033E+000  0.967353985257048E+000  0.307506967979855E+001 -0.937639512359164E+000 -0.176705213086333E+000 -0.268920711330073E+001  0.000000000000000E+000 -0.948273633486075E+000
  0.342417004093780E+000  0.189291292159816E+001  0.259790251138480E+000  0.966451421915994E+000  0.306708802612914E+001 -0.929175207215748E+000 -0.769110634512349E-001 -0.268920711330073E+001  0.000000000000000E+000 -0.946456460799080E+000
  0.346275640741573E+000  0.187050131575879E+001  0.256127193412277E+000  0.970441789128627E+000  0.307472185433788E+001 -0.937566748434356E+000 -0.163773926364276E+000 -0.268920711330073E+001  0.000000000000000E+000 -0.935250657879394E+000
  0.367834515838024E+000  0.174970522702994E+001  0.260146563993290E+000  0.960946446254229E+000  0.305472355688163E+001 -0.904321041710404E+000 -0.262979637250578E+000 -0.268920711330073E+001  0.000000000000000E+000 -0.874852613514971E+000
  0.371184680223203E+000  0.173157207242493E+001  0.255251170787826E+000  0.974404669243995E+000  0.309063353372439E+001 -0.961626732129237E+000 -0.344419376296656E-002 -0.268920711330073E+001  0.000000000000000E+000 -0.865786036212467E+000
  0.373778808283066E+000  0.171764312913944E+001  0.260089662117128E+000  0.961823415251533E+000  0.306443458690538E+001 -0.916755092448669E+000 -0.138483473321680E+000 -0.268920711330073E+001  0.000000000000000E+000 -0.858821564569723E+000
  0.390268119124836E+000  0.163130355494553E+001  0.257771346814542E+000  0.969789287846395E+000  0.307648941830129E+001 -0.943147912426158E+000 -0.618366921063296E-001 -0.268920711330073E+001  0.000000000000000E+000 -0.815651777472767E+000
  0.393591781405383E+000  0.161434296187616E+001  0.257891749650022E+000  0.964575513348892E+000  0.307073677033109E+001 -0.929502295158536E+000 -0.162712317770119E+000 -0.268920711330073E+001  0.000000000000000E+000 -0.807171480938079E+000
  0.413289287233345E+000  0.151667592842967E+001  0.249488908858315E+000  0.978936893063978E+000  0.311465984362472E+001 -0.100611531530754E+001  0.254565329287337E-001 -0.268920711330073E+001  0.000000000000000E+000 -0.758337964214837E+000
  0.416190248891285E+000  0.150268656107726E+001  0.257684039053830E+000  0.967796381176309E+000  0.306483771342843E+001 -0.929861571816159E+000 -0.199241142393916E+000 -0.268920711330073E+001  0.000000000000000E+000 -0.751343280538633E+000
  0.420194537172018E+000  0.148353595507717E+001  0.255375682702512E+000  0.973344047990999E+000  0.309184769854017E+001 -0.961090831970185E+000  0.757266934189760E-002 -0.268920711330073E+001  0.000000000000000E+000 -0.741767977538584E+000
  0.426107975506094E+000  0.145558597508041E+001  0.256417854132409E+000  0.969305191587872E+000  0.308594901350895E+001 -0.950143080181885E+000 -0.258709467571561E-001 -0.268920711330073E+001  0.000000000000000E+000 -0.727792987540204E+000
  0.444099828487001E+000  0.137287277845599E+001  0.253595067163440E+000  0.971769125712010E+000  0.308724423112827E+001 -0.957881007309334E+000 -0.140208085198272E+000 -0.268920711330073E+001  0.000000000000000E+000 -0.686436389227998E+000
  0.445795288272014E+000  0.136525182715713E+001  0.254360279119506E+000  0.974928245332069E+000  0.309300864993572E+001 -0.974717030274538E+000  0.865310653142037E-002 -0.268920711330073E+001  0.000000000000000E+000 -0.682625913578564E+000
  0.447329087411558E+000  0.135838245626472E+001  0.257463098683207E+000  0.965347678134544E+000  0.306740575757880E+001 -0.923403795283535E+000 -0.219021662804423E+000 -0.268920711330073E+001  0.000000000000000E+000 -0.679191228132362E+000
  0.449362284288204E+000  0.134931266737079E+001  0.257176175300903E+000  0.966358211386686E+000  0.307838708913778E+001 -0.945494897431842E+000 -0.823591403339368E-001 -0.268920711330073E+001  0.000000000000000E+000 -0.674656333685397E+000
  0.450893893638585E+000  0.134250744518781E+001  0.261801343782979E+000  0.960476123785955E+000  0.305168828314560E+001 -0.902059585376292E+000 -0.203352017568838E+000 -0.268920711330073E+001  0.000000000000000E+000 -0.671253722593907E+000
  0.451761827271074E+000  0.133866131036646E+001  0.257780837984535E+000  0.964796725021520E+000  0.307466559262533E+001 -0.930437248883063E+000 -0.120678678591412E+000 -0.268920711330073E+001  0.000000000000000E+000 -0.669330655183231E+000
  0.456632461403976E+000  0.131721388001749E+001  0.259766994025241E+000  0.967143548157622E+000  0.306167431269251E+001 -0.920204898528620E+000 -0.147827384857744E+000 -0.268920711330073E+001  0.000000000000000E+000 -0.658606940008746E+000
  0.465171537375446E+000  0.128015906035889E+001  0.250887655635775E+000  0.978767651511725E+000  0.310658581861706E+001 -0.993688201767449E+000 -0.311371060829924E-002 -0.268920711330073E+001  0.000000000000000E+000 -0.640079530179447E+000
  0.486768350910310E+000  0.118939484177291E+001  0.255046220199144E+000  0.970631502706172E+000  0.307800116101394E+001 -0.952611886080470E+000 -0.170893479417081E+000 -0.268920711330073E+001  0.000000000000000E+000 -0.594697420886456E+000
  0.489610591447386E+000  0.117775080300014E+001  0.254513742105293E+000  0.972931531239291E+000  0.309045956876508E+001 -0.972457783084320E+000 -0.283876114812815E-001 -0.268920711330073E+001  0.000000000000000E+000 -0.588875401500071E+000
  0.504899190728374E+000  0.111625395658861E+001  0.254832665808908E+000  0.971490461042303E+000  0.308741377492287E+001 -0.960867401249230E+000 -0.580048808217031E-001 -0.268920711330073E+001  0.000000000000000E+000 -0.558126978294303E+000
  0.519436821095389E+000  0.105948115401929E+001  0.259236823906605E+000  0.964923631358360E+000  0.305943140261931E+001 -0.921904459022884E+000 -0.208211806938603E+000 -0.268920711330073E+001  0.000000000000000E+000 -0.529740577009645E+000
  0.528994899481222E+000  0.102301395064609E+001  0.255710650936040E+000  0.970985170360832E+000  0.308466381916792E+001 -0.962029045336832E+000 -0.476384967905141E-001 -0.268920711330073E+001  0.000000000000000E+000 -0.511506975323043E+000
  0.566717201196001E+000  0.885250698682441E+000  0.256404334155080E+000  0.967637417344345E+000  0.308242734164122E+001 -0.944573847411914E+000 -0.806070352118926E-001 -0.268920711330073E+001  0.000000000000000E+000 -0.442625349341221E+000
  0.577963884802594E+000  0.845948763285375E+000  0.257619903288082E+000  0.965996122192520E+000  0.307586952647511E+001 -0.934512426675501E+000 -0.105189868362904E+000 -0.268920711330073E+001  0.000000000000000E+000 -0.422974381642688E+000
  0.614744803510972E+000  0.722557074547374E+000  0.256340379041818E+000  0.968091144871709E+000  0.307486491181602E+001 -0.938713862216092E+000 -0.159650235795804E+000 -0.268920711330073E+001  0.000000000000000E+000 -0.361278537273688E+000
