  0.256242242370596E+000  0.970233289044709E+000  0.307207122562534E+001  0.324099458844548E-001  0.529668711567471E+000 -0.824022480134990E+000 -0.824022480134989E+000
  0.256939387052974E+000  0.969149510208129E+000  0.306828575774723E+001  0.350344992428646E-001  0.529668711567471E+000 -0.624433451042659E+000 -0.624433451042659E+000
  0.257379515406404E+000  0.967919422621628E+000  0.305885631633482E+001  0.110775552307577E-001  0.529668711567471E+000 -0.556119721001931E+000 -0.556119721001930E+000
  0.258528140278035E+000  0.965613994844466E+000  0.305120473934845E+001  0.229840068857476E-002  0.529668711567471E+000 -0.552205751558504E+000 -0.552205751558504E+000
  0.256842439098319E+000  0.966115900622176E+000  0.307418490986577E+001  0.415871968482731E-001  0.529668711567471E+000 -0.712460375072837E+000 -0.712460375072837E+000
  0.255135495415175E+000  0.969038749333201E+000  0.308419145784536E+001  0.465067480427067E-001  0.529668711567471E+000 -0.607441212336342E+000 -0.607441212336341E+000
  0.257817397098540E+000  0.968130963491896E+000  0.305922973167794E+001  0.196586510443771E-001  0.529668711567471E+000 -0.462683949213300E+000 -0.462683949213300E+000
  0.257567271929471E+000  0.967000730175568E+000  0.305821145502293E+001  0.113902701145246E-001  0.529668711567471E+000 -0.315489941194268E+000 -0.315489941194268E+000
  0.256831713161548E+000  0.970313290529941E+000  0.306620733479647E+001  0.267400295183691E-001  0.529668711567471E+000 -0.650169417180376E+000 -0.650169417180376E+000
  0.257032481444193E+000  0.971118644537167E+000  0.306889135942937E+001  0.392462332058958E-001  0.529668711567471E+000 -0.556438493380626E+000 -0.556438493380626E+000
  0.257388912543020E+000  0.965201298864741E+000  0.305863223560161E+001  0.446384886511669E-002  0.529668711567471E+000 -0.711453053701265E+000 -0.711453053701265E+000
  0.257226309268024E+000  0.964714368821458E+000  0.306152674023330E+001  0.133044046203838E-001  0.529668711567471E+000 -0.676846967685250E+000 -0.676846967685250E+000
  0.257561488494382E+000  0.966601238783581E+000  0.305937636922533E+001  0.127775424716643E-001  0.529668711567471E+000 -0.425872906954582E+000 -0.425872906954582E+000
  0.256269174226658E+000  0.967511980254516E+000  0.307405240529220E+001  0.346301012185875E-001  0.529668711567471E+000 -0.292507004979654E+000 -0.292507004979654E+000
  0.255201445353340E+000  0.970996120016111E+000  0.309790096912782E+001  0.810558724781625E-001  0.529668711567471E+000 -0.601015332738708E+000 -0.601015332738708E+000
  0.254217226475322E+000  0.975446967213994E+000  0.310040758505061E+001  0.807650646326097E-001  0.529668711567471E+000 -0.696588749408915E+000 -0.696588749408915E+000
  0.255144245112852E+000  0.974527721149468E+000  0.310121680403918E+001  0.936598531861444E-001  0.529668711567471E+000 -0.653753759666833E+000 -0.653753759666833E+000
  0.255050128011927E+000  0.974083130330043E+000  0.308825358603367E+001  0.619787048384719E-001  0.529668711567471E+000 -0.648398696780402E+000 -0.648398696780402E+000
  0.254770339812575E+000  0.976152549608426E+000  0.310838111537218E+001  0.106429055465559E+000  0.529668711567471E+000 -0.821592178799505E+000 -0.821592178799505E+000
  0.254095039188920E+000  0.973439706586468E+000  0.311088496612045E+001  0.997164002863378E-001  0.529668711567471E+000 -0.640577445480146E+000 -0.640577445480146E+000
  0.254461093629079E+000  0.976077873496864E+000  0.310889706363419E+001  0.102148880975474E+000  0.529668711567471E+000 -0.709946024798048E+000 -0.709946024798048E+000
  0.255717150441688E+000  0.969911515044876E+000  0.308542846660019E+001  0.578212653943710E-001  0.529668711567471E+000 -0.155020967831450E+000 -0.155020967831450E+000
  0.254499865557803E+000  0.976831816918443E+000  0.310584343943033E+001  0.981168747033543E-001  0.529668711567471E+000 -0.566959407493991E+000 -0.566959407493991E+000
  0.254358917047157E+000  0.972812450822307E+000  0.310387380078959E+001  0.880466032470825E-001  0.529668711567471E+000 -0.659044491371710E+000 -0.659044491371710E+000
  0.254905497406513E+000  0.974665188677986E+000  0.310381770303063E+001  0.964624210820915E-001  0.529668711567471E+000 -0.572894813593080E+000 -0.572894813593080E+000
  0.254557528910632E+000  0.974706481329558E+000  0.310450616933635E+001  0.928107668323463E-001  0.529668711567471E+000 -0.311590339875696E+000 -0.311590339875696E+000
  0.253705353751525E+000  0.975997886193314E+000  0.311399721644558E+001  0.103649417848046E+000  0.529668711567471E+000 -0.788806230678826E+000 -0.788806230678826E+000
  0.255804720680785E+000  0.973428972251810E+000  0.308395606149276E+001  0.628549690594228E-001  0.529668711567471E+000 -0.779262422063883E+000 -0.779262422063883E+000
  0.254110212371407E+000  0.977612678345333E+000  0.311122584025541E+001  0.106788570085578E+000  0.529668711567471E+000 -0.759282363919491E+000 -0.759282363919491E+000
  0.256195112050022E+000  0.971892163808530E+000  0.308216559767820E+001  0.606483839300435E-001  0.529668711567471E+000 -0.318531679220649E+000 -0.318531679220648E+000
  0.256081180192557E+000  0.972057563061970E+000  0.308699708672058E+001  0.710652604082144E-001  0.529668711567471E+000 -0.723392562590467E+000 -0.723392562590467E+000
  0.253428574961056E+000  0.977802449562062E+000  0.311967754110170E+001  0.116321144711060E+000  0.529668711567471E+000 -0.795532730258113E+000 -0.795532730258113E+000
