  0.100000000000000E+001  0.580174524164400E+001  0.253001681339875E+000  0.983571066702019E+000  0.313899477921909E+001  0.158172339599524E+000  0.529668711567471E+000 -0.290087262082200E+001
  0.100000000000000E+001  0.733237582277269E+001  0.251578975360993E+000  0.984070425755882E+000  0.313875717882667E+001  0.141256519410025E+000  0.529668711567471E+000 -0.366618791138634E+001
  0.100000000000000E+001  0.751251702032584E+001  0.252647593760771E+000  0.984378782182747E+000  0.313134831116770E+001  0.137549001964412E+000  0.529668711567471E+000 -0.375625851016292E+001
  0.100000000000000E+001  0.965600864317397E+001  0.256239983913063E+000  0.970895257996507E+000  0.306794153066639E+001  0.306601131208076E-001  0.529668711567471E+000 -0.482800432158698E+001
  0.100000000000000E+001  0.101611682344224E+002  0.252899797026488E+000  0.989999262402026E+000  0.315414954880228E+001  0.199769100903211E+000  0.529668711567471E+000 -0.508058411721122E+001
  0.100000000000000E+001  0.465143732838755E+001  0.257836921853928E+000  0.970090845746801E+000  0.305794420635359E+001  0.242212506438652E-001  0.529668711567471E+000 -0.232571866419377E+001
  0.100000000000000E+001  0.382984975047481E+001  0.255528534520412E+000  0.973380367479595E+000  0.307593559593293E+001  0.375625423571966E-001  0.529668711567471E+000 -0.191492487523741E+001
  0.100000000000000E+001  0.352542692455669E+001  0.255380297403175E+000  0.966468772801094E+000  0.309150481183552E+001  0.621055151303186E-001  0.529668711567471E+000 -0.176271346227835E+001
  0.100000000000000E+001  0.332913817399432E+001  0.255131344577908E+000  0.969486906199339E+000  0.308425627311054E+001  0.448349639259411E-001  0.529668711567471E+000 -0.166456908699716E+001
  0.100000000000000E+001  0.396006586780153E+001  0.255345012477102E+000  0.978380305199547E+000  0.310213092900603E+001  0.103897429800890E+000  0.529668711567471E+000 -0.198003293390076E+001
  0.100000000000000E+001  0.377571013314378E+001  0.252878159127308E+000  0.979785089792542E+000  0.312427912931457E+001  0.119979827094879E+000  0.529668711567471E+000 -0.188785506657189E+001
  0.100000000000000E+001  0.370874604819658E+001  0.252723627141214E+000  0.976795746094819E+000  0.313202330692793E+001  0.133732959840964E+000  0.529668711567471E+000 -0.185437302409829E+001
  0.100000000000000E+001  0.519217331895040E+001  0.253145571116132E+000  0.982091775832846E+000  0.313720588988218E+001  0.154347143207483E+000  0.529668711567471E+000 -0.259608665947520E+001
  0.100000000000000E+001  0.456384103873635E+001  0.253625025636650E+000  0.983321751215262E+000  0.312213178905117E+001  0.130676516374204E+000  0.529668711567471E+000 -0.228192051936817E+001
  0.100000000000000E+001  0.426812032110595E+001  0.254237801002128E+000  0.979765139962406E+000  0.312505786279240E+001  0.140309742284977E+000  0.529668711567471E+000 -0.213406016055298E+001
  0.100000000000000E+001  0.374528188754204E+001  0.253574092543095E+000  0.982478821198119E+000  0.312480974721125E+001  0.134510533103156E+000  0.529668711567471E+000 -0.187264094377102E+001
  0.100000000000000E+001  0.319571075879129E+001  0.258184152777282E+000  0.962714656900291E+000  0.305502078171984E+001  0.692518763449051E-002  0.529668711567471E+000 -0.159785537939564E+001
  0.100000000000000E+001  0.315578094485378E+001  0.254033782117694E+000  0.969709811106778E+000  0.310571366500836E+001  0.836916310537315E-001  0.529668711567471E+000 -0.157789047242689E+001
  0.100000000000000E+001  0.299566625188318E+001  0.254037369845310E+000  0.978612582415345E+000  0.312296681155024E+001  0.132631035355544E+000  0.529668711567471E+000 -0.149783312594159E+001
  0.100000000000000E+001  0.296666767213806E+001  0.252846981602837E+000  0.980020155663479E+000  0.313305783150079E+001  0.139990070851047E+000  0.529668711567471E+000 -0.148333383606903E+001
  0.100000000000000E+001  0.294326649142590E+001  0.257275507015110E+000  0.969127752314628E+000  0.305853268144615E+001  0.878805158188232E-002  0.529668711567471E+000 -0.147163324571295E+001
  0.100000000000000E+001  0.216814124341549E+001  0.257889100712418E+000  0.964354354200987E+000  0.305949257817421E+001  0.136010850931450E-001  0.529668711567471E+000 -0.108407062170775E+001
  0.100000000000000E+001  0.217947657198945E+001  0.255035974752442E+000  0.973222416649839E+000  0.309258122855149E+001  0.681230608557696E-001  0.529668711567471E+000 -0.108973828599473E+001
  0.100000000000000E+001  0.205673837462452E+001  0.253729516330297E+000  0.975399112984182E+000  0.311099941552548E+001  0.994937873833039E-001  0.529668711567471E+000 -0.102836918731226E+001
  0.100000000000000E+001  0.189612425465634E+001  0.253576826893032E+000  0.977625076310503E+000  0.311177681131267E+001  0.100293905615788E+000  0.529668711567471E+000 -0.948062127328169E+000
  0.100000000000000E+001  0.287914750355128E+001  0.253032915351557E+000  0.980821784236201E+000  0.312505948574495E+001  0.127429116798713E+000  0.529668711567471E+000 -0.143957375177564E+001
  0.100000000000000E+001  0.253441287917158E+001  0.254870249202020E+000  0.976360587018043E+000  0.311020856799089E+001  0.112355493895618E+000  0.529668711567471E+000 -0.126720643958579E+001
  0.100000000000000E+001  0.248678919182123E+001  0.253081095854441E+000  0.977780886149065E+000  0.312749175010181E+001  0.127854256995979E+000  0.529668711567471E+000 -0.124339459591062E+001
  0.100000000000000E+001  0.209411455690731E+001  0.254105926337682E+000  0.978522492541186E+000  0.311725693070320E+001  0.119571333364646E+000  0.529668711567471E+000 -0.104705727845366E+001
  0.100000000000000E+001  0.205072131530937E+001  0.253339136873154E+000  0.979566317478274E+000  0.312310320457100E+001  0.124887132597087E+000  0.529668711567471E+000 -0.102536065765468E+001
  0.100000000000000E+001  0.164318435759901E+001  0.254770339812575E+000  0.976152549608426E+000  0.310838111537218E+001  0.106429055465559E+000  0.529668711567471E+000 -0.821592178799505E+000
  0.100000000000000E+001  0.142290610740253E+001  0.257388912543020E+000  0.965201298864741E+000  0.305863223560161E+001  0.446384886511669E-002  0.529668711567471E+000 -0.711453053701265E+000
  0.100000000000000E+001  0.111132577301815E+001  0.256619689335388E+000  0.966267721416889E+000  0.307294245347375E+001  0.371327371262731E-001  0.529668711567471E+000 -0.555662886509076E+000
  0.100000000000000E+001  0.157761246135765E+001  0.253705353751525E+000  0.975997886193314E+000  0.311399721644558E+001  0.103649417848046E+000  0.529668711567471E+000 -0.788806230678826E+000
  0.100000000000000E+001  0.144678512518093E+001  0.256081180192557E+000  0.972057563061970E+000  0.308699708672058E+001  0.710652604082144E-001  0.529668711567471E+000 -0.723392562590467E+000
  0.100000000000000E+001  0.141989204959610E+001  0.254461093629079E+000  0.976077873496864E+000  0.310889706363419E+001  0.102148880975474E+000  0.529668711567471E+000 -0.709946024798048E+000
  0.100000000000000E+001  0.857924960457817E+000  0.254366024288765E+000  0.973904380732854E+000  0.310451052498209E+001  0.905213939249192E-001  0.529668711567471E+000 -0.428962480228909E+000
  0.100000000000000E+001  0.793870068773398E+000  0.255773771394360E+000  0.970861647784218E+000  0.309011201943817E+001  0.707178788204127E-001  0.529668711567471E+000 -0.396935034386699E+000
  0.100000000000000E+001  0.441249898417211E+000  0.254792506571764E+000  0.974031310375983E+000  0.309907235548063E+001  0.834786338896617E-001  0.529668711567471E+000 -0.220624949208606E+000
  0.100000000000000E+001  0.395089066085873E+000  0.255930011989977E+000  0.969272947575271E+000  0.308276361007832E+001  0.534520792467353E-001  0.529668711567471E+000 -0.197544533042936E+000
