#        weight    minuslogpost         omega_c             n_s            lnas            m_nu   minuslogprior minuslogprior__0            chi2 chi2__likelihood_CAMB
 4.9410888e-315        727.8182      0.28539798        1.033048       2.9131117       0.1463097      -1.2228159       -1.2228159        1458.082              1458.082
 1.1941987e-310       717.69462       0.2925905      0.95178758       2.8990351     0.062022977      -1.2228159       -1.2228159       1437.8349             1437.8349
 2.3215225e-307       710.09134      0.24906976       1.0675033       3.1042411      0.11588371      -1.2228159       -1.2228159       1422.6283             1422.6283
 4.9116354e-307       709.31119      0.25836815      0.90361945       3.1047463      0.10527478      -1.2228159       -1.2228159        1421.068              1421.068
 5.9845752e-299       690.66215       0.2469314      0.89231961       3.1475425     0.034565031      -1.2228159       -1.2228159       1383.7699             1383.7699
 8.2824338e-293       676.49092      0.23673329        1.068518       3.2400577      0.24429545      -1.2228159       -1.2228159       1355.4275             1355.4275
  2.279945e-290       670.84238        0.267526       1.0732781        3.038394      0.22751402      -1.2228159       -1.2228159       1344.1304             1344.1304
 2.8060238e-285       659.09106      0.22802644      0.97722762       3.2512177      0.10161583      -1.2228159       -1.2228159       1320.6278             1320.6278
 3.5629708e-282       651.91371      0.27216425      0.94569343        3.107243      0.24365603      -1.2228159       -1.2228159       1306.2731             1306.2731
 6.6406283e-271       625.93189      0.25343245      0.97085157       3.1437066      0.22306229      -1.2228159       -1.2228159       1254.3094             1254.3094
 1.1396832e-270       625.36099      0.28146808       1.0208843       2.9664677      0.21263731      -1.2228159       -1.2228159       1253.1676             1253.1676
 4.7669595e-270       623.89926      0.23008949      0.91688535       3.3122031      0.14727241      -1.2228159       -1.2228159       1250.2442             1250.2442
 5.3907814e-268       619.14034      0.28644025      0.97512625       2.9462161     0.098716079      -1.2228159       -1.2228159       1240.7263             1240.7263
  2.856911e-266       615.13935      0.27239319       1.0089522       3.0038358      0.08709135      -1.2228159       -1.2228159       1232.7243             1232.7243
 2.3457384e-265       613.00313      0.27146254       1.0625174        2.938059     0.061689929      -1.2228159       -1.2228159       1228.4519             1228.4519
 2.0416123e-256       592.38795      0.23091732       1.0180504       3.2725319       0.1613833      -1.2228159       -1.2228159       1187.2215             1187.2215
 9.5857376e-249       574.69255      0.27497704       1.0381839       3.0731982      0.35055932      -1.2228159       -1.2228159       1151.8307             1151.8307
 3.6653653e-246       568.71537      0.26781469       1.0524282       3.0303924       0.2476865      -1.2228159       -1.2228159       1139.8764             1139.8764
 1.7658519e-225       521.06061      0.23058875      0.94147984       3.3472148      0.24347835      -1.2228159       -1.2228159       1044.5668             1044.5668
 1.3499885e-217       502.87769      0.25361993       1.0659287       3.0926406      0.16130708      -1.2228159       -1.2228159        1008.201              1008.201
 4.0203864e-213        492.5453      0.24398922      0.90098985       3.2388035      0.17014944      -1.2228159       -1.2228159       987.53623             987.53623
 1.4057246e-212       491.26277      0.24222288       1.0499409        3.131154      0.11239824      -1.2228159       -1.2228159       984.97116             984.97116
 1.3547297e-211       488.96636      0.27057025      0.98301531       3.0200264     0.064811576      -1.2228159       -1.2228159       980.37835             980.37835
 5.7090637e-206       475.98421      0.24963707      0.89925752       3.1507527   0.00076591337      -1.2228159       -1.2228159       954.41405             954.41405
  1.118219e-203         470.676      0.28346889        1.002238       2.9175284      0.07394546      -1.2228159       -1.2228159       943.79763             943.79763
 6.1339228e-200       462.03538       0.2789801      0.93868393        2.998534     0.079791654      -1.2228159       -1.2228159       926.51638             926.51638
 2.1369213e-194       449.24356      0.28566588      0.98680475       2.9084899     0.039952863      -1.2228159       -1.2228159       900.93276             900.93276
 1.7779895e-188       435.58116       0.2333134       1.0035557       3.2056799     0.052082671      -1.2228159       -1.2228159       873.60796             873.60796
 1.0465117e-187       433.77783      0.27110979      0.93230668       3.0875139      0.18786588      -1.2228159       -1.2228159       870.00129             870.00129
 2.9046176e-187       432.72622      0.27969528      0.98460327       2.9326064     0.056428622      -1.2228159       -1.2228159       867.89806             867.89806
 1.1189975e-182       422.13639       0.2380886       1.0322537       3.1634909     0.070669694      -1.2228159       -1.2228159       846.71841             846.71841
 1.8084073e-162        375.5739      0.25783187      0.93178532       3.2014035      0.30656856      -1.2228159       -1.2228159       753.59343             753.59343
 3.2696927e-162       374.95088      0.23818747       1.0615725       3.2395557      0.27915791      -1.2228159       -1.2228159       752.34739             752.34739
 7.1679331e-162       374.13519      0.25347422       1.0273437       3.1144561      0.13398821      -1.2228159       -1.2228159         750.716               750.716
 1.1603022e-159        369.0176      0.27173929      0.98434528       3.1264958       0.3816476      -1.2228159       -1.2228159       740.48082             740.48082
 1.1620012e-157       364.38019      0.27712463      0.93128171       2.9937639     0.039004778      -1.2228159       -1.2228159       731.20601             731.20601
 1.5186232e-155       359.47659      0.25127434      0.96995167       3.1573241      0.20760615      -1.2228159       -1.2228159       721.39881             721.39881
  1.702176e-147       340.91103      0.26010488      0.97943834       3.0308169     0.050971446      -1.2228159       -1.2228159        684.2677              684.2677
 5.2140041e-142        328.2479      0.26849632      0.97501177       3.0375009     0.078196447      -1.2228159       -1.2228159       658.94142             658.94142
 5.2388597e-135       312.09427      0.27207267      0.93933319       3.0118512     0.080046624      -1.2228159       -1.2228159       626.63418             626.63418
 7.6164799e-133       307.08412      0.25953534      0.96620215       3.1779895       0.3452394      -1.2228159       -1.2228159       616.61387             616.61387
 4.8341022e-128       295.99504      0.24165798      0.91889981       3.2063214     0.084394392      -1.2228159       -1.2228159       594.43572             594.43572
  2.169346e-125       289.85778      0.23961964       1.0063038       3.1531939     0.067269457      -1.2228159       -1.2228159        582.1612              582.1612
 3.7423241e-125       289.28173      0.23306449       1.0005179       3.2460952      0.13892429      -1.2228159       -1.2228159        581.0091              581.0091
 2.2182859e-124       287.47135      0.24674831       0.9444597       3.2723223      0.33484675      -1.2228159       -1.2228159       577.38833             577.38833
 9.4283702e-124       285.99359      0.24033439       1.0191809       3.1693597      0.12896872      -1.2228159       -1.2228159       574.43281             574.43281
 6.3725516e-116       267.93386      0.25028584       1.0544697       3.1365078      0.22234182      -1.2228159       -1.2228159       538.31335             538.31335
 2.5984353e-112       259.58984      0.24298147       1.0082357       3.2116817      0.25556022      -1.2228159       -1.2228159        521.6253              521.6253
 5.2024188e-110       254.25968      0.26571744      0.98232338       3.1593653      0.36746872      -1.2228159       -1.2228159       510.96499             510.96499
 1.0680916e-109       253.50957      0.23880736       0.9621346       3.2353857      0.13285401      -1.2228159       -1.2228159       509.46478             509.46478
  1.012474e-108       251.22969      0.27002123       1.0224328        3.065884      0.27927056      -1.2228159       -1.2228159       504.90502             504.90502
 4.2240271e-102       235.95502      0.23729187      0.98805316       3.3203905      0.33060896      -1.2228159       -1.2228159       474.35567             474.35567
  2.5202316e-99         230.085      0.24254237      0.96374624       3.3125892      0.38717777      -1.2228159       -1.2228159       462.61563             462.61563
  3.1442519e-97       225.20454      0.23294677      0.99243158       3.2896275      0.22065205      -1.2228159       -1.2228159       452.85471             452.85471
  1.2459224e-96       223.77358      0.26767833      0.94474692       3.0794812      0.16801446      -1.2228159       -1.2228159        449.9928              449.9928
  2.6677328e-89       206.73999      0.25418894       1.0344753       3.1310191      0.25470676      -1.2228159       -1.2228159        415.9256              415.9256
  2.9739372e-88       204.27995      0.26587207      0.95429559       3.0688212      0.14997164      -1.2228159       -1.2228159       411.00554             411.00554
  6.9517563e-87       201.12826      0.23484588      0.99621126       3.2899503      0.24661406      -1.2228159       -1.2228159       404.70215             404.70215
  1.8649791e-84       195.53625      0.26260919      0.98893726       3.1381721      0.31848076      -1.2228159       -1.2228159       393.51813             393.51813
  2.1422521e-84       195.29228      0.25687516      0.97456842       3.1765933       0.3130308      -1.2228159       -1.2228159       393.03019             393.03019
  1.3834199e-83       193.32691      0.25441958       1.0141026       3.1716528      0.26241522      -1.2228159       -1.2228159       389.09945             389.09945
  1.6590006e-80        186.2375      0.24116412       1.0184855       3.2416919      0.30121483      -1.2228159       -1.2228159       374.92063             374.92063
  1.0992904e-78       181.99259      0.23754721       1.0030452       3.2782061      0.26254387      -1.2228159       -1.2228159        366.4308              366.4308
  1.3687988e-76       177.11685      0.26009978      0.94389062        3.144928       0.2083302      -1.2228159       -1.2228159       356.67934             356.67934
  1.5433666e-75       174.64294      0.24120268       1.0227231       3.2411551      0.25842812      -1.2228159       -1.2228159       351.73152             351.73152
  1.3020558e-67       156.39228       0.2425377       1.0038547       3.2175241      0.24567303      -1.2228159       -1.2228159        315.2302              315.2302
  9.7311756e-61       140.56538      0.23754657       1.0250758       3.2747589      0.30301936      -1.2228159       -1.2228159        283.5764              283.5764
  4.8395649e-57       131.99639      0.24897976      0.94378116       3.1966858      0.17522344      -1.2228159       -1.2228159       266.43842             266.43842
  9.6839035e-57        131.2456      0.26392798      0.98819032       3.0873892      0.20943257      -1.2228159       -1.2228159       264.93682             264.93682
  7.3516418e-55       126.85881       0.2609343      0.98695395       3.1721848      0.35258008      -1.2228159       -1.2228159       256.16325             256.16325
  1.8358061e-52       121.28133      0.24565092       1.0167294       3.2589281      0.35230603      -1.2228159       -1.2228159        245.0083              245.0083
  6.9903223e-51       117.53048      0.25918467       0.9562359       3.1083637      0.15498137      -1.2228159       -1.2228159       237.50659             237.50659
   8.370845e-50       115.04767      0.26256298       1.0162943       3.1424023      0.35036595      -1.2228159       -1.2228159       232.54097             232.54097
  3.2048217e-49       113.64802      0.23877443      0.98584509       3.2770381      0.28473521      -1.2228159       -1.2228159       229.74168             229.74168
  4.9293468e-45       104.00713       0.2603855       1.0123179       3.1719026       0.3689437      -1.2228159       -1.2228159        210.4599              210.4599
  2.2047615e-44       102.44851      0.24714329       1.0301883       3.1872985      0.26254387      -1.2228159       -1.2228159       207.34265             207.34265
  2.3973639e-43       100.06217      0.24761215      0.95072421       3.2059204      0.19748407      -1.2228159       -1.2228159       202.56998             202.56998
   3.423688e-41       94.975492      0.25711224       1.0398025       3.1711835      0.37507681      -1.2228159       -1.2228159       192.39662             192.39662
   1.142775e-40       93.770165      0.25003472        1.016368       3.1316316      0.15980965      -1.2228159       -1.2228159       189.98596             189.98596
  6.5569982e-38       87.417922      0.25772553      0.99325761       3.1604389      0.30242859      -1.2228159       -1.2228159       177.28148             177.28148
  2.5997878e-33       76.761107      0.24747062      0.99212995       3.1502727      0.14213751      -1.2228159       -1.2228159       155.96785             155.96785
  3.8979288e-32       73.984513      0.25097732      0.97265551        3.218083      0.30338153      -1.2228159       -1.2228159       150.41466             150.41466
  1.3638671e-28       65.630138      0.25256375      0.96761675       3.1523838      0.14551458      -1.2228159       -1.2228159       133.70591             133.70591
  1.4766061e-28       65.490091      0.25081023      0.98016441       3.2319481      0.33733834      -1.2228159       -1.2228159       133.42581             133.42581
  1.5244755e-28       65.397562      0.24567027       1.0304443       3.2565848      0.38063132      -1.2228159       -1.2228159       133.24076             133.24076
   3.621252e-28       64.532393      0.26171319      0.98742173       3.1115592      0.21385795      -1.2228159       -1.2228159       131.51042             131.51042
  3.5583134e-26       59.819593      0.25327568       1.0310847        3.179326      0.32247769      -1.2228159       -1.2228159       122.08482             122.08482
  1.0513173e-25       58.736251      0.24766937       1.0080242       3.1873376      0.21605488      -1.2228159       -1.2228159       119.91813             119.91813
  1.0205451e-24       56.398834      0.25154189      0.99750003       3.2045955       0.3251598      -1.2228159       -1.2228159        115.2433              115.2433
  1.2653534e-23       53.881234      0.25675211      0.97700755       3.1279826       0.1596087      -1.2228159       -1.2228159        110.2081              110.2081
  7.1824321e-22       49.708831      0.24389732      0.98758016       3.2504876      0.28518773      -1.2228159       -1.2228159       101.86329             101.86329
  1.8700248e-20        47.54796       0.2560756      0.96812248       3.1558895      0.21714556      -1.2228159       -1.2228159       97.541551             97.541551
  1.0941058e-14       34.268463      0.24834915      0.97480379       3.1893323      0.20804149      -1.2228159       -1.2228159       70.982558             70.982558
  2.3653109e-11        26.07891      0.24718729      0.97815799       3.2075151      0.22916193      -1.2228159       -1.2228159       54.603453             54.603453
   3.899252e-09       20.750721      0.25261438      0.98648125       3.1743438      0.24616071      -1.2228159       -1.2228159       43.947075             43.947075
  2.3357685e-08        18.96058      0.25283114      0.99943081       3.1664005      0.23249952      -1.2228159       -1.2228159       40.366792             40.366792
  1.2032076e-06        15.01876      0.25410434      0.98676663       3.1686227      0.24418871      -1.2228159       -1.2228159       32.483152             32.483152
  5.1571418e-05       10.567636      0.25208538       1.0013311       3.1793261      0.25918702      -1.2228159       -1.2228159       23.580904             23.580904
  0.00017660692       9.0489951      0.25186003       1.0017464       3.1825577      0.26636251      -1.2228159       -1.2228159       20.543622             20.543622
  0.00023982676       8.4553227      0.24875213      0.99370235       3.1892177       0.2309939      -1.2228159       -1.2228159       19.356277             19.356277
  0.00055458783       7.3293323       0.2509382      0.99346683       3.1811456      0.23591192      -1.2228159       -1.2228159       17.104296             17.104296
  0.00048189078       7.1821579      0.24930342      0.98805007       3.1783444      0.20178354      -1.2228159       -1.2228159       16.809948             16.809948
   0.0013912477       6.1219192      0.24995282      0.99658385       3.1839685      0.23769991      -1.2228159       -1.2228159        14.68947              14.68947
   0.0014874219       6.0550758      0.25105049      0.99078452       3.1738115      0.21749946      -1.2228159       -1.2228159       14.555783             14.555783
  0.00087940238       5.8874857       0.2514293      0.99045435       3.1726641      0.21977636      -1.2228159       -1.2228159       14.220603             14.220603
