  0.100000000000000E+001  0.140494489420479E+002  0.256853410135811E+000  0.974422889640409E+000  0.309025999161088E+001  0.948316130357975E-001  0.122281589212742E+001 -0.702472447102393E+001
  0.100000000000000E+001  0.118132609553063E+002  0.254364952137206E+000  0.967194554469085E+000  0.310583015963545E+001  0.790967709522468E-001  0.122281589212742E+001 -0.590663047765316E+001
  0.100000000000000E+001  0.761057404025229E+001  0.257182047287951E+000  0.974421077461808E+000  0.305965035978624E+001  0.200128315011707E-001  0.122281589212742E+001 -0.380528702012614E+001
  0.100000000000000E+001  0.502305306397249E+001  0.253734562501782E+000  0.980386332790521E+000  0.312158454856142E+001  0.124670845114867E+000  0.122281589212742E+001 -0.251152653198625E+001
  0.100000000000000E+001  0.565676682575164E+001  0.254310674496552E+000  0.977154489329013E+000  0.312524073648290E+001  0.137124485755568E+000  0.122281589212742E+001 -0.282838341287582E+001
  0.100000000000000E+001  0.715633381794136E+001  0.254168091469663E+000  0.981494446493453E+000  0.310158956498884E+001  0.915772434382778E-001  0.122281589212742E+001 -0.357816690897068E+001
  0.100000000000000E+001  0.631557690829615E+001  0.257380726090642E+000  0.971442031591690E+000  0.306493986820791E+001  0.298424390987502E-001  0.122281589212742E+001 -0.315778845414808E+001
  0.100000000000000E+001  0.594334512317690E+001  0.256362963071265E+000  0.969287978352534E+000  0.306763749438036E+001  0.280074217313732E-001  0.122281589212742E+001 -0.297167256158845E+001
  0.100000000000000E+001  0.580684560070146E+001  0.257154306357218E+000  0.968541425748248E+000  0.307630752411675E+001  0.506333934553178E-001  0.122281589212742E+001 -0.290342280035073E+001
  0.100000000000000E+001  0.550191877739200E+001  0.258943824149912E+000  0.970941834262033E+000  0.304983010514697E+001  0.146023196970249E-001  0.122281589212742E+001 -0.275095938869600E+001
  0.100000000000000E+001  0.493791096641340E+001  0.257306067300588E+000  0.970941386333576E+000  0.305603625019342E+001  0.101018991284548E-001  0.122281589212742E+001 -0.246895548320670E+001
  0.100000000000000E+001  0.488839345977940E+001  0.256859690412319E+000  0.970044220097488E+000  0.306550004635910E+001  0.219132552987685E-001  0.122281589212742E+001 -0.244419672988970E+001
  0.100000000000000E+001  0.325165764991284E+001  0.254750798271587E+000  0.977721969318506E+000  0.310245967761415E+001  0.970680476642632E-001  0.122281589212742E+001 -0.162582882495642E+001
  0.100000000000000E+001  0.447733409025870E+001  0.256739905738016E+000  0.972001389543663E+000  0.307233689976013E+001  0.407511353168546E-001  0.122281589212742E+001 -0.223866704512935E+001
  0.100000000000000E+001  0.428851507187697E+001  0.258179104917751E+000  0.962293552143521E+000  0.305989314117607E+001  0.200230442548440E-001  0.122281589212742E+001 -0.214425753593848E+001
  0.100000000000000E+001  0.419097520021777E+001  0.256228742262350E+000  0.965761632071318E+000  0.307488585962173E+001  0.380775060957035E-001  0.122281589212742E+001 -0.209548760010889E+001
  0.100000000000000E+001  0.350063031080380E+001  0.255205686499087E+000  0.976048539732899E+000  0.310324709372918E+001  0.102351500005444E+000  0.122281589212742E+001 -0.175031515540190E+001
  0.100000000000000E+001  0.379526841421944E+001  0.253919868136836E+000  0.978478427353689E+000  0.311299206246553E+001  0.111184111392315E+000  0.122281589212742E+001 -0.189763420710972E+001
  0.100000000000000E+001  0.365137776964114E+001  0.256322794414693E+000  0.968242012537143E+000  0.307599159073414E+001  0.457622300665164E-001  0.122281589212742E+001 -0.182568888482057E+001
  0.100000000000000E+001  0.364606735015060E+001  0.257647989609939E+000  0.971452243752040E+000  0.305793161098705E+001  0.219055684263060E-001  0.122281589212742E+001 -0.182303367507530E+001
  0.100000000000000E+001  0.325204181502961E+001  0.256479740366713E+000  0.973091717492534E+000  0.307021043742776E+001  0.392137015400642E-001  0.122281589212742E+001 -0.162602090751481E+001
  0.100000000000000E+001  0.417379949039954E+001  0.255705813618729E+000  0.977026776619915E+000  0.310217867198464E+001  0.105770052036259E+000  0.122281589212742E+001 -0.208689974519977E+001
  0.100000000000000E+001  0.505928719910672E+001  0.252142320927317E+000  0.976320763718485E+000  0.312601470840712E+001  0.110825302535441E+000  0.122281589212742E+001 -0.252964359955336E+001
  0.100000000000000E+001  0.462356593571887E+001  0.254205780688211E+000  0.979098545503701E+000  0.310605054763089E+001  0.100319598802093E+000  0.122281589212742E+001 -0.231178296785943E+001
  0.100000000000000E+001  0.318466661469471E+001  0.252656542765432E+000  0.980402137721492E+000  0.312664949327719E+001  0.125091814849517E+000  0.122281589212742E+001 -0.159233330734736E+001
  0.100000000000000E+001  0.296070484760667E+001  0.255563204037151E+000  0.971613704217692E+000  0.308235082240037E+001  0.488393958369490E-001  0.122281589212742E+001 -0.148035242380334E+001
  0.100000000000000E+001  0.293766569314851E+001  0.254914225380287E+000  0.975818648844076E+000  0.308851059649522E+001  0.640617529623138E-001  0.122281589212742E+001 -0.146883284657426E+001
  0.100000000000000E+001  0.292393589122208E+001  0.255074971171884E+000  0.967441119044187E+000  0.308275079415348E+001  0.389705031199051E-001  0.122281589212742E+001 -0.146196794561104E+001
  0.100000000000000E+001  0.282913270761606E+001  0.257169725401868E+000  0.965433588675984E+000  0.307359086465643E+001  0.440119367646932E-001  0.122281589212742E+001 -0.141456635380803E+001
  0.100000000000000E+001  0.279592842101363E+001  0.256093925884700E+000  0.974018144441615E+000  0.307721334779508E+001  0.484406581818669E-001  0.122281589212742E+001 -0.139796421050682E+001
  0.100000000000000E+001  0.259143746068375E+001  0.257488413484445E+000  0.966126982219067E+000  0.305725808459975E+001  0.875113121635152E-002  0.122281589212742E+001 -0.129571873034188E+001
  0.100000000000000E+001  0.232183038216454E+001  0.257863030350814E+000  0.969990627630035E+000  0.305621520138168E+001  0.173388924279364E-001  0.122281589212742E+001 -0.116091519108227E+001
  0.100000000000000E+001  0.202386239264569E+001  0.256852273809174E+000  0.971602233205661E+000  0.307649946159585E+001  0.534575643569516E-001  0.122281589212742E+001 -0.101193119632284E+001
  0.100000000000000E+001  0.234392251739728E+001  0.254191743717508E+000  0.975619465236158E+000  0.311696767314852E+001  0.115966500703271E+000  0.122281589212742E+001 -0.117196125869864E+001
  0.100000000000000E+001  0.220188580776971E+001  0.253820352847127E+000  0.973722352395860E+000  0.310177166976523E+001  0.755649284856621E-001  0.122281589212742E+001 -0.110094290388486E+001
  0.100000000000000E+001  0.206860904659935E+001  0.253119071041988E+000  0.976648191440723E+000  0.312082147832813E+001  0.112474702278371E+000  0.122281589212742E+001 -0.103430452329967E+001
  0.100000000000000E+001  0.206405060678380E+001  0.254814080722583E+000  0.977490690994595E+000  0.310217660867357E+001  0.958404142574060E-001  0.122281589212742E+001 -0.103202530339190E+001
  0.100000000000000E+001  0.199098683621017E+001  0.253867446065975E+000  0.975546244561737E+000  0.310402782641699E+001  0.834786284471061E-001  0.122281589212742E+001 -0.995493418105086E+000
  0.100000000000000E+001  0.174351358136433E+001  0.258123245606147E+000  0.969008295285125E+000  0.305823908045874E+001  0.233961140755288E-001  0.122281589212742E+001 -0.871756790682165E+000
  0.100000000000000E+001  0.167362361089529E+001  0.258487703774256E+000  0.964362307521084E+000  0.305475210579574E+001  0.118283206942902E-001  0.122281589212742E+001 -0.836811805447647E+000
  0.100000000000000E+001  0.153187024175712E+001  0.257280955235088E+000  0.966403030019796E+000  0.306076321331655E+001  0.158867264266892E-001  0.122281589212742E+001 -0.765935120878561E+000
  0.100000000000000E+001  0.140955013989503E+001  0.255919766448117E+000  0.971203085160242E+000  0.307382270700490E+001  0.354238924865191E-001  0.122281589212742E+001 -0.704775069947515E+000
  0.100000000000000E+001  0.132906427202969E+001  0.257526940045160E+000  0.965161979255518E+000  0.306182156703400E+001  0.200630225421218E-001  0.122281589212742E+001 -0.664532136014845E+000
  0.100000000000000E+001  0.973057192157802E+000  0.258104937343752E+000  0.964695707517829E+000  0.305488120473330E+001  0.653768734846829E-002  0.122281589212742E+001 -0.486528596078901E+000
  0.100000000000000E+001  0.967613846507070E+000  0.256997400904062E+000  0.970588756977253E+000  0.306758238062446E+001  0.333531406867331E-001  0.122281589212742E+001 -0.483806923253535E+000
  0.100000000000000E+001  0.896234092517658E+000  0.257462853526188E+000  0.967980611295740E+000  0.305977731828665E+001  0.175996423768161E-001  0.122281589212742E+001 -0.448117046258829E+000
  0.100000000000000E+001  0.878525767023586E+000  0.256406546856967E+000  0.972005555683788E+000  0.307394953293734E+001  0.437947985089657E-001  0.122281589212742E+001 -0.439262883511793E+000
  0.100000000000000E+001  0.568140016557634E+000  0.257322129110890E+000  0.968388988690956E+000  0.306677579037964E+001  0.331446626400670E-001  0.122281589212742E+001 -0.284070008278817E+000
  0.100000000000000E+001  0.183187435365015E+001  0.254754366916309E+000  0.969464793706498E+000  0.309991656491114E+001  0.786351401210037E-001  0.122281589212742E+001 -0.915937176825075E+000
  0.100000000000000E+001  0.164425885970064E+001  0.255482912317443E+000  0.972483344343633E+000  0.309177567771851E+001  0.713502512819384E-001  0.122281589212742E+001 -0.822129429850320E+000
  0.100000000000000E+001  0.159042768106736E+001  0.254698167757865E+000  0.976788022464635E+000  0.310824082315190E+001  0.106150575712101E+000  0.122281589212742E+001 -0.795213840533681E+000
  0.100000000000000E+001  0.115683511208845E+001  0.255141286270322E+000  0.974194474421211E+000  0.310076071715344E+001  0.920951556285990E-001  0.122281589212742E+001 -0.578417556044227E+000
  0.100000000000000E+001  0.114381917993274E+001  0.254776476781879E+000  0.976387123078817E+000  0.310384757140664E+001  0.964087822732335E-001  0.122281589212742E+001 -0.571909589966370E+000
  0.100000000000000E+001  0.110292412382282E+001  0.254667667404741E+000  0.974332242206570E+000  0.310022595030922E+001  0.830089893443715E-001  0.122281589212742E+001 -0.551462061911411E+000
  0.100000000000000E+001  0.941134800728601E+000  0.254683823792535E+000  0.976004533284312E+000  0.310373474025487E+001  0.943099619848944E-001  0.122281589212742E+001 -0.470567400364300E+000
  0.100000000000000E+001  0.530446567823511E+000  0.255208552488832E+000  0.972514344684516E+000  0.309571120556686E+001  0.781144386509977E-001  0.122281589212742E+001 -0.265223283911755E+000
  0.100000000000000E+001  0.438086290620715E+000  0.257591399461005E+000  0.967271111085120E+000  0.306111205485327E+001  0.208669955092255E-001  0.122281589212742E+001 -0.219043145310358E+000
  0.100000000000000E+001  0.421891901721011E+000  0.256086032159849E+000  0.970603295331419E+000  0.307519614812695E+001  0.405017447343982E-001  0.122281589212742E+001 -0.210945950860505E+000
  0.100000000000000E+001  0.335282102618407E+000  0.256875267871441E+000  0.968407719432228E+000  0.307167340674449E+001  0.389427832372605E-001  0.122281589212742E+001 -0.167641051309203E+000
