  0.685380428000351E-314  0.146738531504836E+004  0.195883049968826E+000  0.102797242459645E+001  0.342903618956158E+001 -0.163145372387624E+001  0.932872918393183E+000 -0.268920711330073E+001  0.000000000000000E+000 -0.731875580246969E+003
  0.279738019397128E-296  0.138612440735159E+004  0.247984084685759E+000  0.100267989591712E+001  0.316167183001597E+001 -0.911121036857824E+000  0.325700900096346E-001 -0.268920711330073E+001  0.000000000000000E+000 -0.691245126398584E+003
  0.508313656552256E-259  0.121396325598306E+004  0.159983732871318E+000  0.107798306406547E+001  0.377495335006464E+001 -0.187825619365410E+001  0.168303383311859E+001 -0.268920711330073E+001  0.000000000000000E+000 -0.605164550714320E+003
  0.340728706692427E-228  0.107175267815574E+004  0.222931745444123E+000  0.103294232631696E+001  0.332812709298848E+001 -0.139675613951945E+001  0.117209543440235E+001 -0.268920711330073E+001  0.000000000000000E+000 -0.534059261800660E+003
  0.152171679021923E-220  0.103652347112457E+004  0.154716118331436E+000  0.109044131052814E+001  0.382680657990707E+001 -0.185905335444598E+001  0.169996171443072E+001 -0.268920711330073E+001  0.000000000000000E+000 -0.516444658285073E+003
  0.328202969371813E-206  0.970263516484163E+003  0.157482317807998E+000  0.111821041105755E+001  0.378369287510966E+001 -0.186341845530531E+001  0.172995861994412E+001 -0.268920711330073E+001  0.000000000000000E+000 -0.483314680964869E+003
  0.638172512172003E-201  0.945786463478615E+003  0.158069969812134E+000  0.111947681561983E+001  0.376314600211931E+001 -0.181706722567724E+001  0.144503521286035E+001 -0.268920711330073E+001  0.000000000000000E+000 -0.471076154462095E+003
  0.766491210901567E-195  0.917553447112046E+003  0.190664380075443E+000  0.108113031225449E+001  0.345887369644420E+001 -0.153119642776431E+001  0.105296457079615E+001 -0.268920711330073E+001  0.000000000000000E+000 -0.456959646278811E+003
  0.374325699386912E-178  0.840584631041159E+003  0.206259113662190E+000  0.105798197070464E+001  0.336569337472071E+001 -0.117120957778859E+001  0.414398865497724E+000 -0.268920711330073E+001  0.000000000000000E+000 -0.418475238243367E+003
  0.249913744330303E-165  0.781200401637853E+003  0.212560817852122E+000  0.104876166562393E+001  0.344959052815158E+001 -0.145084400428072E+001  0.128902541051342E+001 -0.268920711330073E+001  0.000000000000000E+000 -0.388783123541714E+003
  0.501259887467020E-151  0.715135834380112E+003  0.201523366649844E+000  0.105863111150072E+001  0.339132478643806E+001 -0.152894795314776E+001  0.104447443893022E+001 -0.268920711330073E+001  0.000000000000000E+000 -0.355750839912844E+003
  0.112357555792501E-148  0.704213620404622E+003  0.192710476702202E+000  0.105089593682894E+001  0.355771104016542E+001 -0.135535333619885E+001  0.104331449111019E+001 -0.268920711330073E+001  0.000000000000000E+000 -0.350289732925099E+003
  0.122555166823565E-137  0.653103474431226E+003  0.210535862370612E+000  0.104717348522844E+001  0.346278093700030E+001 -0.141676942153392E+001  0.122952990387139E+001 -0.268920711330073E+001  0.000000000000000E+000 -0.324734659938400E+003
  0.464172757447581E-137  0.650351179836107E+003  0.230259992910544E+000  0.103147208255240E+001  0.320612503777316E+001 -0.128392662841340E+001  0.647846805720840E+000 -0.268920711330073E+001  0.000000000000000E+000 -0.323358512640841E+003
  0.784703842721642E-134  0.635396666610675E+003  0.187369137614123E+000  0.104574166936627E+001  0.356931749585595E+001 -0.147570401828966E+001  0.112681268219152E+001 -0.268920711330073E+001  0.000000000000000E+000 -0.315881256028125E+003
  0.793334504048261E-124  0.589234184070637E+003  0.185471562475480E+000  0.106297733544449E+001  0.351882848082549E+001 -0.163459088707539E+001  0.118550979873994E+001 -0.268920711330073E+001  0.000000000000000E+000 -0.292800014758106E+003
  0.168756067854277E-122  0.583119425032514E+003  0.196359429453339E+000  0.104421128581479E+001  0.340948713940103E+001 -0.129641635947710E+001 -0.267303131590046E-001 -0.268920711330073E+001  0.000000000000000E+000 -0.289742635239044E+003
  0.321210039589156E-122  0.581739103098589E+003  0.193738984434998E+000  0.103575525275468E+001  0.351177845954148E+001 -0.152424908104496E+001  0.125630090591014E+001 -0.268920711330073E+001  0.000000000000000E+000 -0.289052474272082E+003
  0.788661210477688E-121  0.575337449713575E+003  0.240668832662210E+000  0.102860953422483E+001  0.314458387072090E+001 -0.928221776264240E+000 -0.809202723886182E-001 -0.268920711330073E+001  0.000000000000000E+000 -0.285851647579575E+003
  0.708338296028775E-119  0.566244359090815E+003  0.202049324775880E+000  0.108708700213738E+001  0.349938928827492E+001 -0.156931409283187E+001  0.145826734657970E+001 -0.268920711330073E+001  0.000000000000000E+000 -0.281305102268195E+003
  0.100028477926350E-113  0.542430691394776E+003  0.215703565277083E+000  0.105156360835194E+001  0.342335310979769E+001 -0.136175113152741E+001  0.114833593085734E+001 -0.268920711330073E+001  0.000000000000000E+000 -0.269398268420176E+003
  0.548504216019085E-113  0.538929630983581E+003  0.179932762500106E+000  0.107429800730423E+001  0.360274789657509E+001 -0.163745618099304E+001  0.141384436801151E+001 -0.268920711330073E+001  0.000000000000000E+000 -0.267647738214578E+003
  0.202132090619913E-110  0.527013087234248E+003  0.211848150831030E+000  0.105224276271563E+001  0.331945466736817E+001 -0.138267016411696E+001  0.556292942404913E+000 -0.268920711330073E+001  0.000000000000000E+000 -0.261689466339912E+003
  0.205604250365493E-110  0.526881443288512E+003  0.172591618905826E+000  0.110545662903969E+001  0.370301900717636E+001 -0.179430501912289E+001  0.173730365050630E+001 -0.268920711330073E+001  0.000000000000000E+000 -0.261623644367044E+003
  0.684623775886400E-110  0.524475610791022E+003  0.198663136222476E+000  0.107816681910044E+001  0.350952087205590E+001 -0.133473648495841E+001  0.108068317101901E+001 -0.268920711330073E+001  0.000000000000000E+000 -0.260420728118299E+003
  0.648799055406396E-107  0.510665006460693E+003  0.178927056478661E+000  0.113368954035390E+001  0.356282407913382E+001 -0.160865072144305E+001  0.120495203102611E+001 -0.268920711330073E+001  0.000000000000000E+000 -0.253515425953134E+003
  0.271363596034863E-104  0.498592822787685E+003  0.183844249117800E+000  0.108403247871509E+001  0.362590445732884E+001 -0.169823707685274E+001  0.162565083677613E+001 -0.268920711330073E+001  0.000000000000000E+000 -0.247479334116630E+003
  0.291277046493117E-104  0.498343057825842E+003  0.193084425326239E+000  0.106439798686899E+001  0.355010837377730E+001 -0.139824240473956E+001  0.112223513019572E+001 -0.268920711330073E+001  0.000000000000000E+000 -0.247354451635709E+003
  0.828983151865945E-103  0.491537903262470E+003  0.210264491528280E+000  0.102093465660977E+001  0.337538723904737E+001 -0.143743802451519E+001  0.999886651292415E+000 -0.268920711330073E+001  0.000000000000000E+000 -0.243951874354023E+003
  0.335618503097959E-097  0.465715331594607E+003  0.205549162563006E+000  0.108245067275721E+001  0.331054454490981E+001 -0.131129028793559E+001 -0.113719053022509E+000 -0.268920711330073E+001  0.000000000000000E+000 -0.231040588520091E+003
  0.864230269928017E-091  0.436192582194754E+003  0.206358347966619E+000  0.104979422103352E+001  0.333989748364978E+001 -0.142079997863203E+001  0.650439830197008E+000 -0.268920711330073E+001  0.000000000000000E+000 -0.216279213820165E+003
  0.248389638348262E-090  0.434081093236366E+003  0.181329447802304E+000  0.106844891079835E+001  0.353875722817244E+001 -0.159547984938839E+001  0.996867720006483E+000 -0.268920711330073E+001  0.000000000000000E+000 -0.215223469340971E+003
  0.596320762765370E-086  0.413908852333942E+003  0.230563392468872E+000  0.979305621240129E+000  0.319224523089741E+001 -0.107015574693203E+001 -0.128005718984864E+000 -0.268920711330073E+001  0.000000000000000E+000 -0.205137348889759E+003
  0.792142570514852E-086  0.413340926985864E+003  0.256727853958291E+000  0.991342220548526E+000  0.306614753631096E+001 -0.829589204461939E+000 -0.408681471989293E+000 -0.268920711330073E+001  0.000000000000000E+000 -0.204853386215720E+003
  0.606986841228262E-085  0.409120009408444E+003  0.224081366725226E+000  0.104287311571260E+001  0.324771583700093E+001 -0.126555702108690E+001  0.453903286201320E+000 -0.268920711330073E+001  0.000000000000000E+000 -0.202742927427009E+003
  0.957464992089011E-084  0.403603275130162E+003  0.185962600438402E+000  0.105233040606672E+001  0.352590116935669E+001 -0.156284487514178E+001  0.103989161337026E+001 -0.268920711330073E+001  0.000000000000000E+000 -0.199984560287869E+003
  0.987805448154335E-071  0.343365368142793E+003  0.255818810195363E+000  0.100437532198634E+001  0.305297893670970E+001 -0.857539984011142E+000 -0.435186732071872E+000 -0.268920711330073E+001  0.000000000000000E+000 -0.169865606794184E+003
  0.758536861634795E-069  0.334535000562225E+003  0.185250358162227E+000  0.110258024257551E+001  0.361894396123647E+001 -0.167831891044892E+001  0.160589338081192E+001 -0.268920711330073E+001  0.000000000000000E+000 -0.165450423003900E+003
  0.121586588691146E-064  0.315022463133168E+003  0.260803888309991E+000  0.991312014774049E+000  0.307674993881097E+001 -0.101316360794175E+001  0.258869141865884E+000 -0.268920711330073E+001  0.000000000000000E+000 -0.155694154289372E+003
  0.815183983236178E-051  0.250813148420163E+003  0.232345908015010E+000  0.990911606769060E+000  0.322779527885438E+001 -0.116276495735486E+001  0.355528859380588E+000 -0.268920711330073E+001  0.000000000000000E+000 -0.123589496932869E+003
  0.645608338469916E-050  0.246674419836871E+003  0.200453874053815E+000  0.103198090269932E+001  0.343575372641017E+001 -0.134689383377887E+001  0.802824667635487E+000 -0.268920711330073E+001  0.000000000000000E+000 -0.121520132641223E+003
  0.717009360613338E-049  0.241494814811205E+003  0.211583857873582E+000  0.105707582211774E+001  0.346291624300440E+001 -0.141397912698838E+001  0.126188810191787E+001 -0.268920711330073E+001  0.000000000000000E+000 -0.118930330128390E+003
  0.259293153503257E-046  0.229599246640228E+003  0.217399826569868E+000  0.101750516047759E+001  0.327248902042988E+001 -0.114403872944124E+001 -0.127883730434918E+000 -0.268920711330073E+001  0.000000000000000E+000 -0.112982546042902E+003
  0.508565903549530E-046  0.228029524325017E+003  0.220409029772140E+000  0.104232610075329E+001  0.341323614699928E+001 -0.129447450545955E+001  0.108577256573652E+001 -0.268920711330073E+001  0.000000000000000E+000 -0.112197684885296E+003
  0.473680675468529E-032  0.161954033177841E+003  0.217993592610427E+000  0.103714337105357E+001  0.343482500089931E+001 -0.128113566000372E+001  0.108817083772585E+001 -0.268920711330073E+001  0.000000000000000E+000 -0.809770165889207E+002
  0.130668905336315E-026  0.136898745523058E+003  0.220815885949114E+000  0.104436115587328E+001  0.341709387214891E+001 -0.129503486005518E+001  0.111721639362212E+001 -0.268920711330073E+001  0.000000000000000E+000 -0.684493727615292E+002
  0.207510012782022E-024  0.126398736219042E+003  0.230845400663255E+000  0.101630806821555E+001  0.336268871332125E+001 -0.111484071754380E+001  0.824644284325032E+000 -0.268920711330073E+001  0.000000000000000E+000 -0.631993681095209E+002
  0.417980003984906E-023  0.120028414917174E+003  0.230889009714879E+000  0.101447421825039E+001  0.333229337121309E+001 -0.116589839842064E+001  0.863982502317565E+000 -0.268920711330073E+001  0.000000000000000E+000 -0.600142074585868E+002
  0.349140200134058E-023  0.120023691869400E+003  0.213765479851132E+000  0.104796045814110E+001  0.345392301183904E+001 -0.134298274709222E+001  0.116004487125351E+001 -0.268920711330073E+001  0.000000000000000E+000 -0.600118459347002E+002
  0.561028670797784E-021  0.109500111484453E+003  0.224214957224153E+000  0.104043787824152E+001  0.340018188378201E+001 -0.126233054153666E+001  0.107156454097769E+001 -0.268920711330073E+001  0.000000000000000E+000 -0.547500557422265E+002
  0.214458041263384E-020  0.106818257105266E+003  0.225803125702206E+000  0.103494691195205E+001  0.341128971785341E+001 -0.119126935980052E+001  0.980241155106589E+000 -0.268920711330073E+001  0.000000000000000E+000 -0.534091285526328E+002
  0.314793161015747E-020  0.106050653737176E+003  0.216335110071018E+000  0.104299708388074E+001  0.343754268860416E+001 -0.133365195683670E+001  0.115139999640144E+001 -0.268920711330073E+001  0.000000000000000E+000 -0.530253268685881E+002
  0.358206411389439E-018  0.960065620264493E+002  0.217758625932435E+000  0.104047095775119E+001  0.345281098852115E+001 -0.126928919846436E+001  0.108374892918465E+001 -0.268920711330073E+001  0.000000000000000E+000 -0.480032810132247E+002
  0.449202239031969E-018  0.955538343885220E+002  0.219537855318899E+000  0.103733185681949E+001  0.344006397994155E+001 -0.125585543039181E+001  0.105929162900157E+001 -0.268920711330073E+001  0.000000000000000E+000 -0.477769171942610E+002
  0.322918560558616E-016  0.856173457562295E+002  0.226788929128659E+000  0.102954204037218E+001  0.338433708847438E+001 -0.122369531352367E+001  0.100360469725169E+001 -0.268920711330073E+001  0.000000000000000E+000 -0.428086728781148E+002
  0.116499168583229E-015  0.830512076114061E+002  0.221477442409513E+000  0.103539682732126E+001  0.341162572083307E+001 -0.125950662803967E+001  0.104579826234958E+001 -0.268920711330073E+001  0.000000000000000E+000 -0.415256038057030E+002
  0.228413699558741E-015  0.817046589710414E+002  0.226795927716485E+000  0.102176287658690E+001  0.336972151516390E+001 -0.120479757922558E+001  0.944171614118347E+000 -0.268920711330073E+001  0.000000000000000E+000 -0.408523294855207E+002
