  0.295364093171589E-312  0.146431079934729E+004  0.268010579713206E+000  0.914311525093987E+000  0.301309159977366E+001 -0.954972019687311E+000 -0.259144691698639E+000 -0.268920711330073E+001  0.000000000000000E+000 -0.732155399673647E+003
  0.728281370031473E-301  0.141163824894740E+004  0.269819246834631E+000  0.904872880179438E+000  0.302001685214176E+001 -0.970315890326742E+000 -0.223563920723026E+000 -0.268920711330073E+001  0.000000000000000E+000 -0.705819124473701E+003
  0.220544012649582E-294  0.138138989663856E+004  0.263427660211777E+000  0.926239027778436E+000  0.307098747266045E+001 -0.900594388425997E+000 -0.407296799248241E+000 -0.268920711330073E+001  0.000000000000000E+000 -0.690694948319281E+003
  0.580730767382239E-279  0.131037596389790E+004  0.229060932805577E+000  0.911501150331162E+000  0.322529065751032E+001 -0.845579335527350E+000 -0.111877433793725E+001 -0.268920711330073E+001  0.000000000000000E+000 -0.655187981948952E+003
  0.925870846283547E-268  0.125857547582907E+004  0.261637547531941E+000  0.931289283261906E+000  0.302989748738212E+001 -0.908866941450961E+000 -0.351823593364251E+000 -0.268920711330073E+001  0.000000000000000E+000 -0.629287737914536E+003
  0.587278917626051E-263  0.123646009466971E+004  0.268572295925913E+000  0.936647035131990E+000  0.305264350403500E+001 -0.848083646479075E+000 -0.340006924382338E+000 -0.268920711330073E+001  0.000000000000000E+000 -0.618230047334857E+003
  0.216813399927020E-192  0.911039649940602E+003  0.269595003176274E+000  0.913071695629811E+000  0.303705531391955E+001 -0.922973596080308E+000 -0.268811230216074E+000 -0.268920711330073E+001  0.000000000000000E+000 -0.455519824970301E+003
  0.158971394604879E-155  0.741058257622822E+003  0.235436878167448E+000  0.920706208600994E+000  0.319526417131402E+001 -0.879458035068994E+000 -0.706850446943156E+000 -0.268920711330073E+001  0.000000000000000E+000 -0.370529128811411E+003
  0.522964081124559E-141  0.674204298008430E+003  0.251815016820319E+000  0.939422568071563E+000  0.311056567075077E+001 -0.727728840556882E+000 -0.670474514717357E+000 -0.268920711330073E+001  0.000000000000000E+000 -0.337102149004215E+003
  0.136077372098758E-137  0.658240629486587E+003  0.262411434835922E+000  0.928976696680214E+000  0.304233642418883E+001 -0.952589801986596E+000 -0.303746217709348E+000 -0.268920711330073E+001  0.000000000000000E+000 -0.329120314743293E+003
  0.123038054361607E-130  0.626205898072432E+003  0.251965526179603E+000  0.914246450163189E+000  0.311089962166515E+001 -0.932458700429442E+000 -0.524832165090931E+000 -0.268920711330073E+001  0.000000000000000E+000 -0.313102949036216E+003
  0.700180122041642E-113  0.543937688200935E+003  0.248806944359059E+000  0.936053508928924E+000  0.312609796440782E+001 -0.787599797806652E+000 -0.656560261705095E+000 -0.268920711330073E+001  0.000000000000000E+000 -0.271968844100468E+003
  0.123557269319087E-094  0.459271812907682E+003  0.249046638119190E+000  0.927881695816392E+000  0.313562216124286E+001 -0.903810303229061E+000 -0.399261447107650E+000 -0.268920711330073E+001  0.000000000000000E+000 -0.229635906453841E+003
  0.277419518943915E-071  0.350924316210676E+003  0.274122517579485E+000  0.966287463664512E+000  0.300402228706868E+001 -0.672613101609677E+000 -0.489133061500178E+000 -0.268920711330073E+001  0.000000000000000E+000 -0.175462158105338E+003
  0.280811901749594E-069  0.341551681721519E+003  0.265385235441055E+000  0.951348288641791E+000  0.305422093132855E+001 -0.941171592713925E+000  0.680017894932061E-001 -0.268920711330073E+001  0.000000000000000E+000 -0.170775840860760E+003
  0.482669284665379E-063  0.312699381558833E+003  0.256490066258792E+000  0.936080341463761E+000  0.308862220558152E+001 -0.901870882060925E+000 -0.175056044650600E+000 -0.268920711330073E+001  0.000000000000000E+000 -0.156349690779417E+003
  0.291147709395030E-062  0.309105213327806E+003  0.293734879689762E+000  0.953372696034030E+000  0.285207001389279E+001 -0.624908113901818E+000 -0.111333885535464E+001 -0.268920711330073E+001  0.000000000000000E+000 -0.154552606663903E+003
  0.299385929721408E-052  0.262711504290344E+003  0.284548214499533E+000  0.957193244642813E+000  0.295498944177959E+001 -0.804255949158998E+000 -0.221347499448973E+000 -0.268920711330073E+001  0.000000000000000E+000 -0.131355752145172E+003
  0.943354955996894E-052  0.260278100252780E+003  0.243414645838996E+000  0.940806038103243E+000  0.316040803316010E+001 -0.920492994312960E+000 -0.300961785000688E+000 -0.268920711330073E+001  0.000000000000000E+000 -0.130139050126390E+003
  0.447080389008793E-048  0.242962515887207E+003  0.283370116205687E+000  0.971770735827638E+000  0.293485251058126E+001 -0.760274520662618E+000 -0.368770502715354E+000 -0.268920711330073E+001  0.000000000000000E+000 -0.121481257943604E+003
  0.172407328555181E-047  0.240263102807780E+003  0.253860827417652E+000  0.933529248264070E+000  0.310217587964894E+001 -0.888935627798787E+000 -0.254476742569098E+000 -0.268920711330073E+001  0.000000000000000E+000 -0.120131551403890E+003
  0.276328812547149E-044  0.225253802683738E+003  0.265065988592696E+000  0.922768326279994E+000  0.307049779770211E+001 -0.861489508431447E+000 -0.153550098631621E+000 -0.268920711330073E+001  0.000000000000000E+000 -0.112626901341869E+003
  0.308544191998562E-044  0.225033255534490E+003  0.262912983456340E+000  0.935941814536944E+000  0.306117071496592E+001 -0.733704160212497E+000 -0.491248234949489E+000 -0.268920711330073E+001  0.000000000000000E+000 -0.112516627767245E+003
  0.102976631625021E-043  0.222622811340489E+003  0.286462667340804E+000  0.960019124032814E+000  0.294452911869312E+001 -0.693592425616358E+000 -0.475219761949823E+000 -0.268920711330073E+001  0.000000000000000E+000 -0.111311405670244E+003
  0.715227474551660E-043  0.218746614233968E+003  0.257822201070176E+000  0.964433288892196E+000  0.307800143168288E+001 -0.814146756704974E+000 -0.248812578554702E+000 -0.268920711330073E+001  0.000000000000000E+000 -0.109373307116984E+003
  0.199775357582375E-042  0.216544042333949E+003  0.257707230191353E+000  0.924864962329747E+000  0.306771212114808E+001 -0.845533425266088E+000 -0.705871986287113E+000 -0.268920711330073E+001  0.000000000000000E+000 -0.108272021166974E+003
  0.205979934640128E-042  0.216482871861546E+003  0.255965606266846E+000  0.930532715516238E+000  0.308844805181105E+001 -0.897338806723726E+000 -0.399467348403890E+000 -0.268920711330073E+001  0.000000000000000E+000 -0.108241435930773E+003
  0.534173061135618E-040  0.205366649266382E+003  0.273821406439887E+000  0.981547695957769E+000  0.295728511467785E+001 -0.772490378178437E+000 -0.686769089796003E+000 -0.268920711330073E+001  0.000000000000000E+000 -0.102683324633191E+003
  0.860845246943506E-037  0.190262640777342E+003  0.249690809753757E+000  0.953699877087374E+000  0.308801050512409E+001 -0.955832609773516E+000 -0.510774875472206E+000 -0.268920711330073E+001  0.000000000000000E+000 -0.951313203886709E+002
  0.200632137536292E-032  0.169841371851943E+003  0.255243818863321E+000  0.929150663766328E+000  0.308475946287455E+001 -0.851452509944008E+000 -0.588675030153107E+000 -0.268920711330073E+001  0.000000000000000E+000 -0.849206859259716E+002
  0.142458028213777E-031  0.165921052970522E+003  0.252093748271660E+000  0.966252679783793E+000  0.308361506746413E+001 -0.989403689450372E+000 -0.267908015373814E+000 -0.268920711330073E+001  0.000000000000000E+000 -0.829605264852609E+002
  0.733745350461098E-028  0.148667227763272E+003  0.254979691816602E+000  0.975779797616250E+000  0.310235246883491E+001 -0.912803969228297E+000 -0.871681492436545E-001 -0.268920711330073E+001  0.000000000000000E+000 -0.743336138816359E+002
  0.132628919063466E-027  0.147483271353253E+003  0.254356648347855E+000  0.937210862602502E+000  0.307626037711138E+001 -0.795080834864999E+000 -0.807406868578318E+000 -0.268920711330073E+001  0.000000000000000E+000 -0.737416356766264E+002
  0.154449232363153E-027  0.147004627993748E+003  0.255535354723848E+000  0.960757455654237E+000  0.305321224258631E+001 -0.863936700727833E+000 -0.555762521914283E+000 -0.268920711330073E+001  0.000000000000000E+000 -0.735023139968740E+002
  0.156334305845207E-025  0.137435916949852E+003  0.244595087842873E+000  0.973402923855535E+000  0.310419483345515E+001 -0.965250988561297E+000 -0.482145527560679E+000 -0.268920711330073E+001  0.000000000000000E+000 -0.687179584749262E+002
  0.216788700212767E-025  0.136621978640705E+003  0.259769347179295E+000  0.955810102500778E+000  0.306701135899206E+001 -0.781915361852271E+000 -0.442461676938484E+000 -0.268920711330073E+001  0.000000000000000E+000 -0.683109893203524E+002
  0.177943562288838E-021  0.118287909963486E+003  0.288441901203529E+000  0.937346356833803E+000  0.296093216102731E+001 -0.696272479493422E+000 -0.289383336851254E+000 -0.268920711330073E+001  0.000000000000000E+000 -0.591439549817432E+002
  0.573707317294141E-021  0.115798388155441E+003  0.267590414718613E+000  0.964192747724134E+000  0.300114652502530E+001 -0.763332516580146E+000 -0.728180301825645E+000 -0.268920711330073E+001  0.000000000000000E+000 -0.578991940777207E+002
  0.331818526125206E-020  0.112288280278807E+003  0.257912710050786E+000  0.952946503875822E+000  0.304833254679405E+001 -0.770946239062040E+000 -0.770608066096454E+000 -0.268920711330073E+001  0.000000000000000E+000 -0.561441401394033E+002
  0.228958068514316E-019  0.107978921653293E+003  0.253645003660534E+000  0.951299936127760E+000  0.307478456056036E+001 -0.915942017517855E+000 -0.553812054720973E+000 -0.268920711330073E+001  0.000000000000000E+000 -0.539894608266465E+002
  0.888956719520459E-019  0.104998839528022E+003  0.265364173447637E+000  0.932284864385713E+000  0.306179377039331E+001 -0.802131761905539E+000 -0.256318443823489E+000 -0.268920711330073E+001  0.000000000000000E+000 -0.524994197640109E+002
  0.142731742555222E-017  0.993175853288812E+002  0.277341688535700E+000  0.959043090563761E+000  0.294320596920006E+001 -0.739854330812387E+000 -0.767948076667065E+000 -0.268920711330073E+001  0.000000000000000E+000 -0.496587926644406E+002
  0.328409638496539E-017  0.975219187172145E+002  0.271115451318221E+000  0.933528628785995E+000  0.303498666865444E+001 -0.785003395215857E+000 -0.321689420173149E+000 -0.268920711330073E+001  0.000000000000000E+000 -0.487609593586073E+002
  0.479953941777094E-017  0.966339848396360E+002  0.280332392232357E+000  0.944180677819580E+000  0.298815326500124E+001 -0.695625047256553E+000 -0.433847963490918E+000 -0.268920711330073E+001  0.000000000000000E+000 -0.483169924198180E+002
  0.750587149067493E-017  0.954893273117131E+002  0.273854292434497E+000  0.972014677228551E+000  0.298325940300816E+001 -0.813378468326269E+000 -0.318282463292915E+000 -0.268920711330073E+001  0.000000000000000E+000 -0.477446636558565E+002
  0.591491324850291E-016  0.913605746231644E+002  0.287675107475422E+000  0.910875507330758E+000  0.295017100941027E+001 -0.614123548232027E+000 -0.693049655539084E+000 -0.268920711330073E+001  0.000000000000000E+000 -0.456802873115822E+002
  0.909410212781400E-016  0.903711990716604E+002  0.250685085122205E+000  0.947890271524579E+000  0.309608650295258E+001 -0.875710329127938E+000 -0.604981595317482E+000 -0.268920711330073E+001  0.000000000000000E+000 -0.451855995358302E+002
  0.639735335615200E-015  0.862191860374585E+002  0.298356889215547E+000  0.919779032037870E+000  0.289562684610672E+001 -0.572642103462623E+000 -0.822132600616275E+000 -0.268920711330073E+001  0.000000000000000E+000 -0.431095930187292E+002
  0.861206606717835E-015  0.856246262689298E+002  0.284773573087440E+000  0.931646591756714E+000  0.296536320692892E+001 -0.695152870851873E+000 -0.410278142939346E+000 -0.268920711330073E+001  0.000000000000000E+000 -0.428123131344649E+002
  0.112701397222101E-013  0.801168280199774E+002  0.281475033342795E+000  0.916541504423914E+000  0.297486780073325E+001 -0.656634900601435E+000 -0.698722269910263E+000 -0.268920711330073E+001  0.000000000000000E+000 -0.400584140099887E+002
  0.134975963747085E-013  0.797561182248016E+002  0.288104158378570E+000  0.941029047323692E+000  0.289793786129478E+001 -0.605358708520699E+000 -0.108739030614469E+001 -0.268920711330073E+001  0.000000000000000E+000 -0.398780591124008E+002
  0.149218023134838E-013  0.795554946994084E+002  0.266728215766225E+000  0.940462142310136E+000  0.306292911676587E+001 -0.846286096766427E+000 -0.906124118552185E-001 -0.268920711330073E+001  0.000000000000000E+000 -0.397777473497042E+002
  0.195151066527984E-013  0.790187637397744E+002  0.272186296290267E+000  0.952957561655717E+000  0.300029511689753E+001 -0.752544956522128E+000 -0.429603059272524E+000 -0.268920711330073E+001  0.000000000000000E+000 -0.395093818698872E+002
  0.937549135289713E-013  0.757417875794708E+002  0.283187065144937E+000  0.930230782502879E+000  0.298138769125351E+001 -0.670348304058604E+000 -0.420473904063644E+000 -0.268920711330073E+001  0.000000000000000E+000 -0.378708937897354E+002
  0.210994210097894E-012  0.739815085997920E+002  0.287380719874256E+000  0.934507420023102E+000  0.293341029569444E+001 -0.669280534324023E+000 -0.697680332083818E+000 -0.268920711330073E+001  0.000000000000000E+000 -0.369907542998960E+002
  0.331175759953167E-012  0.730798715228315E+002  0.293126401858200E+000  0.920691629557625E+000  0.291648382758483E+001 -0.589591414699814E+000 -0.821660853934795E+000 -0.268920711330073E+001  0.000000000000000E+000 -0.365399357614158E+002
  0.482586011461939E-011  0.674354797781540E+002  0.280157259249368E+000  0.948436963938715E+000  0.292639484971997E+001 -0.662099397332851E+000 -0.110255224736463E+001 -0.268920711330073E+001  0.000000000000000E+000 -0.337177398890770E+002
  0.154087487826807E-009  0.602413538671562E+002  0.274861161013594E+000  0.932624581124251E+000  0.295595512157387E+001 -0.663467201050397E+000 -0.128637016449876E+001 -0.268920711330073E+001  0.000000000000000E+000 -0.301206769335781E+002
  0.201555922408030E-009  0.595751841657463E+002  0.277854919863864E+000  0.935976654946005E+000  0.297259974345830E+001 -0.714331549711896E+000 -0.589301941642456E+000 -0.268920711330073E+001  0.000000000000000E+000 -0.297875920828731E+002
  0.276469284864809E-009  0.589431184540086E+002  0.265213085708306E+000  0.944228787403389E+000  0.302983213324071E+001 -0.787264140544030E+000 -0.619852425884458E+000 -0.268920711330073E+001  0.000000000000000E+000 -0.294715592270043E+002
  0.304350760471303E-009  0.587509562054119E+002  0.263582636847605E+000  0.955033157099709E+000  0.301721176459008E+001 -0.755313335376833E+000 -0.787945265363333E+000 -0.268920711330073E+001  0.000000000000000E+000 -0.293754781027060E+002
  0.286789989085884E-009  0.587216015632093E+002  0.266586672310174E+000  0.975464893847908E+000  0.300324211373701E+001 -0.827061282368614E+000 -0.491684557433990E+000 -0.268920711330073E+001  0.000000000000000E+000 -0.293608007816047E+002
  0.431941846941785E-009  0.579025200370808E+002  0.288186543267702E+000  0.935381722536423E+000  0.292730000923408E+001 -0.680418865435638E+000 -0.634572495250616E+000 -0.268920711330073E+001  0.000000000000000E+000 -0.289512600185404E+002
  0.106364708764531E-008  0.561001841076488E+002  0.264612480169903E+000  0.949652364405127E+000  0.302842370401631E+001 -0.850879022819734E+000 -0.425877093982440E+000 -0.268920711330073E+001  0.000000000000000E+000 -0.280500920538244E+002
  0.114979186750454E-008  0.557704067739482E+002  0.285431312116250E+000  0.927467146674782E+000  0.291001029600248E+001 -0.627755837088083E+000 -0.115872373010046E+001 -0.268920711330073E+001  0.000000000000000E+000 -0.278852033869741E+002
  0.164260840046931E-008  0.548829749695215E+002  0.264798805693212E+000  0.938697950941855E+000  0.302242034784118E+001 -0.778939859173672E+000 -0.793476094033734E+000 -0.268920711330073E+001  0.000000000000000E+000 -0.274414874847607E+002
  0.494728309351133E-008  0.526778687906052E+002  0.258444140216095E+000  0.960462680261561E+000  0.307636831507749E+001 -0.923713619637403E+000 -0.126751289788444E+000 -0.268920711330073E+001  0.000000000000000E+000 -0.263389343953026E+002
  0.632519097348394E-008  0.521864654472145E+002  0.278928656087100E+000  0.926120341964236E+000  0.295362762733916E+001 -0.684106260686258E+000 -0.888912777882800E+000 -0.268920711330073E+001  0.000000000000000E+000 -0.260932327236073E+002
  0.157607538440823E-007  0.501497790390226E+002  0.265313711331686E+000  0.960493612255995E+000  0.300065106662447E+001 -0.759248120821512E+000 -0.888102179322770E+000 -0.268920711330073E+001  0.000000000000000E+000 -0.250748895195113E+002
  0.156897839556081E-007  0.499480842455903E+002  0.265347889519689E+000  0.943400508865170E+000  0.300702840820998E+001 -0.799230139025353E+000 -0.840872865532731E+000 -0.268920711330073E+001  0.000000000000000E+000 -0.249740421227952E+002
  0.307766446196318E-007  0.486005916182498E+002  0.267258028511540E+000  0.932171738969072E+000  0.299476540010454E+001 -0.731641197988996E+000 -0.110875399552449E+001 -0.268920711330073E+001  0.000000000000000E+000 -0.243002958091249E+002
  0.492533011708806E-007  0.476601510513269E+002  0.275658822228495E+000  0.924941206523284E+000  0.297706569167957E+001 -0.723193359822100E+000 -0.781955086917852E+000 -0.268920711330073E+001  0.000000000000000E+000 -0.238300755256634E+002
  0.167832990570753E-006  0.452081650773534E+002  0.256757002953396E+000  0.949425982538928E+000  0.304198021424867E+001 -0.796564659066765E+000 -0.994238853321233E+000 -0.268920711330073E+001  0.000000000000000E+000 -0.226040825386767E+002
  0.212131477565129E-006  0.447396913204999E+002  0.255789074562598E+000  0.951294768323063E+000  0.308179183565673E+001 -0.870177843046235E+000 -0.393802892498800E+000 -0.268920711330073E+001  0.000000000000000E+000 -0.223698456602500E+002
  0.323468092770518E-005  0.383507254397628E+002  0.278799363520895E+000  0.940413905835047E+000  0.296169783568996E+001 -0.726926351549372E+000 -0.688523033243630E+000 -0.268920711330073E+001  0.000000000000000E+000 -0.191753627198814E+002
  0.475478834911075E-005  0.373132188705090E+002  0.256504359684906E+000  0.952700697569016E+000  0.306687651139445E+001 -0.839058350560269E+000 -0.565608573772042E+000 -0.268920711330073E+001  0.000000000000000E+000 -0.186566094352545E+002
  0.508129756524559E-005  0.371803899276581E+002  0.259627385310468E+000  0.962691391536415E+000  0.304181914265309E+001 -0.830907363343224E+000 -0.625766645744473E+000 -0.268920711330073E+001  0.000000000000000E+000 -0.185901949638291E+002
  0.625111772248082E-005  0.367660026713542E+002  0.255119909012283E+000  0.956474629377459E+000  0.309495798011025E+001 -0.919099347039710E+000 -0.141121879852299E+000 -0.268920711330073E+001  0.000000000000000E+000 -0.183830013356771E+002
  0.966146517383872E-005  0.352222881427570E+002  0.283906885762386E+000  0.931155753413503E+000  0.292626790765177E+001 -0.659833617219773E+000 -0.979242084125588E+000 -0.268920711330073E+001  0.000000000000000E+000 -0.176111440713785E+002
  0.179880672831813E-004  0.339791615461247E+002  0.265847268345719E+000  0.951884576291188E+000  0.303634650971479E+001 -0.793132135814724E+000 -0.431675181061379E+000 -0.268920711330073E+001  0.000000000000000E+000 -0.169895807730624E+002
  0.231228915180366E-004  0.331122894479498E+002  0.262615947951940E+000  0.952810674126338E+000  0.306055811289840E+001 -0.859197991584315E+000 -0.237987050738134E+000 -0.268920711330073E+001  0.000000000000000E+000 -0.165561447239749E+002
  0.441820196057236E-004  0.318172998310980E+002  0.269467414798938E+000  0.944826494028410E+000  0.300711675435511E+001 -0.776003792220056E+000 -0.617696759055585E+000 -0.268920711330073E+001  0.000000000000000E+000 -0.159086499155490E+002
  0.529657752751640E-004  0.314546437403543E+002  0.269089731602469E+000  0.939181917028152E+000  0.301133190724954E+001 -0.792419668538775E+000 -0.562191262149092E+000 -0.268920711330073E+001  0.000000000000000E+000 -0.157273218701771E+002
  0.727501807644247E-003  0.256393385387786E+002  0.256326899245777E+000  0.973546528138973E+000  0.304693485343480E+001 -0.857904913020240E+000 -0.614089736149549E+000 -0.268920711330073E+001  0.000000000000000E+000 -0.128196692693893E+002
  0.523313922024183E-002  0.203067439245989E+002  0.259718366648823E+000  0.949561790340678E+000  0.304472142231362E+001 -0.830162835261632E+000 -0.617251212264935E+000 -0.268920711330073E+001  0.000000000000000E+000 -0.101533719622995E+002
  0.796334956841326E-002  0.191024240508670E+002  0.269163437669162E+000  0.942250943923104E+000  0.300068399810130E+001 -0.752368854243712E+000 -0.759053956633146E+000 -0.268920711330073E+001  0.000000000000000E+000 -0.955121202543351E+001
  0.111187927551123E-001  0.184348500381783E+002  0.264387376543474E+000  0.944335373661649E+000  0.302542440792168E+001 -0.790906231070473E+000 -0.672295225283182E+000 -0.268920711330073E+001  0.000000000000000E+000 -0.921742501908914E+001
  0.214680267405742E-001  0.166727069712013E+002  0.256434163588600E+000  0.962527558659057E+000  0.305320009691900E+001 -0.865381430310920E+000 -0.575616977292569E+000 -0.268920711330073E+001  0.000000000000000E+000 -0.833635348560063E+001
  0.283696922405827E-001  0.161151935696250E+002  0.265559779927440E+000  0.944337354196794E+000  0.301824166424993E+001 -0.785259793361744E+000 -0.692832934588890E+000 -0.268920711330073E+001  0.000000000000000E+000 -0.805759678481249E+001
  0.404568517993926E-001  0.137107686132289E+002  0.265687586061429E+000  0.957277794720874E+000  0.300793384204326E+001 -0.793582900757527E+000 -0.683528296176005E+000 -0.268920711330073E+001  0.000000000000000E+000 -0.685538430661447E+001
  0.412370793051261E-001  0.130972008358588E+002  0.260049633199734E+000  0.952782393885921E+000  0.305436681844621E+001 -0.847811448951960E+000 -0.444064662474269E+000 -0.268920711330073E+001  0.000000000000000E+000 -0.654860041792940E+001
  0.496686413802685E-001  0.124580661684625E+002  0.262716785275023E+000  0.961497350479515E+000  0.302904635458639E+001 -0.824782930537576E+000 -0.558906901443660E+000 -0.268920711330073E+001  0.000000000000000E+000 -0.622903308423126E+001
  0.625048823780570E-001  0.117312615913755E+002  0.270530400304788E+000  0.954468495574390E+000  0.300381344690747E+001 -0.790759941910095E+000 -0.447434923199859E+000 -0.268920711330073E+001  0.000000000000000E+000 -0.586563079568776E+001
  0.703651836813127E-001  0.114943537531510E+002  0.272188930530857E+000  0.942948679638688E+000  0.300178656408376E+001 -0.755887999194670E+000 -0.537024525884260E+000 -0.268920711330073E+001  0.000000000000000E+000 -0.574717687657550E+001
  0.863256974801158E-001  0.100638450414368E+002  0.265602503383722E+000  0.955893646813336E+000  0.301805153712157E+001 -0.802958010896379E+000 -0.539244955073440E+000 -0.268920711330073E+001  0.000000000000000E+000 -0.503192252071841E+001
  0.881031890095155E-001  0.100230822275282E+002  0.267455148975739E+000  0.947459322625652E+000  0.301784202027350E+001 -0.784787268157745E+000 -0.524187340037418E+000 -0.268920711330073E+001  0.000000000000000E+000 -0.501154111376411E+001
  0.887571283052042E-001  0.100082921991999E+002  0.269059546271409E+000  0.956824060672840E+000  0.300547011156548E+001 -0.787643243309600E+000 -0.507991553210797E+000 -0.268920711330073E+001  0.000000000000000E+000 -0.500414609959996E+001
  0.936980058150527E-001  0.989994587460187E+001  0.266322933936041E+000  0.959326006546041E+000  0.302304511747981E+001 -0.821381852316775E+000 -0.419394978985156E+000 -0.268920711330073E+001  0.000000000000000E+000 -0.494997293730093E+001
  0.956713336933581E-001  0.985826226701849E+001  0.272329537791511E+000  0.944594100621001E+000  0.299717195042095E+001 -0.751635452978004E+000 -0.554299688703554E+000 -0.268920711330073E+001  0.000000000000000E+000 -0.492913113350925E+001
  0.164852583128820E+000  0.840535329580360E+001  0.266724587522869E+000  0.947663025595125E+000  0.302248233836240E+001 -0.796404026524171E+000 -0.517894682600825E+000 -0.268920711330073E+001  0.000000000000000E+000 -0.420267664790180E+001
  0.192395701688090E+000  0.742340370552649E+001  0.261736966110346E+000  0.965711613697496E+000  0.303627749796681E+001 -0.842923898567466E+000 -0.445412285649419E+000 -0.268920711330073E+001  0.000000000000000E+000 -0.371170185276325E+001
  0.150537289335936E+000  0.733872630924388E+001  0.270472627706764E+000  0.947732842163928E+000  0.301127745734744E+001 -0.778038426554251E+000 -0.446141148910250E+000 -0.268920711330073E+001  0.000000000000000E+000 -0.366936315462194E+001
  0.154551855465066E+000  0.728608860738330E+001  0.267010330135230E+000  0.951616912648787E+000  0.300979958332264E+001 -0.787839068606426E+000 -0.627185424423772E+000 -0.268920711330073E+001  0.000000000000000E+000 -0.364304430369165E+001
  0.155006770046498E+000  0.728021036822057E+001  0.266354344345078E+000  0.948912590049160E+000  0.302618367624904E+001 -0.799776172412379E+000 -0.484327535905455E+000 -0.268920711330073E+001  0.000000000000000E+000 -0.364010518411028E+001
  0.207035401970850E+000  0.602842387703524E+001  0.264821530383881E+000  0.953981127430867E+000  0.302369516538751E+001 -0.799974846633267E+000 -0.560888816974246E+000 -0.268920711330073E+001  0.000000000000000E+000 -0.301421193851762E+001
  0.187553009820711E+000  0.591777907369960E+001  0.267204118861993E+000  0.951384572636131E+000  0.301346947867447E+001 -0.789150442155255E+000 -0.562748701681873E+000 -0.268920711330073E+001  0.000000000000000E+000 -0.295888953684980E+001
  0.178357506692397E+000  0.571002076186306E+001  0.267703070075568E+000  0.956078785538285E+000  0.301470042169310E+001 -0.799814927647328E+000 -0.473331426782155E+000 -0.268920711330073E+001  0.000000000000000E+000 -0.285501038093153E+001
  0.158171893519096E+000  0.513930579617992E+001  0.263927340187609E+000  0.958096216874355E+000  0.303096374185934E+001 -0.815020600260112E+000 -0.486026339405948E+000 -0.268920711330073E+001  0.000000000000000E+000 -0.256965289808996E+001
  0.164695222093506E+000  0.505847729280480E+001  0.264320263469196E+000  0.957386504119639E+000  0.302636479620116E+001 -0.819139733311890E+000 -0.494571827907289E+000 -0.268920711330073E+001  0.000000000000000E+000 -0.252923864640240E+001
  0.178020516413073E+000  0.490287293802692E+001  0.262656820232743E+000  0.962161715250104E+000  0.303803311862374E+001 -0.833168445156612E+000 -0.407363990772314E+000 -0.268920711330073E+001  0.000000000000000E+000 -0.245143646901346E+001
  0.153620871742955E+000  0.488939379671695E+001  0.263196840307356E+000  0.954547646667654E+000  0.304741218231631E+001 -0.829720833199238E+000 -0.346355575439063E+000 -0.268920711330073E+001  0.000000000000000E+000 -0.244469689835847E+001
  0.156495837106447E+000  0.485231036783253E+001  0.263809909209416E+000  0.958720501341059E+000  0.304574207560827E+001 -0.847425321372907E+000 -0.268466663622997E+000 -0.268920711330073E+001  0.000000000000000E+000 -0.242615518391626E+001
  0.134655138830567E+000  0.447999074815413E+001  0.266062795195169E+000  0.958163858936362E+000  0.303055554921835E+001 -0.817416214699468E+000 -0.352214213526198E+000 -0.268920711330073E+001  0.000000000000000E+000 -0.223999537407706E+001
  0.141266663108121E+000  0.407582469031919E+001  0.264852511643398E+000  0.955538182929520E+000  0.304259884648726E+001 -0.826120014442591E+000 -0.310031625993755E+000 -0.268920711330073E+001  0.000000000000000E+000 -0.203791234515960E+001
  0.151044939318486E+000  0.394196854643453E+001  0.262123806895605E+000  0.960116043420167E+000  0.305495275281725E+001 -0.848644651457108E+000 -0.255464058231075E+000 -0.268920711330073E+001  0.000000000000000E+000 -0.197098427321727E+001
  0.134304572510842E+000  0.381225994080243E+001  0.261472596655037E+000  0.958527436058234E+000  0.303941606604206E+001 -0.834553194372229E+000 -0.498610442693601E+000 -0.268920711330073E+001  0.000000000000000E+000 -0.190612997040122E+001
  0.148087245423410E+000  0.361687704831558E+001  0.260703477556397E+000  0.961764927348913E+000  0.304651676001336E+001 -0.840110934457070E+000 -0.434665394249570E+000 -0.268920711330073E+001  0.000000000000000E+000 -0.180843852415779E+001
  0.189334751144854E+000  0.312544700375064E+001  0.264176735397825E+000  0.959792263856419E+000  0.303369251612307E+001 -0.831598609793922E+000 -0.389048703328667E+000 -0.268920711330073E+001  0.000000000000000E+000 -0.156272350187532E+001
  0.164528153555814E+000  0.283095269218429E+001  0.262251160632697E+000  0.961317966054264E+000  0.304047489789342E+001 -0.836128533911028E+000 -0.420113912653270E+000 -0.268920711330073E+001  0.000000000000000E+000 -0.141547634609214E+001
  0.127984208171712E+000  0.275793818557586E+001  0.262505493740460E+000  0.961274119428669E+000  0.304616213763967E+001 -0.836906104237419E+000 -0.345610095955069E+000 -0.268920711330073E+001  0.000000000000000E+000 -0.137896909278793E+001
  0.132773060490761E+000  0.268446923344854E+001  0.262977197761173E+000  0.958314716630098E+000  0.303724679144217E+001 -0.832034688066877E+000 -0.428267163811274E+000 -0.268920711330073E+001  0.000000000000000E+000 -0.134223461672427E+001
  0.684955143994168E-001  0.262192106994817E+001  0.263279487426522E+000  0.958652421167869E+000  0.304768603816306E+001 -0.843717259901475E+000 -0.286719942877635E+000 -0.268920711330073E+001  0.000000000000000E+000 -0.131096053497408E+001
  0.770615841713411E-001  0.238624779651280E+001  0.261776873371055E+000  0.960649690724880E+000  0.304345173246534E+001 -0.837269088967375E+000 -0.411674625705919E+000 -0.268920711330073E+001  0.000000000000000E+000 -0.119312389825640E+001
  0.776958930339854E-001  0.236985279121355E+001  0.263061035239175E+000  0.960915775416390E+000  0.304361549003047E+001 -0.835769881612148E+000 -0.337800805877182E+000 -0.268920711330073E+001  0.000000000000000E+000 -0.118492639560678E+001
