  0.149165552757226E-301  0.141030406671893E+004  0.353156654730939E+000  0.825091900996461E+000  0.262876734374400E+001 -0.106039477818361E+000 -0.298862199485115E+001 -0.268920711330073E+001  0.000000000000000E+000 -0.705152033359467E+003
  0.132941210918356E-288  0.135066715384937E+004  0.325431877088223E+000  0.895856782137251E+000  0.273648960212046E+001 -0.318499311140326E+000 -0.267106768637338E+001 -0.268920711330073E+001  0.000000000000000E+000 -0.675333576924684E+003
  0.713793179542005E-285  0.133331624804034E+004  0.333284998163498E+000  0.861891547341653E+000  0.271207532119927E+001 -0.326581461844257E+000 -0.276872903624025E+001 -0.268920711330073E+001  0.000000000000000E+000 -0.666658124020170E+003
  0.130711446363093E-275  0.129048572554988E+004  0.240887018009626E+000  0.902156877109321E+000  0.311976719244834E+001 -0.552715790017823E+000 -0.268773617350088E+001 -0.268920711330073E+001  0.000000000000000E+000 -0.645242862774940E+003
  0.226923866143137E-263  0.123394641581282E+004  0.260096300851448E+000  0.868567832830016E+000  0.301469622877682E+001 -0.616985799872539E+000 -0.227676862247363E+001 -0.268920711330073E+001  0.000000000000000E+000 -0.616973207906409E+003
  0.234754789622554E-248  0.116462698636667E+004  0.294951533658177E+000  0.896447487612949E+000  0.283111070235278E+001 -0.516391817543664E+000 -0.284649716360957E+001 -0.268920711330073E+001  0.000000000000000E+000 -0.582313493183335E+003
  0.137132258005555E-245  0.115171264440256E+004  0.282571468980287E+000  0.938484814103874E+000  0.289885578205859E+001 -0.483658931908904E+000 -0.260109329918122E+001 -0.268920711330073E+001  0.000000000000000E+000 -0.575856322201278E+003
  0.208043456210241E-228  0.107259114897091E+004  0.242355118599075E+000  0.955553327520450E+000  0.305500558536019E+001 -0.620189742763040E+000 -0.264741454811858E+001 -0.268920711330073E+001  0.000000000000000E+000 -0.536295574485456E+003
  0.509174219864013E-220  0.103376908061394E+004  0.209702664415995E+000  0.104527918320899E+001  0.323094772788166E+001 -0.897223438141415E+000 -0.239995640205318E+001 -0.268920711330073E+001  0.000000000000000E+000 -0.516884540306969E+003
  0.186430295658758E-218  0.102637758551694E+004  0.268072198853323E+000  0.893699401801731E+000  0.299131254314670E+001 -0.716015847332598E+000 -0.212525138713095E+001 -0.268920711330073E+001  0.000000000000000E+000 -0.513188792758471E+003
  0.293743176452400E-200  0.942575225335782E+003  0.227672080788064E+000  0.106417870269501E+001  0.311987322618465E+001 -0.894992673379183E+000 -0.211400875149641E+001 -0.268920711330073E+001  0.000000000000000E+000 -0.471287612667891E+003
  0.425723592885740E-197  0.927806824833306E+003  0.248348481642543E+000  0.926679627972323E+000  0.307233000203530E+001 -0.789797092541822E+000 -0.252512920288045E+001 -0.268920711330073E+001  0.000000000000000E+000 -0.463903412416653E+003
  0.351980548995957E-194  0.914371743029644E+003  0.270400360072730E+000  0.920949411272646E+000  0.294281287841182E+001 -0.712102079617188E+000 -0.217108733422209E+001 -0.268920711330073E+001  0.000000000000000E+000 -0.457185871514822E+003
  0.115800101097905E-184  0.870543462124482E+003  0.239656321972883E+000  0.902140910943358E+000  0.313191145975492E+001 -0.672135056044230E+000 -0.209698638205264E+001 -0.268920711330073E+001  0.000000000000000E+000 -0.435271731062241E+003
  0.102016017016548E-172  0.815534891107919E+003  0.296694289603961E+000  0.925788056717682E+000  0.281743784378661E+001 -0.538083119874863E+000 -0.254368081867157E+001 -0.268920711330073E+001  0.000000000000000E+000 -0.407767445553960E+003
  0.313815367235131E-166  0.785656520031989E+003  0.227599146199073E+000  0.104330989173680E+001  0.311845330447235E+001 -0.879990036450915E+000 -0.212095890517478E+001 -0.268920711330073E+001  0.000000000000000E+000 -0.392828260015995E+003
  0.997660168433210E-157  0.741532129454107E+003  0.324580450716033E+000  0.871541560784977E+000  0.273579310056598E+001 -0.358940242375354E+000 -0.253595391852318E+001 -0.268920711330073E+001  0.000000000000000E+000 -0.370766064727054E+003
  0.137401750343168E-142  0.676054940724681E+003  0.293688963525123E+000  0.839498754885005E+000  0.288416402522995E+001 -0.409047681965480E+000 -0.221351379421979E+001 -0.268920711330073E+001  0.000000000000000E+000 -0.338027470362340E+003
  0.622714757762185E-142  0.673032581839698E+003  0.298621036614149E+000  0.869268906467516E+000  0.285774040528367E+001 -0.310162747343846E+000 -0.272057731782307E+001 -0.268920711330073E+001  0.000000000000000E+000 -0.336516290919849E+003
  0.423922807109846E-125  0.595067475937827E+003  0.246237306954031E+000  0.967894899165548E+000  0.307653705341632E+001 -0.943776073065169E+000 -0.148947518867068E+001 -0.268920711330073E+001  0.000000000000000E+000 -0.297533737968914E+003
  0.126604804629020E-108  0.518077313039575E+003  0.244208959441382E+000  0.958522471473379E+000  0.306504119877417E+001 -0.808328922901784E+000 -0.239634014303070E+001 -0.268920711330073E+001  0.000000000000000E+000 -0.259038656519788E+003
  0.403355654754929E-108  0.515759816578549E+003  0.293521286865094E+000  0.895758233365576E+000  0.285595983043949E+001 -0.355235128291363E+000 -0.213957416739809E+001 -0.268920711330073E+001  0.000000000000000E+000 -0.257879908289275E+003
  0.449056956922293E-098  0.469128809521537E+003  0.237716382319798E+000  0.986130801675496E+000  0.309452599834665E+001 -0.708933861935040E+000 -0.235821740129281E+001 -0.268920711330073E+001  0.000000000000000E+000 -0.234564404760768E+003
  0.958911086983771E-080  0.383778441667756E+003  0.266524813410746E+000  0.961460734362273E+000  0.294967919017727E+001 -0.571721309013155E+000 -0.262584969691667E+001 -0.268920711330073E+001  0.000000000000000E+000 -0.191889220833878E+003
  0.109360556351961E-077  0.374038164477614E+003  0.283809856467821E+000  0.920204648312465E+000  0.290107971516882E+001 -0.464081150816824E+000 -0.177784059289538E+001 -0.268920711330073E+001  0.000000000000000E+000 -0.187019082238807E+003
  0.115607357005442E-072  0.350901214914910E+003  0.229411652939920E+000  0.985044304714432E+000  0.314082732910977E+001 -0.868790503128436E+000 -0.221546850265515E+001 -0.268920711330073E+001  0.000000000000000E+000 -0.175450607457455E+003
  0.313699076074507E-063  0.306882849948490E+003  0.254597303367635E+000  0.953091074530796E+000  0.303115441760347E+001 -0.820472825527823E+000 -0.170657616970283E+001 -0.268920711330073E+001  0.000000000000000E+000 -0.153441424974245E+003
  0.995582494736725E-062  0.299700829341710E+003  0.273181504213330E+000  0.966789815590375E+000  0.291239215806135E+001 -0.581666236917690E+000 -0.212478552497561E+001 -0.268920711330073E+001  0.000000000000000E+000 -0.149850414670855E+003
  0.167824004289825E-057  0.280235802713632E+003  0.261562694484422E+000  0.972293549523742E+000  0.296586158465032E+001 -0.623020488536527E+000 -0.236154783545986E+001 -0.268920711330073E+001  0.000000000000000E+000 -0.140117901356816E+003
  0.961888075436829E-056  0.272138668004811E+003  0.306280697978179E+000  0.906204411617721E+000  0.279316042994406E+001 -0.407096830457338E+000 -0.205871390016241E+001 -0.268920711330073E+001  0.000000000000000E+000 -0.136069334002405E+003
  0.222293163813897E-054  0.265858129692383E+003  0.241494496377275E+000  0.966797900926278E+000  0.309518367668630E+001 -0.837877558350046E+000 -0.195877007653890E+001 -0.268920711330073E+001  0.000000000000000E+000 -0.132929064846192E+003
  0.223845613857322E-050  0.247423529904517E+003  0.289686658168283E+000  0.930598434593525E+000  0.284939038060847E+001 -0.444419123854791E+000 -0.263094837618724E+001 -0.268920711330073E+001  0.000000000000000E+000 -0.123711764952259E+003
  0.417638107286230E-049  0.241571042328318E+003  0.266021597680592E+000  0.966916524697487E+000  0.294559271257645E+001 -0.631076459857778E+000 -0.224259217662768E+001 -0.268920711330073E+001  0.000000000000000E+000 -0.120785521164159E+003
  0.523411572862719E-046  0.227304026139754E+003  0.271381406481944E+000  0.915301046720660E+000  0.293795806944206E+001 -0.507080788368170E+000 -0.298797017449170E+001 -0.268920711330073E+001  0.000000000000000E+000 -0.113652013069877E+003
