#        weight    minuslogpost         omega_c             n_s            lnas   minuslogprior minuslogprior__0            chi2 chi2__likelihood_CAMB
 2.1244823e-322       750.17225       0.2685782      0.93517198        3.062743     -0.30652516      -0.30652516       1500.9576             1500.9576
 1.2420466e-303       706.92281      0.28824395      0.96115322       2.9035029     -0.30652516      -0.30652516       1414.4587             1414.4587
 2.3008681e-301       701.67034      0.25113681      0.93752917       3.1012692     -0.30652516      -0.30652516       1403.9537             1403.9537
 8.0378957e-300        698.0861      0.25078884      0.90804684       3.1233303     -0.30652516      -0.30652516       1396.7853             1396.7853
 4.9758503e-295       687.02197       0.2525367      0.97835929       3.0688786     -0.30652516      -0.30652516        1374.657              1374.657
 3.3754885e-285       664.35341      0.25401352       1.0288507       3.0346805     -0.30652516      -0.30652516       1329.3199             1329.3199
 7.1986691e-285       663.56528      0.27875083      0.88763187       3.0070237     -0.30652516      -0.30652516       1327.7436             1327.7436
 8.3970418e-274       638.05209      0.25895679      0.91536378       3.1219609     -0.30652516      -0.30652516       1276.7172             1276.7172
 1.5529813e-271       632.80126      0.25332188       1.0001636       3.1087991     -0.30652516      -0.30652516       1266.2156             1266.2156
 8.3367416e-268       624.18224      0.22621961      0.96747205       3.2550091     -0.30652516      -0.30652516       1248.9775             1248.9775
 4.7273703e-266        620.1136      0.28264605      0.92508883       2.9815392     -0.30652516      -0.30652516       1240.8403             1240.8403
 2.9119648e-265       618.26479      0.28826554      0.96264751       2.9279828     -0.30652516      -0.30652516       1237.1426             1237.1426
 3.7993503e-252       588.03441      0.28753274       1.0092194       2.8903666     -0.30652516      -0.30652516       1176.6819             1176.6819
 4.1128273e-249        581.0166      0.23751166       1.0159854       3.1482234     -0.30652516      -0.30652516       1162.6463             1162.6463
 3.8197103e-236       551.12616      0.28073268       1.0305472       2.9181277     -0.30652516      -0.30652516       1102.8654             1102.8654
   5.16063e-229       534.67641      0.23144755       1.0241836       3.1978005     -0.30652516      -0.30652516       1069.9659             1069.9659
  7.731796e-228       531.93877      0.27931052       1.0359416       2.9115564     -0.30652516      -0.30652516       1064.4906             1064.4906
 4.3941955e-222       518.65754      0.28748321      0.97985664       2.9081933     -0.30652516      -0.30652516       1037.9281             1037.9281
 5.5848372e-221       516.08441      0.27507602       1.0098555       2.9372111     -0.30652516      -0.30652516       1032.7819             1032.7819
 6.5443794e-211       492.86924      0.28422481       1.0058848       2.9142205     -0.30652516      -0.30652516       986.35153             986.35153
 2.2974295e-196       459.34651      0.26641853      0.93958022       3.0228853     -0.30652516      -0.30652516       919.30607             919.30607
 8.2196149e-190       444.22549      0.26660357       1.0486637       2.9811874     -0.30652516      -0.30652516       889.06404             889.06404
 1.2710527e-187       439.15364      0.26160953      0.93207538       3.0951903     -0.30652516      -0.30652516       878.92034             878.92034
 5.6868329e-179       419.20388      0.24099493      0.99124254       3.1784204     -0.30652516      -0.30652516       839.02082             839.02082
 6.1869023e-178       416.78625      0.25546743      0.89753963        3.137286     -0.30652516      -0.30652516       834.18554             834.18554
 2.1287903e-177       415.51977      0.26262248      0.99663093       3.0093583     -0.30652516      -0.30652516       831.65259             831.65259
 7.0109421e-175       409.69191       0.2714876      0.92013075       3.0414072     -0.30652516      -0.30652516       819.99687             819.99687
 8.4920504e-174        407.1669      0.26480098       0.9765459       3.0093651     -0.30652516      -0.30652516       814.94684             814.94684
 4.8575073e-172       403.08956      0.28020695      0.93547293       2.9800376     -0.30652516      -0.30652516       806.79217             806.79217
 1.8453117e-160       376.39564      0.23954505      0.91931746       3.2149423     -0.30652516      -0.30652516       753.40434             753.40434
  4.147979e-155       364.04197      0.26030608       1.0126774       3.0520575     -0.30652516      -0.30652516         728.697               728.697
 4.3768726e-149       350.14198       0.2679039      0.90584949       3.0608032     -0.30652516      -0.30652516       700.89701             700.89701
 9.3598596e-146       342.44335      0.28054641      0.98306852       2.9483866     -0.30652516      -0.30652516       685.49976             685.49976
 4.0716312e-145       340.94238      0.26247687      0.97430732       3.0249592     -0.30652516      -0.30652516       682.49782             682.49782
 1.5936367e-144       339.54705      0.23620128        0.957457       3.1966307     -0.30652516      -0.30652516       679.70716             679.70716
  1.895577e-144       339.34278      0.24754171      0.90464728       3.1622099     -0.30652516      -0.30652516        679.2986              679.2986
  3.107964e-144       338.81756      0.24615347      0.90387234       3.1757979     -0.30652516      -0.30652516       678.24817             678.24817
 3.1381068e-138       324.96163      0.24593314       1.0089649       3.1041489     -0.30652516      -0.30652516        650.5363              650.5363
 4.4426266e-133        313.0703      0.24016588      0.92346213       3.1963021     -0.30652516      -0.30652516       626.75366             626.75366
 6.4854256e-126       296.54312      0.23354849      0.97302523        3.218091     -0.30652516      -0.30652516        593.6993              593.6993
 2.6050711e-122       288.21411      0.24198349      0.96510042       3.1535486     -0.30652516      -0.30652516       577.04127             577.04127
 1.1490009e-118       279.79156      0.26138366      0.92884402       3.0918636     -0.30652516      -0.30652516       560.19618             560.19618
  1.554762e-116       274.85319      0.26845098      0.99470912       3.0146994     -0.30652516      -0.30652516       550.31944             550.31944
 1.1694634e-109        258.9891      0.24853746       0.9373086       3.1594366     -0.30652516      -0.30652516       518.59126             518.59126
 3.8986089e-108       255.45167      0.24809865      0.94675542       3.1580598     -0.30652516      -0.30652516       511.51639             511.51639
 1.1709429e-102        242.8082      0.24997322      0.93446733       3.1248343     -0.30652516      -0.30652516       486.22945             486.22945
  9.9509393e-97       229.12465      0.24869374       1.0023223       3.0936305     -0.30652516      -0.30652516       458.86234             458.86234
    1.69947e-93       221.65088      0.26298423      0.98969213       3.0484619     -0.30652516      -0.30652516       443.91482             443.91482
  9.8944678e-92       217.55587      0.27130225      0.99833608       2.9904685     -0.30652516      -0.30652516       435.72479             435.72479
  6.6440375e-91       215.62077      0.25857619      0.91246732        3.104724     -0.30652516      -0.30652516       431.85458             431.85458
  1.4862536e-90       214.78487      0.26875272      0.92955412       3.0318362     -0.30652516      -0.30652516       430.18279             430.18279
  3.0673157e-89       211.72697      0.25490953      0.94356487       3.1200613     -0.30652516      -0.30652516       424.06699             424.06699
  1.1734731e-88       210.35445      0.25325987      0.97182585       3.0822552     -0.30652516      -0.30652516       421.32195             421.32195
  3.3432818e-85       202.36894      0.26123152      0.96685504       3.0723785     -0.30652516      -0.30652516       405.35092             405.35092
  3.9509974e-82       195.26339      0.27445071      0.97958091       2.9752461     -0.30652516      -0.30652516       391.13984             391.13984
  5.9635061e-82       194.82093      0.27461992      0.98090549       2.9762167     -0.30652516      -0.30652516       390.25492             390.25492
   3.213957e-79       188.50056      0.23984701      0.99744888       3.1631027     -0.30652516      -0.30652516       377.61417             377.61417
  1.0208181e-78        187.3141      0.27337365      0.96083251        2.990441     -0.30652516      -0.30652516       375.24126             375.24126
   1.683078e-77       184.48073      0.24899725      0.97526363       3.1070527     -0.30652516      -0.30652516        369.5745              369.5745
  1.4311756e-74       177.70433      0.26414476      0.99232209       3.0375734     -0.30652516      -0.30652516       356.02171             356.02171
  1.8880145e-73       175.09394      0.25449936      0.93954561       3.1221151     -0.30652516      -0.30652516       350.80093             350.80093
   8.104828e-72       171.30365      0.26718212      0.93270861       3.0486698     -0.30652516      -0.30652516       343.22035             343.22035
  1.1929174e-71       170.88635      0.26150765      0.92990271       3.0846606     -0.30652516      -0.30652516       342.38575             342.38575
  4.8852337e-71       169.44576      0.26054098      0.98042139       3.0667142     -0.30652516      -0.30652516       339.50458             339.50458
  6.9182628e-71       169.06705       0.2558068      0.98967156       3.0876597     -0.30652516      -0.30652516       338.74714             338.74714
  2.3449445e-69       165.51301      0.27202049      0.98587489       2.9830109     -0.30652516      -0.30652516       331.63906             331.63906
  5.3782683e-67       160.04696      0.26638624      0.96227977       3.0424863     -0.30652516      -0.30652516       320.70697             320.70697
  9.9229826e-67        159.4037      0.26276193        1.002683       3.0364224     -0.30652516      -0.30652516       319.42045             319.42045
  1.4363759e-66       159.00307      0.25887737       1.0200574       3.0339144     -0.30652516      -0.30652516        318.6192              318.6192
  2.8194263e-66       158.29789      0.24376048       1.0042591       3.1321398     -0.30652516      -0.30652516       317.20884             317.20884
  1.4083606e-65       156.65864      0.27071486      0.94741476       3.0193256     -0.30652516      -0.30652516       313.93034             313.93034
  1.2121901e-64       154.47528      0.26193334      0.92876326       3.0685415     -0.30652516      -0.30652516       309.56362             309.56362
  1.6066584e-61       147.25503      0.25433464        1.016019       3.0603988     -0.30652516      -0.30652516       295.12311             295.12311
  8.4120513e-61       145.56875      0.26304969      0.98183775       3.0258511     -0.30652516      -0.30652516       291.75055             291.75055
  9.5250453e-60       143.11113      0.24417363      0.97714218       3.1396996     -0.30652516      -0.30652516       286.83532             286.83532
  3.4792672e-58       139.48229      0.26822782      0.95060228       3.0219603     -0.30652516      -0.30652516       279.57764             279.57764
  2.1368632e-57       137.63642      0.25911862      0.92821403       3.0957939     -0.30652516      -0.30652516       275.88589             275.88589
  5.8626625e-56        134.2938      0.24994534       1.0128591       3.0970598     -0.30652516      -0.30652516       269.20065             269.20065
  6.7370561e-56       134.12401      0.25541952      0.93535308       3.0983944     -0.30652516      -0.30652516       268.86106             268.86106
  7.5954844e-55       131.67072      0.25864526      0.92911521       3.0979215     -0.30652516      -0.30652516       263.95449             263.95449
  8.0836399e-53       126.97249      0.26572551        1.006039       3.0076216     -0.30652516      -0.30652516       254.55803             254.55803
  2.4792452e-49       118.91327      0.24454738      0.94581884       3.1611567     -0.30652516      -0.30652516       238.43958             238.43958
  3.5611215e-49       118.52037      0.24575774      0.95883808       3.1415111     -0.30652516      -0.30652516        237.6538              237.6538
  1.0292924e-48       117.42822      0.24650272      0.94235777       3.1590302     -0.30652516      -0.30652516       235.46949             235.46949
  1.4426924e-48       117.05981      0.25809808       1.0141156       3.0438601     -0.30652516      -0.30652516       234.73267             234.73267
  2.7351739e-48       116.38935      0.24493795      0.94471266       3.1596864     -0.30652516      -0.30652516       233.39176             233.39176
  3.5447557e-48       116.09931       0.2601052      0.92894061         3.08555     -0.30652516      -0.30652516       232.81166             232.81166
  5.2732886e-48       115.67135      0.25393856      0.98056012       3.0778714     -0.30652516      -0.30652516       231.95575             231.95575
  6.9460751e-48       115.36506      0.26881593      0.98502866       3.0083429     -0.30652516      -0.30652516       231.34316             231.34316
  6.0457031e-47       113.17053      0.25124812      0.95318605       3.1313028     -0.30652516      -0.30652516       226.95411             226.95411
  7.0158954e-46       110.68834      0.25343819       1.0132384       3.0733558     -0.30652516      -0.30652516       221.98973             221.98973
  1.6500617e-44       107.49977      0.26635934      0.99014911       3.0090032     -0.30652516      -0.30652516       215.61258             215.61258
   1.225082e-41       100.85904      0.26916878      0.97710331        3.006523     -0.30652516      -0.30652516       202.33114             202.33114
   1.042255e-40       98.687307      0.24797652      0.97359445       3.1376296     -0.30652516      -0.30652516       197.98767             197.98767
  8.8360038e-40       96.519088      0.25063802      0.93732447       3.1291894     -0.30652516      -0.30652516       193.65123             193.65123
  2.5993273e-39       95.409313      0.26778856      0.98277109       3.0147414     -0.30652516      -0.30652516       191.43168             191.43168
  9.6485249e-39       94.066989       0.2605308      0.97298619       3.0674631     -0.30652516      -0.30652516       188.74703             188.74703
  1.4964276e-38       93.597357      0.26703443      0.97050882       3.0286082     -0.30652516      -0.30652516       187.80776             187.80776
  5.7874972e-37        89.91138        0.265988      0.96371653       3.0265032     -0.30652516      -0.30652516       180.43581             180.43581
  2.1176437e-36        88.58342        0.264735      0.95074999       3.0419289     -0.30652516      -0.30652516       177.77989             177.77989
  3.3759261e-36       88.086282       0.2448389      0.98952345       3.1369982     -0.30652516      -0.30652516       176.78561             176.78561
  8.3340085e-36       87.151836       0.2584832      0.98869169        3.049993     -0.30652516      -0.30652516       174.91672             174.91672
  8.4237196e-36       87.110357      0.25201978       1.0065722       3.0873788     -0.30652516      -0.30652516       174.83376             174.83376
  5.5071211e-35        85.20201      0.25573099       0.9830624       3.0680954     -0.30652516      -0.30652516       171.01707             171.01707
  1.9795319e-32       79.286665      0.25678492      0.99041825       3.0591532     -0.30652516      -0.30652516       159.18638             159.18638
  2.4570319e-31       76.737214      0.25271984      0.96186148       3.0982973     -0.30652516      -0.30652516       154.08748             154.08748
   3.345921e-31       76.397655      0.24588332      0.97204802       3.1469894     -0.30652516      -0.30652516       153.40836             153.40836
  5.7618073e-31       75.823374      0.25916912      0.98113996       3.0690047     -0.30652516      -0.30652516        152.2598              152.2598
  2.1722523e-30       74.465504      0.24590071       0.9878024        3.134632     -0.30652516      -0.30652516       149.54406             149.54406
  2.4619849e-30       74.309529      0.25095145      0.99049666        3.108399     -0.30652516      -0.30652516       149.23211             149.23211
  3.8406203e-30       73.834091       0.2509855      0.96274346       3.1084556     -0.30652516      -0.30652516       148.28123             148.28123
  7.4036446e-30       73.146981      0.24568376      0.98726434       3.1331905     -0.30652516      -0.30652516       146.90701             146.90701
  4.0249415e-29       71.423086      0.24463107      0.96823049       3.1501422     -0.30652516      -0.30652516       143.45922             143.45922
  5.2300729e-28       68.827815      0.25714813        1.004322       3.0560211     -0.30652516      -0.30652516       138.26868             138.26868
  6.0293854e-25       61.747068      0.26183826      0.96477992       3.0619081     -0.30652516      -0.30652516       124.10719             124.10719
  8.7385282e-24       59.042614      0.25055917      0.94443743       3.1306621     -0.30652516      -0.30652516       118.69828             118.69828
  5.2981762e-23       57.209637      0.24962026      0.98175001       3.1078717     -0.30652516      -0.30652516       115.03232             115.03232
  7.0047291e-23       56.899642      0.25740777      0.99319535       3.0683977     -0.30652516      -0.30652516       114.41233             114.41233
  5.9718961e-20       50.120636      0.26302912      0.98316328       3.0333252     -0.30652516      -0.30652516       100.85432             100.85432
  1.1154414e-19       49.465094      0.25019359      0.96663811       3.1259251     -0.30652516      -0.30652516       99.543238             99.543238
  1.2609996e-19       49.311667      0.24679795       0.9672034       3.1368418     -0.30652516      -0.30652516       99.236385             99.236385
  1.5668138e-19       49.063756      0.26317287      0.97533152       3.0364296     -0.30652516      -0.30652516       98.740563             98.740563
  3.3934097e-18       45.957609      0.25389129      0.95582188         3.09811     -0.30652516      -0.30652516       92.528268             92.528268
  6.5771977e-18       45.265063      0.25065441      0.95926146       3.1155641     -0.30652516      -0.30652516       91.143177             91.143177
  7.0643722e-18       45.162836      0.25720877      0.96241064       3.0746948     -0.30652516      -0.30652516       90.938723             90.938723
  7.8886848e-18       45.021699      0.25169935      0.94866193       3.1182127     -0.30652516      -0.30652516       90.656449             90.656449
  1.1817755e-17       44.586754      0.25507371      0.94411076       3.1053125     -0.30652516      -0.30652516       89.786559             89.786559
  1.4849965e-17       44.327588      0.26291652      0.96341781       3.0536751     -0.30652516      -0.30652516       89.268226             89.268226
  2.1880451e-16       41.606635      0.25009072      0.97503498        3.109759     -0.30652516      -0.30652516       83.826321             83.826321
  2.6303218e-16       41.391766      0.25738548      0.96431415       3.0868141     -0.30652516      -0.30652516       83.396582             83.396582
  5.0175932e-16        40.71515      0.26266604       0.9697016       3.0430627     -0.30652516      -0.30652516        82.04335              82.04335
  5.6766454e-16       40.560968      0.25623275      0.99007118       3.0661631     -0.30652516      -0.30652516       81.734987             81.734987
   1.442161e-15       39.597829      0.26155412      0.96360359       3.0618322     -0.30652516      -0.30652516       79.808709             79.808709
   6.163772e-15       38.114511      0.26172244       0.9854295       3.0458176     -0.30652516      -0.30652516       76.842073             76.842073
  8.3723931e-15       37.777489      0.25508835      0.98597005       3.0857735     -0.30652516      -0.30652516       76.168028             76.168028
  4.3208649e-14       36.105616      0.26189678      0.98480948       3.0403954     -0.30652516      -0.30652516       72.824283             72.824283
  7.1761601e-14       35.567536      0.25051386       0.9528866       3.1260602     -0.30652516      -0.30652516       71.748122             71.748122
  9.4840699e-14       35.257915      0.25392627      0.97087762        3.088945     -0.30652516      -0.30652516        71.12888              71.12888
  1.4858929e-13       34.778156       0.2529974      0.97038983       3.1075905     -0.30652516      -0.30652516       70.169362             70.169362
  3.9638834e-13       33.766176      0.25772092      0.97270796       3.0666224     -0.30652516      -0.30652516       68.145402             68.145402
  4.4683409e-13       33.615611      0.25085664      0.95350635       3.1215504     -0.30652516      -0.30652516       67.844273             67.844273
  8.0703691e-13       32.993658      0.26222304      0.98350034       3.0412093     -0.30652516      -0.30652516       66.600366             66.600366
  4.0859253e-12       31.340952      0.25598945      0.95614979       3.0972415     -0.30652516      -0.30652516       63.294954             63.294954
  1.4737272e-11       30.027349      0.25028769      0.96355353       3.1170246     -0.30652516      -0.30652516       60.667748             60.667748
  5.8029762e-11       28.626001      0.26251432      0.96446788       3.0504822     -0.30652516      -0.30652516       57.865052             57.865052
  6.0365343e-11        28.55577      0.25185336      0.96979772       3.1029296     -0.30652516      -0.30652516        57.72459              57.72459
  6.9370778e-10       26.083363      0.24991368      0.96253316       3.1214485     -0.30652516      -0.30652516       52.779776             52.779776
  6.8338883e-10       26.067578      0.25214451      0.97391885       3.0990874     -0.30652516      -0.30652516       52.748206             52.748206
  1.1031168e-09       25.557975      0.25845739      0.95249995       3.0794449     -0.30652516      -0.30652516       51.729001             51.729001
  2.8211227e-09       24.588208      0.25586424      0.95101748       3.0969443     -0.30652516      -0.30652516       49.789467             49.789467
  7.5286372e-09       23.575858      0.25693746      0.95280023        3.086941     -0.30652516      -0.30652516       47.764765             47.764765
  7.4542872e-09       23.555011      0.25125473      0.95663071       3.1188317     -0.30652516      -0.30652516       47.723071             47.723071
  8.2805139e-09       23.419123       0.2591239      0.96339098       3.0748625     -0.30652516      -0.30652516       47.451297             47.451297
  8.7692939e-09          23.331      0.25679732      0.95208092       3.0914616     -0.30652516      -0.30652516       47.275051             47.275051
  5.6930684e-08        21.42965      0.25572683      0.98150581        3.074688     -0.30652516      -0.30652516       43.472351             43.472351
  8.1558832e-08       21.039389      0.25647806       0.9888018       3.0689564     -0.30652516      -0.30652516       42.691828             42.691828
  8.5602302e-08       20.960229      0.25742001      0.98461368       3.0710028     -0.30652516      -0.30652516       42.533509             42.533509
   9.629172e-08       20.811788      0.25802828      0.98753125       3.0611199     -0.30652516      -0.30652516       42.236626             42.236626
  1.3019053e-07       20.479399       0.2592148      0.98095519       3.0629697     -0.30652516      -0.30652516       41.571849             41.571849
  1.7057065e-07       20.178477       0.2559012      0.95760101       3.0955778     -0.30652516      -0.30652516       40.970004             40.970004
  7.0337753e-07       18.730961      0.25558706      0.98754201       3.0781736     -0.30652516      -0.30652516       38.074973             38.074973
  9.2645179e-07       18.424721       0.2537138      0.98377808       3.0923056     -0.30652516      -0.30652516       37.462493             37.462493
  9.0468117e-07       18.417729      0.25132151      0.96488648       3.1112593     -0.30652516      -0.30652516       37.448508             37.448508
  1.3385941e-06       17.995165      0.25341387      0.95522094       3.1079949     -0.30652516      -0.30652516        36.60338              36.60338
  1.3824218e-06       17.932176      0.25937455      0.96249854       3.0669215     -0.30652516      -0.30652516       36.477403             36.477403
   1.473794e-06       17.837401      0.25318937      0.95585639       3.1093218     -0.30652516      -0.30652516       36.287853             36.287853
  1.4692276e-06       17.809733      0.25233106      0.95879339       3.1097854     -0.30652516      -0.30652516       36.232516             36.232516
  1.5067807e-06       17.753723       0.2595389      0.96999168       3.0609467     -0.30652516      -0.30652516       36.120496             36.120496
  1.7708298e-06       17.561478      0.25380749      0.96939376       3.1017206     -0.30652516      -0.30652516       35.736007             35.736007
  4.2354633e-06       16.658662      0.25883116      0.97447081       3.0695159     -0.30652516      -0.30652516       33.930374             33.930374
  4.3468326e-06       16.601936      0.26013778       0.9612252       3.0665462     -0.30652516      -0.30652516       33.816922             33.816922
  7.5157388e-06       16.023612      0.26068797      0.97497154       3.0563983     -0.30652516      -0.30652516       32.660275             32.660275
  1.1105818e-05       15.602371      0.25198285      0.98111424       3.0990838     -0.30652516      -0.30652516       31.817792             31.817792
  1.3439682e-05       15.380857      0.25158419      0.96724648       3.1084712     -0.30652516      -0.30652516       31.374763             31.374763
  2.3596745e-05       14.787188      0.25227936      0.96112082       3.1087825     -0.30652516      -0.30652516       30.187426             30.187426
  2.3971925e-05       14.740641      0.25175681      0.96840936       3.1123154     -0.30652516      -0.30652516       30.094333             30.094333
  2.4248401e-05       14.698402      0.25386069      0.97583848       3.0970713     -0.30652516      -0.30652516       30.009855             30.009855
  3.6463372e-05       14.259673      0.25438627      0.95681287       3.1024057     -0.30652516      -0.30652516       29.132397             29.132397
   5.930108e-05       13.742582      0.25780955      0.98383852       3.0673526     -0.30652516      -0.30652516       28.098215             28.098215
  5.7795595e-05       13.737526      0.25157815      0.96559032       3.1140633     -0.30652516      -0.30652516       28.088102             28.088102
   0.0001333916       12.870377      0.25589195      0.96012582       3.0878592     -0.30652516      -0.30652516       26.353805             26.353805
  0.00021173583       12.377555      0.25619868      0.98492262       3.0733975     -0.30652516      -0.30652516       25.368161             25.368161
  0.00027072679       12.101013      0.25629452      0.97337526       3.0846531     -0.30652516      -0.30652516       24.815076             24.815076
  0.00028678677       12.012613      0.25436944      0.96853276       3.0982585     -0.30652516      -0.30652516       24.638275             24.638275
  0.00033338344       11.831287      0.25294411      0.96211294       3.1082998     -0.30652516      -0.30652516       24.275623             24.275623
  0.00038987986        11.64397      0.25118832      0.97214341        3.109661     -0.30652516      -0.30652516       23.900989             23.900989
  0.00039951943       11.588774      0.25308686      0.97226707       3.1029019     -0.30652516      -0.30652516       23.790599             23.790599
  0.00044376569       11.452968      0.25829709      0.96138566       3.0781625     -0.30652516      -0.30652516       23.518987             23.518987
  0.00044322361       11.423419      0.25268695      0.96091733       3.1092316     -0.30652516      -0.30652516       23.459888             23.459888
  0.00052456225       11.224158      0.25398816      0.95990834       3.1033569     -0.30652516      -0.30652516       23.061365             23.061365
     0.00147975       10.156321      0.25280853      0.97860276       3.0957093     -0.30652516      -0.30652516       20.925693             20.925693
   0.0015536603       10.076809      0.25517984      0.98221751       3.0837221     -0.30652516      -0.30652516       20.766669             20.766669
   0.0018999765       9.8448098      0.25226921      0.96496019       3.1071403     -0.30652516      -0.30652516        20.30267              20.30267
   0.0024054162       9.5781567      0.25736517      0.96323097       3.0781361     -0.30652516      -0.30652516       19.769364             19.769364
   0.0025306598        9.496628      0.25812409      0.97611564       3.0663065     -0.30652516      -0.30652516       19.606306             19.606306
   0.0037147684         9.08202      0.25549542      0.96000366       3.0945975     -0.30652516      -0.30652516        18.77709              18.77709
   0.0060300665       8.5668067      0.25678827      0.97606753       3.0734162     -0.30652516      -0.30652516       17.746664             17.746664
   0.0059326936       8.5523147      0.25703031      0.98229668       3.0710286     -0.30652516      -0.30652516        17.71768              17.71768
   0.0085370238       8.1576089       0.2593425      0.97135364       3.0637809     -0.30652516      -0.30652516       16.928268             16.928268
   0.0085613326       8.1239939      0.25474023      0.96070688       3.0982473     -0.30652516      -0.30652516       16.861038             16.861038
   0.0090560508        8.037045      0.25216692      0.96640214       3.1077559     -0.30652516      -0.30652516        16.68714              16.68714
    0.011769419       7.7442019      0.25628943      0.96086816       3.0894406     -0.30652516      -0.30652516       16.101454             16.101454
    0.013849113       7.5507135      0.25380917      0.96226575       3.0999695     -0.30652516      -0.30652516       15.714477             15.714477
    0.014012952       7.5081811       0.2541057      0.97959087       3.0911841     -0.30652516      -0.30652516       15.629412             15.629412
    0.014734448       7.4272033      0.25340005      0.98011082       3.0932604     -0.30652516      -0.30652516       15.467457             15.467457
    0.014549334       7.4090746      0.25262667      0.97647619       3.0987554     -0.30652516      -0.30652516         15.4312               15.4312
    0.018995875       7.1116263      0.25316387      0.96304076       3.1047577     -0.30652516      -0.30652516       14.836303             14.836303
     0.02017651       7.0205574      0.25595102      0.96726128       3.0833261     -0.30652516      -0.30652516       14.654165             14.654165
    0.031423175       6.5467591      0.25588781      0.96098033       3.0911704     -0.30652516      -0.30652516       13.706569             13.706569
    0.033716448       6.4455474      0.25445323      0.96151638       3.0987855     -0.30652516      -0.30652516       13.504145             13.504145
    0.034425509       6.3939637      0.25479907      0.96631016       3.0958456     -0.30652516      -0.30652516       13.400978             13.400978
    0.034632273       6.3572039      0.25887516      0.97279964       3.0656823     -0.30652516      -0.30652516       13.327458             13.327458
    0.046067041       6.0411204      0.25745656      0.97907002       3.0716369     -0.30652516      -0.30652516       12.695291             12.695291
    0.045801516       6.0161293      0.25352811      0.97554352       3.0970702     -0.30652516      -0.30652516       12.645309             12.645309
    0.044559554       6.0128483      0.25442225      0.97061779       3.0902744     -0.30652516      -0.30652516       12.638747             12.638747
    0.059129138       5.6991794      0.25238172      0.97012632       3.1049945     -0.30652516      -0.30652516       12.011409             12.011409
     0.06012262       5.6517454      0.25821179      0.97239922       3.0688447     -0.30652516      -0.30652516       11.916541             11.916541
    0.063242665       5.5703807      0.25740535      0.97434367       3.0717716     -0.30652516      -0.30652516       11.753812             11.753812
    0.062189206       5.5564068      0.25425479      0.96425493       3.0991891     -0.30652516      -0.30652516       11.725864             11.725864
    0.064569877       5.4880686      0.25833073      0.96746589       3.0715941     -0.30652516      -0.30652516       11.589187             11.589187
     0.07426637       5.3173867      0.25604263      0.96234798       3.0874027     -0.30652516      -0.30652516       11.247824             11.247824
    0.095737747       5.0326606       0.2584172      0.96826906       3.0726133     -0.30652516      -0.30652516       10.678372             10.678372
     0.10752532       4.8857752      0.25645859      0.96339208        3.084289     -0.30652516      -0.30652516       10.384601             10.384601
     0.12489968       4.7052191      0.25817555      0.96859696       3.0717697     -0.30652516      -0.30652516       10.023488             10.023488
     0.13022569       4.6326893      0.25329261      0.97626367       3.0955616     -0.30652516      -0.30652516       9.8784289             9.8784289
     0.14452954       4.4977027      0.25537398      0.97638156       3.0861728     -0.30652516      -0.30652516       9.6084558             9.6084558
     0.16816161       4.3154894      0.25441738      0.96319157       3.0970132     -0.30652516      -0.30652516       9.2440292             9.2440292
     0.16988885       4.2744989      0.25499976      0.97934631       3.0840847     -0.30652516      -0.30652516       9.1620481             9.1620481
     0.19122595       4.1254159      0.25625083      0.97581855       3.0776217     -0.30652516      -0.30652516       8.8638822             8.8638822
     0.20605109       4.0199758      0.25378255      0.97656769       3.0922794     -0.30652516      -0.30652516        8.653002              8.653002
     0.20334203       4.0024389      0.25343713       0.9666846       3.1016028     -0.30652516      -0.30652516       8.6179281             8.6179281
     0.25147261       3.7592226      0.25664984       0.9684455       3.0835986     -0.30652516      -0.30652516       8.1314955             8.1314955
     0.29418321       3.5715823      0.25466808      0.96538055       3.0959395     -0.30652516      -0.30652516       7.7562149             7.7562149
     0.29076863       3.5524855      0.25820223      0.97216165       3.0709237     -0.30652516      -0.30652516       7.7180213             7.7180213
     0.28586673        3.538716      0.25705703      0.96509293       3.0821285     -0.30652516      -0.30652516       7.6904823             7.6904823
     0.30521439       3.4424556      0.25460664      0.96391389       3.0954598     -0.30652516      -0.30652516       7.4979615             7.4979615
      0.3083996        3.401302      0.25620504      0.96339682       3.0871424     -0.30652516      -0.30652516       7.4156544             7.4156544
     0.30239508       3.3901923      0.25665446       0.9645944       3.0828994     -0.30652516      -0.30652516        7.393435              7.393435
     0.30105236       3.3638708      0.25693441      0.97622219       3.0742665     -0.30652516      -0.30652516        7.340792              7.340792
     0.31896365       3.2753062      0.25581734      0.97353702       3.0853682     -0.30652516      -0.30652516       7.1636628             7.1636628
     0.35857234        3.256693       0.2568324      0.97097901       3.0771979     -0.30652516      -0.30652516       7.1264364             7.1264364
     0.37324308       3.1815023      0.25735731      0.97189238       3.0740878     -0.30652516      -0.30652516       6.9760548             6.9760548
     0.39736624       3.0837824      0.25794348      0.97001301       3.0740445     -0.30652516      -0.30652516       6.7806152             6.7806152
     0.40267918       3.0705007      0.25581177      0.97020634       3.0832252     -0.30652516      -0.30652516       6.7540517             6.7540517
     0.47810541       2.8273506      0.25773514      0.96931049       3.0757592     -0.30652516      -0.30652516       6.2677516             6.2677516
     0.52376085       2.7010554      0.25738848      0.97153076       3.0743665     -0.30652516      -0.30652516        6.015161              6.015161
     0.52109961        2.671058      0.25623568      0.97776049        3.078519     -0.30652516      -0.30652516       5.9551664             5.9551664
      0.5578047        2.567899      0.25655307      0.97204376       3.0817823     -0.30652516      -0.30652516       5.7488483             5.7488483
     0.60239994       2.3892036      0.25661144      0.97532366       3.0766438     -0.30652516      -0.30652516       5.3914576             5.3914576
     0.62015626       2.3273639      0.25447503      0.97136868        3.090653     -0.30652516      -0.30652516       5.2677781             5.2677781
      0.6675728       2.2208971      0.25749722      0.97399049       3.0735744     -0.30652516      -0.30652516       5.0548446             5.0548446
      0.6773946       2.1735018      0.25760063      0.97062861       3.0743758     -0.30652516      -0.30652516       4.9600539             4.9600539
     0.66443143       2.1600342      0.25766024      0.97196306       3.0741613     -0.30652516      -0.30652516       4.9331188             4.9331188
     0.65963671       2.1344868      0.25619444      0.96834651       3.0857643     -0.30652516      -0.30652516        4.882024              4.882024
     0.73417952       1.9946327      0.25676314      0.96983776       3.0787562     -0.30652516      -0.30652516       4.6023157             4.6023157
     0.73494816       1.9607965      0.25706764      0.97499211       3.0750195     -0.30652516      -0.30652516       4.5346433             4.5346433
     0.78161385       1.8039254      0.25639441      0.97405877       3.0810134     -0.30652516      -0.30652516       4.2209012             4.2209012
     0.77464448       1.7821104      0.25722126      0.97133804       3.0757779     -0.30652516      -0.30652516       4.1772712             4.1772712
     0.76270591       1.7668704      0.25593219      0.97652089       3.0804548     -0.30652516      -0.30652516       4.1467912             4.1467912
     0.76739391        1.729971      0.25652334      0.97327515       3.0807726     -0.30652516      -0.30652516       4.0729924             4.0729924
     0.76152852        1.706872      0.25406672      0.97246272       3.0930896     -0.30652516      -0.30652516       4.0267943             4.0267943
     0.78281099       1.6485367       0.2558452       0.9704012       3.0865773     -0.30652516      -0.30652516       3.9101237             3.9101237
     0.91243963       1.4645344      0.25562158      0.97186207       3.0839209     -0.30652516      -0.30652516       3.5421191             3.5421191
     0.92935751       1.4153912      0.25630661      0.97291627       3.0796614     -0.30652516      -0.30652516       3.4438326             3.4438326
     0.92107834       1.3935679      0.25539345      0.97389095       3.0867653     -0.30652516      -0.30652516       3.4001861             3.4001861
     0.91207194       1.3726225      0.25724595      0.97241491        3.075637     -0.30652516      -0.30652516       3.3582953             3.3582953
     0.90299005       1.3518581      0.25597355      0.97097495       3.0853794     -0.30652516      -0.30652516       3.3167666             3.3167666
     0.89806326       1.3265575       0.2555909      0.97599341       3.0835839     -0.30652516      -0.30652516       3.2661653             3.2661653
     0.90196866       1.2914466      0.25458889      0.96822641       3.0925804     -0.30652516      -0.30652516       3.1959435             3.1959435
     0.91086431       1.2508608      0.25435544      0.96811602       3.0951854     -0.30652516      -0.30652516       3.1147718             3.1147718
     0.90259625       1.2292077      0.25441104      0.97192124       3.0931951     -0.30652516      -0.30652516       3.0714658             3.0714658
     0.87547888       1.2289404      0.25443725       0.9724248       3.0909209     -0.30652516      -0.30652516        3.070931              3.070931
     0.90114593       1.1692725      0.25675836      0.97270383       3.0793546     -0.30652516      -0.30652516       2.9515954             2.9515954
     0.92666972       1.1105709      0.25691217      0.96862068       3.0804252     -0.30652516      -0.30652516        2.834192              2.834192
      0.9080837       1.1000599      0.25418887      0.97244735       3.0928263     -0.30652516      -0.30652516         2.81317               2.81317
      0.9253745       1.0504262      0.25716511       0.9711207        3.077039     -0.30652516      -0.30652516       2.7139028             2.7139028
     0.93151128       1.0130448       0.2546636      0.97445161       3.0890064     -0.30652516      -0.30652516       2.6391399             2.6391399
     0.90383263       1.0124372       0.2544722      0.97235414       3.0908866     -0.30652516      -0.30652516       2.6379248             2.6379248
     0.89186282      0.99499745       0.2558298      0.97174574       3.0855781     -0.30652516      -0.30652516       2.6030452             2.6030452
     0.88193576       0.9754189      0.25629739      0.96819738        3.082894     -0.30652516      -0.30652516       2.5638881             2.5638881
     0.92382511      0.89824369      0.25610236      0.97514439       3.0805893     -0.30652516      -0.30652516       2.4095377             2.4095377
     0.90271237      0.89059082       0.2563527      0.97239055       3.0819751     -0.30652516      -0.30652516        2.394232              2.394232
     0.88364743        0.881165      0.25635412      0.97416835       3.0805151     -0.30652516      -0.30652516       2.3753803             2.3753803
     0.86449662      0.87230409      0.25502963      0.97405228       3.0882471     -0.30652516      -0.30652516       2.3576585             2.3576585
     0.85319075      0.85469668      0.25563477      0.96878183       3.0881861     -0.30652516      -0.30652516       2.3224437             2.3224437
     0.84618967      0.83216464      0.25645307      0.97445215        3.079343     -0.30652516      -0.30652516       2.2773796             2.2773796
     0.86266201      0.78211354       0.2556662      0.97159063        3.084151     -0.30652516      -0.30652516       2.1772774             2.1772774
     0.84037855       0.7775124      0.25589822      0.97201709       3.0826395     -0.30652516      -0.30652516       2.1680751             2.1680751
      0.8213984      0.76958494      0.25538927      0.97410951       3.0846529     -0.30652516      -0.30652516       2.1522202             2.1522202
     0.79668111      0.76936705      0.25604384      0.97249735       3.0836988     -0.30652516      -0.30652516       2.1517844             2.1517844
     0.79477567      0.74098998      0.25647557      0.97377437       3.0790164     -0.30652516      -0.30652516       2.0950303             2.0950303
     0.77114622      0.74040021      0.25588299      0.97116043       3.0854885     -0.30652516      -0.30652516       2.0938507             2.0938507
     0.77180158      0.70877906      0.25498022      0.97105843       3.0885237     -0.30652516      -0.30652516       2.0306084             2.0306084
      0.7505979      0.70586481      0.25451647      0.97034382       3.0919696     -0.30652516      -0.30652516       2.0247799             2.0247799
     0.73208154      0.70007133      0.25463455      0.97316547       3.0907537     -0.30652516      -0.30652516        2.013193              2.013193
     0.71364579      0.69480483      0.25521063      0.97428099       3.0857637     -0.30652516      -0.30652516         2.00266               2.00266
     0.69346411      0.69272043      0.25458698      0.97220222       3.0904669     -0.30652516      -0.30652516       1.9984912             1.9984912
     0.67913343      0.68283064      0.25453946      0.96910777       3.0928183     -0.30652516      -0.30652516       1.9787116             1.9787116
     0.66480159      0.67338797      0.25598531      0.97346494       3.0832547     -0.30652516      -0.30652516       1.9598263             1.9598263
     0.65154158      0.66276373      0.25477367      0.97058166       3.0918225     -0.30652516      -0.30652516       1.9385778             1.9385778
     0.63773175      0.65341555      0.25536996      0.97167937       3.0858784     -0.30652516      -0.30652516       1.9198814             1.9198814
     0.64968405      0.60407545      0.25466232      0.97339066       3.0902431     -0.30652516      -0.30652516       1.8212012             1.8212012
     0.67669895      0.53256348      0.25592931      0.97163536       3.0847987     -0.30652516      -0.30652516       1.6781773             1.6781773
     0.65976979      0.52712735      0.25631619      0.97394666       3.0800965     -0.30652516      -0.30652516        1.667305              1.667305
      0.6672209      0.48512548      0.25502766      0.96819931       3.0905671     -0.30652516      -0.30652516       1.5833013             1.5833013
     0.65264369      0.47644367      0.25561987       0.9680021       3.0871387     -0.30652516      -0.30652516       1.5659377             1.5659377
     0.63613453      0.47129326      0.25573327       0.9676166       3.0869824     -0.30652516      -0.30652516       1.5556368             1.5556368
     0.62546492      0.45743643      0.25628443      0.96944586       3.0823975     -0.30652516      -0.30652516       1.5279232             1.5279232
     0.61357889      0.44585117       0.2555255      0.96905379       3.0884046     -0.30652516      -0.30652516       1.5047527             1.5047527
     0.60322302      0.43210138       0.2561339      0.97405956       3.0811082     -0.30652516      -0.30652516       1.4772531             1.4772531
     0.58700765      0.42857885      0.25455046      0.97050356       3.0920097     -0.30652516      -0.30652516        1.470208              1.470208
      0.5711884      0.42512594      0.25663879      0.97246696       3.0792601     -0.30652516      -0.30652516       1.4633022             1.4633022
     0.56453098      0.40607812      0.25476242      0.96968752       3.0910834     -0.30652516      -0.30652516       1.4252066             1.4252066
     0.55231961      0.39717485      0.25478354      0.97206291       3.0906197     -0.30652516      -0.30652516          1.4074                1.4074
      0.5385897        0.391576      0.25633258      0.97315798       3.0802488     -0.30652516      -0.30652516       1.3962023             1.3962023
     0.52731165      0.38196668      0.25555244      0.96785226       3.0878523     -0.30652516      -0.30652516       1.3769837             1.3769837
     0.51346976      0.37779561      0.25589487      0.97401266       3.0829468     -0.30652516      -0.30652516       1.3686415             1.3686415
     0.49884802       0.3759136      0.25591515      0.97259818       3.0841099     -0.30652516      -0.30652516       1.3648775             1.3648775
     0.48610035      0.37102834      0.25627692      0.97218443       3.0808614     -0.30652516      -0.30652516        1.355107              1.355107
     0.47951196      0.35390293      0.25520571      0.97266719       3.0865988     -0.30652516      -0.30652516       1.3208562             1.3208562
     0.47035047      0.34242201      0.25507017       0.9683081       3.0904731     -0.30652516      -0.30652516       1.2978943             1.2978943
     0.45774001      0.33882709      0.25588064      0.96857304       3.0864163     -0.30652516      -0.30652516       1.2907045             1.2907045
     0.45682228      0.31006236      0.25613377      0.97328805       3.0821133     -0.30652516      -0.30652516        1.233175              1.233175
     0.45041943      0.29340593      0.25641612      0.96931055       3.0826794     -0.30652516      -0.30652516       1.1998622             1.1998622
     0.43744419      0.29186434      0.25531028      0.96814576       3.0895319     -0.30652516      -0.30652516        1.196779              1.196779
     0.42692008      0.28544499      0.25460564      0.97090072       3.0917188     -0.30652516      -0.30652516       1.1839403             1.1839403
     0.41630709      0.27984698      0.25654167      0.97219468       3.0799302     -0.30652516      -0.30652516       1.1727443             1.1727443
      0.4059064      0.27437592      0.25485696      0.97203222       3.0891764     -0.30652516      -0.30652516       1.1618022             1.1618022
     0.41021303      0.23305023      0.25502798       0.9706269       3.0901554     -0.30652516      -0.30652516       1.0791508             1.0791508
     0.39944131      0.22888833      0.25610358      0.97341927       3.0820018     -0.30652516      -0.30652516        1.070827              1.070827
     0.39517402       0.2088573      0.25547408      0.97308629       3.0849934     -0.30652516      -0.30652516       1.0307649             1.0307649
     0.38978446      0.19181796      0.25650097      0.97061076       3.0809581     -0.30652516      -0.30652516      0.99668623            0.99668623
     0.37881845      0.18958314      0.25648466      0.97010662       3.0814421     -0.30652516      -0.30652516      0.99221661            0.99221661
     0.37054298       0.1808991      0.25589454       0.9736551       3.0829288     -0.30652516      -0.30652516      0.97484851            0.97484851
     0.37159522      0.17806341      0.25620298      0.96917026       3.0840068     -0.30652516      -0.30652516      0.96917714            0.96917714
     0.37504938      0.16881084      0.25635342      0.97241329       3.0811751     -0.30652516      -0.30652516      0.95067201            0.95067201
     0.38323461       0.1472212      0.25500683      0.96910132       3.0904642     -0.30652516      -0.30652516      0.90749272            0.90749272
     0.38644244      0.13888561      0.25616662      0.97156026       3.0830746     -0.30652516      -0.30652516      0.89082154            0.89082154
     0.38690851      0.13768028      0.25611101      0.96960952       3.0834854     -0.30652516      -0.30652516      0.88841089            0.88841089
     0.38779288      0.13539717      0.25625888      0.96927434       3.0834594     -0.30652516      -0.30652516      0.88384466            0.88384466
     0.39088401      0.12745769      0.25493917      0.96955362       3.0908219     -0.30652516      -0.30652516       0.8679657             0.8679657
      0.3927334      0.12273755      0.25519022      0.97229942       3.0881449     -0.30652516      -0.30652516      0.85852541            0.85852541
     0.39308931      0.12183171      0.25477457      0.97145611       3.0903929     -0.30652516      -0.30652516      0.85671374            0.85671374
     0.39394835      0.11964873      0.25533713      0.96939516       3.0879504     -0.30652516      -0.30652516      0.85234778            0.85234778
      0.4171021     0.062537511      0.25507727      0.97135953       3.0892939     -0.30652516      -0.30652516      0.73812534            0.73812534
     0.41749066     0.061606376      0.25542936      0.96955216       3.0883679     -0.30652516      -0.30652516      0.73626307            0.73626307
     0.41971168     0.056300551      0.25514881      0.96911157       3.0897217     -0.30652516      -0.30652516      0.72565142            0.72565142
     0.42027443     0.054960654      0.25581938      0.97092023       3.0842002     -0.30652516      -0.30652516      0.72297163            0.72297163
      0.4247793     0.044298806      0.25512805      0.97263602       3.0880175     -0.30652516      -0.30652516      0.70164793            0.70164793
     0.42799902     0.036747657      0.25495895      0.97006148       3.0904153     -0.30652516      -0.30652516      0.68654563            0.68654563
     0.42832922      0.03597645      0.25573069       0.9687813       3.0867414     -0.30652516      -0.30652516      0.68500322            0.68500322
     0.42845203      0.03568978      0.25564325      0.97316887       3.0842877     -0.30652516      -0.30652516      0.68442988            0.68442988
      0.4345721      0.02150668      0.25518853       0.9693989       3.0890601     -0.30652516      -0.30652516      0.65606368            0.65606368
     0.46478503    -0.045706443      0.25566153      0.96926769       3.0869784     -0.30652516      -0.30652516      0.52163743            0.52163743
     0.47239964    -0.061956766      0.25540188      0.97282697       3.0862023     -0.30652516      -0.30652516      0.48913679            0.48913679
     0.48900725    -0.096508764      0.25510354       0.9703154       3.0894001     -0.30652516      -0.30652516      0.42003279            0.42003279
     0.49509668      -0.1088845       0.2558255      0.97258214       3.0839562     -0.30652516      -0.30652516      0.39528132            0.39528132
     0.51151454     -0.14150747       0.2561224      0.97095572       3.0831981     -0.30652516      -0.30652516      0.33003538            0.33003538
     0.51220786     -0.14286197      0.25611307      0.97094586       3.0830624     -0.30652516      -0.30652516      0.32732638            0.32732638
      0.5222726     -0.16232112      0.25596322      0.97198564       3.0833449     -0.30652516      -0.30652516      0.28840809            0.28840809
     0.52972389     -0.17648737       0.2555114      0.97233076       3.0858495     -0.30652516      -0.30652516      0.26007559            0.26007559
      0.5380587     -0.19209912      0.25584107      0.97181784       3.0844065     -0.30652516      -0.30652516      0.22885209            0.22885209
     0.54253469     -0.20038347      0.25527643      0.97116056       3.0879659     -0.30652516      -0.30652516      0.21228338            0.21228338
     0.57033035      -0.2503472      0.25568164      0.97038875       3.0860694     -0.30652516      -0.30652516      0.11235593            0.11235593
     0.58039103     -0.26783351      0.25548822      0.97114393       3.0864689     -0.30652516      -0.30652516     0.077383298           0.077383298
