  0.269643931115637E+000  0.896855302137648E+000  0.284284642071411E+001  0.306525160253261E+000 -0.292339211049466E+002 -0.292339211049466E+002
  0.268500687583499E+000  0.896855846136390E+000  0.284926183277489E+001  0.306525160253261E+000 -0.290213522803302E+002 -0.290213522803302E+002
  0.268998316811973E+000  0.896688017390298E+000  0.284668439422630E+001  0.306525160253261E+000 -0.289396597935129E+002 -0.289396597935129E+002
  0.269595184188295E+000  0.897229046926346E+000  0.284378824339582E+001  0.306525160253261E+000 -0.292010525217669E+002 -0.292010525217669E+002
  0.269635579039283E+000  0.899648981793733E+000  0.284162446060152E+001  0.306525160253261E+000 -0.292264945898075E+002 -0.292264945898075E+002
  0.268529485700389E+000  0.898398684712686E+000  0.284864426536190E+001  0.306525160253261E+000 -0.289875659410620E+002 -0.289875659410620E+002
  0.269475151758465E+000  0.896155242099102E+000  0.284463309310221E+001  0.306525160253261E+000 -0.291220157482107E+002 -0.291220157482107E+002
  0.269060333543472E+000  0.899040202440217E+000  0.284478493483102E+001  0.306525160253261E+000 -0.289743967071370E+002 -0.289743967071370E+002
  0.268205065194483E+000  0.897867283131528E+000  0.285032098935140E+001  0.306525160253261E+000 -0.290769128667061E+002 -0.290769128667061E+002
  0.268663348611297E+000  0.896831744445012E+000  0.284891293928741E+001  0.306525160253261E+000 -0.290935166804850E+002 -0.290935166804850E+002
  0.268398989374023E+000  0.897629784006298E+000  0.284931803170447E+001  0.306525160253261E+000 -0.289994123148827E+002 -0.289994123148827E+002
  0.269363999376420E+000  0.898849929245071E+000  0.284321783259091E+001  0.306525160253261E+000 -0.290703834112540E+002 -0.290703834112540E+002
  0.269024924351013E+000  0.898201887192056E+000  0.284642893643811E+001  0.306525160253261E+000 -0.291413123484642E+002 -0.291413123484642E+002
  0.269384083617963E+000  0.898723905649329E+000  0.284416517293558E+001  0.306525160253261E+000 -0.292034542443601E+002 -0.292034542443601E+002
  0.269477197182812E+000  0.896232610117179E+000  0.284404819643327E+001  0.306525160253261E+000 -0.292697734116191E+002 -0.292697734116191E+002
  0.269143880059481E+000  0.896144957336599E+000  0.284624529740918E+001  0.306525160253261E+000 -0.290419339373143E+002 -0.290419339373143E+002
  0.268902002031737E+000  0.898053471742276E+000  0.284669804765556E+001  0.306525160253261E+000 -0.288467487951173E+002 -0.288467487951173E+002
  0.268462997906814E+000  0.899360295750499E+000  0.284838291541522E+001  0.306525160253261E+000 -0.290462131872003E+002 -0.290462131872003E+002
  0.268734797497897E+000  0.895838057665550E+000  0.284885439930514E+001  0.306525160253261E+000 -0.291658457986052E+002 -0.291658457986052E+002
  0.268326344782483E+000  0.899564534648554E+000  0.284915989578296E+001  0.306525160253261E+000 -0.292171347825010E+002 -0.292171347825010E+002
  0.268578517485121E+000  0.898645369842629E+000  0.284806915064831E+001  0.306525160253261E+000 -0.289163831412687E+002 -0.289163831412687E+002
  0.269150574076582E+000  0.899871638125878E+000  0.284450642602015E+001  0.306525160253261E+000 -0.291305177714344E+002 -0.291305177714344E+002
  0.268290836449888E+000  0.898245140490545E+000  0.284996936363860E+001  0.306525160253261E+000 -0.290760127901967E+002 -0.290760127901967E+002
  0.268540476673306E+000  0.898600060650728E+000  0.284811489887324E+001  0.306525160253261E+000 -0.289069990207286E+002 -0.289069990207286E+002
  0.268183655494150E+000  0.899583473251205E+000  0.284940969934188E+001  0.306525160253261E+000 -0.291710250559300E+002 -0.291710250559300E+002
  0.268548581236041E+000  0.898058069841388E+000  0.284800335812767E+001  0.306525160253261E+000 -0.290188546671086E+002 -0.290188546671086E+002
  0.269163841284872E+000  0.899328735809930E+000  0.284505678697987E+001  0.306525160253261E+000 -0.292696374073444E+002 -0.292696374073444E+002
  0.268666528928240E+000  0.896421926266961E+000  0.284829014739378E+001  0.306525160253261E+000 -0.291646608367359E+002 -0.291646608367359E+002
  0.268847727537791E+000  0.897985398973774E+000  0.284730423349365E+001  0.306525160253261E+000 -0.289827088041402E+002 -0.289827088041402E+002
  0.268381392220978E+000  0.898230173816336E+000  0.284903893089296E+001  0.306525160253261E+000 -0.289923424023999E+002 -0.289923424023999E+002
  0.268721325493825E+000  0.896076967502009E+000  0.284886833682964E+001  0.306525160253261E+000 -0.291361984434760E+002 -0.291361984434760E+002
  0.268547333489808E+000  0.898510227031936E+000  0.284842375703347E+001  0.306525160253261E+000 -0.289560813464263E+002 -0.289560813464263E+002
