  0.100000000000000E+001  0.562979233552996E+006  0.180311386223871E+000  0.115590275566767E+001  0.216314864926262E+001  0.306525160253261E+000 -0.281489616776498E+006
  0.100000000000000E+001  0.379584157282066E+006  0.572211676363421E+000  0.108027722322820E+001  0.201522097279463E+001  0.306525160253261E+000 -0.189792078641033E+006
  0.100000000000000E+001  0.489838317972010E+007  0.272033323284448E+000  0.114217430975083E+001  0.361435422760950E+001  0.306525160253261E+000 -0.244919158986005E+007
  0.100000000000000E+001  0.578674435666485E+006  0.145359266393341E+000  0.117528815896413E+001  0.250051546600486E+001  0.306525160253261E+000 -0.289337217833243E+006
  0.100000000000000E+001  0.284205718140406E+006  0.190204373561057E+000  0.110633977132659E+001  0.263956823735907E+001  0.306525160253261E+000 -0.142102859070203E+006
  0.100000000000000E+001  0.812036005864163E+009  0.795106902595770E+000  0.117276393140614E+001  0.369976334226755E+001  0.306525160253261E+000 -0.406018002932081E+009
  0.100000000000000E+001  0.603105661448500E+007  0.251561575152172E+000  0.945891310404304E+000  0.389387822146235E+001  0.306525160253261E+000 -0.301552830724250E+007
  0.100000000000000E+001  0.101831059794448E+008  0.806406349423397E+000  0.111528215778822E+001  0.226953234695360E+001  0.306525160253261E+000 -0.509155298972240E+007
  0.100000000000000E+001  0.436866065098562E+005  0.262129443363210E+000  0.824243723336499E+000  0.273426968067950E+001  0.306525160253261E+000 -0.218433032549281E+005
  0.100000000000000E+001  0.958969243945562E+008  0.768551049535730E+000  0.899161494154098E+000  0.350597580362226E+001  0.306525160253261E+000 -0.479484621972781E+008
  0.100000000000000E+001  0.190441665615562E+007  0.472234333894360E+000  0.118140234796936E+001  0.252978539508087E+001  0.306525160253261E+000 -0.952208328077808E+006
  0.100000000000000E+001  0.829232995204575E+007  0.315681517198079E+000  0.110767702334916E+001  0.359830157418990E+001  0.306525160253261E+000 -0.414616497602287E+007
  0.100000000000000E+001  0.175847969392611E+008  0.713148522145877E+000  0.111221913667878E+001  0.264490969097043E+001  0.306525160253261E+000 -0.879239846963057E+007
  0.100000000000000E+001  0.351409038595288E+006  0.241489775802566E+000  0.106018244684270E+001  0.215887273792828E+001  0.306525160253261E+000 -0.175704519297644E+006
  0.100000000000000E+001  0.173189003159858E+009  0.868783582020396E+000  0.103068305275574E+001  0.326031555575744E+001  0.306525160253261E+000 -0.865945015799291E+008
  0.100000000000000E+001  0.393609044422381E+008  0.614033913907118E+000  0.104398206777883E+001  0.328436739369930E+001  0.306525160253261E+000 -0.196804522211190E+008
  0.100000000000000E+001  0.146940697997478E+007  0.380347955455685E+000  0.929181214301137E+000  0.300456457744111E+001  0.306525160253261E+000 -0.734703489987389E+006
  0.100000000000000E+001  0.210372776892523E+006  0.582950266952117E+000  0.104365753499755E+001  0.192935713487208E+001  0.306525160253261E+000 -0.105186388446262E+006
  0.100000000000000E+001  0.100594612344585E+008  0.844097440432128E+000  0.104250829107098E+001  0.232746318853493E+001  0.306525160253261E+000 -0.502973061722924E+007
  0.100000000000000E+001  0.127721501813726E+008  0.835015781418933E+000  0.102916947588032E+001  0.244193799937042E+001  0.306525160253261E+000 -0.638607509068631E+007
  0.100000000000000E+001  0.367629358872897E+008  0.603256206914212E+000  0.119652126881596E+001  0.301609083879861E+001  0.306525160253261E+000 -0.183814679436448E+008
  0.100000000000000E+001  0.681716004638638E+006  0.231096934468221E+000  0.835305882661457E+000  0.165729194469397E+001  0.306525160253261E+000 -0.340858002319319E+006
  0.100000000000000E+001  0.460287022054510E+008  0.666038428938182E+000  0.100408317954375E+001  0.327691877400206E+001  0.306525160253261E+000 -0.230143511027255E+008
  0.100000000000000E+001  0.389696766534607E+006  0.301167466822677E+000  0.874300550048901E+000  0.187616168608687E+001  0.306525160253261E+000 -0.194848383267303E+006
  0.100000000000000E+001  0.885609588914350E+008  0.785388692617065E+000  0.105768004774247E+001  0.313705181957699E+001  0.306525160253261E+000 -0.442804794457175E+008
  0.100000000000000E+001  0.190375353499842E+007  0.426960327908130E+000  0.112588048262242E+001  0.273828409144356E+001  0.306525160253261E+000 -0.951876767499208E+006
  0.100000000000000E+001  0.280841655302493E+008  0.512810622154669E+000  0.819143314301902E+000  0.364023815601366E+001  0.306525160253261E+000 -0.140420827651247E+008
  0.100000000000000E+001  0.161330516246320E+006  0.601760739846287E+000  0.971949063086265E+000  0.191992978065691E+001  0.306525160253261E+000 -0.806652581231599E+005
  0.100000000000000E+001  0.168734757454300E+008  0.852125846490592E+000  0.885407228045852E+000  0.273615327280218E+001  0.306525160253261E+000 -0.843673787271498E+007
  0.100000000000000E+001  0.597316124788138E+008  0.582433944551712E+000  0.968796003744648E+000  0.363777526365998E+001  0.306525160253261E+000 -0.298658062394069E+008
  0.100000000000000E+001  0.786441113759968E+006  0.100365724626861E+000  0.104211638251251E+001  0.262671856231002E+001  0.306525160253261E+000 -0.393220556879984E+006
  0.100000000000000E+001  0.226631322819216E+009  0.761180908719088E+000  0.103829554156794E+001  0.357861857414093E+001  0.306525160253261E+000 -0.113315661409608E+009
  0.100000000000000E+001  0.534575910748312E+008  0.413500643607022E+000  0.114637986249193E+001  0.389944546183466E+001  0.306525160253261E+000 -0.267287955374156E+008
  0.100000000000000E+001  0.757144410858523E+008  0.855384162257780E+000  0.117978153341826E+001  0.265830308688021E+001  0.306525160253261E+000 -0.378572205429261E+008
  0.100000000000000E+001  0.327632960419040E+006  0.756159889133963E+000  0.852151921661253E+000  0.185338753727108E+001  0.306525160253261E+000 -0.163816480209520E+006
  0.100000000000000E+001  0.739072338671989E+006  0.144060410030666E+000  0.802796195608903E+000  0.229081423985442E+001  0.306525160253261E+000 -0.369536169335995E+006
  0.100000000000000E+001  0.684043638101060E+007  0.731427613871325E+000  0.111882150001633E+001  0.230122835528536E+001  0.306525160253261E+000 -0.342021819050530E+007
  0.100000000000000E+001  0.278704051007032E+005  0.451319867932532E+000  0.115589214861413E+001  0.193164430410494E+001  0.306525160253261E+000 -0.139352025503516E+005
  0.100000000000000E+001  0.325251589863808E+009  0.845507953981545E+000  0.970819299331380E+000  0.367589837864524E+001  0.306525160253261E+000 -0.162625794931904E+009
  0.100000000000000E+001  0.443818144758884E+005  0.535590928317107E+000  0.897458892596299E+000  0.177238946520657E+001  0.306525160253261E+000 -0.221909072379442E+005
  0.100000000000000E+001  0.210051254640230E+009  0.743167818198589E+000  0.107015947682291E+001  0.352442483464185E+001  0.306525160253261E+000 -0.105025627320115E+009
  0.100000000000000E+001  0.150011405154876E+009  0.648818051344688E+000  0.999738772481671E+000  0.378078445151565E+001  0.306525160253261E+000 -0.750057025774379E+008
  0.100000000000000E+001  0.103077938561729E+009  0.591578436492435E+000  0.104824209495389E+001  0.370735154700312E+001  0.306525160253261E+000 -0.515389692808647E+008
  0.100000000000000E+001  0.160912219252661E+006  0.142946041942713E+000  0.107150767082830E+001  0.335554003637714E+001  0.306525160253261E+000 -0.804561096263304E+005
  0.100000000000000E+001  0.648533858406623E+006  0.100047677894978E+000  0.989896861546442E+000  0.312486361719196E+001  0.306525160253261E+000 -0.324266929203312E+006
  0.100000000000000E+001  0.598328603785896E+006  0.142821838581462E+000  0.841438342527262E+000  0.268552565417244E+001  0.306525160253261E+000 -0.299164301892948E+006
  0.100000000000000E+001  0.102738389895961E+007  0.318790160764950E+000  0.100770420953409E+001  0.310641716436446E+001  0.306525160253261E+000 -0.513691949479803E+006
  0.100000000000000E+001  0.116024258941703E+009  0.855835227924207E+000  0.878099283220820E+000  0.344952594162925E+001  0.306525160253261E+000 -0.580121294708515E+008
  0.100000000000000E+001  0.207876304059661E+006  0.307664654663495E+000  0.117550816692228E+001  0.193072080021733E+001  0.306525160253261E+000 -0.103938152029831E+006
  0.100000000000000E+001  0.134856474236644E+008  0.645922997884233E+000  0.911400356357334E+000  0.299438796063890E+001  0.306525160253261E+000 -0.674282371183219E+007
  0.100000000000000E+001  0.396004673873274E+007  0.895125268012050E+000  0.990751694495198E+000  0.205040625467122E+001  0.306525160253261E+000 -0.198002336936637E+007
  0.100000000000000E+001  0.749602364744966E+005  0.484283926104049E+000  0.115864937963824E+001  0.193793599549614E+001  0.306525160253261E+000 -0.374801182372483E+005
  0.100000000000000E+001  0.453187483503282E+006  0.189176832520311E+000  0.925479791855984E+000  0.246157473322625E+001  0.306525160253261E+000 -0.226593741751641E+006
  0.100000000000000E+001  0.605062731509333E+008  0.552977293679282E+000  0.832869190846971E+000  0.385809841504606E+001  0.306525160253261E+000 -0.302531365754667E+008
  0.100000000000000E+001  0.104036330226795E+007  0.614775826165869E+000  0.864398726193916E+000  0.235235719873063E+001  0.306525160253261E+000 -0.520181651133977E+006
  0.100000000000000E+001  0.164399718037213E+005  0.245612357483895E+000  0.847152652521474E+000  0.289650546535702E+001  0.306525160253261E+000 -0.821998590186064E+004
  0.100000000000000E+001  0.323902806603285E+009  0.809402441818665E+000  0.925033985698112E+000  0.384533219087476E+001  0.306525160253261E+000 -0.161951403301642E+009
  0.100000000000000E+001  0.428231368215789E+008  0.726766821466210E+000  0.112908813366452E+001  0.287248326864753E+001  0.306525160253261E+000 -0.214115684107894E+008
  0.100000000000000E+001  0.635051041110460E+006  0.148448563211404E+000  0.113774443923630E+001  0.234582366450359E+001  0.306525160253261E+000 -0.317525520555230E+006
  0.100000000000000E+001  0.209433249782366E+009  0.792316423613471E+000  0.114981036676815E+001  0.322432779916504E+001  0.306525160253261E+000 -0.104716624891183E+009
  0.100000000000000E+001  0.212405589862507E+006  0.242070950826990E+000  0.108843224850401E+001  0.237398294316582E+001  0.306525160253261E+000 -0.106202794931253E+006
  0.100000000000000E+001  0.527541036510848E+008  0.796503764286041E+000  0.831902654375291E+000  0.332573342506203E+001  0.306525160253261E+000 -0.263770518255424E+008
  0.100000000000000E+001  0.246260148921732E+008  0.429080188137338E+000  0.115258029653811E+001  0.352235345439835E+001  0.306525160253261E+000 -0.123130074460866E+008
  0.100000000000000E+001  0.636279686210634E+009  0.799106700352608E+000  0.117247432053426E+001  0.358828441114989E+001  0.306525160253261E+000 -0.318139843105317E+009
  0.100000000000000E+001  0.241428668610720E+006  0.407241762977357E+000  0.818694699209720E+000  0.175113077282873E+001  0.306525160253261E+000 -0.120714334305360E+006
  0.100000000000000E+001  0.666806117920349E+006  0.149059574752304E+000  0.101291067808495E+001  0.233207298887686E+001  0.306525160253261E+000 -0.333403058960175E+006
  0.100000000000000E+001  0.260554755416746E+006  0.521555455979603E+000  0.101352466143741E+001  0.215842841790910E+001  0.306525160253261E+000 -0.130277377708373E+006
  0.100000000000000E+001  0.504706601019546E+004  0.244951101195607E+000  0.808376343946544E+000  0.297742360909648E+001  0.306525160253261E+000 -0.252353300509773E+004
  0.100000000000000E+001  0.626339310517653E+007  0.880892696003977E+000  0.885885470707106E+000  0.236295502315452E+001  0.306525160253261E+000 -0.313169655258826E+007
  0.100000000000000E+001  0.754234320280083E+008  0.783233203141831E+000  0.104576000841430E+001  0.310978498643714E+001  0.306525160253261E+000 -0.377117160140042E+008
  0.100000000000000E+001  0.173304896722230E+010  0.896380057053715E+000  0.115937007192579E+001  0.384780321380548E+001  0.306525160253261E+000 -0.866524483611150E+009
  0.100000000000000E+001  0.883135364088950E+006  0.124299081328248E+000  0.967849401392722E+000  0.173393997360186E+001  0.306525160253261E+000 -0.441567682044475E+006
  0.100000000000000E+001  0.845664501985813E+007  0.891761810788636E+000  0.109797288935339E+001  0.208713339820631E+001  0.306525160253261E+000 -0.422832250992906E+007
  0.100000000000000E+001  0.137409749326329E+009  0.729800702763943E+000  0.111189370502338E+001  0.330927150183583E+001  0.306525160253261E+000 -0.687048746631647E+008
  0.100000000000000E+001  0.251534772205802E+006  0.102140491668327E+000  0.979626295838703E+000  0.384614694409182E+001  0.306525160253261E+000 -0.125767386102901E+006
  0.100000000000000E+001  0.401978107246344E+006  0.779302712460894E+000  0.801290484669057E+000  0.190862698774988E+001  0.306525160253261E+000 -0.200989053623172E+006
  0.100000000000000E+001  0.267042287407626E+008  0.667148385301875E+000  0.114497448840272E+001  0.283204866434318E+001  0.306525160253261E+000 -0.133521143703813E+008
  0.100000000000000E+001  0.456805332376346E+006  0.427198947602142E+000  0.830826407204679E+000  0.268563415694363E+001  0.306525160253261E+000 -0.228402666188173E+006
  0.100000000000000E+001  0.104582015518556E+006  0.366910879162667E+000  0.102841958708278E+001  0.198351990375592E+001  0.306525160253261E+000 -0.522910077592780E+005
  0.100000000000000E+001  0.125933078244569E+006  0.661659442064239E+000  0.939324895262988E+000  0.177782845383372E+001  0.306525160253261E+000 -0.629665391222846E+005
  0.100000000000000E+001  0.912090791619114E+006  0.457072537546104E+000  0.103875562592603E+001  0.255492873365560E+001  0.306525160253261E+000 -0.456045395809557E+006
  0.100000000000000E+001  0.249205446673916E+006  0.274883708230524E+000  0.119850304803806E+001  0.201869452830052E+001  0.306525160253261E+000 -0.124602723336958E+006
  0.100000000000000E+001  0.373921497209257E+005  0.484750864479390E+000  0.119883380168414E+001  0.163381572772066E+001  0.306525160253261E+000 -0.186960748604629E+005
  0.100000000000000E+001  0.505810060015584E+007  0.862219069130301E+000  0.113157814592181E+001  0.193140875264188E+001  0.306525160253261E+000 -0.252905030007792E+007
  0.100000000000000E+001  0.105740914418814E+006  0.353902077106986E+000  0.114183058826561E+001  0.193668685729152E+001  0.306525160253261E+000 -0.528704572094069E+005
  0.100000000000000E+001  0.898960078028428E+007  0.401603946010363E+000  0.822967799088984E+000  0.351238362840832E+001  0.306525160253261E+000 -0.449480039014214E+007
  0.100000000000000E+001  0.660829981099112E+005  0.709845471623943E+000  0.822886658577713E+000  0.167178264255636E+001  0.306525160253261E+000 -0.330414990549556E+005
  0.100000000000000E+001  0.107696728907476E+006  0.451374845418607E+000  0.999107780483873E+000  0.171657161264831E+001  0.306525160253261E+000 -0.538483644537379E+005
  0.100000000000000E+001  0.853360170056272E+008  0.756948029580477E+000  0.999248335476141E+000  0.330493183406925E+001  0.306525160253261E+000 -0.426680085028136E+008
  0.100000000000000E+001  0.443831257320080E+008  0.713654427069935E+000  0.800672147483483E+000  0.344159025426632E+001  0.306525160253261E+000 -0.221915628660040E+008
  0.100000000000000E+001  0.636490045428695E+007  0.707970864845516E+000  0.854534709939065E+000  0.268602651163758E+001  0.306525160253261E+000 -0.318245022714347E+007
  0.100000000000000E+001  0.114482624094211E+005  0.188287828801402E+000  0.811974270279049E+000  0.336826613359117E+001  0.306525160253261E+000 -0.572413120471057E+004
  0.100000000000000E+001  0.300974069230896E+008  0.509575033752431E+000  0.884320929611521E+000  0.362512318832606E+001  0.306525160253261E+000 -0.150487034615448E+008
  0.100000000000000E+001  0.171670163180400E+007  0.801567504769000E+000  0.106650444251877E+001  0.186942377465912E+001  0.306525160253261E+000 -0.858350815902001E+006
  0.100000000000000E+001  0.488549654289969E+008  0.713333769437311E+000  0.110099762503032E+001  0.300722413176445E+001  0.306525160253261E+000 -0.244274827144985E+008
  0.100000000000000E+001  0.609781881022468E+005  0.369433817784628E+000  0.943677631077612E+000  0.213723702353727E+001  0.306525160253261E+000 -0.304890940511234E+005
  0.100000000000000E+001  0.443363279342408E+006  0.351464027629500E+000  0.118627854054200E+001  0.265386834221759E+001  0.306525160253261E+000 -0.221681639671204E+006
  0.100000000000000E+001  0.113526238031606E+006  0.398198088369921E+000  0.118234772057840E+001  0.170883298321418E+001  0.306525160253261E+000 -0.567631190158032E+005
  0.100000000000000E+001  0.285841935719632E+007  0.301410152362610E+000  0.845629582738011E+000  0.351601811212008E+001  0.306525160253261E+000 -0.142920967859816E+007
  0.100000000000000E+001  0.503548020022656E+009  0.865328674540223E+000  0.119114703657932E+001  0.329852963801715E+001  0.306525160253261E+000 -0.251774010011328E+009
  0.100000000000000E+001  0.387566468721815E+008  0.557683015346970E+000  0.851176502682073E+000  0.364446285291496E+001  0.306525160253261E+000 -0.193783234360908E+008
  0.100000000000000E+001  0.465387987027451E+009  0.732680115651911E+000  0.111125208752374E+001  0.376694118871735E+001  0.306525160253261E+000 -0.232693993513725E+009
  0.100000000000000E+001  0.742417221699989E+006  0.392177128888760E+000  0.824865930312148E+000  0.289086520111644E+001  0.306525160253261E+000 -0.371208610849995E+006
  0.100000000000000E+001  0.527263682926591E+008  0.873675583015448E+000  0.114504483267127E+001  0.258257168536594E+001  0.306525160253261E+000 -0.263631841463295E+008
  0.100000000000000E+001  0.839295940243433E+008  0.787845667733299E+000  0.117966945534145E+001  0.284233283157784E+001  0.306525160253261E+000 -0.419647970121717E+008
  0.100000000000000E+001  0.273702074810927E+007  0.713782409439685E+000  0.957835265902227E+000  0.230284942398025E+001  0.306525160253261E+000 -0.136851037405463E+007
  0.100000000000000E+001  0.279352639601519E+007  0.584057845255381E+000  0.825986926522340E+000  0.270484897112932E+001  0.306525160253261E+000 -0.139676319800760E+007
  0.100000000000000E+001  0.513909303324782E+005  0.611650734922175E+000  0.828884778020238E+000  0.185587511965287E+001  0.306525160253261E+000 -0.256954651662391E+005
  0.100000000000000E+001  0.153045846510688E+006  0.167669197666798E+000  0.978840202489953E+000  0.374384661879741E+001  0.306525160253261E+000 -0.765229232553439E+005
  0.100000000000000E+001  0.324021496885310E+009  0.892739256613118E+000  0.908839511380431E+000  0.371365312483904E+001  0.306525160253261E+000 -0.162010748442655E+009
  0.100000000000000E+001  0.930863246400165E+008  0.770124971505874E+000  0.116136035336189E+001  0.296146198263831E+001  0.306525160253261E+000 -0.465431623200082E+008
  0.100000000000000E+001  0.157595806517299E+005  0.194132785896778E+000  0.954868692397453E+000  0.321546049201381E+001  0.306525160253261E+000 -0.787979032586496E+004
  0.100000000000000E+001  0.399806506839016E+008  0.669037711123885E+000  0.110174911016463E+001  0.304690846622549E+001  0.306525160253261E+000 -0.199903253419508E+008
  0.100000000000000E+001  0.126499867532136E+010  0.867808372078669E+000  0.110982024480557E+001  0.387263597950621E+001  0.306525160253261E+000 -0.632499337660680E+009
  0.100000000000000E+001  0.536309443787483E+006  0.135083101842514E+000  0.803841559040575E+000  0.293882347629845E+001  0.306525160253261E+000 -0.268154721893742E+006
  0.100000000000000E+001  0.525425187234715E+007  0.536820646278480E+000  0.107211778451455E+001  0.275384189181023E+001  0.306525160253261E+000 -0.262712593617357E+007
  0.100000000000000E+001  0.309610159654172E+009  0.794111712925082E+000  0.990087514426006E+000  0.372557950121226E+001  0.306525160253261E+000 -0.154805079827086E+009
  0.100000000000000E+001  0.111150928842236E+008  0.663222617715366E+000  0.100407519122161E+001  0.277752560068357E+001  0.306525160253261E+000 -0.555754644211179E+007
  0.100000000000000E+001  0.822157724613880E+006  0.126913616935253E+000  0.118848554921488E+001  0.191958739786720E+001  0.306525160253261E+000 -0.411078862306940E+006
  0.100000000000000E+001  0.489009864332734E+008  0.882966246463188E+000  0.108825160370838E+001  0.266660855411486E+001  0.306525160253261E+000 -0.244504932166367E+008
  0.100000000000000E+001  0.243286198995807E+007  0.842269227361034E+000  0.104259463917192E+001  0.192324179157314E+001  0.306525160253261E+000 -0.121643099497903E+007
  0.100000000000000E+001  0.264521118021633E+008  0.700500917791233E+000  0.116071045280883E+001  0.271327811364061E+001  0.306525160253261E+000 -0.132260559010817E+008
  0.100000000000000E+001  0.135190744292785E+006  0.173021514858244E+000  0.888363177955970E+000  0.372050164061341E+001  0.306525160253261E+000 -0.675953721463923E+005
  0.100000000000000E+001  0.175068539836291E+009  0.768288719247841E+000  0.839589049838345E+000  0.384503156239234E+001  0.306525160253261E+000 -0.875342699181456E+008
  0.100000000000000E+001  0.325571777236489E+006  0.328749793184936E+000  0.992725354357008E+000  0.177329768447749E+001  0.306525160253261E+000 -0.162785888618245E+006
  0.100000000000000E+001  0.185528317297539E+007  0.227616478560893E+000  0.939644281319400E+000  0.373189125246578E+001  0.306525160253261E+000 -0.927641586487697E+006
  0.100000000000000E+001  0.116763782679738E+009  0.517999366985491E+000  0.116631621739780E+001  0.377986656620500E+001  0.306525160253261E+000 -0.583818913398690E+008
  0.100000000000000E+001  0.356859674805016E+005  0.184199430463225E+000  0.914296912985049E+000  0.350730257114551E+001  0.306525160253261E+000 -0.178429837402508E+005
  0.100000000000000E+001  0.334342734871596E+006  0.201215419711899E+000  0.107166402241514E+001  0.248210543810586E+001  0.306525160253261E+000 -0.167171367435798E+006
  0.100000000000000E+001  0.108724245558199E+008  0.878496085346287E+000  0.118307172905587E+001  0.200943108676200E+001  0.306525160253261E+000 -0.543621227790994E+007
  0.100000000000000E+001  0.733677243373573E+009  0.870403991501509E+000  0.105113664719665E+001  0.376789148727102E+001  0.306525160253261E+000 -0.366838621686787E+009
  0.100000000000000E+001  0.872431620713703E+006  0.443968196182608E+000  0.115692396752830E+001  0.246706083460737E+001  0.306525160253261E+000 -0.436215810356852E+006
  0.100000000000000E+001  0.382063987094554E+005  0.574945707398417E+000  0.100828229860993E+001  0.170537546474301E+001  0.306525160253261E+000 -0.191031993547277E+005
  0.100000000000000E+001  0.585590870964160E+006  0.132768246829531E+000  0.110072594743754E+001  0.269806452310285E+001  0.306525160253261E+000 -0.292795435482080E+006
  0.100000000000000E+001  0.158183300737266E+006  0.578513457564505E+000  0.875067500889197E+000  0.207058454026843E+001  0.306525160253261E+000 -0.790916503686332E+005
  0.100000000000000E+001  0.314165768164593E+005  0.279969742351358E+000  0.107490269050083E+001  0.251604852824862E+001  0.306525160253261E+000 -0.157082884082296E+005
  0.100000000000000E+001  0.150223499251125E+006  0.443274003214505E+000  0.103490257969917E+001  0.162188757010690E+001  0.306525160253261E+000 -0.751117496255624E+005
  0.100000000000000E+001  0.337825709238434E+005  0.147452044308232E+000  0.115938889414513E+001  0.367138644423075E+001  0.306525160253261E+000 -0.168912854619217E+005
  0.100000000000000E+001  0.192543977603365E+006  0.649762069358721E+000  0.960072435177964E+000  0.185019050426602E+001  0.306525160253261E+000 -0.962719888016823E+005
  0.100000000000000E+001  0.776864216503200E+006  0.132452437062702E+000  0.951303980496355E+000  0.220770517954168E+001  0.306525160253261E+000 -0.388432108251600E+006
  0.100000000000000E+001  0.444398758258867E+009  0.728441029095542E+000  0.108674331954444E+001  0.381427024866123E+001  0.306525160253261E+000 -0.222199379129433E+009
  0.100000000000000E+001  0.993379580730432E+005  0.268664603227433E+000  0.102682492238174E+001  0.245537835485736E+001  0.306525160253261E+000 -0.496689790365216E+005
  0.100000000000000E+001  0.393616522146668E+006  0.278381588320009E+000  0.839230221408126E+000  0.201052511204335E+001  0.306525160253261E+000 -0.196808261073334E+006
  0.100000000000000E+001  0.403421388294863E+007  0.441619563170346E+000  0.114503454453910E+001  0.287499395782435E+001  0.306525160253261E+000 -0.201710694147432E+007
  0.100000000000000E+001  0.391497723647735E+008  0.645872143124999E+000  0.104382892132872E+001  0.320121617187767E+001  0.306525160253261E+000 -0.195748861823867E+008
  0.100000000000000E+001  0.254193111374467E+006  0.578102638845600E+000  0.117468721078456E+001  0.181477626180140E+001  0.306525160253261E+000 -0.127096555687233E+006
  0.100000000000000E+001  0.289481913965882E+006  0.422991336341346E+000  0.119911118848009E+001  0.228908742017613E+001  0.306525160253261E+000 -0.144740956982941E+006
  0.100000000000000E+001  0.378032828575520E+007  0.370560793573331E+000  0.117086758287625E+001  0.308365034976602E+001  0.306525160253261E+000 -0.189016414287760E+007
  0.100000000000000E+001  0.318496539707226E+006  0.706647126598884E+000  0.985437403778952E+000  0.178951696928023E+001  0.306525160253261E+000 -0.159248269853613E+006
  0.100000000000000E+001  0.745572983638270E+007  0.325598543061367E+000  0.119426204736410E+001  0.345462581639808E+001  0.306525160253261E+000 -0.372786491819135E+007
  0.100000000000000E+001  0.563005487092196E+007  0.642105458045027E+000  0.971078301844444E+000  0.264316448616707E+001  0.306525160253261E+000 -0.281502743546098E+007
  0.100000000000000E+001  0.722783477616297E+006  0.175053083887304E+000  0.899060777746176E+000  0.194886163766555E+001  0.306525160253261E+000 -0.361391738808149E+006
  0.100000000000000E+001  0.294291286446904E+005  0.331956171692058E+000  0.105622113578194E+001  0.228640955887570E+001  0.306525160253261E+000 -0.147145643223452E+005
  0.100000000000000E+001  0.694838598392965E+008  0.495705728637391E+000  0.100669512315031E+001  0.389574047794966E+001  0.306525160253261E+000 -0.347419299196483E+008
  0.100000000000000E+001  0.411759552830718E+005  0.295289517577163E+000  0.111126563146919E+001  0.270112374541816E+001  0.306525160253261E+000 -0.205879776415359E+005
  0.100000000000000E+001  0.192259197621411E+007  0.307508096552916E+000  0.117940375675635E+001  0.316323231070240E+001  0.306525160253261E+000 -0.961295988107053E+006
  0.100000000000000E+001  0.152888426556141E+006  0.300135912021089E+000  0.907898622635778E+000  0.227130310825521E+001  0.306525160253261E+000 -0.764442132780703E+005
  0.100000000000000E+001  0.896768767554511E+008  0.806204304053518E+000  0.882250968167724E+000  0.343541704236129E+001  0.306525160253261E+000 -0.448384383777255E+008
  0.100000000000000E+001  0.106113816998437E+008  0.378218448366639E+000  0.921401653751668E+000  0.357624944788730E+001  0.306525160253261E+000 -0.530569084992184E+007
  0.100000000000000E+001  0.524602654957943E+006  0.568130400207283E+000  0.105436785076617E+001  0.211594915656427E+001  0.306525160253261E+000 -0.262301327478971E+006
  0.100000000000000E+001  0.377223574913293E+007  0.607925162054764E+000  0.108260495426465E+001  0.246262672077539E+001  0.306525160253261E+000 -0.188611787456646E+007
  0.100000000000000E+001  0.530609797941830E+006  0.138834291968290E+000  0.988136187118855E+000  0.280554295135840E+001  0.306525160253261E+000 -0.265304898970915E+006
  0.100000000000000E+001  0.154107360832605E+007  0.503933415362576E+000  0.868105613855553E+000  0.269823777461261E+001  0.306525160253261E+000 -0.770536804163025E+006
  0.100000000000000E+001  0.768375652195541E+006  0.154595122499405E+000  0.106629696497302E+001  0.188703987435582E+001  0.306525160253261E+000 -0.384187826097771E+006
  0.100000000000000E+001  0.553164656979303E+006  0.162713756096145E+000  0.820422607813816E+000  0.257349420253460E+001  0.306525160253261E+000 -0.276582328489651E+006
  0.100000000000000E+001  0.900054127632319E+007  0.443454285186994E+000  0.989543323190000E+000  0.326998617782760E+001  0.306525160253261E+000 -0.450027063816160E+007
  0.100000000000000E+001  0.111898331194592E+007  0.752678278758480E+000  0.113674604885016E+001  0.175403830733937E+001  0.306525160253261E+000 -0.559491655972959E+006
  0.100000000000000E+001  0.359499643236837E+008  0.434939807460993E+000  0.105598396687183E+001  0.375571787064584E+001  0.306525160253261E+000 -0.179749821618418E+008
  0.100000000000000E+001  0.127008221256512E+007  0.425182236635524E+000  0.117452021900622E+001  0.259577610903358E+001  0.306525160253261E+000 -0.635041106282562E+006
  0.100000000000000E+001  0.470028543714233E+009  0.832020985432065E+000  0.116516873823558E+001  0.340597999014014E+001  0.306525160253261E+000 -0.235014271857117E+009
  0.100000000000000E+001  0.361495024917136E+006  0.226616238807618E+000  0.102409960878794E+001  0.226975652680714E+001  0.306525160253261E+000 -0.180747512458568E+006
  0.100000000000000E+001  0.628733813517718E+008  0.694704715215177E+000  0.804290416038921E+000  0.361441868332499E+001  0.306525160253261E+000 -0.314366906758859E+008
  0.100000000000000E+001  0.740510441803390E+008  0.496174085434584E+000  0.113515424041163E+001  0.373809422711398E+001  0.306525160253261E+000 -0.370255220901695E+008
  0.100000000000000E+001  0.591610369500474E+008  0.727631835277916E+000  0.815555347569582E+000  0.351523177301427E+001  0.306525160253261E+000 -0.295805184750237E+008
  0.100000000000000E+001  0.834019064977660E+006  0.107295242761777E+000  0.838656631550352E+000  0.238293799376910E+001  0.306525160253261E+000 -0.417009532488830E+006
  0.100000000000000E+001  0.302391591527946E+009  0.838604669813752E+000  0.117030742456503E+001  0.320715103422215E+001  0.306525160253261E+000 -0.151195795763973E+009
  0.100000000000000E+001  0.105988395014526E+005  0.281434719801781E+000  0.119798569651384E+001  0.254744794844172E+001  0.306525160253261E+000 -0.529941975072631E+004
  0.100000000000000E+001  0.278395653346533E+007  0.578112610217873E+000  0.100204048759676E+001  0.254309867723066E+001  0.306525160253261E+000 -0.139197826673266E+007
  0.100000000000000E+001  0.643573373957889E+008  0.507877832284274E+000  0.976702898919635E+000  0.386112685025253E+001  0.306525160253261E+000 -0.321786686978944E+008
  0.100000000000000E+001  0.476514309724930E+006  0.133486925857341E+000  0.106356274551584E+001  0.294299206899416E+001  0.306525160253261E+000 -0.238257154862465E+006
  0.100000000000000E+001  0.506061847478535E+008  0.444245623734509E+000  0.113029906542290E+001  0.378118426731469E+001  0.306525160253261E+000 -0.253030923739268E+008
  0.100000000000000E+001  0.350765284240842E+006  0.355280323528585E+000  0.809574541306656E+000  0.175181150596421E+001  0.306525160253261E+000 -0.175382642120421E+006
  0.100000000000000E+001  0.455568742399352E+006  0.589752797726961E+000  0.816481561173517E+000  0.227688830690512E+001  0.306525160253261E+000 -0.227784371199676E+006
  0.100000000000000E+001  0.369439594760036E+005  0.488581994264143E+000  0.918863844366879E+000  0.188225370945922E+001  0.306525160253261E+000 -0.184719797380018E+005
  0.100000000000000E+001  0.811127968442027E+006  0.144999797410816E+000  0.832061465164672E+000  0.196652391881107E+001  0.306525160253261E+000 -0.405563984221013E+006
  0.100000000000000E+001  0.173681935670039E+007  0.695818474035474E+000  0.939103927259942E+000  0.223682348812464E+001  0.306525160253261E+000 -0.868409678350195E+006
  0.100000000000000E+001  0.209099439323673E+006  0.166309525148861E+000  0.938595028254512E+000  0.380844137917025E+001  0.306525160253261E+000 -0.104549719661836E+006
  0.100000000000000E+001  0.109023759374188E+008  0.683115027296249E+000  0.116201568616592E+001  0.247484442308387E+001  0.306525160253261E+000 -0.545118796870942E+007
  0.100000000000000E+001  0.106665059140836E+007  0.608361473316766E+000  0.878739516084665E+000  0.235774777937843E+001  0.306525160253261E+000 -0.533325295704179E+006
  0.100000000000000E+001  0.503997423209787E+008  0.645261847613937E+000  0.109367398920755E+001  0.320615661487123E+001  0.306525160253261E+000 -0.251998711604894E+008
  0.100000000000000E+001  0.198985690686104E+007  0.759951010164060E+000  0.887522376258803E+000  0.221649967484542E+001  0.306525160253261E+000 -0.994928453430520E+006
  0.100000000000000E+001  0.553235438497920E+006  0.877672095918826E+000  0.902416531267339E+000  0.170379470477243E+001  0.306525160253261E+000 -0.276617719248960E+006
  0.100000000000000E+001  0.469455616302565E+009  0.650049800000810E+000  0.116580629704578E+001  0.387936133877490E+001  0.306525160253261E+000 -0.234727808151283E+009
  0.100000000000000E+001  0.390934699021188E+009  0.753554689572314E+000  0.115749836894718E+001  0.353863441539670E+001  0.306525160253261E+000 -0.195467349510594E+009
  0.100000000000000E+001  0.932906443071657E+007  0.502315355449270E+000  0.970360542919433E+000  0.313630836069647E+001  0.306525160253261E+000 -0.466453221535829E+007
  0.100000000000000E+001  0.684813263299878E+005  0.273391710901642E+000  0.104155371649508E+001  0.248209729303778E+001  0.306525160253261E+000 -0.342406631649939E+005
  0.100000000000000E+001  0.195199595951349E+008  0.736266844805553E+000  0.115490313603713E+001  0.254224663972197E+001  0.306525160253261E+000 -0.975997979756747E+007
  0.100000000000000E+001  0.191029994862935E+007  0.588323300081230E+000  0.116417760960229E+001  0.221865567553650E+001  0.306525160253261E+000 -0.955149974314676E+006
  0.100000000000000E+001  0.365150479781003E+008  0.407589535684255E+000  0.111214355979012E+001  0.380041010277508E+001  0.306525160253261E+000 -0.182575239890501E+008
  0.100000000000000E+001  0.645616970302841E+006  0.224829831978128E+000  0.867253683985338E+000  0.178246235099334E+001  0.306525160253261E+000 -0.322808485151420E+006
  0.100000000000000E+001  0.619746205168760E+007  0.310128744273412E+000  0.982274280021678E+000  0.361513509870685E+001  0.306525160253261E+000 -0.309873102584380E+007
  0.100000000000000E+001  0.314689468644341E+006  0.158460882498341E+000  0.992571681670278E+000  0.390993762349194E+001  0.306525160253261E+000 -0.157344734322170E+006
  0.100000000000000E+001  0.124724758087772E+008  0.862798605726427E+000  0.119736231027662E+001  0.204823863868812E+001  0.306525160253261E+000 -0.623623790438859E+007
  0.100000000000000E+001  0.301039706587899E+009  0.718085624784944E+000  0.111622009020811E+001  0.362327952613087E+001  0.306525160253261E+000 -0.150519853293949E+009
  0.100000000000000E+001  0.189023629119447E+008  0.351708592572020E+000  0.103436010698529E+001  0.379518923709064E+001  0.306525160253261E+000 -0.945118145597236E+007
  0.100000000000000E+001  0.246282418772838E+007  0.773380534185577E+000  0.111346278138581E+001  0.194114978667914E+001  0.306525160253261E+000 -0.123141209386419E+007
  0.100000000000000E+001  0.230913168639648E+005  0.277694204212003E+000  0.104540401666851E+001  0.257437792040036E+001  0.306525160253261E+000 -0.115456584319824E+005
  0.100000000000000E+001  0.881874570218898E+006  0.596455930803640E+000  0.816896908676130E+000  0.239803368845377E+001  0.306525160253261E+000 -0.440937285109449E+006
  0.100000000000000E+001  0.479453940347759E+006  0.135582603535589E+000  0.991144654926575E+000  0.294892451562558E+001  0.306525160253261E+000 -0.239726970173880E+006
  0.100000000000000E+001  0.232666141629039E+008  0.602516480956964E+000  0.106617046367017E+001  0.308860005000115E+001  0.306525160253261E+000 -0.116333070814520E+008
  0.100000000000000E+001  0.468982894350291E+009  0.761278242674655E+000  0.117390966556103E+001  0.355309194414290E+001  0.306525160253261E+000 -0.234491447175146E+009
  0.100000000000000E+001  0.333588487371692E+008  0.758488825705042E+000  0.103368158980830E+001  0.290210664915409E+001  0.306525160253261E+000 -0.166794243685846E+008
  0.100000000000000E+001  0.177132453330034E+006  0.383474119642062E+000  0.953408738018854E+000  0.184429094850845E+001  0.306525160253261E+000 -0.885662266650169E+005
  0.100000000000000E+001  0.376981611325806E+006  0.105116197435549E+000  0.113977242802256E+001  0.351919185273109E+001  0.306525160253261E+000 -0.188490805662903E+006
  0.100000000000000E+001  0.379899326587370E+007  0.364308663021458E+000  0.101958150307842E+001  0.323729788629828E+001  0.306525160253261E+000 -0.189949663293685E+007
  0.100000000000000E+001  0.132167883962207E+008  0.745274589243875E+000  0.868161972611786E+000  0.285109718782568E+001  0.306525160253261E+000 -0.660839419811036E+007
  0.100000000000000E+001  0.116929774110908E+007  0.698971308828203E+000  0.814702376646019E+000  0.226590832310889E+001  0.306525160253261E+000 -0.584648870554540E+006
  0.100000000000000E+001  0.856585543464385E+007  0.500177202252271E+000  0.104198392655685E+001  0.304282468010482E+001  0.306525160253261E+000 -0.428292771732193E+007
  0.100000000000000E+001  0.512107305491973E+008  0.653037925597566E+000  0.117605794179405E+001  0.302675095692883E+001  0.306525160253261E+000 -0.256053652745987E+008
  0.100000000000000E+001  0.140577787680545E+006  0.156130376592178E+000  0.117482922797161E+001  0.373085974253791E+001  0.306525160253261E+000 -0.702888938402726E+005
  0.100000000000000E+001  0.155015726128613E+006  0.225610120610407E+000  0.102434598468778E+001  0.262850039423652E+001  0.306525160253261E+000 -0.775078630643063E+005
  0.100000000000000E+001  0.180446511965995E+004  0.274756935493211E+000  0.100257805881485E+001  0.273109034130161E+001  0.306525160253261E+000 -0.902232559829977E+003
  0.100000000000000E+001  0.156779104569282E+005  0.432688255005604E+000  0.969974798184012E+000  0.212460889033292E+001  0.306525160253261E+000 -0.783895522846408E+004
  0.100000000000000E+001  0.131551657240678E+009  0.801278035814433E+000  0.896000360542257E+000  0.356845103508352E+001  0.306525160253261E+000 -0.657758286203391E+008
  0.100000000000000E+001  0.570405224103297E+006  0.255188153173035E+000  0.914474762210819E+000  0.173422225969451E+001  0.306525160253261E+000 -0.285202612051648E+006
  0.100000000000000E+001  0.255412144658846E+008  0.730861480581174E+000  0.846027890968010E+000  0.314267017129666E+001  0.306525160253261E+000 -0.127706072329423E+008
  0.100000000000000E+001  0.381344473708599E+007  0.682026272285543E+000  0.984065223208388E+000  0.242748225749230E+001  0.306525160253261E+000 -0.190672236854300E+007
  0.100000000000000E+001  0.816379088976248E+005  0.571055209082504E+000  0.106664799608969E+001  0.179389065686168E+001  0.306525160253261E+000 -0.408189544488124E+005
  0.100000000000000E+001  0.188093770065351E+007  0.359038822051144E+000  0.118292092015549E+001  0.293035328670788E+001  0.306525160253261E+000 -0.940468850326754E+006
  0.100000000000000E+001  0.223156720746060E+007  0.481188339737853E+000  0.117284559795560E+001  0.255251068905845E+001  0.306525160253261E+000 -0.111578360373030E+007
  0.100000000000000E+001  0.378640155302796E+008  0.418604299423686E+000  0.102583715071815E+001  0.385563368233041E+001  0.306525160253261E+000 -0.189320077651398E+008
  0.100000000000000E+001  0.501881993799770E+007  0.798866503448186E+000  0.118224414845899E+001  0.195543167039087E+001  0.306525160253261E+000 -0.250940996899885E+007
  0.100000000000000E+001  0.336377470934664E+006  0.148717068698308E+000  0.846209503460301E+000  0.310991909198024E+001  0.306525160253261E+000 -0.168188735467332E+006
  0.100000000000000E+001  0.558731863933779E+006  0.241767303760536E+000  0.103747308033808E+001  0.175897637595115E+001  0.306525160253261E+000 -0.279365931966890E+006
  0.100000000000000E+001  0.669299105854212E+008  0.771339190342193E+000  0.104029625787752E+001  0.310475751311116E+001  0.306525160253261E+000 -0.334649552927106E+008
  0.100000000000000E+001  0.918202797993683E+007  0.484516815056996E+000  0.957894004207342E+000  0.318921682658235E+001  0.306525160253261E+000 -0.459101398996842E+007
  0.100000000000000E+001  0.913474289655020E+006  0.342171710971084E+000  0.805299052657045E+000  0.311800255454187E+001  0.306525160253261E+000 -0.456737144827510E+006
  0.100000000000000E+001  0.321715651891563E+008  0.710323246452419E+000  0.844616542660156E+000  0.326961098079717E+001  0.306525160253261E+000 -0.160857825945782E+008
  0.100000000000000E+001  0.349021041300775E+006  0.638820767189726E+000  0.956362945868301E+000  0.198122036856828E+001  0.306525160253261E+000 -0.174510520650388E+006
  0.100000000000000E+001  0.260038613803591E+007  0.579930259812746E+000  0.106300401268066E+001  0.245062961694318E+001  0.306525160253261E+000 -0.130019306901795E+007
  0.100000000000000E+001  0.185383904049953E+007  0.275849148508423E+000  0.113452367929364E+001  0.334563021037536E+001  0.306525160253261E+000 -0.926919520249764E+006
  0.100000000000000E+001  0.353140695024851E+006  0.151880482043547E+000  0.915393519469278E+000  0.301440607605428E+001  0.306525160253261E+000 -0.176570347512425E+006
  0.100000000000000E+001  0.847384307792768E+006  0.102677930726660E+000  0.966298361929344E+000  0.232190800942912E+001  0.306525160253261E+000 -0.423692153896384E+006
  0.100000000000000E+001  0.217420413967933E+008  0.581086484248454E+000  0.101165177456209E+001  0.319404268859293E+001  0.306525160253261E+000 -0.108710206983967E+008
  0.100000000000000E+001  0.768459378984334E+006  0.394364143671683E+000  0.110082017352345E+001  0.266997677775785E+001  0.306525160253261E+000 -0.384229689492167E+006
  0.100000000000000E+001  0.685495440795639E+006  0.274492074630285E+000  0.117874216397821E+001  0.310641287363392E+001  0.306525160253261E+000 -0.342747720397819E+006
  0.100000000000000E+001  0.374166624856675E+007  0.694802021638300E+000  0.906944932725479E+000  0.248792634737648E+001  0.306525160253261E+000 -0.187083312428337E+007
  0.100000000000000E+001  0.443873138471098E+006  0.256941232654620E+000  0.118348459202860E+001  0.178632194765934E+001  0.306525160253261E+000 -0.221936569235549E+006
  0.100000000000000E+001  0.121760624580169E+006  0.389591507048611E+000  0.113262573772695E+001  0.236415122798068E+001  0.306525160253261E+000 -0.608803122900846E+005
  0.100000000000000E+001  0.484273676001020E+005  0.355848209442461E+000  0.116814419686854E+001  0.204025290550011E+001  0.306525160253261E+000 -0.242136838000510E+005
  0.100000000000000E+001  0.512457554303526E+004  0.284638271341599E+000  0.110478790320502E+001  0.261733691150383E+001  0.306525160253261E+000 -0.256228777151763E+004
  0.100000000000000E+001  0.986747543914149E+005  0.315757611496806E+000  0.115871180329200E+001  0.210907810582650E+001  0.306525160253261E+000 -0.493373771957074E+005
  0.100000000000000E+001  0.234339354321919E+005  0.196936865875889E+000  0.987012895860466E+000  0.314635875574667E+001  0.306525160253261E+000 -0.117169677160959E+005
  0.100000000000000E+001  0.331208172841844E+008  0.704552079210998E+000  0.110927743922355E+001  0.287953949522872E+001  0.306525160253261E+000 -0.165604086420922E+008
  0.100000000000000E+001  0.234292541135413E+006  0.141330197049226E+000  0.895364941280543E+000  0.333675467421854E+001  0.306525160253261E+000 -0.117146270567707E+006
  0.100000000000000E+001  0.465955691722228E+005  0.522279029848607E+000  0.109333624536844E+001  0.182842206014663E+001  0.306525160253261E+000 -0.232977845861114E+005
  0.100000000000000E+001  0.462396913812709E+008  0.437036025245119E+000  0.105150135234863E+001  0.385845896144346E+001  0.306525160253261E+000 -0.231198456906354E+008
  0.100000000000000E+001  0.105259770982253E+007  0.201583915859360E+000  0.108367393829758E+001  0.370711692188894E+001  0.306525160253261E+000 -0.526298854911264E+006
  0.100000000000000E+001  0.598695319242071E+005  0.381730467375998E+000  0.119107083909982E+001  0.188671232102992E+001  0.306525160253261E+000 -0.299347659621035E+005
  0.100000000000000E+001  0.144840571939236E+008  0.716702450220884E+000  0.111638858990217E+001  0.256725310503023E+001  0.306525160253261E+000 -0.724202859696181E+007
  0.100000000000000E+001  0.445106924492529E+008  0.774725523238891E+000  0.987476423134894E+000  0.305320154652959E+001  0.306525160253261E+000 -0.222553462246265E+008
  0.100000000000000E+001  0.322989191141561E+008  0.455417305536350E+000  0.925155826359434E+000  0.375989571044727E+001  0.306525160253261E+000 -0.161494595570781E+008
  0.100000000000000E+001  0.281766255159593E+006  0.247415757198609E+000  0.967499386120702E+000  0.326445283189244E+001  0.306525160253261E+000 -0.140883127579796E+006
  0.100000000000000E+001  0.568737871903045E+006  0.151293079607509E+000  0.855156483619588E+000  0.264523915981039E+001  0.306525160253261E+000 -0.284368935951523E+006
  0.100000000000000E+001  0.133578930007128E+007  0.738171885272073E+000  0.947969031175173E+000  0.208109491785798E+001  0.306525160253261E+000 -0.667894650035638E+006
  0.100000000000000E+001  0.377592746155916E+006  0.160859418384093E+000  0.118252349523745E+001  0.271947286351987E+001  0.306525160253261E+000 -0.188796373077958E+006
  0.100000000000000E+001  0.122938729728960E+008  0.650023495124485E+000  0.845723883393836E+000  0.302355712664769E+001  0.306525160253261E+000 -0.614693648644799E+007
  0.100000000000000E+001  0.628300486945580E+007  0.592544338943991E+000  0.837621333243826E+000  0.291943319161674E+001  0.306525160253261E+000 -0.314150243472790E+007
  0.100000000000000E+001  0.207097402984475E+008  0.580035756034503E+000  0.810299050347276E+000  0.338527403814050E+001  0.306525160253261E+000 -0.103548701492238E+008
  0.100000000000000E+001  0.661183467425176E+007  0.254594969956778E+000  0.100874647471375E+001  0.387227744640936E+001  0.306525160253261E+000 -0.330591733712588E+007
  0.100000000000000E+001  0.173631380552006E+006  0.174822121677616E+000  0.865660996763706E+000  0.374052409727717E+001  0.306525160253261E+000 -0.868156902760030E+005
  0.100000000000000E+001  0.836105169678602E+006  0.124024419829471E+000  0.118847917930630E+001  0.188835793688492E+001  0.306525160253261E+000 -0.418052584839301E+006
  0.100000000000000E+001  0.262315355846181E+008  0.781112194177398E+000  0.918273564935260E+000  0.296479743818553E+001  0.306525160253261E+000 -0.131157677923090E+008
  0.100000000000000E+001  0.215057217591930E+008  0.850158327944458E+000  0.861016798758871E+000  0.286003460740152E+001  0.306525160253261E+000 -0.107528608795965E+008
  0.100000000000000E+001  0.138052703838584E+009  0.825923412212126E+000  0.929286354540747E+000  0.347526479106460E+001  0.306525160253261E+000 -0.690263519192921E+008
  0.100000000000000E+001  0.753157247401897E+006  0.138664033964728E+000  0.971716747138295E+000  0.220560718186897E+001  0.306525160253261E+000 -0.376578623700949E+006
  0.100000000000000E+001  0.205497859799897E+007  0.380604895902862E+000  0.115002574451486E+001  0.289943836755526E+001  0.306525160253261E+000 -0.102748929899948E+007
  0.100000000000000E+001  0.565043137643561E+006  0.187985655026803E+000  0.899585412262763E+000  0.225724079080962E+001  0.306525160253261E+000 -0.282521568821780E+006
  0.100000000000000E+001  0.378792515031141E+006  0.665557588441268E+000  0.105547265925592E+001  0.182321916569563E+001  0.306525160253261E+000 -0.189396257515570E+006
  0.100000000000000E+001  0.759146129069215E+006  0.180359674161453E+000  0.990006920453723E+000  0.170342253904593E+001  0.306525160253261E+000 -0.379573064534608E+006
  0.100000000000000E+001  0.363564773832171E+005  0.137884245360604E+000  0.974478043143282E+000  0.372466149676986E+001  0.306525160253261E+000 -0.181782386916086E+005
  0.100000000000000E+001  0.198757230422684E+008  0.370606633829325E+000  0.103192790424886E+001  0.374984888160668E+001  0.306525160253261E+000 -0.993786152113419E+007
  0.100000000000000E+001  0.148431599056108E+009  0.848644041863121E+000  0.114503139535400E+001  0.298459362951625E+001  0.306525160253261E+000 -0.742157995280542E+008
  0.100000000000000E+001  0.349869621986258E+008  0.855855283789216E+000  0.109572421413081E+001  0.259437330839136E+001  0.306525160253261E+000 -0.174934810993129E+008
  0.100000000000000E+001  0.218182853931950E+008  0.541005356557460E+000  0.100055494999845E+001  0.331049994221056E+001  0.306525160253261E+000 -0.109091426965975E+008
  0.100000000000000E+001  0.538332558494580E+008  0.796964819384551E+000  0.102544067836525E+001  0.300283293052017E+001  0.306525160253261E+000 -0.269166279247290E+008
  0.100000000000000E+001  0.403985883429994E+007  0.765505287141559E+000  0.113184831415389E+001  0.205777083785249E+001  0.306525160253261E+000 -0.201992941714997E+007
  0.100000000000000E+001  0.971968363483486E+007  0.579881204469954E+000  0.101684387580934E+001  0.290687050223445E+001  0.306525160253261E+000 -0.485984181741743E+007
  0.100000000000000E+001  0.493248809963178E+007  0.644852443939960E+000  0.924574346087367E+000  0.264903039895167E+001  0.306525160253261E+000 -0.246624404981589E+007
  0.100000000000000E+001  0.369117914185477E+007  0.637545415473638E+000  0.107077186286593E+001  0.240252846362467E+001  0.306525160253261E+000 -0.184558957092738E+007
  0.100000000000000E+001  0.847128111395624E+005  0.329221759429856E+000  0.880906676212259E+000  0.278006089309894E+001  0.306525160253261E+000 -0.423564055697812E+005
  0.100000000000000E+001  0.416338350966314E+007  0.759638264130433E+000  0.110917375369472E+001  0.211647116199703E+001  0.306525160253261E+000 -0.208169175483157E+007
  0.100000000000000E+001  0.460893535725522E+006  0.288255788724100E+000  0.853327047180423E+000  0.182136579100003E+001  0.306525160253261E+000 -0.230446767862761E+006
  0.100000000000000E+001  0.214240008914484E+007  0.374809130766684E+000  0.876411700724084E+000  0.315118398563526E+001  0.306525160253261E+000 -0.107120004457242E+007
  0.100000000000000E+001  0.255645481476890E+006  0.266601370284678E+000  0.866476119942483E+000  0.320302976422700E+001  0.306525160253261E+000 -0.127822740738445E+006
  0.100000000000000E+001  0.966014503654431E+007  0.629477949049223E+000  0.104191201518722E+001  0.275556779454623E+001  0.306525160253261E+000 -0.483007251827215E+007
  0.100000000000000E+001  0.697601779593535E+006  0.214343601600265E+000  0.982002517194447E+000  0.162787132642968E+001  0.306525160253261E+000 -0.348800889796767E+006
  0.100000000000000E+001  0.545502867133979E+007  0.797799225064569E+000  0.997840896418343E+000  0.229656558302972E+001  0.306525160253261E+000 -0.272751433566990E+007
  0.100000000000000E+001  0.914097665375279E+005  0.570856959511807E+000  0.105557099880703E+001  0.182332344613810E+001  0.306525160253261E+000 -0.457048832687639E+005
  0.100000000000000E+001  0.253459236365563E+007  0.260766267651689E+000  0.971709437432375E+000  0.360557727069773E+001  0.306525160253261E+000 -0.126729618182781E+007
  0.100000000000000E+001  0.422602851739425E+006  0.207574933008396E+000  0.996091894966190E+000  0.232166585616526E+001  0.306525160253261E+000 -0.211301425869713E+006
  0.100000000000000E+001  0.177219099766551E+008  0.462843625227188E+000  0.116196125564109E+001  0.327067601690900E+001  0.306525160253261E+000 -0.886095498832755E+007
  0.100000000000000E+001  0.325730736956997E+008  0.777546542616273E+000  0.938861287934078E+000  0.301780748854937E+001  0.306525160253261E+000 -0.162865368478498E+008
  0.100000000000000E+001  0.939254038929285E+005  0.436829573678694E+000  0.814799414744282E+000  0.194170938487068E+001  0.306525160253261E+000 -0.469627019464643E+005
  0.100000000000000E+001  0.560243687645382E+006  0.145989417090450E+000  0.105210397482038E+001  0.261450579404007E+001  0.306525160253261E+000 -0.280121843822691E+006
  0.100000000000000E+001  0.127741537273501E+006  0.272714103701233E+000  0.892183988086096E+000  0.246682959321821E+001  0.306525160253261E+000 -0.638707686367506E+005
  0.100000000000000E+001  0.496802873135507E+006  0.179816401595709E+000  0.801137985089802E+000  0.253159816288541E+001  0.306525160253261E+000 -0.248401436567754E+006
  0.100000000000000E+001  0.246221894373001E+007  0.240443101034172E+000  0.862004646506896E+000  0.375904365422664E+001  0.306525160253261E+000 -0.123110947186501E+007
  0.100000000000000E+001  0.979872763485367E+007  0.586905647623725E+000  0.106311778137222E+001  0.283475344920799E+001  0.306525160253261E+000 -0.489936381742683E+007
  0.100000000000000E+001  0.740798656578733E+006  0.579968709382320E+000  0.112258881917399E+001  0.207555515538565E+001  0.306525160253261E+000 -0.370399328289366E+006
  0.100000000000000E+001  0.630987549744688E+008  0.729426698126889E+000  0.110479962663842E+001  0.304895611603822E+001  0.306525160253261E+000 -0.315493774872344E+008
  0.100000000000000E+001  0.239854747023766E+006  0.417349187862266E+000  0.954311256094316E+000  0.161206514106018E+001  0.306525160253261E+000 -0.119927373511883E+006
  0.100000000000000E+001  0.822470797102536E+006  0.104564409769002E+000  0.104575051247201E+001  0.237821380973996E+001  0.306525160253261E+000 -0.411235398551268E+006
  0.100000000000000E+001  0.244400188684768E+008  0.465439464415844E+000  0.900897724553118E+000  0.364069085068251E+001  0.306525160253261E+000 -0.122200094342384E+008
  0.100000000000000E+001  0.151033256555781E+008  0.673914017098023E+000  0.116521862407895E+001  0.259238108118718E+001  0.306525160253261E+000 -0.755166282778906E+007
  0.100000000000000E+001  0.820343350090977E+005  0.238715274758341E+000  0.106692245536302E+001  0.311162334401898E+001  0.306525160253261E+000 -0.410171675045489E+005
  0.100000000000000E+001  0.174663363942311E+008  0.348348922314710E+000  0.113936248190972E+001  0.370326572648369E+001  0.306525160253261E+000 -0.873316819711553E+007
  0.100000000000000E+001  0.791129145953742E+009  0.761410018655752E+000  0.119554503918396E+001  0.371889005162530E+001  0.306525160253261E+000 -0.395564572976871E+009
  0.100000000000000E+001  0.565026500473647E+006  0.276232321030926E+000  0.845782859884258E+000  0.167078354747513E+001  0.306525160253261E+000 -0.282513250236823E+006
  0.100000000000000E+001  0.146059258123276E+006  0.399478313626226E+000  0.899792573114556E+000  0.188816370610877E+001  0.306525160253261E+000 -0.730296290616378E+005
