  0.100000000000000E+001  0.876357523111592E+009  0.872749622263599E+000  0.115256095118611E+001  0.382051645982438E+001 -0.396435683115845E+001 -0.843124372140647E-001 -0.343114445803011E+001  0.000000000000000E+000 -0.438178761555796E+009
  0.100000000000000E+001  0.212324641371185E+007  0.265462899640986E+000  0.100064455085371E+001  0.372484731954115E+001 -0.457463518591764E+001  0.153968626135637E+001 -0.343114445803011E+001  0.000000000000000E+000 -0.106162320685592E+007
  0.100000000000000E+001  0.157613845842922E+008  0.597275617634358E+000  0.850482762052305E+000  0.340306823166222E+001 -0.401925363552835E+001 -0.463048401447254E+001 -0.343114445803011E+001  0.000000000000000E+000 -0.788069229214609E+007
  0.100000000000000E+001  0.488254728533441E+007  0.819866973172764E+000  0.113150790286288E+001  0.218908697174084E+001 -0.410822474724877E+001 -0.247628348099529E+001 -0.343114445803011E+001  0.000000000000000E+000 -0.244127364266721E+007
  0.100000000000000E+001  0.108169072698315E+007  0.281866911756350E+000  0.114195834248675E+001  0.338085267891002E+001 -0.143703917482841E+001 -0.196265002941778E+001 -0.343114445803011E+001  0.000000000000000E+000 -0.540845363491576E+006
  0.100000000000000E+001  0.348755161093757E+007  0.743460090395449E+000  0.931384302468877E+000  0.256653642375632E+001 -0.656012001574797E+000 -0.337198789550113E+000 -0.343114445803011E+001  0.000000000000000E+000 -0.174377580546878E+007
  0.100000000000000E+001  0.101510158890205E+007  0.376534591584115E+000  0.105035394558526E+001  0.247245849011259E+001  0.958197061832869E+000 -0.992623557590907E+000 -0.343114445803011E+001  0.000000000000000E+000 -0.507550794451025E+006
  0.100000000000000E+001  0.541640769137185E+006  0.805148016387299E+000  0.111184298309806E+001  0.171761053684935E+001 -0.483002869642674E+001  0.445246628568559E+000 -0.343114445803011E+001  0.000000000000000E+000 -0.270820384568593E+006
  0.100000000000000E+001  0.126066016336217E+009  0.561406018901086E+000  0.117985705137491E+001  0.378826595011889E+001 -0.453085605509779E+001 -0.825896841657101E+000 -0.343114445803011E+001  0.000000000000000E+000 -0.630330081681086E+008
  0.100000000000000E+001  0.254205762066600E+007  0.314837677324495E+000  0.916871312181989E+000  0.371724920845149E+001  0.787987588924612E+000 -0.260360478497097E+001 -0.343114445803011E+001  0.000000000000000E+000 -0.127102881033300E+007
  0.100000000000000E+001  0.561403086863764E+005  0.169707160505329E+000  0.112392952444204E+001  0.346902931007082E+001 -0.366026021632238E+001  0.627263886483981E+000 -0.343114445803011E+001  0.000000000000000E+000 -0.280701543431882E+005
  0.100000000000000E+001  0.137700717089065E+007  0.888878904610706E+000  0.109777982254878E+001  0.180381950561313E+001 -0.258422435184759E+001 -0.311501187272515E+001 -0.343114445803011E+001  0.000000000000000E+000 -0.688503585445323E+006
  0.100000000000000E+001  0.354389602674435E+006  0.381049853244375E+000  0.112267264025657E+001  0.229330821048637E+001 -0.550571559562965E-001 -0.353108115947919E+000 -0.343114445803011E+001  0.000000000000000E+000 -0.177194801337218E+006
  0.100000000000000E+001  0.283287768923893E+007  0.682627125207101E+000  0.921065281900282E+000  0.259742258764415E+001 -0.492049538791132E+001 -0.364145393972878E+001 -0.343114445803011E+001  0.000000000000000E+000 -0.141643884461947E+007
  0.100000000000000E+001  0.611381266942669E+006  0.185951611004387E+000  0.103325820352908E+001  0.216923618888669E+001 -0.143454298646915E+001 -0.405643462560844E+001 -0.343114445803011E+001  0.000000000000000E+000 -0.305690633471334E+006
  0.100000000000000E+001  0.325940838797924E+008  0.864548896617601E+000  0.112060097126732E+001  0.268790663687732E+001 -0.399290430844791E+001 -0.178443047546876E+001 -0.343114445803011E+001  0.000000000000000E+000 -0.162970419398962E+008
  0.100000000000000E+001  0.111786498709523E+007  0.283361806275519E+000  0.891982340388838E+000  0.351683002853734E+001 -0.360120503671790E+001 -0.341191084274875E+000 -0.343114445803011E+001  0.000000000000000E+000 -0.558932493547615E+006
  0.100000000000000E+001  0.324567892467713E+006  0.386688067509385E+000  0.104760464932432E+001  0.167931342055800E+001 -0.197950975289372E+001 -0.211368602681627E+000 -0.343114445803011E+001  0.000000000000000E+000 -0.162283946233857E+006
  0.100000000000000E+001  0.250286546033231E+007  0.485792096802517E+000  0.870792225599220E+000  0.304923839462093E+001 -0.171485856166906E+001 -0.334934468340503E+000 -0.343114445803011E+001  0.000000000000000E+000 -0.125143273016615E+007
  0.100000000000000E+001  0.216578708404383E+005  0.162257229423419E+000  0.952307942387478E+000  0.376165964873569E+001 -0.150513119580591E+001 -0.438772091947858E+001 -0.343114445803011E+001  0.000000000000000E+000 -0.108289354202191E+005
  0.100000000000000E+001  0.247930592881162E+006  0.621154539865611E+000  0.111446127544679E+001  0.192994069146209E+001 -0.384066048999280E+001 -0.331028823368289E+001 -0.343114445803011E+001  0.000000000000000E+000 -0.123965296440581E+006
  0.100000000000000E+001  0.235886852791921E+007  0.359088625353397E+000  0.115456203012994E+001  0.323186220592442E+001 -0.259093957934540E+001  0.136576950401860E+001 -0.343114445803011E+001  0.000000000000000E+000 -0.117943426395960E+007
  0.100000000000000E+001  0.512257719907972E+009  0.854871712434119E+000  0.104074105542268E+001  0.387848002447570E+001 -0.152856794353449E+001  0.111087873633724E+001 -0.343114445803011E+001  0.000000000000000E+000 -0.256128859953986E+009
  0.100000000000000E+001  0.539706579409468E+005  0.377750713586105E+000  0.870319492270273E+000  0.238621432288683E+001 -0.111662407298936E+001 -0.293532942872782E+001 -0.343114445803011E+001  0.000000000000000E+000 -0.269853289704734E+005
  0.100000000000000E+001  0.440139893168625E+007  0.351268352372895E+000  0.114412386878786E+001  0.345146970424745E+001 -0.286821672163378E+001 -0.365571499590440E+001 -0.343114445803011E+001  0.000000000000000E+000 -0.220069946584313E+007
  0.100000000000000E+001  0.760956607450133E+005  0.458342156178696E+000  0.118018847370994E+001  0.188310077890863E+001 -0.896348397297547E+000  0.452979312001794E+000 -0.343114445803011E+001  0.000000000000000E+000 -0.380478303725067E+005
  0.100000000000000E+001  0.267300965130133E+006  0.309641993904574E+000  0.865790515676099E+000  0.309365480765336E+001 -0.116394181275359E-001 -0.437358269562297E+001 -0.343114445803011E+001  0.000000000000000E+000 -0.133650482565067E+006
  0.100000000000000E+001  0.203737129460183E+006  0.338184901996898E+000  0.803475965979681E+000  0.227860844829956E+001 -0.385025767565019E+001 -0.470951860245256E+001 -0.343114445803011E+001  0.000000000000000E+000 -0.101868564730092E+006
  0.100000000000000E+001  0.359300208190710E+007  0.335804083327053E+000  0.975858991082749E+000  0.355814409715148E+001 -0.166376977980668E+001 -0.801924233291106E+000 -0.343114445803011E+001  0.000000000000000E+000 -0.179650104095355E+007
  0.100000000000000E+001  0.110402105574822E+008  0.868355388475468E+000  0.108334539564226E+001  0.242441014344316E+001 -0.210334830453573E+001 -0.316286397476008E+000 -0.343114445803011E+001  0.000000000000000E+000 -0.552010527874112E+007
  0.100000000000000E+001  0.628894634953206E+004  0.232452550627084E+000  0.119570266323445E+001  0.301352925801013E+001 -0.864889398985964E+000 -0.441094454191831E+001 -0.343114445803011E+001  0.000000000000000E+000 -0.314447317476603E+004
  0.100000000000000E+001  0.132450202603156E+006  0.479653040724773E+000  0.107868394915339E+001  0.169399624442490E+001  0.157479453492479E-001 -0.222979012638730E+001 -0.343114445803011E+001  0.000000000000000E+000 -0.662251013015782E+005
  0.100000000000000E+001  0.405417066029815E+006  0.512343374001987E+000  0.894329151306076E+000  0.256226634868384E+001 -0.783422898762287E+000 -0.884209088990191E+000 -0.343114445803011E+001  0.000000000000000E+000 -0.202708533014907E+006
  0.100000000000000E+001  0.672656298837568E+005  0.430498546895350E+000  0.115689489715440E+001  0.206534003928258E+001 -0.276459884590939E+001 -0.158707852176083E+000 -0.343114445803011E+001  0.000000000000000E+000 -0.336328149418784E+005
  0.100000000000000E+001  0.226069188820186E+006  0.233622181949492E+000  0.872312922989973E+000  0.269373258468916E+001 -0.276186137985941E+001 -0.258324134201208E+001 -0.343114445803011E+001  0.000000000000000E+000 -0.113034594410093E+006
  0.100000000000000E+001  0.101874590232501E+006  0.505553327087453E+000  0.107607142231475E+001  0.182314020988549E+001 -0.449425854243939E+001 -0.237602368109309E+001 -0.343114445803011E+001  0.000000000000000E+000 -0.509372951162506E+005
  0.100000000000000E+001  0.392931036820524E+008  0.529849975250467E+000  0.963337170587645E+000  0.379669082015182E+001 -0.468789017122159E+001  0.169671987184301E+001 -0.343114445803011E+001  0.000000000000000E+000 -0.196465518410262E+008
  0.100000000000000E+001  0.334441424158073E+006  0.263677594529519E+000  0.918033313172784E+000  0.230180950347476E+001 -0.333830579592480E+001 -0.873089062719416E+000 -0.343114445803011E+001  0.000000000000000E+000 -0.167220712079036E+006
  0.100000000000000E+001  0.389813895553865E+006  0.243129811833794E+000  0.110025929334108E+001  0.220127680453997E+001 -0.192377720980739E+001 -0.534023388265319E+000 -0.343114445803011E+001  0.000000000000000E+000 -0.194906947776933E+006
  0.100000000000000E+001  0.512791749998909E+008  0.727859365698487E+000  0.110274440197704E+001  0.318318352388072E+001 -0.298920819019735E-001 -0.267725565231164E+001 -0.343114445803011E+001  0.000000000000000E+000 -0.256395874999455E+008
  0.100000000000000E+001  0.601875743146376E+006  0.287030807181497E+000  0.998162611074048E+000  0.332639907744552E+001 -0.198623322201844E+001 -0.160127299937844E+001 -0.343114445803011E+001  0.000000000000000E+000 -0.300937871573188E+006
  0.100000000000000E+001  0.242121329223268E+006  0.179735948388100E+000  0.112429884224918E+001  0.290343374928074E+001 -0.134209486615488E+001 -0.285159395168738E+001 -0.343114445803011E+001  0.000000000000000E+000 -0.121060664611634E+006
  0.100000000000000E+001  0.820975087301124E+006  0.303523077753737E+000  0.876586509489098E+000  0.336886893616863E+001 -0.260489220518686E+001 -0.409804817512002E+000 -0.343114445803011E+001  0.000000000000000E+000 -0.410487543650562E+006
  0.100000000000000E+001  0.106197357212101E+006  0.537549318874709E+000  0.980517334470595E+000  0.179925702773239E+001 -0.343737871486866E+001  0.156385095362001E+001 -0.343114445803011E+001  0.000000000000000E+000 -0.530986786060506E+005
  0.100000000000000E+001  0.283915779709266E+009  0.870923662563607E+000  0.960502580556335E+000  0.377987922836651E+001 -0.325431567185934E+001 -0.176786844103850E+000 -0.343114445803011E+001  0.000000000000000E+000 -0.141957889854633E+009
  0.100000000000000E+001  0.406270067103881E+007  0.411325335364062E+000  0.105194841081190E+001  0.327126270133976E+001 -0.323956915391368E+001  0.121414464869757E+001 -0.343114445803011E+001  0.000000000000000E+000 -0.203135033551941E+007
  0.100000000000000E+001  0.193901503115232E+008  0.571980107242043E+000  0.111628619445914E+001  0.321354386969873E+001 -0.486456593330056E+001 -0.346028523336147E+000 -0.343114445803011E+001  0.000000000000000E+000 -0.969507515576160E+007
  0.100000000000000E+001  0.892617238574743E+006  0.120770976988100E+000  0.966029586270903E+000  0.234333623947786E+001 -0.141765146839892E+001  0.139527250157394E+001 -0.343114445803011E+001  0.000000000000000E+000 -0.446308619287371E+006
  0.100000000000000E+001  0.705025313444672E+006  0.484955881919292E+000  0.114374356153769E+001  0.246172739674620E+001 -0.459140111896943E-001 -0.461986179589658E+001 -0.343114445803011E+001  0.000000000000000E+000 -0.352512656722336E+006
  0.100000000000000E+001  0.921146859826087E+005  0.468327744199651E+000  0.927603818867572E+000  0.206296662525576E+001 -0.310733970090602E+001  0.342307208359189E+000 -0.343114445803011E+001  0.000000000000000E+000 -0.460573429913043E+005
  0.100000000000000E+001  0.307842909207180E+006  0.333780681156956E+000  0.106975162595983E+001  0.191225443512237E+001 -0.250273711596268E+001 -0.259593338201234E+001 -0.343114445803011E+001  0.000000000000000E+000 -0.153921454603590E+006
  0.100000000000000E+001  0.766149280272013E+005  0.461969150441231E+000  0.110472726863038E+001  0.201734692044288E+001 -0.329369576061962E+001 -0.622926525913001E+000 -0.343114445803011E+001  0.000000000000000E+000 -0.383074640136007E+005
  0.100000000000000E+001  0.184762717376986E+006  0.113324148435363E+000  0.115670662436339E+001  0.379516160778132E+001 -0.276480702453567E+001 -0.243928461014236E+001 -0.343114445803011E+001  0.000000000000000E+000 -0.923813586884930E+005
  0.100000000000000E+001  0.564314149941991E+007  0.409387984914544E+000  0.817050681853292E+000  0.355630254465090E+001 -0.202152283140067E+001  0.168442871613677E+001 -0.343114445803011E+001  0.000000000000000E+000 -0.282157074970996E+007
  0.100000000000000E+001  0.532321958699265E+006  0.320473273278303E+000  0.905497775021727E+000  0.161868871955708E+001 -0.442867477316507E+001 -0.374433789972542E+001 -0.343114445803011E+001  0.000000000000000E+000 -0.266160979349632E+006
  0.100000000000000E+001  0.263122326521587E+006  0.265865274478859E+000  0.115956755760335E+001  0.228424467374219E+001 -0.344467573556339E+001  0.148165720537324E+001 -0.343114445803011E+001  0.000000000000000E+000 -0.131561163260794E+006
  0.100000000000000E+001  0.206088791136644E+006  0.772248966897244E+000  0.822307211674668E+000  0.191500647040439E+001 -0.358813303103120E+001 -0.158488649549473E+001 -0.343114445803011E+001  0.000000000000000E+000 -0.103044395568322E+006
  0.100000000000000E+001  0.147762706188402E+006  0.665693465742235E+000  0.119093965086855E+001  0.162306300565609E+001 -0.418865224905049E+001 -0.239245944921867E+001 -0.343114445803011E+001  0.000000000000000E+000 -0.738813530942011E+005
  0.100000000000000E+001  0.857558922878025E+005  0.530691046302862E+000  0.102603206757125E+001  0.187503670007999E+001 -0.346146310929089E+001  0.257585173442483E+000 -0.343114445803011E+001  0.000000000000000E+000 -0.428779461439012E+005
  0.100000000000000E+001  0.431838974636545E+008  0.641414809792561E+000  0.815199412613387E+000  0.374990999345249E+001 -0.605217819880917E+000 -0.242257350917224E+001 -0.343114445803011E+001  0.000000000000000E+000 -0.215919487318272E+008
  0.100000000000000E+001  0.323511787809820E+008  0.429735731633910E+000  0.115091332340650E+001  0.381925303141021E+001  0.181274502922994E+000 -0.241764696180908E+001 -0.343114445803011E+001  0.000000000000000E+000 -0.161755893904910E+008
  0.100000000000000E+001  0.236820888959301E+006  0.244301674995321E+000  0.112408140597165E+001  0.246653440041006E+001 -0.223892348209632E+001 -0.122437447860211E+001 -0.343114445803011E+001  0.000000000000000E+000 -0.118410444479651E+006
  0.100000000000000E+001  0.481592164689969E+006  0.350444485109529E+000  0.813769143227402E+000  0.166829356110971E+001 -0.336562405751809E+001  0.240045509673052E-001 -0.343114445803011E+001  0.000000000000000E+000 -0.240796082344984E+006
  0.100000000000000E+001  0.551618612511691E+006  0.189681161964330E+000  0.105663799626136E+001  0.229942548699123E+001 -0.138520968038860E+001 -0.224764370543914E+000 -0.343114445803011E+001  0.000000000000000E+000 -0.275809306255846E+006
  0.100000000000000E+001  0.138348966286608E+007  0.650688421004407E+000  0.910195047956800E+000  0.259133196625822E+001 -0.536947441899276E-001 -0.914263115212185E+000 -0.343114445803011E+001  0.000000000000000E+000 -0.691744831433040E+006
  0.100000000000000E+001  0.760749127984168E+006  0.202709446030150E+000  0.814033949780893E+000  0.170905625796874E+001 -0.123884865713434E+001 -0.125252446690638E+001 -0.343114445803011E+001  0.000000000000000E+000 -0.380374563992084E+006
  0.100000000000000E+001  0.262251476628440E+009  0.858835561542688E+000  0.115722932203341E+001  0.334176669045942E+001 -0.440294716529904E+001 -0.439461707280837E+001 -0.343114445803011E+001  0.000000000000000E+000 -0.131125738314220E+009
  0.100000000000000E+001  0.992933473270273E+008  0.834406046104906E+000  0.895010872500761E+000  0.358172678533023E+001 -0.330086784664347E+001 -0.189497062579443E+001 -0.343114445803011E+001  0.000000000000000E+000 -0.496466736635136E+008
  0.100000000000000E+001  0.239697946109849E+006  0.343036734072973E+000  0.110567464805174E+001  0.199401415419140E+001 -0.435825600882577E+001 -0.447358223007445E+001 -0.343114445803011E+001  0.000000000000000E+000 -0.119848973054924E+006
  0.100000000000000E+001  0.182214693629705E+006  0.393289430256364E+000  0.889563486509554E+000  0.205767634220624E+001 -0.228415110996100E+001 -0.168113382060871E+001 -0.343114445803011E+001  0.000000000000000E+000 -0.911073468148527E+005
  0.100000000000000E+001  0.312999996045580E+008  0.454741127162781E+000  0.118504074783044E+001  0.366546925955993E+001 -0.234601217995330E+001 -0.623420400081444E+000 -0.343114445803011E+001  0.000000000000000E+000 -0.156499998022790E+008
  0.100000000000000E+001  0.144315064974826E+006  0.479545310284183E+000  0.113860065106099E+001  0.161028506122423E+001 -0.517791076583408E+000 -0.177031980042276E+001 -0.343114445803011E+001  0.000000000000000E+000 -0.721575324874130E+005
  0.100000000000000E+001  0.298338289708418E+006  0.143102990026408E+000  0.945776664263071E+000  0.328479325880431E+001 -0.456348561524488E+001 -0.108389094886977E+001 -0.343114445803011E+001  0.000000000000000E+000 -0.149169144854209E+006
  0.100000000000000E+001  0.697264856811117E+006  0.183550683828030E+000  0.954154450851241E+000  0.197630025991352E+001 -0.337232484748704E+001 -0.467297494948898E+001 -0.343114445803011E+001  0.000000000000000E+000 -0.348632428405558E+006
  0.100000000000000E+001  0.923092375619922E+007  0.668892906366249E+000  0.110090159960598E+001  0.274883269071297E+001 -0.344057654056456E+001 -0.332635528466578E+001 -0.343114445803011E+001  0.000000000000000E+000 -0.461546187809961E+007
  0.100000000000000E+001  0.191816962547487E+005  0.395736407465155E+000  0.105930260534318E+001  0.235425743157056E+001  0.298466340099131E+000 -0.484287874574640E+001 -0.343114445803011E+001  0.000000000000000E+000 -0.959084812737433E+004
  0.100000000000000E+001  0.456426625873546E+008  0.892906294496340E+000  0.111210494337136E+001  0.276101039981064E+001 -0.387187325896213E+001 -0.127489022086796E+001 -0.343114445803011E+001  0.000000000000000E+000 -0.228213312936773E+008
  0.100000000000000E+001  0.530686277157513E+006  0.195592867865504E+000  0.966364974422321E+000  0.230787485459395E+001 -0.780438523720914E+000 -0.417253622518993E+001 -0.343114445803011E+001  0.000000000000000E+000 -0.265343138578757E+006
  0.100000000000000E+001  0.778099188256043E+006  0.201149246137874E+000  0.849018194822843E+000  0.177935253792977E+001 -0.440369620932749E+000 -0.109292710934155E+001 -0.343114445803011E+001  0.000000000000000E+000 -0.389049594128022E+006
  0.100000000000000E+001  0.959038658926508E+005  0.549652245956732E+000  0.814915993950254E+000  0.204750969129022E+001 -0.476628638497100E+001 -0.196922808179259E+001 -0.343114445803011E+001  0.000000000000000E+000 -0.479519329463254E+005
  0.100000000000000E+001  0.364640574128358E+008  0.658609647071568E+000  0.943542948083276E+000  0.348346068510521E+001 -0.206459273301644E+001 -0.319965672627990E+001 -0.343114445803011E+001  0.000000000000000E+000 -0.182320287064179E+008
  0.100000000000000E+001  0.251754673089526E+008  0.541664664231395E+000  0.115169391472409E+001  0.334048092401268E+001 -0.185243663175481E+001 -0.121697975605197E+001 -0.343114445803011E+001  0.000000000000000E+000 -0.125877336544763E+008
  0.100000000000000E+001  0.161732798204176E+009  0.895123038948252E+000  0.107615754652828E+001  0.327337165044530E+001 -0.407900372423596E+001 -0.180110091306193E+001 -0.343114445803011E+001  0.000000000000000E+000 -0.808663991020881E+008
  0.100000000000000E+001  0.439348412693039E+007  0.530748874019796E+000  0.102925528571640E+001  0.310672239790705E+001 -0.108487716965061E+001  0.975281048533331E+000 -0.343114445803011E+001  0.000000000000000E+000 -0.219674206346519E+007
  0.100000000000000E+001  0.328953703088274E+007  0.566332565265979E+000  0.981284543063274E+000  0.283795527641762E+001 -0.823638135751168E+000 -0.112491940910962E+001 -0.343114445803011E+001  0.000000000000000E+000 -0.164476851544137E+007
  0.100000000000000E+001  0.187443747641332E+008  0.703649350076505E+000  0.115989068882554E+001  0.277940511788762E+001 -0.489574207304197E+001 -0.309290629193913E+001 -0.343114445803011E+001  0.000000000000000E+000 -0.937218738206659E+007
  0.100000000000000E+001  0.401910579644020E+008  0.887206328143886E+000  0.103391245926326E+001  0.289705152182653E+001 -0.359241157679984E+001 -0.241254723457045E+001 -0.343114445803011E+001  0.000000000000000E+000 -0.200955289822010E+008
  0.100000000000000E+001  0.155489500882323E+006  0.451736213206888E+000  0.115960099518129E+001  0.172847597819871E+001 -0.392256577853468E+001 -0.213022411925545E+001 -0.343114445803011E+001  0.000000000000000E+000 -0.777447504411616E+005
  0.100000000000000E+001  0.113631535285846E+009  0.871358235768296E+000  0.102755558404259E+001  0.329766266175892E+001 -0.393764054772457E+001 -0.236605834166100E+001 -0.343114445803011E+001  0.000000000000000E+000 -0.568157676429232E+008
  0.100000000000000E+001  0.534661355325696E+006  0.155385124041321E+000  0.110467807802466E+001  0.262435894799924E+001 -0.284218723172616E+001 -0.266378585355970E+001 -0.343114445803011E+001  0.000000000000000E+000 -0.267330677662848E+006
  0.100000000000000E+001  0.732144420761708E+008  0.747678614179230E+000  0.105844674840545E+001  0.333852329442014E+001 -0.179470156932804E+001  0.684487942089191E+000 -0.343114445803011E+001  0.000000000000000E+000 -0.366072210380854E+008
  0.100000000000000E+001  0.112419750154884E+007  0.814974045520454E+000  0.969751648489631E+000  0.206441589485094E+001 -0.482733441921432E+001 -0.303438809653998E+001 -0.343114445803011E+001  0.000000000000000E+000 -0.562098750774422E+006
  0.100000000000000E+001  0.364935877435805E+007  0.338639238367413E+000  0.112340276779039E+001  0.346357713980987E+001 -0.307350661423083E+001 -0.466762634499320E+001 -0.343114445803011E+001  0.000000000000000E+000 -0.182467938717903E+007
  0.100000000000000E+001  0.856166896131456E+006  0.118835649024928E+000  0.819740425624464E+000  0.200955932753537E+001 -0.342172612180481E+001 -0.380007950560729E+001 -0.343114445803011E+001  0.000000000000000E+000 -0.428083448065728E+006
  0.100000000000000E+001  0.103711152130493E+006  0.139601966640546E+000  0.979066482912965E+000  0.367603146058670E+001 -0.312023993571200E+001 -0.261973947789559E+001 -0.343114445803011E+001  0.000000000000000E+000 -0.518555760652465E+005
  0.100000000000000E+001  0.181103735377164E+008  0.700362167344552E+000  0.829660051804342E+000  0.327858119651732E+001 -0.444342316631961E+001  0.668054583203066E-001 -0.343114445803011E+001  0.000000000000000E+000 -0.905518676885820E+007
  0.100000000000000E+001  0.103441264246524E+006  0.462528880700086E+000  0.901804799590750E+000  0.201502353932789E+001 -0.176854790980713E+001 -0.153644738863561E+001 -0.343114445803011E+001  0.000000000000000E+000 -0.517206321232621E+005
  0.100000000000000E+001  0.128305006418760E+009  0.621098820565280E+000  0.110020948501401E+001  0.377006212576600E+001 -0.405657674883108E+001  0.161113637831685E+001 -0.343114445803011E+001  0.000000000000000E+000 -0.641525032093802E+008
  0.100000000000000E+001  0.255799886807001E+008  0.891189107827572E+000  0.902541215687075E+000  0.298689325449766E+001 -0.135325261009042E+001 -0.947584275755134E+000 -0.343114445803011E+001  0.000000000000000E+000 -0.127899943403501E+008
  0.100000000000000E+001  0.110754680076026E+008  0.416585857844603E+000  0.977844873693648E+000  0.363930511066148E+001 -0.160309739643952E+001 -0.929923585707204E+000 -0.343114445803011E+001  0.000000000000000E+000 -0.553773400380128E+007
  0.100000000000000E+001  0.191167582737025E+008  0.547079629338363E+000  0.861763476601718E+000  0.357365004360475E+001 -0.474501356736965E+001 -0.180250107926235E+001 -0.343114445803011E+001  0.000000000000000E+000 -0.955837913685126E+007
  0.100000000000000E+001  0.283956186876482E+008  0.480665739429170E+000  0.102412628935914E+001  0.375238299795416E+001 -0.266952273971360E+001 -0.473673616861874E+000 -0.343114445803011E+001  0.000000000000000E+000 -0.141978093438241E+008
  0.100000000000000E+001  0.518806148842212E+005  0.324785026550595E+000  0.823132240435888E+000  0.282131513304311E+001 -0.158676445033344E+001 -0.472954073469401E+001 -0.343114445803011E+001  0.000000000000000E+000 -0.259403074421106E+005
  0.100000000000000E+001  0.178006484396743E+006  0.335393710417874E+000  0.105514049690317E+001  0.217038023943544E+001 -0.263578232234108E+001 -0.200245305196841E+001 -0.343114445803011E+001  0.000000000000000E+000 -0.890032421983714E+005
  0.100000000000000E+001  0.323444462670084E+008  0.884319254104974E+000  0.119687918041101E+001  0.247769336365227E+001 -0.124590316535205E+001 -0.102667923882292E+001 -0.343114445803011E+001  0.000000000000000E+000 -0.161722231335042E+008
  0.100000000000000E+001  0.266029584033629E+008  0.652133393200527E+000  0.107884272024783E+001  0.317386426780771E+001 -0.872516785982041E+000 -0.356500147289438E+001 -0.343114445803011E+001  0.000000000000000E+000 -0.133014792016815E+008
  0.100000000000000E+001  0.138076879721222E+008  0.373488580806936E+000  0.104054464889468E+001  0.382604683904250E+001 -0.364893052839677E+001 -0.393068133539122E+001 -0.343114445803011E+001  0.000000000000000E+000 -0.690384398606111E+007
  0.100000000000000E+001  0.882783959347294E+007  0.879364158264383E+000  0.956605405614583E+000  0.256360134086637E+001 -0.263361222967843E+001 -0.411916346138480E+001 -0.343114445803011E+001  0.000000000000000E+000 -0.441391979673647E+007
  0.100000000000000E+001  0.213564650330549E+008  0.883690652701622E+000  0.988881954037038E+000  0.278339121995665E+001 -0.426040032686502E+001 -0.147095344736087E+001 -0.343114445803011E+001  0.000000000000000E+000 -0.106782325165275E+008
  0.100000000000000E+001  0.580753832658118E+006  0.160037714159982E+000  0.116368462919056E+001  0.243970169410750E+001 -0.402962446001641E+001 -0.791688500836264E+000 -0.343114445803011E+001  0.000000000000000E+000 -0.290376916329059E+006
  0.100000000000000E+001  0.819423299775344E+006  0.349765359493166E+000  0.109419423777447E+001  0.186392557941970E+001  0.825883540822229E+000 -0.155962687355948E+001 -0.343114445803011E+001  0.000000000000000E+000 -0.409711649887672E+006
  0.100000000000000E+001  0.919930946974949E+005  0.664179945032081E+000  0.890649354423603E+000  0.191549551192093E+001 -0.967341182022039E+000 -0.152844686425280E+001 -0.343114445803011E+001  0.000000000000000E+000 -0.459965473487475E+005
  0.100000000000000E+001  0.811569452311103E+005  0.347988720184074E+000  0.109022705942919E+001  0.245319812643842E+001 -0.495878407875666E+001 -0.495923126613568E+001 -0.343114445803011E+001  0.000000000000000E+000 -0.405784726155551E+005
  0.100000000000000E+001  0.518488824204419E+005  0.265413701773233E+000  0.115162656926335E+001  0.281945927174448E+001  0.310796164253924E+000 -0.296184022167895E+001 -0.343114445803011E+001  0.000000000000000E+000 -0.259244412102210E+005
  0.100000000000000E+001  0.443784866198133E+006  0.152697354623133E+000  0.829389510897756E+000  0.293444256531411E+001 -0.348444602518764E+001  0.271067616871638E+000 -0.343114445803011E+001  0.000000000000000E+000 -0.221892433099066E+006
  0.100000000000000E+001  0.374337377063531E+006  0.757825080352235E+000  0.117361942002702E+001  0.164800942480442E+001 -0.267592803929810E+000 -0.446946397930836E+001 -0.343114445803011E+001  0.000000000000000E+000 -0.187168688531765E+006
  0.100000000000000E+001  0.387922569706479E+006  0.640572463765044E+000  0.843793239058268E+000  0.225940232741820E+001 -0.358912324653615E+001  0.166193587317522E+001 -0.343114445803011E+001  0.000000000000000E+000 -0.193961284853239E+006
  0.100000000000000E+001  0.590205762124280E+007  0.669910825931202E+000  0.109586350252695E+001  0.263167841337420E+001  0.872897275089306E+000 -0.398141888286940E+001 -0.343114445803011E+001  0.000000000000000E+000 -0.295102881062140E+007
  0.100000000000000E+001  0.261887662340153E+007  0.322468463027929E+000  0.913456591392468E+000  0.355475390725865E+001 -0.408322936606600E+001  0.138737550662666E+001 -0.343114445803011E+001  0.000000000000000E+000 -0.130943831170077E+007
  0.100000000000000E+001  0.979480468007741E+007  0.529379215780918E+000  0.102634987734518E+001  0.322156130564254E+001 -0.162026498352358E+001 -0.463449139040443E+001 -0.343114445803011E+001  0.000000000000000E+000 -0.489740234003871E+007
  0.100000000000000E+001  0.706004102096115E+007  0.620652115410414E+000  0.106942489664255E+001  0.292378513492720E+001  0.411108815181629E+000 -0.198590865316007E+001 -0.343114445803011E+001  0.000000000000000E+000 -0.353002051048057E+007
  0.100000000000000E+001  0.431344805671558E+006  0.194835599213384E+000  0.867370905917963E+000  0.256294190407075E+001 -0.805506464781391E+000 -0.373758101678741E+001 -0.343114445803011E+001  0.000000000000000E+000 -0.215672402835779E+006
  0.100000000000000E+001  0.662350743072209E+005  0.562280000467155E+000  0.105979451818135E+001  0.192601877494483E+001 -0.158137851527953E+001  0.883793670753475E+000 -0.343114445803011E+001  0.000000000000000E+000 -0.331175371536104E+005
  0.100000000000000E+001  0.599149057431897E+006  0.231717336823411E+000  0.117140465137159E+001  0.174542340595008E+001 -0.762266701235067E+000 -0.376002535247892E+001 -0.343114445803011E+001  0.000000000000000E+000 -0.299574528715948E+006
  0.100000000000000E+001  0.165230597602397E+006  0.379053478619192E+000  0.114946089553621E+001  0.197109531437751E+001 -0.457736060091046E+001  0.144888826484711E+001 -0.343114445803011E+001  0.000000000000000E+000 -0.826152988011987E+005
  0.100000000000000E+001  0.190428434761089E+006  0.451816894491592E+000  0.114386944546578E+001  0.166193700079449E+001 -0.385298940734855E+001 -0.102783633557358E+001 -0.343114445803011E+001  0.000000000000000E+000 -0.952142173805445E+005
  0.100000000000000E+001  0.465402296946044E+006  0.649494135325349E+000  0.915238746955437E+000  0.222426840581803E+001 -0.123304039433052E+001 -0.460351261666182E+001 -0.343114445803011E+001  0.000000000000000E+000 -0.232701148473022E+006
  0.100000000000000E+001  0.109231608445575E+007  0.853542308073889E+000  0.976447742023850E+000  0.199090245614377E+001 -0.247411031751503E+001  0.163916291856688E+001 -0.343114445803011E+001  0.000000000000000E+000 -0.546158042227875E+006
  0.100000000000000E+001  0.128543969059824E+009  0.655121043501964E+000  0.104868087405088E+001  0.377953704504053E+001 -0.301233536124193E+001 -0.141679422603498E+001 -0.343114445803011E+001  0.000000000000000E+000 -0.642719845299121E+008
  0.100000000000000E+001  0.649075543174932E+006  0.751566874874235E+000  0.990348191797581E+000  0.202581192249514E+001 -0.787747855517875E+000 -0.307841721615308E+001 -0.343114445803011E+001  0.000000000000000E+000 -0.324537771587466E+006
  0.100000000000000E+001  0.771457374058917E+007  0.784659264320349E+000  0.841464894345652E+000  0.282855505396564E+001 -0.248184610786962E+001 -0.159811584620520E+001 -0.343114445803011E+001  0.000000000000000E+000 -0.385728687029458E+007
  0.100000000000000E+001  0.154024093704915E+006  0.334867484934832E+000  0.827252528958880E+000  0.234082835227779E+001 -0.126531880486774E+001 -0.519545209316460E+000 -0.343114445803011E+001  0.000000000000000E+000 -0.770120468524576E+005
  0.100000000000000E+001  0.661234770516525E+006  0.551598277734552E+000  0.857390398572595E+000  0.267254938584336E+001 -0.126447764495398E+001  0.116371296428203E+001 -0.343114445803011E+001  0.000000000000000E+000 -0.330617385258263E+006
  0.100000000000000E+001  0.353987126671876E+007  0.575035123137112E+000  0.923766141298618E+000  0.315763469089689E+001 -0.149465144497505E+000 -0.336208734199998E+000 -0.343114445803011E+001  0.000000000000000E+000 -0.176993563335938E+007
  0.100000000000000E+001  0.653153228463363E+006  0.756422005799893E+000  0.983813338680135E+000  0.201717284421494E+001 -0.363160140189496E+001 -0.352982568892841E+001 -0.343114445803011E+001  0.000000000000000E+000 -0.326576614231682E+006
  0.100000000000000E+001  0.180543167334068E+006  0.533189120966207E+000  0.897542347462582E+000  0.165697286341926E+001 -0.123883538934471E+001 -0.357861184239284E+001 -0.343114445803011E+001  0.000000000000000E+000 -0.902715836670338E+005
  0.100000000000000E+001  0.154052839871393E+007  0.535300998233233E+000  0.969408705503763E+000  0.269665640509825E+001 -0.182934952304858E+000 -0.351257132331188E+001 -0.343114445803011E+001  0.000000000000000E+000 -0.770264199356967E+006
  0.100000000000000E+001  0.100423757473366E+007  0.642982018661181E+000  0.857474072982401E+000  0.245933272103728E+001 -0.363792555600091E+001  0.925016392274413E+000 -0.343114445803011E+001  0.000000000000000E+000 -0.502118787366829E+006
  0.100000000000000E+001  0.122002466744381E+009  0.667658357735020E+000  0.112132403565034E+001  0.358017976009849E+001 -0.494479954053139E+001 -0.246848011812791E+001 -0.343114445803011E+001  0.000000000000000E+000 -0.610012333721906E+008
  0.100000000000000E+001  0.770509319813381E+006  0.887273400846600E+000  0.107914284218771E+001  0.170447197318040E+001 -0.466954947566887E+001  0.828510225959135E+000 -0.343114445803011E+001  0.000000000000000E+000 -0.385254659906690E+006
  0.100000000000000E+001  0.186302987225412E+009  0.877590049278159E+000  0.959545614153619E+000  0.361981100437130E+001 -0.149916419485835E+001  0.138700566080454E+001 -0.343114445803011E+001  0.000000000000000E+000 -0.931514936127058E+008
  0.100000000000000E+001  0.217488088204281E+006  0.295566265848566E+000  0.818284249015151E+000  0.316891866467154E+001  0.601311734155233E+000 -0.356291812378163E+001 -0.343114445803011E+001  0.000000000000000E+000 -0.108744044102140E+006
  0.100000000000000E+001  0.321756629055299E+007  0.629649463126561E+000  0.904950211305304E+000  0.280553054271040E+001 -0.110985411601812E+000 -0.139412254836286E+001 -0.343114445803011E+001  0.000000000000000E+000 -0.160878314527649E+007
  0.100000000000000E+001  0.124619731914739E+009  0.659246890889320E+000  0.109636513797466E+001  0.366126157613222E+001 -0.423183879977075E+001 -0.467695603882850E+001 -0.343114445803011E+001  0.000000000000000E+000 -0.623098659573697E+008
  0.100000000000000E+001  0.258461861588332E+007  0.331948739832381E+000  0.108206408011154E+001  0.341730329337075E+001 -0.439578921030680E+001 -0.334509376208931E+001 -0.343114445803011E+001  0.000000000000000E+000 -0.129230930794166E+007
  0.100000000000000E+001  0.492962205163365E+007  0.304644631364064E+000  0.980504597959104E+000  0.378752485750535E+001 -0.408331445658517E+001 -0.119976903338135E+001 -0.343114445803011E+001  0.000000000000000E+000 -0.246481102581683E+007
  0.100000000000000E+001  0.408735715717214E+006  0.286452730463255E+000  0.111884012067384E+001  0.317864438345794E+001 -0.360001682193604E+001 -0.826428333021539E+000 -0.343114445803011E+001  0.000000000000000E+000 -0.204367857858607E+006
  0.100000000000000E+001  0.309072145320668E+007  0.846639686364303E+000  0.111864470516314E+001  0.204082545061416E+001 -0.340898620457923E+001  0.262326612695210E+000 -0.343114445803011E+001  0.000000000000000E+000 -0.154536072660334E+007
  0.100000000000000E+001  0.635442141331978E+006  0.277249664582067E+000  0.112572510300865E+001  0.330599129652928E+001 -0.457764115626930E+001 -0.440414567692001E+001 -0.343114445803011E+001  0.000000000000000E+000 -0.317721070665989E+006
  0.100000000000000E+001  0.175266415880446E+006  0.442447569114906E+000  0.113970597876389E+001  0.234247018290254E+001 -0.317719236180879E+001 -0.405640598307217E+001 -0.343114445803011E+001  0.000000000000000E+000 -0.876332079402231E+005
  0.100000000000000E+001  0.244376979208158E+006  0.734163026612662E+000  0.114461506804358E+001  0.164278789739864E+001 -0.440965303135761E+001 -0.452308969359056E+001 -0.343114445803011E+001  0.000000000000000E+000 -0.122188489604079E+006
  0.100000000000000E+001  0.997858727348070E+005  0.373710787066926E+000  0.109992448283005E+001  0.219959263498978E+001 -0.357208195213268E+001 -0.378255586210041E+001 -0.343114445803011E+001  0.000000000000000E+000 -0.498929363674035E+005
  0.100000000000000E+001  0.806983665497055E+005  0.346769651392344E+000  0.947264221981498E+000  0.253721344656607E+001 -0.411451746854791E+001 -0.465390159446759E+001 -0.343114445803011E+001  0.000000000000000E+000 -0.403491832748528E+005
  0.100000000000000E+001  0.604935322734506E+007  0.433772834920465E+000  0.100949627796368E+001  0.335384119985664E+001 -0.427932706669626E+001  0.153713137147404E+001 -0.343114445803011E+001  0.000000000000000E+000 -0.302467661367253E+007
  0.100000000000000E+001  0.462564551646051E+009  0.862988749137601E+000  0.110427996630986E+001  0.367707104164907E+001 -0.217180254927520E+001 -0.159978677751513E+001 -0.343114445803011E+001  0.000000000000000E+000 -0.231282275823025E+009
  0.100000000000000E+001  0.207833242347709E+008  0.519935810157152E+000  0.812264178893442E+000  0.370665250357970E+001 -0.405327540365493E+001 -0.436036471731571E+001 -0.343114445803011E+001  0.000000000000000E+000 -0.103916621173855E+008
  0.100000000000000E+001  0.314573539853823E+006  0.249435488304333E+000  0.914031939354942E+000  0.241486765835608E+001 -0.252835155608048E+001 -0.958866012507537E+000 -0.343114445803011E+001  0.000000000000000E+000 -0.157286769926911E+006
  0.100000000000000E+001  0.116205473836142E+008  0.617782506882266E+000  0.849714657651967E+000  0.325596399335172E+001 -0.265337741557493E+001 -0.231462938091740E-001 -0.343114445803011E+001  0.000000000000000E+000 -0.581027369180711E+007
  0.100000000000000E+001  0.311220762002981E+006  0.283048135878288E+000  0.117100971589492E+001  0.205322262058592E+001 -0.140054691063030E+001 -0.396436770211906E+001 -0.343114445803011E+001  0.000000000000000E+000 -0.155610381001491E+006
  0.100000000000000E+001  0.117733597217971E+007  0.879628896564548E+000  0.859734562319126E+000  0.211875788993590E+001 -0.252101626588389E+001 -0.329517968557884E+000 -0.343114445803011E+001  0.000000000000000E+000 -0.588667986089853E+006
  0.100000000000000E+001  0.254438723667924E+008  0.792072298118417E+000  0.116666470776862E+001  0.265936004555396E+001 -0.258083759454023E+001 -0.384848410892091E+001 -0.343114445803011E+001  0.000000000000000E+000 -0.127219361833962E+008
  0.100000000000000E+001  0.118454168867845E+009  0.878047557234121E+000  0.118925895471642E+001  0.294409515838055E+001  0.838035653072754E+000 -0.457222372188642E+001 -0.343114445803011E+001  0.000000000000000E+000 -0.592270844339224E+008
  0.100000000000000E+001  0.235181080147891E+009  0.762824944090032E+000  0.990255040136800E+000  0.386252726875936E+001 -0.370820602836362E+001 -0.326550345978970E+001 -0.343114445803011E+001  0.000000000000000E+000 -0.117590540073945E+009
  0.100000000000000E+001  0.325841843241854E+005  0.296609720002541E+000  0.106363218201997E+001  0.278010738225308E+001 -0.703922822654103E+000  0.138131334635388E+000 -0.343114445803011E+001  0.000000000000000E+000 -0.162920921620927E+005
  0.100000000000000E+001  0.344008849899133E+007  0.220313757122150E+000  0.963402820777523E+000  0.387197917877197E+001  0.947334884588340E+000 -0.429729876361059E+001 -0.343114445803011E+001  0.000000000000000E+000 -0.172004424949566E+007
  0.100000000000000E+001  0.396864490197564E+008  0.564463582876656E+000  0.109416110310012E+001  0.352921199499557E+001  0.468068138527921E+000 -0.411379964998678E+001 -0.343114445803011E+001  0.000000000000000E+000 -0.198432245098782E+008
  0.100000000000000E+001  0.709428037425827E+006  0.803608998869716E+000  0.114594512164603E+001  0.348514886199003E+001  0.172508420890603E+000 -0.196391045101677E+000 -0.343114445803011E+001  0.000000000000000E+000 -0.354714018712914E+006
  0.100000000000000E+001  0.206396277491454E+008  0.649950125872164E+000  0.978291675475944E+000  0.325879862699359E+001  0.996512690509307E+000 -0.405085908135233E+001 -0.343114445803011E+001  0.000000000000000E+000 -0.103198138745727E+008
  0.100000000000000E+001  0.224305482931479E+007  0.513906088565991E+000  0.100870906970029E+001  0.300806512711767E+001 -0.592810810000412E+000  0.220338198451261E+000 -0.343114445803011E+001  0.000000000000000E+000 -0.112152741465739E+007
  0.100000000000000E+001  0.563563215898456E+006  0.286647091203741E+000  0.100449440949999E+001  0.164302131382086E+001 -0.434772053278385E+001 -0.243969693715502E+001 -0.343114445803011E+001  0.000000000000000E+000 -0.281781607949228E+006
  0.100000000000000E+001  0.651041710968676E+007  0.546768173554415E+000  0.118003395609613E+001  0.284069087642939E+001 -0.453465625145435E+001 -0.185123669023456E+001 -0.343114445803011E+001  0.000000000000000E+000 -0.325520855484338E+007
  0.100000000000000E+001  0.144519489772142E+008  0.415889140618604E+000  0.106162944802928E+001  0.367099968985678E+001 -0.452652953168071E+001 -0.118593903326340E+001 -0.343114445803011E+001  0.000000000000000E+000 -0.722597448860711E+007
  0.100000000000000E+001  0.523391416751743E+006  0.332726401724285E+000  0.809665488568466E+000  0.164756968870067E+001 -0.296586293832945E+001 -0.374609929565322E+001 -0.343114445803011E+001  0.000000000000000E+000 -0.261695708375872E+006
  0.100000000000000E+001  0.422464048410579E+008  0.813585945171540E+000  0.847944046058751E+000  0.337782762718575E+001 -0.380485710539818E+001 -0.309290066571689E+001 -0.343114445803011E+001  0.000000000000000E+000 -0.211232024205289E+008
  0.100000000000000E+001  0.151644565366254E+008  0.378549050201434E+000  0.118774601597174E+001  0.370905161557474E+001 -0.452935889906599E+001 -0.459656331291060E+001 -0.343114445803011E+001  0.000000000000000E+000 -0.758222826831268E+007
  0.100000000000000E+001  0.254811283630225E+007  0.652531003513199E+000  0.813418381738730E+000  0.272785166125032E+001 -0.435073726878910E+001 -0.430631934582198E+001 -0.343114445803011E+001  0.000000000000000E+000 -0.127405641815112E+007
  0.100000000000000E+001  0.188285380045078E+006  0.180529577091871E+000  0.902193008792649E+000  0.378938762674407E+001 -0.397107970834060E+001 -0.195176595421614E+001 -0.343114445803011E+001  0.000000000000000E+000 -0.941426900225389E+005
  0.100000000000000E+001  0.592533349805779E+006  0.273095420591947E+000  0.983007561286666E+000  0.165459472275255E+001 -0.438618887935526E+001 -0.876236389767365E+000 -0.343114445803011E+001  0.000000000000000E+000 -0.296266674902889E+006
  0.100000000000000E+001  0.750056502207207E+006  0.163428764614245E+000  0.897224879962490E+000  0.200686004572801E+001 -0.266264259269925E+001 -0.137364416951572E+001 -0.343114445803011E+001  0.000000000000000E+000 -0.375028251103604E+006
  0.100000000000000E+001  0.183147273420457E+006  0.243469514750703E+000  0.114771990921833E+001  0.255909748771787E+001 -0.235602479277565E+001 -0.794573613969929E+000 -0.343114445803011E+001  0.000000000000000E+000 -0.915736367102287E+005
  0.100000000000000E+001  0.190652149672553E+007  0.760499954253631E+000  0.847019583336413E+000  0.243318765453248E+001 -0.325501813143879E+001 -0.464670943903132E+001 -0.343114445803011E+001  0.000000000000000E+000 -0.953260748362763E+006
  0.100000000000000E+001  0.170364358062066E+009  0.666643639486132E+000  0.104225466778946E+001  0.386967707708554E+001 -0.210871166503980E+001 -0.413490646470948E+001 -0.343114445803011E+001  0.000000000000000E+000 -0.851821790310331E+008
  0.100000000000000E+001  0.372514341566269E+008  0.758856783625910E+000  0.118143235656408E+001  0.283080613391387E+001 -0.125402995185657E+001  0.273342087204144E+000 -0.343114445803011E+001  0.000000000000000E+000 -0.186257170783134E+008
  0.100000000000000E+001  0.577619247091081E+007  0.571801679681588E+000  0.106117110170068E+001  0.290071969502943E+001 -0.160678658568379E+001 -0.698244303174890E+000 -0.343114445803011E+001  0.000000000000000E+000 -0.288809623545540E+007
  0.100000000000000E+001  0.625896712425353E+005  0.449086587147765E+000  0.104115341535201E+001  0.202094341664609E+001  0.584502850676864E+000 -0.274712388649194E+001 -0.343114445803011E+001  0.000000000000000E+000 -0.312948356212677E+005
  0.100000000000000E+001  0.156379610337045E+006  0.337662077756224E+000  0.845784805790107E+000  0.236964668982304E+001 -0.494068014850453E+001 -0.462965331423008E+001 -0.343114445803011E+001  0.000000000000000E+000 -0.781898051685224E+005
  0.100000000000000E+001  0.115503640662346E+006  0.527263222519353E+000  0.101773551486458E+001  0.209704502349820E+001 -0.403542459967204E+001  0.164664517040510E+001 -0.343114445803011E+001  0.000000000000000E+000 -0.577518203311728E+005
  0.100000000000000E+001  0.760080264047420E+006  0.145914603039398E+000  0.107791714777024E+001  0.208568819476566E+001 -0.189871323520173E+001 -0.405158651948361E+000 -0.343114445803011E+001  0.000000000000000E+000 -0.380040132023710E+006
  0.100000000000000E+001  0.229500744959059E+008  0.647665664890287E+000  0.867513672006648E+000  0.342996073155626E+001 -0.131033040305692E+001 -0.249733028706831E+001 -0.343114445803011E+001  0.000000000000000E+000 -0.114750372479529E+008
  0.100000000000000E+001  0.231378439068992E+007  0.487504573345214E+000  0.946096198335711E+000  0.295852314702891E+001 -0.176840351486526E+001 -0.215398534673076E+001 -0.343114445803011E+001  0.000000000000000E+000 -0.115689219534496E+007
  0.100000000000000E+001  0.185434763670865E+007  0.557840888135598E+000  0.989795444443394E+000  0.267353119914691E+001 -0.427736218058624E+001 -0.121866085141638E+001 -0.343114445803011E+001  0.000000000000000E+000 -0.927173818354323E+006
  0.100000000000000E+001  0.396695464394221E+007  0.799781456568408E+000  0.965012179664452E+000  0.247447693531157E+001  0.584865569523568E+000 -0.274784696210869E+001 -0.343114445803011E+001  0.000000000000000E+000 -0.198347732197111E+007
  0.100000000000000E+001  0.144175607805880E+008  0.684886018385177E+000  0.108356784956861E+001  0.288156914553802E+001 -0.322547065769159E+001 -0.239343635439294E+000 -0.343114445803011E+001  0.000000000000000E+000 -0.720878039029400E+007
  0.100000000000000E+001  0.562780981535938E+005  0.391094679275611E+000  0.100288189260234E+001  0.255193618655178E+001 -0.768255777254319E+000 -0.217515759851288E+001 -0.343114445803011E+001  0.000000000000000E+000 -0.281390490767969E+005
  0.100000000000000E+001  0.929956709643876E+005  0.564539217976133E+000  0.865620094345031E+000  0.185455774823844E+001 -0.143028453741724E+001 -0.425802130996522E+001 -0.343114445803011E+001  0.000000000000000E+000 -0.464978354821938E+005
  0.100000000000000E+001  0.400848354418129E+006  0.593742958918321E+000  0.113974623418176E+001  0.206535361491237E+001 -0.349736453295340E+001 -0.253692048134840E+001 -0.343114445803011E+001  0.000000000000000E+000 -0.200424177209064E+006
  0.100000000000000E+001  0.145220352436983E+008  0.557884068100122E+000  0.119096601070258E+001  0.321900763449168E+001  0.847274476993888E+000 -0.258841999539405E+001 -0.343114445803011E+001  0.000000000000000E+000 -0.726101762184913E+007
  0.100000000000000E+001  0.945464183259264E+006  0.104409811015784E+000  0.107000517087140E+001  0.169018340841265E+001 -0.102127917516107E+001  0.503453392708717E+000 -0.343114445803011E+001  0.000000000000000E+000 -0.472732091629632E+006
  0.100000000000000E+001  0.245149506519524E+008  0.558448164240274E+000  0.117299746071014E+001  0.323942605096762E+001 -0.330286180254861E+001 -0.296149277179697E+001 -0.343114445803011E+001  0.000000000000000E+000 -0.122574753259762E+008
  0.100000000000000E+001  0.136658497800089E+007  0.285403799328735E+000  0.110478522744772E+001  0.346018368466903E+001 -0.263855532687813E+001 -0.652796477694166E+000 -0.343114445803011E+001  0.000000000000000E+000 -0.683292489000447E+006
  0.100000000000000E+001  0.116865921904476E+007  0.810095670141340E+000  0.929312945432352E+000  0.213271027422919E+001 -0.419378658760116E+001 -0.217427650693256E+001 -0.343114445803011E+001  0.000000000000000E+000 -0.584329609522380E+006
  0.100000000000000E+001  0.375543107349574E+006  0.253113079732848E+000  0.101866462752827E+001  0.217355966443138E+001 -0.237149557251817E+000 -0.424654853457564E+001 -0.343114445803011E+001  0.000000000000000E+000 -0.187771553674787E+006
  0.100000000000000E+001  0.800941283622045E+006  0.154892871998417E+000  0.118954772194855E+001  0.174686318783759E+001 -0.145064598088338E+000 -0.344889437714345E+001 -0.343114445803011E+001  0.000000000000000E+000 -0.400470641811023E+006
  0.100000000000000E+001  0.285531021950162E+008  0.762672658138142E+000  0.944493399462986E+000  0.317740623727623E+001 -0.336006810363953E+001 -0.544586940413912E+000 -0.343114445803011E+001  0.000000000000000E+000 -0.142765510975081E+008
  0.100000000000000E+001  0.454512541115866E+004  0.386451930113754E+000  0.862721409318288E+000  0.262225225100138E+001 -0.413322961803937E+000 -0.569238227238124E+000 -0.343114445803011E+001  0.000000000000000E+000 -0.227256270557933E+004
  0.100000000000000E+001  0.159933438660309E+008  0.750954678281917E+000  0.915817531016823E+000  0.304141886332552E+001 -0.189480363207612E+001 -0.383042813058942E+000 -0.343114445803011E+001  0.000000000000000E+000 -0.799667193301544E+007
  0.100000000000000E+001  0.523710327585801E+006  0.108430632546347E+000  0.959638202816698E+000  0.328908883143541E+001 -0.323183258010521E+001 -0.996315369629642E+000 -0.343114445803011E+001  0.000000000000000E+000 -0.261855163792901E+006
  0.100000000000000E+001  0.558515406481257E+008  0.668184094481281E+000  0.112837815961771E+001  0.329047419308253E+001 -0.345381246980702E+001 -0.242889616405314E+001 -0.343114445803011E+001  0.000000000000000E+000 -0.279257703240629E+008
  0.100000000000000E+001  0.500019249125545E+006  0.333231061921999E+000  0.103377282175292E+001  0.304524301535725E+001 -0.306301344280683E+001 -0.369760341229971E+001 -0.343114445803011E+001  0.000000000000000E+000 -0.250009624562773E+006
  0.100000000000000E+001  0.103278108167630E+008  0.561424918423041E+000  0.929110775808251E+000  0.322784358179757E+001  0.792315117608856E+000 -0.356661088473441E+001 -0.343114445803011E+001  0.000000000000000E+000 -0.516390540838150E+007
  0.100000000000000E+001  0.739510468080732E+007  0.604461376489947E+000  0.833402482250009E+000  0.313744475856299E+001 -0.386250208402585E+001  0.200926226346199E+000 -0.343114445803011E+001  0.000000000000000E+000 -0.369755234040366E+007
  0.100000000000000E+001  0.122386124916501E+006  0.182986328041629E+000  0.102795290246312E+001  0.371669350462250E+001 -0.144267658655718E+001 -0.392370136521684E+001 -0.343114445803011E+001  0.000000000000000E+000 -0.611930624582503E+005
  0.100000000000000E+001  0.807396936181907E+006  0.152337711737333E+000  0.800092920275844E+000  0.208644459314562E+001  0.337830752669880E+000 -0.388942548084509E+001 -0.343114445803011E+001  0.000000000000000E+000 -0.403698468090953E+006
  0.100000000000000E+001  0.160873974619197E+007  0.330997322596330E+000  0.103295451607518E+001  0.329249390026882E+001 -0.790794955626659E+000 -0.300908807770659E+001 -0.343114445803011E+001  0.000000000000000E+000 -0.804369873095985E+006
  0.100000000000000E+001  0.714193211125233E+006  0.404904637336834E+000  0.855228831019712E+000  0.307100505502856E+001  0.695714815057435E+000 -0.113083145480037E+001 -0.343114445803011E+001  0.000000000000000E+000 -0.357096605562616E+006
  0.100000000000000E+001  0.264020598523456E+006  0.275999780570524E+000  0.905754626499130E+000  0.238672059098362E+001  0.479372946282260E+000 -0.356082932370813E+001 -0.343114445803011E+001  0.000000000000000E+000 -0.132010299261728E+006
  0.100000000000000E+001  0.933267211034189E+007  0.487501927501043E+000  0.116532946153536E+001  0.316157156063870E+001 -0.222223169798132E+001 -0.267516508317687E+001 -0.343114445803011E+001  0.000000000000000E+000 -0.466633605517095E+007
  0.100000000000000E+001  0.537533304220057E+007  0.365194585270784E+000  0.967274470639751E+000  0.354221286862456E+001 -0.663243766322054E+000 -0.186158332837082E+001 -0.343114445803011E+001  0.000000000000000E+000 -0.268766652110029E+007
  0.100000000000000E+001  0.732270700520404E+007  0.729348229741992E+000  0.934696781245645E+000  0.303222386512506E+001 -0.421298948364121E+000  0.261640282346900E+000 -0.343114445803011E+001  0.000000000000000E+000 -0.366135350260202E+007
  0.100000000000000E+001  0.241185674456508E+009  0.644001681811560E+000  0.114156414662092E+001  0.385763827044464E+001 -0.391774549245461E+001 -0.398264651123572E+001 -0.343114445803011E+001  0.000000000000000E+000 -0.120592837228254E+009
  0.100000000000000E+001  0.968146995955068E+006  0.356507046707038E+000  0.895396108358406E+000  0.167696611774663E+001  0.416902143109759E+000 -0.713441650485384E+000 -0.343114445803011E+001  0.000000000000000E+000 -0.484073497977534E+006
  0.100000000000000E+001  0.497717630621332E+007  0.745195306976789E+000  0.968721825738911E+000  0.259668874643614E+001 -0.236213921716409E+001 -0.133613440058744E+001 -0.343114445803011E+001  0.000000000000000E+000 -0.248858815310666E+007
  0.100000000000000E+001  0.248547954114262E+007  0.652864965129570E+000  0.845546702550856E+000  0.269222869312607E+001 -0.360055649926763E+001 -0.324204255777955E+001 -0.343114445803011E+001  0.000000000000000E+000 -0.124273977057131E+007
  0.100000000000000E+001  0.230309227225994E+005  0.148513847334150E+000  0.892288756634165E+000  0.387751065089540E+001 -0.196019526256046E+001 -0.222724945011945E+001 -0.343114445803011E+001  0.000000000000000E+000 -0.115154613612997E+005
  0.100000000000000E+001  0.538709763735607E+007  0.484850578976041E+000  0.830442049691603E+000  0.329769154132868E+001 -0.483998470531481E+001 -0.269055905023226E+001 -0.343114445803011E+001  0.000000000000000E+000 -0.269354881867803E+007
  0.100000000000000E+001  0.145277921652599E+007  0.378310642049952E+000  0.112850848412692E+001  0.381465166803674E+001  0.236130961318809E+000 -0.783808219296297E+000 -0.343114445803011E+001  0.000000000000000E+000 -0.726389608262994E+006
  0.100000000000000E+001  0.221419090252533E+007  0.744906214229398E+000  0.806747158942498E+000  0.254704108726177E+001  0.499839441100621E+000 -0.493553258760288E+001 -0.343114445803011E+001  0.000000000000000E+000 -0.110709545126267E+007
  0.100000000000000E+001  0.180127724130818E+008  0.452325256631132E+000  0.110803277709476E+001  0.357816193631102E+001 -0.349181681927416E+001 -0.143761118750954E+001 -0.343114445803011E+001  0.000000000000000E+000 -0.900638620654089E+007
  0.100000000000000E+001  0.292490900435208E+006  0.857581249034383E+000  0.941408675700467E+000  0.173035908945141E+001 -0.475457064073480E+001 -0.405359070436045E+001 -0.343114445803011E+001  0.000000000000000E+000 -0.146245450217604E+006
  0.100000000000000E+001  0.866801916847778E+006  0.794137551087841E+000  0.935788476759542E+000  0.389293818852893E+001  0.671587032728208E+000 -0.710288970941407E+000 -0.343114445803011E+001  0.000000000000000E+000 -0.433400958423889E+006
  0.100000000000000E+001  0.929917418702437E+006  0.110145327992253E+000  0.116343648124174E+001  0.174209111815589E+001  0.996870030020838E+000 -0.392683630204635E+001 -0.343114445803011E+001  0.000000000000000E+000 -0.464958709351218E+006
  0.100000000000000E+001  0.289622537393172E+008  0.570462365090060E+000  0.105859306217401E+001  0.344915592067190E+001 -0.314689229262938E+001  0.284432593430507E+000 -0.343114445803011E+001  0.000000000000000E+000 -0.144811268696586E+008
  0.100000000000000E+001  0.275836101755728E+006  0.330237923662779E+000  0.101958170939784E+001  0.199192008077810E+001 -0.625510943227481E+000 -0.197536599256125E+001 -0.343114445803011E+001  0.000000000000000E+000 -0.137918050877864E+006
  0.100000000000000E+001  0.581630994889828E+007  0.381158297900070E+000  0.999256852579447E+000  0.347784290297447E+001 -0.211225758821726E+000 -0.191006593257536E+001 -0.343114445803011E+001  0.000000000000000E+000 -0.290815497444914E+007
  0.100000000000000E+001  0.453944726229128E+006  0.414741965480480E+000  0.116800114312968E+001  0.255916431420187E+001 -0.612213233091108E-002 -0.448334418064147E+001 -0.343114445803011E+001  0.000000000000000E+000 -0.226972363114564E+006
  0.100000000000000E+001  0.187965859333760E+007  0.814099205444691E+000  0.890799005119351E+000  0.229703003096083E+001 -0.384687802922322E+001 -0.211148116228050E+001 -0.343114445803011E+001  0.000000000000000E+000 -0.939829296668798E+006
  0.100000000000000E+001  0.326403941870608E+006  0.247727401532539E+000  0.981934660630322E+000  0.342775009395501E+001 -0.261681682342831E+001 -0.180432788304772E+001 -0.343114445803011E+001  0.000000000000000E+000 -0.163201970935304E+006
  0.100000000000000E+001  0.930374146801568E+006  0.106523189430753E+000  0.820531747599813E+000  0.165409507550678E+001 -0.132857490798986E+001 -0.115378783816830E+001 -0.343114445803011E+001  0.000000000000000E+000 -0.465187073400784E+006
  0.100000000000000E+001  0.403285272916474E+006  0.356673665530969E+000  0.104251390054885E+001  0.187934573530260E+001 -0.211251183118620E+000 -0.618371664328675E+000 -0.343114445803011E+001  0.000000000000000E+000 -0.201642636458237E+006
  0.100000000000000E+001  0.734823974469055E+005  0.292188721034062E+000  0.108412649616278E+001  0.273586294146791E+001 -0.447048974975688E+001 -0.461747501364159E+001 -0.343114445803011E+001  0.000000000000000E+000 -0.367411987234527E+005
  0.100000000000000E+001  0.418481030096760E+008  0.640869670234137E+000  0.919342792309607E+000  0.360760243821871E+001 -0.291127398325683E+001  0.109228385177498E+001 -0.343114445803011E+001  0.000000000000000E+000 -0.209240515048380E+008
  0.100000000000000E+001  0.519000353453698E+004  0.281802499730389E+000  0.873498604549346E+000  0.297608435906238E+001 -0.113669093358446E+001  0.804655422394038E-001 -0.343114445803011E+001  0.000000000000000E+000 -0.259500176726849E+004
  0.100000000000000E+001  0.119764844775977E+006  0.466674794399293E+000  0.100579105362793E+001  0.192433794389207E+001 -0.415988702769787E+001 -0.194522724476448E+001 -0.343114445803011E+001  0.000000000000000E+000 -0.598824223879884E+005
  0.100000000000000E+001  0.668115004569760E+006  0.243349981513253E+000  0.984927654383148E+000  0.162027917841140E+001 -0.187659966171949E+001 -0.185382566802619E+001 -0.343114445803011E+001  0.000000000000000E+000 -0.334057502284880E+006
  0.100000000000000E+001  0.912963152880782E+008  0.872298541692993E+000  0.961928315755270E+000  0.335384864298180E+001 -0.464478326965585E+001  0.286115347603423E+000 -0.343114445803011E+001  0.000000000000000E+000 -0.456481576440391E+008
  0.100000000000000E+001  0.123523121877474E+006  0.631869117497639E+000  0.111084784727304E+001  0.176431656760610E+001 -0.302984418252926E+001 -0.410534866249553E+001 -0.343114445803011E+001  0.000000000000000E+000 -0.617615609387369E+005
  0.100000000000000E+001  0.527908204085498E+006  0.526998210021257E+000  0.998510653107362E+000  0.244499455404950E+001 -0.239931322270161E+001 -0.224826112975658E+001 -0.343114445803011E+001  0.000000000000000E+000 -0.263954102042749E+006
  0.100000000000000E+001  0.140546952820955E+006  0.389233316644309E+000  0.111698114567645E+001  0.200297360313203E+001 -0.285898509692391E+001 -0.488921606169168E+001 -0.343114445803011E+001  0.000000000000000E+000 -0.702734764104777E+005
  0.100000000000000E+001  0.297618084728175E+007  0.871438179598332E+000  0.908354268337128E+000  0.231871617018718E+001 -0.338374760944532E+001  0.124328000207109E+001 -0.343114445803011E+001  0.000000000000000E+000 -0.148809042364088E+007
  0.100000000000000E+001  0.870101493643725E+005  0.535407575593524E+000  0.100785783275411E+001  0.194723660434535E+001 -0.405951523090361E+001  0.139896184780300E+000 -0.343114445803011E+001  0.000000000000000E+000 -0.435050746821863E+005
  0.100000000000000E+001  0.530598151842258E+005  0.475833940573411E+000  0.100756301063624E+001  0.189915574878657E+001  0.283673312534315E+000 -0.401196225875057E+001 -0.343114445803011E+001  0.000000000000000E+000 -0.265299075921129E+005
  0.100000000000000E+001  0.233656485923946E+008  0.491508653224457E+000  0.814403304889452E+000  0.381759960721265E+001 -0.436649007040806E+001 -0.185129457480504E+001 -0.343114445803011E+001  0.000000000000000E+000 -0.116828242961973E+008
  0.100000000000000E+001  0.727871153116854E+005  0.440557527297955E+000  0.868758598531588E+000  0.239455014506388E+001 -0.252775000069163E+001  0.100248346610275E+001 -0.343114445803011E+001  0.000000000000000E+000 -0.363935576558427E+005
  0.100000000000000E+001  0.782741854872819E+005  0.482447569763110E+000  0.102671314048081E+001  0.199712265440099E+001 -0.249955454997999E+001 -0.355792842265300E+001 -0.343114445803011E+001  0.000000000000000E+000 -0.391370927436410E+005
  0.100000000000000E+001  0.115280441081329E+010  0.872574946874802E+000  0.118704481262761E+001  0.387210956288367E+001 -0.374962895940125E+001 -0.161173605051729E+001 -0.343114445803011E+001  0.000000000000000E+000 -0.576402205406647E+009
  0.100000000000000E+001  0.144268198786658E+007  0.227836277331004E+000  0.978409069638695E+000  0.384987918210959E+001 -0.442587849866471E+001  0.101865195958347E+001 -0.343114445803011E+001  0.000000000000000E+000 -0.721340993933291E+006
  0.100000000000000E+001  0.100546242604803E+006  0.761154398632337E+000  0.844399890967694E+000  0.164818854671595E+001 -0.407919113259052E+001 -0.280748517201868E+001 -0.343114445803011E+001  0.000000000000000E+000 -0.502731213024014E+005
  0.100000000000000E+001  0.312074391773967E+006  0.341856944443630E+000  0.864412551476936E+000  0.200454822058953E+001 -0.207746404017851E+001 -0.117560383059191E+001 -0.343114445803011E+001  0.000000000000000E+000 -0.156037195886984E+006
  0.100000000000000E+001  0.414311187356220E+009  0.800949514955433E+000  0.119880927279638E+001  0.356038297310183E+001 -0.612346550668876E-001 -0.402924123047088E+001 -0.343114445803011E+001  0.000000000000000E+000 -0.207155593678110E+009
  0.100000000000000E+001  0.529035224788653E+006  0.263474884004153E+000  0.810295736029414E+000  0.208355341366776E+001 -0.291318808880707E+000 -0.141037965295572E+001 -0.343114445803011E+001  0.000000000000000E+000 -0.264517612394327E+006
  0.100000000000000E+001  0.746105609541691E+006  0.168978433093231E+000  0.116957205488724E+001  0.183066120708488E+001 -0.374236719981233E+001 -0.313445350696862E+001 -0.343114445803011E+001  0.000000000000000E+000 -0.373052804770846E+006
  0.100000000000000E+001  0.102124024223611E+006  0.252053938441984E+000  0.805594785448811E+000  0.333533929984594E+001  0.166890863181523E+000 -0.254553651184779E+001 -0.343114445803011E+001  0.000000000000000E+000 -0.510620121118053E+005
  0.100000000000000E+001  0.863267746479218E+006  0.351577903494642E+000  0.832282356082820E+000  0.319729806136286E+001 -0.318674012520166E+001 -0.219620249970339E+001 -0.343114445803011E+001  0.000000000000000E+000 -0.431633873239609E+006
  0.100000000000000E+001  0.103911524837689E+008  0.563370928990902E+000  0.111000730638322E+001  0.304106276622866E+001 -0.451454820740991E+001 -0.372210055604407E+001 -0.343114445803011E+001  0.000000000000000E+000 -0.519557624188445E+007
  0.100000000000000E+001  0.974889297361169E+007  0.758877624357642E+000  0.934474281313929E+000  0.284543532099408E+001 -0.281180348010858E+000 -0.175784234329163E+001 -0.343114445803011E+001  0.000000000000000E+000 -0.487444648680585E+007
  0.100000000000000E+001  0.906371329471451E+006  0.236913568782003E+000  0.111028701933461E+001  0.363835781473214E+001 -0.275966801250120E+001 -0.198549082026965E+001 -0.343114445803011E+001  0.000000000000000E+000 -0.453185664735726E+006
  0.100000000000000E+001  0.279237366534955E+007  0.290067878272296E+000  0.989324241392387E+000  0.380777901607780E+001 -0.775796425469624E+000  0.222645731549904E+000 -0.343114445803011E+001  0.000000000000000E+000 -0.139618683267477E+007
  0.100000000000000E+001  0.775669769008928E+006  0.178162726368136E+000  0.952678046668130E+000  0.172175002708539E+001 -0.488273792683476E+001 -0.189970645391404E+001 -0.343114445803011E+001  0.000000000000000E+000 -0.387834884504464E+006
  0.100000000000000E+001  0.150147062125481E+009  0.872867215098938E+000  0.111648245311311E+001  0.319914357102381E+001 -0.300504067518942E+001  0.187255386567882E+001 -0.343114445803011E+001  0.000000000000000E+000 -0.750735310627406E+008
  0.100000000000000E+001  0.105309830151442E+007  0.233541317560417E+000  0.106792423706463E+001  0.370911042399163E+001 -0.259699384478705E+001 -0.480019312686882E+001 -0.343114445803011E+001  0.000000000000000E+000 -0.526549150757210E+006
  0.100000000000000E+001  0.877513194045688E+006  0.422639883718274E+000  0.106943724502496E+001  0.280668910549247E+001 -0.305666128243737E+001  0.919248325436424E+000 -0.343114445803011E+001  0.000000000000000E+000 -0.438756597022844E+006
  0.100000000000000E+001  0.309275091639937E+008  0.480068417188146E+000  0.973162743806178E+000  0.384176581058378E+001 -0.391478170347591E+000 -0.174427909538785E+001 -0.343114445803011E+001  0.000000000000000E+000 -0.154637545819969E+008
  0.100000000000000E+001  0.204338485298451E+007  0.853489063597276E+000  0.109196154927232E+001  0.197585426588834E+001  0.125184550261240E+000 -0.320890544103316E+001 -0.343114445803011E+001  0.000000000000000E+000 -0.102169242649226E+007
  0.100000000000000E+001  0.997184039704212E+008  0.547172298763084E+000  0.111815325258187E+001  0.390005884830603E+001  0.639072194421512E+000 -0.453274345349320E+001 -0.343114445803011E+001  0.000000000000000E+000 -0.498592019852106E+008
  0.100000000000000E+001  0.286892724699354E+006  0.134351928581795E+000  0.999238140955037E+000  0.338652808429077E+001 -0.342580451944696E+001 -0.292001795564731E-001 -0.343114445803011E+001  0.000000000000000E+000 -0.143446362349677E+006
  0.100000000000000E+001  0.430032821981623E+008  0.793478779468100E+000  0.982375934458906E+000  0.319534136392436E+001 -0.485245993452289E+001 -0.376339352859537E+001 -0.343114445803011E+001  0.000000000000000E+000 -0.215016410990812E+008
  0.100000000000000E+001  0.227160006503108E+008  0.668245477330828E+000  0.964289791271979E+000  0.325694813183629E+001 -0.406715506668031E+001 -0.246111664337847E+001 -0.343114445803011E+001  0.000000000000000E+000 -0.113580003251554E+008
  0.100000000000000E+001  0.214067614255472E+007  0.857531215153149E+000  0.828901803506581E+000  0.234369320124151E+001 -0.261096616714020E+001 -0.383062060543467E+001 -0.343114445803011E+001  0.000000000000000E+000 -0.107033807127736E+007
  0.100000000000000E+001  0.164232593267244E+006  0.435136217450014E+000  0.106911351118422E+001  0.184302485612321E+001 -0.399219839601299E+001 -0.143155736884821E+001 -0.343114445803011E+001  0.000000000000000E+000 -0.821162966336220E+005
  0.100000000000000E+001  0.515304051884386E+006  0.633646010752816E+000  0.109354548300991E+001  0.208543302289738E+001 -0.186065477321226E+001 -0.157727284445638E+001 -0.343114445803011E+001  0.000000000000000E+000 -0.257652025942193E+006
  0.100000000000000E+001  0.236307582361673E+008  0.660798633467568E+000  0.975643021924111E+000  0.327071918004282E+001 -0.438237792992592E+001 -0.289069434590536E+001 -0.343114445803011E+001  0.000000000000000E+000 -0.118153791180837E+008
  0.100000000000000E+001  0.181558669128840E+006  0.350399086033346E+000  0.942240866248038E+000  0.216041063285231E+001 -0.154077109229597E+001 -0.430003819567131E+001 -0.343114445803011E+001  0.000000000000000E+000 -0.907793345644200E+005
  0.100000000000000E+001  0.232847699888502E+009  0.867122930499440E+000  0.105244963859723E+001  0.351465111962672E+001 -0.375961322423579E+001 -0.576844380704165E+000 -0.343114445803011E+001  0.000000000000000E+000 -0.116423849944251E+009
  0.100000000000000E+001  0.443380371642475E+008  0.794270427443607E+000  0.860410188437892E+000  0.340911309278417E+001 -0.484689522897993E+001  0.121523147899801E+001 -0.343114445803011E+001  0.000000000000000E+000 -0.221690185821238E+008
  0.100000000000000E+001  0.298866777267086E+009  0.656761815301892E+000  0.114728104535959E+001  0.389187367985643E+001 -0.435913640567267E+001 -0.172593397277512E+001 -0.343114445803011E+001  0.000000000000000E+000 -0.149433388633543E+009
  0.100000000000000E+001  0.305208414283245E+006  0.307875284481365E+000  0.118715633393234E+001  0.189840834628107E+001 -0.793457142251839E+000 -0.401796732817171E+001 -0.343114445803011E+001  0.000000000000000E+000 -0.152604207141622E+006
  0.100000000000000E+001  0.266658971095756E+006  0.268451618052193E+000  0.834163071378523E+000  0.292565892491672E+001  0.740097551239067E-001 -0.977836591822764E+000 -0.343114445803011E+001  0.000000000000000E+000 -0.133329485547878E+006
  0.100000000000000E+001  0.187021585127563E+006  0.754034199588115E+000  0.921995719121947E+000  0.182048461343693E+001 -0.324844956683775E+001 -0.482674918751385E+001 -0.343114445803011E+001  0.000000000000000E+000 -0.935107925637817E+005
  0.100000000000000E+001  0.164076327469945E+009  0.800921317900492E+000  0.102406410386299E+001  0.357896934647939E+001 -0.287412776618923E+001 -0.390295271005389E+001 -0.343114445803011E+001  0.000000000000000E+000 -0.820381637349726E+008
  0.100000000000000E+001  0.392630025570428E+006  0.321404868751318E+000  0.110888202971465E+001  0.224504819685624E+001  0.388020942263504E+000 -0.144592757497737E+001 -0.343114445803011E+001  0.000000000000000E+000 -0.196315012785214E+006
  0.100000000000000E+001  0.332940920994253E+009  0.881050869387523E+000  0.113097350839846E+001  0.345091744387880E+001 -0.152593569045185E+001 -0.328515969852886E+001 -0.343114445803011E+001  0.000000000000000E+000 -0.166470460497126E+009
  0.100000000000000E+001  0.796180227682055E+006  0.111185427903911E+000  0.979612818152628E+000  0.255745999397900E+001  0.406288981676644E+000 -0.418050282938571E+001 -0.343114445803011E+001  0.000000000000000E+000 -0.398090113841027E+006
  0.100000000000000E+001  0.166719890423875E+007  0.810501846047845E+000  0.805436929905795E+000  0.236670413354216E+001 -0.317477350206609E+001 -0.165087795049570E+001 -0.343114445803011E+001  0.000000000000000E+000 -0.833599452119374E+006
  0.100000000000000E+001  0.959765436607343E+007  0.362671763520116E+000  0.102201968569220E+001  0.376465216326686E+001  0.571023943980158E+000 -0.223326934708354E+001 -0.343114445803011E+001  0.000000000000000E+000 -0.479882718303671E+007
  0.100000000000000E+001  0.110720825487142E+006  0.173994232746290E+000  0.871432791264384E+000  0.329187884771074E+001 -0.146008823724640E+001 -0.191767538154026E+001 -0.343114445803011E+001  0.000000000000000E+000 -0.553604127435711E+005
  0.100000000000000E+001  0.222642798326169E+008  0.479915727663746E+000  0.999637702619121E+000  0.368881140480451E+001 -0.247522841536911E+001  0.102138387724786E+000 -0.343114445803011E+001  0.000000000000000E+000 -0.111321399163085E+008
  0.100000000000000E+001  0.251296566946225E+005  0.439797073505134E+000  0.117999071469078E+001  0.197228425866686E+001  0.556559275963532E+000 -0.374931071632808E+001 -0.343114445803011E+001  0.000000000000000E+000 -0.125648283473112E+005
  0.100000000000000E+001  0.162003289119913E+006  0.649741561610539E+000  0.100051295384731E+001  0.191444068181657E+001 -0.263687732880695E+001 -0.353248966036118E+000 -0.343114445803011E+001  0.000000000000000E+000 -0.810016445599564E+005
  0.100000000000000E+001  0.245793989928187E+008  0.768800333482476E+000  0.865358005231212E+000  0.323124812646588E+001 -0.150197780668620E+001 -0.480154096040251E+001 -0.343114445803011E+001  0.000000000000000E+000 -0.122896994964094E+008
  0.100000000000000E+001  0.112824627907990E+007  0.355955532324645E+000  0.991937946749450E+000  0.315433165044942E+001 -0.115463117457248E+001 -0.439273036133269E+001 -0.343114445803011E+001  0.000000000000000E+000 -0.564123139539952E+006
  0.100000000000000E+001  0.140364465652071E+007  0.596561324601455E+000  0.109629380658975E+001  0.239478852842607E+001 -0.278638569678983E+001 -0.348844174442426E+001 -0.343114445803011E+001  0.000000000000000E+000 -0.701822328260355E+006
  0.100000000000000E+001  0.530157152210402E+006  0.236970309138705E+000  0.106880951140886E+001  0.353695614534724E+001 -0.391610929560312E+001 -0.273361767605536E+001 -0.343114445803011E+001  0.000000000000000E+000 -0.265078576105201E+006
  0.100000000000000E+001  0.227121120989659E+007  0.708431319754681E+000  0.103592203605018E+001  0.235025490021917E+001 -0.406079808132852E+001  0.133304598537097E+001 -0.343114445803011E+001  0.000000000000000E+000 -0.113560560494829E+007
  0.100000000000000E+001  0.117157264861296E+006  0.599335258305925E+000  0.113094183532182E+001  0.218325106044579E+001  0.237508082921636E+000 -0.102552900083579E+001 -0.343114445803011E+001  0.000000000000000E+000 -0.585786324306482E+005
  0.100000000000000E+001  0.151987493739057E+008  0.853965095538494E+000  0.978465001073473E+000  0.275168111479235E+001  0.246542914068456E+000 -0.305406297358386E+001 -0.343114445803011E+001  0.000000000000000E+000 -0.759937468695285E+007
  0.100000000000000E+001  0.130029644607481E+006  0.355794046292227E+000  0.118339707877928E+001  0.256796678830638E+001 -0.476621859493106E+001 -0.138029828929174E+001 -0.343114445803011E+001  0.000000000000000E+000 -0.650148223037404E+005
  0.100000000000000E+001  0.783717436854512E+007  0.656800008425534E+000  0.875995516795068E+000  0.301331649335035E+001 -0.480742375117881E+001  0.793609662555938E+000 -0.343114445803011E+001  0.000000000000000E+000 -0.391858718427256E+007
  0.100000000000000E+001  0.309499202343747E+007  0.265480064725651E+000  0.836749583587219E+000  0.387809971602424E+001 -0.412197633987460E+001 -0.420793371724755E+001 -0.343114445803011E+001  0.000000000000000E+000 -0.154749601171873E+007
  0.100000000000000E+001  0.569309249075275E+006  0.209667054761214E+000  0.119917317131595E+001  0.199183358329689E+001 -0.220030193644305E+001 -0.821418637599184E+000 -0.343114445803011E+001  0.000000000000000E+000 -0.284654624537637E+006
  0.100000000000000E+001  0.975785506596024E+005  0.353155187071998E+000  0.982296826698143E+000  0.264090387973249E+001 -0.457967268062002E+001 -0.146282014391099E+001 -0.343114445803011E+001  0.000000000000000E+000 -0.487892753298012E+005
  0.100000000000000E+001  0.113966684303392E+006  0.598875552444502E+000  0.988811974804620E+000  0.210216472976722E+001 -0.676565336342321E+000 -0.830582667824231E-002 -0.343114445803011E+001  0.000000000000000E+000 -0.569833421516960E+005
  0.100000000000000E+001  0.371145978635214E+007  0.633593330783057E+000  0.116023697083272E+001  0.247230777951063E+001 -0.391101069894676E+001 -0.199447001224490E+001 -0.343114445803011E+001  0.000000000000000E+000 -0.185572989317607E+007
  0.100000000000000E+001  0.155451536403911E+009  0.697717255066821E+000  0.112407781207758E+001  0.358561811493426E+001 -0.443923964817995E+001 -0.234435333940245E+001 -0.343114445803011E+001  0.000000000000000E+000 -0.777257682019556E+008
  0.100000000000000E+001  0.736922048134362E+009  0.860936427554679E+000  0.110981406139469E+001  0.386367904828010E+001 -0.125776586115512E+001 -0.191325695519740E+001 -0.343114445803011E+001  0.000000000000000E+000 -0.368461024067181E+009
  0.100000000000000E+001  0.562987722364883E+005  0.258565633349328E+000  0.886417173298100E+000  0.291167096223982E+001 -0.225328961790584E+001 -0.136612112018647E+001 -0.343114445803011E+001  0.000000000000000E+000 -0.281493861182441E+005
  0.100000000000000E+001  0.273054878496847E+007  0.684451922038116E+000  0.119811041300908E+001  0.220650544695328E+001 -0.215261186905144E+001  0.882543792924054E+000 -0.343114445803011E+001  0.000000000000000E+000 -0.136527439248424E+007
  0.100000000000000E+001  0.276205263858626E+006  0.173856545465145E+000  0.107393198612322E+001  0.341742677714761E+001 -0.138181144093315E+000 -0.748295495553413E+000 -0.343114445803011E+001  0.000000000000000E+000 -0.138102631929313E+006
  0.100000000000000E+001  0.260151044945307E+006  0.256378207819119E+000  0.101482401567885E+001  0.331724068355337E+001 -0.323648374619073E+001 -0.133303329376722E+001 -0.343114445803011E+001  0.000000000000000E+000 -0.130075522472654E+006
  0.100000000000000E+001  0.377542479447075E+006  0.269490899486109E+000  0.819043960645107E+000  0.223187951889864E+001 -0.212078945555239E+001 -0.493150249909566E+001 -0.343114445803011E+001  0.000000000000000E+000 -0.188771239723537E+006
  0.100000000000000E+001  0.507196544554385E+007  0.876879960987600E+000  0.999765290703203E+000  0.232985774422390E+001 -0.353555695813559E+001 -0.228412931293868E+000 -0.343114445803011E+001  0.000000000000000E+000 -0.253598272277192E+007
