  0.157995736102039E-315  0.147615791256142E+004  0.265651702630206E+000  0.103262239139829E+001  0.311910658225584E+001  0.259442938491740E+000  0.122281589212742E+001 -0.738078956280708E+003
  0.671582457556515E-311  0.145478155096779E+004  0.258737443128869E+000  0.891499966762096E+000  0.319911755886858E+001  0.227984038615385E+000  0.122281589212742E+001 -0.727390775483895E+003
  0.594437569901502E-309  0.144575370949178E+004  0.252833632141402E+000  0.106902686615261E+001  0.309742576665477E+001  0.199799511597464E+000  0.122281589212742E+001 -0.722876854745892E+003
  0.144526412127804E-305  0.143009979227869E+004  0.232165253945447E+000  0.970145484027565E+000  0.332231241565445E+001  0.283406706771805E+000  0.122281589212742E+001 -0.715049896139343E+003
  0.734008189995158E-289  0.135310541015986E+004  0.218502099946132E+000  0.989760107404467E+000  0.342127168261820E+001  0.282070901751908E+000  0.122281589212742E+001 -0.676552705079929E+003
  0.324921652898478E-288  0.135006856885918E+004  0.258148966342448E+000  0.106687132011832E+001  0.308033677419619E+001  0.228390541991630E+000  0.122281589212742E+001 -0.675034284429589E+003
  0.648125027077978E-285  0.133481051591288E+004  0.225538248322102E+000  0.101299585956139E+001  0.324237317843776E+001  0.212478001179282E-001  0.122281589212742E+001 -0.667405257956441E+003
  0.508631620335222E-284  0.133062852160633E+004  0.283245833561306E+000  0.983058194387576E+000  0.302719393159337E+001  0.264490629119725E+000  0.122281589212742E+001 -0.665314260803163E+003
  0.178683257467368E-269  0.126358164408983E+004  0.237299433829342E+000  0.102887998125987E+001  0.316081257336410E+001  0.706754088638869E-001  0.122281589212742E+001 -0.631790822044914E+003
  0.388204153927783E-268  0.125736309729829E+004  0.256267112997719E+000  0.110247863189879E+001  0.316446113182463E+001  0.385509457173205E+000  0.122281589212742E+001 -0.628681548649143E+003
  0.202423335407049E-266  0.124939355390274E+004  0.257165797140980E+000  0.988788668020345E+000  0.321579418668333E+001  0.304999541040357E+000  0.122281589212742E+001 -0.624696776951369E+003
  0.148083211801172E-255  0.119930031227277E+004  0.230698990243640E+000  0.944480100986717E+000  0.335182080235657E+001  0.211328913161540E+000  0.122281589212742E+001 -0.599650156136383E+003
  0.178443080597478E-247  0.116202441683453E+004  0.267127500354957E+000  0.982432581891088E+000  0.312715084972200E+001  0.333900567331478E+000  0.122281589212742E+001 -0.581012208417266E+003
  0.130087069658678E-231  0.108891228190398E+004  0.278657998873665E+000  0.101805799363843E+001  0.303300153400490E+001  0.284852916004961E+000  0.122281589212742E+001 -0.544456140951990E+003
  0.458314518247450E-230  0.108172686504741E+004  0.280299792184531E+000  0.997169675074043E+000  0.303198351962709E+001  0.259749936363839E+000  0.122281589212742E+001 -0.540863432523703E+003
  0.561436072313781E-229  0.107665426705092E+004  0.253584952235622E+000  0.891854767305955E+000  0.315204624911689E+001  0.792808561210928E-001  0.122281589212742E+001 -0.538327133525462E+003
  0.697473564886074E-229  0.107615879033939E+004  0.263621285459050E+000  0.946485402568833E+000  0.314343579737162E+001  0.266196368962465E+000  0.122281589212742E+001 -0.538079395169697E+003
  0.472979735923004E-205  0.966349986692743E+003  0.257166000523939E+000  0.934151969211004E+000  0.319267920401094E+001  0.199003319385075E+000  0.122281589212742E+001 -0.483174993346372E+003
  0.234263455143918E-197  0.930852294262018E+003  0.263905881136492E+000  0.946061231957655E+000  0.307081350886137E+001  0.125425099187919E-003  0.122281589212742E+001 -0.465426147131009E+003
  0.247210677987356E-196  0.926077991635346E+003  0.250574295439176E+000  0.101650836206853E+001  0.306046301651731E+001  0.714482145258612E-004  0.122281589212742E+001 -0.463038995817673E+003
  0.487242088896559E-196  0.924659407954747E+003  0.244117326832848E+000  0.106248283836041E+001  0.321697456613419E+001  0.255651628057265E+000  0.122281589212742E+001 -0.462329703977374E+003
  0.380065641026601E-195  0.920489528700783E+003  0.256161598094161E+000  0.105861604937353E+001  0.302619831512495E+001  0.175877565710391E-001  0.122281589212742E+001 -0.460244764350392E+003
  0.428652946259419E-193  0.910977037749273E+003  0.271651485032924E+000  0.103043259403342E+001  0.305775337039006E+001  0.282608665153059E+000  0.122281589212742E+001 -0.455488518874637E+003
  0.314883721253917E-189  0.893111702041279E+003  0.262276675407148E+000  0.887377578204286E+000  0.308655344847942E+001  0.150013211341652E-001  0.122281589212742E+001 -0.446555851020639E+003
  0.723292596080583E-189  0.891386937912551E+003  0.239475878134642E+000  0.102900787316247E+001  0.319930156013811E+001  0.106638183334352E+000  0.122281589212742E+001 -0.445693468956276E+003
  0.398931742426740E-181  0.855674080121022E+003  0.250143031891010E+000  0.996244831816724E+000  0.307631250810538E+001  0.117722002900536E-001  0.122281589212742E+001 -0.427837040060511E+003
  0.177826527395940E-180  0.852623330259180E+003  0.270920066404486E+000  0.102855619754846E+001  0.302592675120124E+001  0.137746171379086E+000  0.122281589212742E+001 -0.426311665129590E+003
  0.123231093802254E-170  0.807243579293744E+003  0.258786483223245E+000  0.104563506801157E+001  0.319688895867314E+001  0.389327915125535E+000  0.122281589212742E+001 -0.403621789646872E+003
  0.763708415465338E-152  0.720640723314318E+003  0.259910056161588E+000  0.104694652815618E+001  0.302422430722639E+001  0.353642945330598E-001  0.122281589212742E+001 -0.360320361657159E+003
  0.108581345782046E-148  0.706059872129802E+003  0.241212147383170E+000  0.103485339217077E+001  0.318176393577508E+001  0.110358145324798E+000  0.122281589212742E+001 -0.353029936064901E+003
  0.522775291597985E-147  0.698249854434123E+003  0.231380292736165E+000  0.105299025951030E+001  0.332515453672521E+001  0.321303507057866E+000  0.122281589212742E+001 -0.349124927217062E+003
  0.109002214688946E-145  0.692113537782196E+003  0.259425113305741E+000  0.987143870858916E+000  0.312574215140992E+001  0.140438584388494E+000  0.122281589212742E+001 -0.346056768891098E+003
  0.397706706958042E-145  0.689463301232529E+003  0.242505845877248E+000  0.961835589059364E+000  0.317021671750580E+001  0.734227675504774E-001  0.122281589212742E+001 -0.344731650616265E+003
  0.126467878941367E-141  0.673272530095093E+003  0.227128561033092E+000  0.997810276976223E+000  0.341621190024348E+001  0.399480109053555E+000  0.122281589212742E+001 -0.336636265047546E+003
  0.943478838219024E-137  0.650771134871758E+003  0.233588693885726E+000  0.100848048165411E+001  0.322679735694431E+001  0.808632566675641E-001  0.122281589212742E+001 -0.325385567435879E+003
  0.215713427787891E-134  0.639845327260326E+003  0.274982142286824E+000  0.990253789550020E+000  0.298054658408909E+001  0.228123897187630E-001  0.122281589212742E+001 -0.319922663630163E+003
  0.885793366575601E-132  0.627748377772552E+003  0.247003140638909E+000  0.102393931456758E+001  0.326483309010135E+001  0.342102769814041E+000  0.122281589212742E+001 -0.313874188886276E+003
  0.106486626033365E-130  0.622713422688689E+003  0.235204782801262E+000  0.102438611800513E+001  0.325465317153102E+001  0.218950534791295E+000  0.122281589212742E+001 -0.311356711344344E+003
  0.168388293831436E-130  0.621735373000927E+003  0.276698300570382E+000  0.951627542957634E+000  0.299365416030138E+001  0.289678852971356E-001  0.122281589212742E+001 -0.310867686500463E+003
  0.942030928393967E-123  0.585994107338875E+003  0.246768304552364E+000  0.922647474363678E+000  0.317580916526108E+001  0.779261508388932E-001  0.122281589212742E+001 -0.292997053669438E+003
  0.998133179239921E-123  0.585816866807916E+003  0.267214544741197E+000  0.932201622959504E+000  0.303129669511419E+001  0.225170923840852E-001  0.122281589212742E+001 -0.292908433403958E+003
  0.239900737885528E-120  0.574791135868408E+003  0.259534525553059E+000  0.968184756328813E+000  0.322326848314440E+001  0.383157517754296E+000  0.122281589212742E+001 -0.287395567934204E+003
  0.164050748178621E-118  0.566279351030247E+003  0.259150965251975E+000  0.948165897770122E+000  0.318662985939108E+001  0.249988142197552E+000  0.122281589212742E+001 -0.283139675515124E+003
  0.263353408604423E-117  0.560665995388880E+003  0.255480650695766E+000  0.105583139140333E+001  0.311822182625255E+001  0.207124513102192E+000  0.122281589212742E+001 -0.280332997694440E+003
  0.748252650940779E-116  0.553910794284584E+003  0.251747017281168E+000  0.104388971375483E+001  0.308659027818794E+001  0.804592127687082E-001  0.122281589212742E+001 -0.276955397142292E+003
  0.670678829828833E-114  0.544857811217807E+003  0.255323861383789E+000  0.104247610169899E+001  0.306112344136991E+001  0.695812191410120E-001  0.122281589212742E+001 -0.272428905608903E+003
  0.478656168803641E-109  0.522445032668701E+003  0.245835835516098E+000  0.103354845259418E+001  0.321271891859718E+001  0.298083384940787E+000  0.122281589212742E+001 -0.261222516334350E+003
  0.133341754964344E-107  0.515729283200497E+003  0.271029331945808E+000  0.100895926748286E+001  0.301218420968719E+001  0.116998648029669E+000  0.122281589212742E+001 -0.257864641600249E+003
  0.228489703254715E-103  0.496169907682614E+003  0.243066005964972E+000  0.105789331590190E+001  0.325642312170392E+001  0.386935203375826E+000  0.122281589212742E+001 -0.248084953841307E+003
  0.738094473551088E-103  0.493763203000535E+003  0.242893244650197E+000  0.985125908065101E+000  0.332096306812699E+001  0.373487719965880E+000  0.122281589212742E+001 -0.246881601500267E+003
  0.103325369762087E-101  0.488423697091878E+003  0.263421456009771E+000  0.965657606474808E+000  0.316468164589982E+001  0.295529274962388E+000  0.122281589212742E+001 -0.244211848545939E+003
  0.214363710122227E-099  0.477692230975853E+003  0.236906559771008E+000  0.945684630889994E+000  0.322434234656384E+001  0.538269900244771E-001  0.122281589212742E+001 -0.238846115487926E+003
  0.385301681357475E-099  0.476457982732511E+003  0.260937594097911E+000  0.996523611627105E+000  0.319316302182442E+001  0.351756031182253E+000  0.122281589212742E+001 -0.238228991366256E+003
  0.379420159201818E-095  0.458006523520961E+003  0.252973956799784E+000  0.970014068044174E+000  0.326667903095600E+001  0.394663885582741E+000  0.122281589212742E+001 -0.229003261760480E+003
  0.430475952759118E-089  0.430061464541845E+003  0.261680856258463E+000  0.957366154971871E+000  0.311936947500944E+001  0.182572965060643E+000  0.122281589212742E+001 -0.215030732270922E+003
  0.148038993056040E-088  0.427529582554095E+003  0.233894687830111E+000  0.103639028523028E+001  0.334793243783960E+001  0.381904643742635E+000  0.122281589212742E+001 -0.213764791277048E+003
  0.488082440664383E-088  0.425082021993332E+003  0.232909911073797E+000  0.979210840236659E+000  0.328390451928779E+001  0.175869262187130E+000  0.122281589212742E+001 -0.212541010996666E+003
  0.108497697235723E-086  0.418817649060525E+003  0.259366090950050E+000  0.961897664007631E+000  0.313495443196322E+001  0.197581285601498E+000  0.122281589212742E+001 -0.209408824530262E+003
  0.116766620432464E-081  0.395583358220331E+003  0.265924846025556E+000  0.988293549750015E+000  0.312637215112392E+001  0.263737806043517E+000  0.122281589212742E+001 -0.197791679110165E+003
  0.254260949722232E-075  0.366334426076721E+003  0.260112159358833E+000  0.104982947973491E+001  0.317311270468817E+001  0.391913692071084E+000  0.122281589212742E+001 -0.183167213038360E+003
  0.233759293831048E-073  0.357230680734755E+003  0.273072535602313E+000  0.973591343321078E+000  0.297810526163570E+001  0.479357915415567E-002  0.122281589212742E+001 -0.178615340367378E+003
  0.157682405483468E-072  0.353351385249192E+003  0.237454568105032E+000  0.981891448989644E+000  0.327017221252285E+001  0.185151283833401E+000  0.122281589212742E+001 -0.176675692624596E+003
  0.213921197487753E-072  0.352679792345931E+003  0.256237694182616E+000  0.104204964756731E+001  0.317781780165037E+001  0.367366120993949E+000  0.122281589212742E+001 -0.176339896172966E+003
  0.172159637373350E-071  0.348447449923673E+003  0.242974162266385E+000  0.951374777733354E+000  0.323240183706008E+001  0.177826532222561E+000  0.122281589212742E+001 -0.174223724961836E+003
  0.247781177404730E-070  0.343052488746641E+003  0.237607696774403E+000  0.102622557491954E+001  0.324724005238891E+001  0.218153550670208E+000  0.122281589212742E+001 -0.171526244373321E+003
  0.405914592350234E-068  0.332793411524708E+003  0.242300645676701E+000  0.972650116903318E+000  0.322611470104465E+001  0.139010611522812E+000  0.122281589212742E+001 -0.166396705762354E+003
  0.160167798190053E-063  0.311565858816281E+003  0.238194950670914E+000  0.960959473451689E+000  0.324535545806501E+001  0.145507702394364E+000  0.122281589212742E+001 -0.155782929408141E+003
  0.209073621819955E-063  0.310971386612810E+003  0.244983743454930E+000  0.101310919744413E+001  0.313546803426402E+001  0.467129389632687E-001  0.122281589212742E+001 -0.155485693306405E+003
  0.532796628829957E-061  0.299828596234527E+003  0.249063421186738E+000  0.929628818015078E+000  0.315277225052593E+001  0.281488173367304E-001  0.122281589212742E+001 -0.149914298117263E+003
  0.639385816389950E-059  0.290191976021702E+003  0.256201700070622E+000  0.101976464559979E+001  0.321691642267946E+001  0.379156334830312E+000  0.122281589212742E+001 -0.145095988010851E+003
  0.125230403556355E-058  0.288785968087581E+003  0.258403228647790E+000  0.981762151688952E+000  0.306991159543952E+001  0.689415033461980E-001  0.122281589212742E+001 -0.144392984043791E+003
  0.159267718668364E-058  0.288243562205459E+003  0.263819863431102E+000  0.987184782334727E+000  0.311961601904593E+001  0.215773989089797E+000  0.122281589212742E+001 -0.144121781102729E+003
  0.215428598682470E-058  0.287577932939053E+003  0.239335570848943E+000  0.978479791920212E+000  0.319800938414476E+001  0.853981102032559E-001  0.122281589212742E+001 -0.143788966469527E+003
  0.297761909155910E-058  0.286869060264564E+003  0.257583413108900E+000  0.103163862980303E+001  0.315437269051639E+001  0.274191695977369E+000  0.122281589212742E+001 -0.143434530132282E+003
  0.161341391487438E-054  0.269612379484404E+003  0.243515551413016E+000  0.981243170974974E+000  0.315828452854251E+001  0.647134066667909E-001  0.122281589212742E+001 -0.134806189742202E+003
  0.128399169468980E-053  0.265402423263308E+003  0.239007333464466E+000  0.100788631672488E+001  0.321774687716331E+001  0.152001881408356E+000  0.122281589212742E+001 -0.132701211631654E+003
  0.202157407351845E-052  0.259827904329308E+003  0.242220863025148E+000  0.995871506313373E+000  0.332393377904822E+001  0.399345048539559E+000  0.122281589212742E+001 -0.129913952164654E+003
  0.676355051299719E-052  0.257351017964548E+003  0.266352739454692E+000  0.962488134865688E+000  0.303130705509421E+001  0.417168223633462E-001  0.122281589212742E+001 -0.128675508982274E+003
  0.846438626012201E-052  0.256840835579748E+003  0.259097883669804E+000  0.999562051984214E+000  0.308596789410033E+001  0.131528310073583E+000  0.122281589212742E+001 -0.128420417789874E+003
  0.126236583490373E-051  0.255979881881597E+003  0.246976720169242E+000  0.102900978646845E+001  0.323364723317573E+001  0.296950562814790E+000  0.122281589212742E+001 -0.127989940940798E+003
  0.492062960838100E-050  0.248592270609550E+003  0.258455652716980E+000  0.955454795941101E+000  0.314987651916876E+001  0.190556699030906E+000  0.122281589212742E+001 -0.124296135304775E+003
  0.215939882783800E-048  0.240967600178215E+003  0.248531711487952E+000  0.967543613186900E+000  0.322823768448728E+001  0.225565520072778E+000  0.122281589212742E+001 -0.120483800089108E+003
  0.233547380610035E-048  0.240749287015197E+003  0.256938726998330E+000  0.102044958613957E+001  0.319888166511867E+001  0.351348360721074E+000  0.122281589212742E+001 -0.120374643507599E+003
  0.306695966967667E-048  0.240142799798008E+003  0.245185109116598E+000  0.941631463754122E+000  0.315805243525498E+001  0.142509565479799E-001  0.122281589212742E+001 -0.120071399899004E+003
  0.262924188967481E-041  0.208153047549803E+003  0.254135297526034E+000  0.946283641126428E+000  0.309236754562316E+001  0.214454969772332E-002  0.122281589212742E+001 -0.104076523774902E+003
  0.107662765201473E-040  0.205272057923219E+003  0.239692903862729E+000  0.987195663428266E+000  0.320862591032999E+001  0.115669828042094E+000  0.122281589212742E+001 -0.102636028961609E+003
  0.240837552949925E-039  0.198995106710527E+003  0.239595779783956E+000  0.101044946442480E+001  0.328101515479441E+001  0.310929949925204E+000  0.122281589212742E+001 -0.994975533552635E+002
  0.690157716894986E-039  0.196827968403958E+003  0.246422769311489E+000  0.993838879407788E+000  0.326327833922799E+001  0.309771115229321E+000  0.122281589212742E+001 -0.984139842019790E+002
  0.472453267331558E-038  0.192919217520153E+003  0.255594350460095E+000  0.101756647051944E+001  0.322415573339223E+001  0.393512853560675E+000  0.122281589212742E+001 -0.964596087600763E+002
  0.276080212367113E-037  0.189326998794654E+003  0.256429699112616E+000  0.101470476569251E+001  0.311466574773188E+001  0.147234024278761E+000  0.122281589212742E+001 -0.946634993973269E+002
  0.131985117823102E-035  0.181531119656437E+003  0.245357748224521E+000  0.972742784328169E+000  0.323195979224573E+001  0.200032311685202E+000  0.122281589212742E+001 -0.907655598282187E+002
  0.111568498252760E-034  0.177200507025288E+003  0.255564119603269E+000  0.101152745907973E+001  0.317847373574074E+001  0.270378235460796E+000  0.122281589212742E+001 -0.886002535126442E+002
  0.270944115423272E-034  0.175364416013786E+003  0.241355511368504E+000  0.100444953362760E+001  0.328354715874643E+001  0.335667422963023E+000  0.122281589212742E+001 -0.876822080068932E+002
  0.117785811324901E-033  0.172363792043780E+003  0.242057741345509E+000  0.100583404827795E+001  0.320627512195410E+001  0.168264351146518E+000  0.122281589212742E+001 -0.861818960218902E+002
  0.202612017680952E-033  0.171217398545388E+003  0.263294115294189E+000  0.999040267557016E+000  0.304435778774678E+001  0.631299922811703E-001  0.122281589212742E+001 -0.856086992726940E+002
  0.452311820474380E-032  0.164944527236160E+003  0.244715739982506E+000  0.967373483375669E+000  0.323546825466879E+001  0.219241870328817E+000  0.122281589212742E+001 -0.824722636180801E+002
  0.451588775075853E-032  0.164886183587269E+003  0.251344082167783E+000  0.100747230650677E+001  0.312521860832551E+001  0.936276125006755E-001  0.122281589212742E+001 -0.824430917936347E+002
  0.574379364325332E-032  0.164343604039128E+003  0.260297017229632E+000  0.977923348833170E+000  0.311912412556527E+001  0.178963675956347E+000  0.122281589212742E+001 -0.821718020195640E+002
  0.921841452665026E-032  0.163335894407664E+003  0.244124129121415E+000  0.101616253571986E+001  0.321529624061089E+001  0.208660436931096E+000  0.122281589212742E+001 -0.816679472038319E+002
  0.145988930841044E-030  0.157749695610073E+003  0.249902250700993E+000  0.987472605453954E+000  0.321990764012041E+001  0.251566350143744E+000  0.122281589212742E+001 -0.788748478050367E+002
  0.115108304695590E-028  0.148953126595861E+003  0.243930350415245E+000  0.993940679247541E+000  0.324118739493766E+001  0.262649355365278E+000  0.122281589212742E+001 -0.744765632979304E+002
  0.596127097769163E-027  0.140997252231554E+003  0.246305792115368E+000  0.102437917253830E+001  0.321469633668490E+001  0.250677766927615E+000  0.122281589212742E+001 -0.704986261157769E+002
  0.774705928569577E-027  0.140411649684786E+003  0.245920004988462E+000  0.103237948332997E+001  0.322383394029545E+001  0.287596823046793E+000  0.122281589212742E+001 -0.702058248423931E+002
  0.294178478536758E-026  0.137681529896142E+003  0.267152156666889E+000  0.972053183755231E+000  0.301736404903641E+001  0.107731144493962E-001  0.122281589212742E+001 -0.688407649480712E+002
  0.235030040443943E-025  0.133463763023518E+003  0.246809192646016E+000  0.981087103327201E+000  0.314422990801105E+001  0.712300152768734E-001  0.122281589212742E+001 -0.667318815117589E+002
  0.315996131007422E-025  0.132810186441757E+003  0.246479938612936E+000  0.100029169020041E+001  0.314177204124178E+001  0.748169240340114E-001  0.122281589212742E+001 -0.664050932208783E+002
  0.772281742212368E-025  0.130961404195155E+003  0.256185000599815E+000  0.998088354298658E+000  0.315067822948684E+001  0.228530739809688E+000  0.122281589212742E+001 -0.654807020975775E+002
  0.122287396797096E-024  0.129980641589138E+003  0.246276590451628E+000  0.103348786979804E+001  0.323429101436127E+001  0.325936034009446E+000  0.122281589212742E+001 -0.649903207945688E+002
  0.258568950718345E-024  0.128421521458894E+003  0.250458039591892E+000  0.959309566756868E+000  0.319456232537743E+001  0.181408608673285E+000  0.122281589212742E+001 -0.642107607294472E+002
  0.449585916522454E-024  0.127253648978907E+003  0.252761222376343E+000  0.100749764703381E+001  0.318747523721398E+001  0.247418069542882E+000  0.122281589212742E+001 -0.636268244894537E+002
  0.720159511677030E-024  0.126249814145893E+003  0.245074977999026E+000  0.969983261082993E+000  0.314662903988484E+001  0.226026764584403E-001  0.122281589212742E+001 -0.631249070729464E+002
  0.129398004245790E-023  0.125016260187891E+003  0.246198177911990E+000  0.100762825988080E+001  0.317764281950058E+001  0.164952781907902E+000  0.122281589212742E+001 -0.625081300939456E+002
  0.994472731984203E-022  0.116270907243989E+003  0.254817686423419E+000  0.985556121559683E+000  0.312774562828898E+001  0.145650865124519E+000  0.122281589212742E+001 -0.581354536219947E+002
  0.105757136224697E-021  0.116086328503506E+003  0.259788899515205E+000  0.978177860304026E+000  0.305133878204103E+001  0.242112910390858E-001  0.122281589212742E+001 -0.580431642517529E+002
  0.108097784199820E-020  0.111375833142052E+003  0.257393784260371E+000  0.100036949546214E+001  0.309367749749760E+001  0.957892895527256E-001  0.122281589212742E+001 -0.556879165710258E+002
  0.496947051928516E-019  0.103658225122090E+003  0.245636909430453E+000  0.983561923160741E+000  0.316927522754097E+001  0.880028788205752E-001  0.122281589212742E+001 -0.518291125610449E+002
  0.524595515947645E-019  0.103488393735225E+003  0.246406351626396E+000  0.987161457136332E+000  0.313724414529658E+001  0.461741639532796E-001  0.122281589212742E+001 -0.517441968676126E+002
  0.634111759744723E-019  0.103047655025351E+003  0.246069765861690E+000  0.964800554489275E+000  0.320878968181567E+001  0.161537172824981E+000  0.122281589212742E+001 -0.515238275126755E+002
  0.374316459150038E-018  0.994351887800464E+002  0.247324500795750E+000  0.972856879251391E+000  0.312642394518096E+001  0.132289841893063E-002  0.122281589212742E+001 -0.497175943900232E+002
  0.488010279325759E-018  0.988431756972532E+002  0.244246384143835E+000  0.102696187258693E+001  0.328229973484265E+001  0.381629538262326E+000  0.122281589212742E+001 -0.494215878486266E+002
  0.915020716134606E-018  0.975244119083596E+002  0.250439931478053E+000  0.103060339879571E+001  0.321994179497958E+001  0.335486819367509E+000  0.122281589212742E+001 -0.487622059541798E+002
  0.100879241013139E-017  0.972677434803091E+002  0.260669852959831E+000  0.965015750803924E+000  0.306085078266226E+001  0.367905898706536E-001  0.122281589212742E+001 -0.486338717401545E+002
  0.234319460110204E-017  0.955206777020188E+002  0.247879221575530E+000  0.989810823446544E+000  0.321419548890451E+001  0.248594416770108E+000  0.122281589212742E+001 -0.477603388510094E+002
  0.582540943397264E-017  0.936377062374506E+002  0.249680182979381E+000  0.981156243835104E+000  0.317906179609553E+001  0.152955416589652E+000  0.122281589212742E+001 -0.468188531187253E+002
  0.639121304250882E-017  0.933907733225051E+002  0.246945485038275E+000  0.100427833185725E+001  0.320128210988209E+001  0.198954676649095E+000  0.122281589212742E+001 -0.466953866612526E+002
  0.772059935416954E-017  0.929512941797876E+002  0.247958542909685E+000  0.999934727640701E+000  0.316405697765606E+001  0.149827815673742E+000  0.122281589212742E+001 -0.464756470898938E+002
  0.212441662451916E-010  0.612707975363568E+002  0.259159211237807E+000  0.986233750261101E+000  0.307383689825285E+001  0.701658405171862E-001  0.122281589212742E+001 -0.306353987681784E+002
  0.403890497198619E-010  0.599858447890627E+002  0.254617828280890E+000  0.985377350158393E+000  0.309693087993992E+001  0.691674774749079E-001  0.122281589212742E+001 -0.299929223945313E+002
  0.386819937345202E-010  0.599121283499292E+002  0.249379449630671E+000  0.987955643945044E+000  0.313544493862061E+001  0.701594909843998E-001  0.122281589212742E+001 -0.299560641749646E+002
  0.586478669288274E-010  0.589196889518708E+002  0.254322870368142E+000  0.987570760368585E+000  0.310830634125075E+001  0.933931971025522E-001  0.122281589212742E+001 -0.294598444759354E+002
  0.130938892644604E-009  0.571532444543817E+002  0.258315727832464E+000  0.971736518468039E+000  0.310948777548432E+001  0.111575628425820E+000  0.122281589212742E+001 -0.285766222271909E+002
  0.111465437215723E-016  0.920075693333284E+002  0.252764025758697E+000  0.102343514989625E+001  0.319195058928827E+001  0.302812556235337E+000  0.122281589212742E+001 -0.460037846666642E+002
  0.168690592187877E-016  0.911788660158137E+002  0.247722635166293E+000  0.100635662592329E+001  0.317951552854979E+001  0.187754245348486E+000  0.122281589212742E+001 -0.455894330079068E+002
  0.225345409787644E-016  0.904617439564494E+002  0.244534051877493E+000  0.992271033801223E+000  0.322040425722543E+001  0.194088669051463E+000  0.122281589212742E+001 -0.452308719782247E+002
  0.537171265704269E-015  0.839812228384106E+002  0.249319863392956E+000  0.998397062131240E+000  0.323208992635158E+001  0.318659004442466E+000  0.122281589212742E+001 -0.419906114192053E+002
  0.164883942368470E-014  0.816002171642111E+002  0.243545777984795E+000  0.100132337619901E+001  0.322848354406963E+001  0.228979942001929E+000  0.122281589212742E+001 -0.408001085821055E+002
  0.215529873284220E-014  0.810645018117370E+002  0.248935012085645E+000  0.101045953158417E+001  0.325276298234578E+001  0.355874051183313E+000  0.122281589212742E+001 -0.405322509058685E+002
  0.429923243151900E-014  0.796834874809554E+002  0.254983707807819E+000  0.975851292892742E+000  0.315170382988285E+001  0.179650834113796E+000  0.122281589212742E+001 -0.398417437404777E+002
  0.156773897131584E-013  0.770959214285129E+002  0.243769881605753E+000  0.981008911958283E+000  0.323024933096960E+001  0.199121013893064E+000  0.122281589212742E+001 -0.385479607142564E+002
  0.305823554972799E-013  0.757595140360622E+002  0.251001546931325E+000  0.992233721001289E+000  0.316793814327537E+001  0.190321051568141E+000  0.122281589212742E+001 -0.378797570180311E+002
  0.262526201627812E-012  0.714596587003402E+002  0.249111956151871E+000  0.100821695847563E+001  0.322436320018924E+001  0.287018399606646E+000  0.122281589212742E+001 -0.357298293501701E+002
  0.441894662274802E-011  0.658130472338438E+002  0.246028492096757E+000  0.101657484473156E+001  0.326613397358100E+001  0.355940926753607E+000  0.122281589212742E+001 -0.329065236169219E+002
  0.128554606287271E-010  0.636773125824732E+002  0.244908196710239E+000  0.998139718045337E+000  0.321267238042294E+001  0.194630988736083E+000  0.122281589212742E+001 -0.318386562912366E+002
  0.822592356610543E-010  0.599650985858986E+002  0.243808227821894E+000  0.996558037757145E+000  0.323432024531098E+001  0.235946728161668E+000  0.122281589212742E+001 -0.299825492929493E+002
  0.217030058627299E-009  0.580247782019920E+002  0.246213613411743E+000  0.100233259771021E+001  0.326438415187742E+001  0.337786598960506E+000  0.122281589212742E+001 -0.290123891009960E+002
  0.107565444829273E-008  0.548234808390580E+002  0.254761996490129E+000  0.100296812994977E+001  0.315378496322506E+001  0.211625534828528E+000  0.122281589212742E+001 -0.274117404195290E+002
  0.398171258438429E-016  0.888576606808645E+002  0.256902563596100E+000  0.997023405715555E+000  0.305844541825772E+001  0.774732773755625E-002  0.122281589212742E+001 -0.444288303404323E+002
  0.368245485386557E-016  0.887056241505943E+002  0.247861480708038E+000  0.975688115780954E+000  0.312085822823811E+001  0.362873904052436E-002  0.122281589212742E+001 -0.443528120752971E+002
  0.217891767335755E-013  0.753642521201945E+002  0.260911472267297E+000  0.958528907003431E+000  0.306949708354931E+001  0.290767905926771E-001  0.122281589212742E+001 -0.376821260600972E+002
  0.755922454314655E-011  0.633989682872296E+002  0.248602931949509E+000  0.978491492966809E+000  0.312505176972402E+001  0.260498083061957E-001  0.122281589212742E+001 -0.316994841436148E+002
  0.136191112062854E-009  0.567124169921435E+002  0.253832641293257E+000  0.982487908590107E+000  0.308809252739239E+001  0.500689016959316E-002  0.122281589212742E+001 -0.283562084960717E+002
  0.251201410176055E-009  0.554880251656157E+002  0.249799920487382E+000  0.958495124890113E+000  0.312877012185217E+001  0.311673075257022E-001  0.122281589212742E+001 -0.277440125828078E+002
  0.287629319013182E-016  0.900452020347713E+002  0.243660645892749E+000  0.985458307576734E+000  0.318833211512906E+001  0.116184784338903E+000  0.122281589212742E+001 -0.450226010173857E+002
  0.174292091082468E-014  0.816011755678580E+002  0.251472698897732E+000  0.100512037125193E+001  0.313391236093776E+001  0.131569245926589E+000  0.122281589212742E+001 -0.408005877839290E+002
  0.316987803146143E-013  0.755641778684039E+002  0.252377826525791E+000  0.960705131593642E+000  0.315690343118935E+001  0.122462536019155E+000  0.122281589212742E+001 -0.377820889342020E+002
  0.415778285805804E-013  0.750216001601767E+002  0.249786679975996E+000  0.977792248699554E+000  0.317363096130133E+001  0.140379675510008E+000  0.122281589212742E+001 -0.375108000800883E+002
  0.204687856671008E-012  0.718337619402448E+002  0.257499863429026E+000  0.964664382948177E+000  0.311871481718784E+001  0.116928791901823E+000  0.122281589212742E+001 -0.359168809701224E+002
  0.131914873588308E-010  0.629267161250657E+002  0.252801023199579E+000  0.970601694592356E+000  0.314696495071344E+001  0.136035120675768E+000  0.122281589212742E+001 -0.314633580625329E+002
  0.551858787983643E-009  0.551922123994544E+002  0.255006449116624E+000  0.100171230104890E+001  0.312913760111216E+001  0.155049951712828E+000  0.122281589212742E+001 -0.275961061997272E+002
  0.423843636561628E-009  0.543576896327296E+002  0.253530952591729E+000  0.987806960642979E+000  0.310206813736272E+001  0.683351386460477E-001  0.122281589212742E+001 -0.271788448163648E+002
  0.737364449660403E-009  0.532502542952704E+002  0.250489607387118E+000  0.989600477696119E+000  0.313048613535909E+001  0.937421354470816E-001  0.122281589212742E+001 -0.266251271476352E+002
  0.378072258526734E-008  0.496948762955532E+002  0.252443731346727E+000  0.975077478453031E+000  0.312634155851998E+001  0.933362023192887E-001  0.122281589212742E+001 -0.248474381477766E+002
  0.400470840379213E-008  0.495797650588704E+002  0.255810000973961E+000  0.992975143132130E+000  0.308884793212257E+001  0.690187683931506E-001  0.122281589212742E+001 -0.247898825294352E+002
  0.538321980075926E-007  0.443829630702660E+002  0.247179128631900E+000  0.987555429028065E+000  0.316206395875329E+001  0.105111652712979E+000  0.122281589212742E+001 -0.221914815351330E+002
  0.121292982482526E-006  0.424499873154706E+002  0.253985207233537E+000  0.981427680191595E+000  0.312359051301127E+001  0.920516685391574E-001  0.122281589212742E+001 -0.212249936577353E+002
  0.460243619048737E-006  0.397828933270340E+002  0.258272856296996E+000  0.983570329819353E+000  0.309354008373443E+001  0.934160333445287E-001  0.122281589212742E+001 -0.198914466635170E+002
  0.140359349157295E-005  0.375528232253805E+002  0.254051382824614E+000  0.982451333283958E+000  0.309880433000231E+001  0.595290776662217E-001  0.122281589212742E+001 -0.187764116126903E+002
  0.246205121516991E-005  0.364289050212907E+002  0.257614830894365E+000  0.980782086490601E+000  0.309843050521342E+001  0.966523810704656E-001  0.122281589212742E+001 -0.182144525106453E+002
  0.588355593512937E-005  0.344959516613090E+002  0.252545492661409E+000  0.970956826717306E+000  0.313216808969643E+001  0.806939550691759E-001  0.122281589212742E+001 -0.172479758306545E+002
  0.603311540749417E-005  0.344457472640055E+002  0.254813592975465E+000  0.960103900201293E+000  0.311739387008228E+001  0.709553766314595E-001  0.122281589212742E+001 -0.172228736320028E+002
  0.154598308980228E-004  0.323530630798483E+002  0.253586555283188E+000  0.991764963874207E+000  0.310439258332586E+001  0.705524303781695E-001  0.122281589212742E+001 -0.161765315399241E+002
  0.168847534846749E-004  0.321767311818488E+002  0.258555941478295E+000  0.980986029472421E+000  0.308122748033591E+001  0.669278403091333E-001  0.122281589212742E+001 -0.160883655909244E+002
  0.375897495803814E-004  0.301298033959827E+002  0.253366165314613E+000  0.986486435725229E+000  0.310323689680272E+001  0.628223966173966E-001  0.122281589212742E+001 -0.150649016979913E+002
  0.331228809954123E-003  0.253763059858212E+002  0.253418291348741E+000  0.987336493050625E+000  0.309944326550676E+001  0.523028628834528E-001  0.122281589212742E+001 -0.126881529929106E+002
  0.168064822344615E-008  0.534846931347648E+002  0.255227422286196E+000  0.100122741855702E+001  0.315064258974701E+001  0.203942375960641E+000  0.122281589212742E+001 -0.267423465673824E+002
  0.241683394408268E-007  0.477066781866293E+002  0.250441112707364E+000  0.101562169854111E+001  0.320286277886344E+001  0.277675566588946E+000  0.122281589212742E+001 -0.238533390933147E+002
  0.790725653016454E-005  0.356794057321372E+002  0.247283593200063E+000  0.995299209688777E+000  0.322389313599808E+001  0.260310595034974E+000  0.122281589212742E+001 -0.178397028660686E+002
  0.205061704641917E-004  0.333272287232711E+002  0.247204508128572E+000  0.997851161315351E+000  0.323445265518104E+001  0.277207259030478E+000  0.122281589212742E+001 -0.166636143616355E+002
  0.346098649042472E-004  0.322804028929520E+002  0.251545678638529E+000  0.996365592347243E+000  0.319616645332981E+001  0.256088783200739E+000  0.122281589212742E+001 -0.161402014464760E+002
  0.422005995174493E-009  0.540491548303448E+002  0.259805201118925E+000  0.987066580203474E+000  0.306078838347730E+001  0.419401880619054E-001  0.122281589212742E+001 -0.270245774151724E+002
  0.169040480895178E-008  0.510831268894395E+002  0.258634523009164E+000  0.984189854881431E+000  0.306985592130175E+001  0.359177963556746E-001  0.122281589212742E+001 -0.255415634447198E+002
  0.165140203511301E-008  0.509391933034695E+002  0.251594263914174E+000  0.974938346013904E+000  0.311513945019225E+001  0.323531875456567E-001  0.122281589212742E+001 -0.254695966517347E+002
  0.472031866600938E-007  0.440428994259789E+002  0.259278454899613E+000  0.982373737743830E+000  0.305997399527774E+001  0.327939278965402E-001  0.122281589212742E+001 -0.220214497129895E+002
  0.309144370339849E-005  0.351543067482235E+002  0.252853448002684E+000  0.967288259857395E+000  0.310918203533209E+001  0.262503795778388E-001  0.122281589212742E+001 -0.175771533741117E+002
  0.392681749374140E-005  0.346759245480999E+002  0.253158727840994E+000  0.980553887887741E+000  0.309164637277886E+001  0.251282069235655E-001  0.122281589212742E+001 -0.173379622740500E+002
  0.633404295641462E-005  0.335456829337529E+002  0.251820081780884E+000  0.981837766817274E+000  0.310988575137341E+001  0.372819286201462E-001  0.122281589212742E+001 -0.167728414668764E+002
  0.650293029011705E-005  0.334930546153361E+002  0.260628254921079E+000  0.968943723683804E+000  0.306070034253507E+001  0.236322774912145E-001  0.122281589212742E+001 -0.167465273076681E+002
  0.677658810666658E-004  0.281324982420954E+002  0.254974496739043E+000  0.978353385102699E+000  0.308937621135941E+001  0.431124681715587E-001  0.122281589212742E+001 -0.140662491210477E+002
  0.122490747466136E-003  0.269485449279661E+002  0.252104595374017E+000  0.974359555120976E+000  0.309925074871254E+001  0.171704896569909E-001  0.122281589212742E+001 -0.134742724639831E+002
  0.175935935644003E-003  0.262243760669519E+002  0.254122404205893E+000  0.981086416201624E+000  0.308155593625169E+001  0.816137343126062E-002  0.122281589212742E+001 -0.131121880334759E+002
  0.200836759190703E-003  0.259596310509288E+002  0.258515306964916E+000  0.978022647328767E+000  0.307464588368254E+001  0.409071757238838E-001  0.122281589212742E+001 -0.129798155254644E+002
  0.286046045151893E-003  0.252523103306615E+002  0.255272020915872E+000  0.980425890033639E+000  0.307373092251500E+001  0.114451136530835E-002  0.122281589212742E+001 -0.126261551653308E+002
  0.343659265637411E-003  0.246745935698789E+002  0.257685123933025E+000  0.965520477612940E+000  0.307201753313331E+001  0.166013949691944E-001  0.122281589212742E+001 -0.123372967849394E+002
  0.832168201989912E-008  0.497655574303422E+002  0.250505114279829E+000  0.960073548672461E+000  0.315153473293710E+001  0.932059987576663E-001  0.122281589212742E+001 -0.248827787151711E+002
  0.225758933686318E-005  0.375375292675785E+002  0.253314950441000E+000  0.985009308839294E+000  0.316056742738890E+001  0.172591505580535E+000  0.122281589212742E+001 -0.187687646337893E+002
  0.642889998518060E-005  0.352337964976078E+002  0.252925140946317E+000  0.997258222187610E+000  0.314628868833466E+001  0.154809560148178E+000  0.122281589212742E+001 -0.176168982488039E+002
  0.450470013641044E-004  0.309386491642253E+002  0.252393256140858E+000  0.999670339451270E+000  0.314825377483156E+001  0.160829468479714E+000  0.122281589212742E+001 -0.154693245821127E+002
  0.698818855913137E-003  0.247823344075274E+002  0.251903058766582E+000  0.995743288187368E+000  0.315795487191604E+001  0.165774844576953E+000  0.122281589212742E+001 -0.123911672037637E+002
  0.351665971056831E-002  0.230381466570912E+002  0.249409946688745E+000  0.990702884548101E+000  0.320492306418406E+001  0.231527273494309E+000  0.122281589212742E+001 -0.115190733285456E+002
  0.255488178278144E-001  0.176856933891820E+002  0.250025230215282E+000  0.996380888327897E+000  0.320007078141995E+001  0.240832454054306E+000  0.122281589212742E+001 -0.884284669459100E+001
  0.287686266446911E-001  0.174483046008980E+002  0.250374720592983E+000  0.998282319541550E+000  0.319104130847438E+001  0.225271180104806E+000  0.122281589212742E+001 -0.872415230044901E+001
  0.508971077019329E-001  0.163072632848059E+002  0.248734880240282E+000  0.995133812584192E+000  0.319825086258876E+001  0.214576467122353E+000  0.122281589212742E+001 -0.815363164240295E+001
  0.783148378170958E-003  0.230272505339019E+002  0.257052885103824E+000  0.968175519676455E+000  0.306990123216899E+001  0.427554163297509E-002  0.122281589212742E+001 -0.115136252669510E+002
  0.132394260170238E-002  0.219771561224001E+002  0.253482777326422E+000  0.977959404225026E+000  0.308971740673748E+001  0.398477262582274E-002  0.122281589212742E+001 -0.109885780612001E+002
  0.350773010873536E-002  0.197613832746964E+002  0.251780190490877E+000  0.976154894971611E+000  0.310435051164300E+001  0.253756102480690E-001  0.122281589212742E+001 -0.988069163734820E+001
  0.564974124986726E-002  0.185410392654231E+002  0.254736212641449E+000  0.964060118185250E+000  0.310009645392105E+001  0.293642565675725E-001  0.122281589212742E+001 -0.927051963271157E+001
  0.776479697411829E-002  0.179050581407220E+002  0.252559960975163E+000  0.979019580438187E+000  0.309826209978047E+001  0.203632855492237E-001  0.122281589212742E+001 -0.895252907036099E+001
  0.314800583562779E-002  0.214858669160038E+002  0.250931094524875E+000  0.983605702377091E+000  0.317489996859454E+001  0.173526388828957E+000  0.122281589212742E+001 -0.107429334580019E+002
  0.332144913135448E-002  0.213786029385369E+002  0.253329233451527E+000  0.972875640837487E+000  0.314556320106479E+001  0.132849089156695E+000  0.122281589212742E+001 -0.106893014692685E+002
  0.854002972868333E-002  0.194898763068154E+002  0.249662384371297E+000  0.983099786405112E+000  0.318122092450888E+001  0.171103653900162E+000  0.122281589212742E+001 -0.974493815340770E+001
  0.147747352900141E-001  0.182334825751618E+002  0.250949793169293E+000  0.985309889287250E+000  0.314945861880246E+001  0.132091882395338E+000  0.122281589212742E+001 -0.911674128758088E+001
  0.143199663698450E-001  0.181359248278206E+002  0.252848667479662E+000  0.982240151270503E+000  0.315814961636910E+001  0.162002400529422E+000  0.122281589212742E+001 -0.906796241391028E+001
  0.144175327278601E-001  0.181223444209026E+002  0.252413733101830E+000  0.984968786950057E+000  0.314763563528198E+001  0.146064978821238E+000  0.122281589212742E+001 -0.906117221045128E+001
  0.166962051686297E-001  0.178288715375521E+002  0.251964703533949E+000  0.990206685391767E+000  0.315891464001846E+001  0.161093411951685E+000  0.122281589212742E+001 -0.891443576877607E+001
  0.184637449931544E-001  0.176276162955291E+002  0.249141628844063E+000  0.977265478295261E+000  0.316522331478279E+001  0.124297856553900E+000  0.122281589212742E+001 -0.881380814776453E+001
  0.291958901779765E-001  0.163098371589291E+002  0.251014600697812E+000  0.978987878137381E+000  0.316911328879460E+001  0.163423316531615E+000  0.122281589212742E+001 -0.815491857946453E+001
  0.215429808836546E-001  0.160863068790979E+002  0.253160103722290E+000  0.983341435788412E+000  0.312541900248789E+001  0.104860179713519E+000  0.122281589212742E+001 -0.804315343954893E+001
  0.276510708508818E-001  0.153367517820613E+002  0.250575499686977E+000  0.976078155926162E+000  0.313000334156750E+001  0.635282062937705E-001  0.122281589212742E+001 -0.766837589103063E+001
  0.368096947968604E-001  0.146433089383414E+002  0.253498110458531E+000  0.973200714885356E+000  0.310817252390258E+001  0.579943369664869E-001  0.122281589212742E+001 -0.732165446917070E+001
  0.411352061042046E-001  0.144211027483487E+002  0.253163520511796E+000  0.980924829563935E+000  0.312584320883155E+001  0.102682151270742E+000  0.122281589212742E+001 -0.721055137417437E+001
  0.298830407862984E-001  0.141880252697502E+002  0.254824489869360E+000  0.961731752550685E+000  0.309339751516569E+001  0.203447053025539E-001  0.122281589212742E+001 -0.709401263487510E+001
  0.258385714751620E-001  0.160294277462372E+002  0.248421589858151E+000  0.983984984658629E+000  0.318550454808776E+001  0.170463383746874E+000  0.122281589212742E+001 -0.801471387311862E+001
  0.289825403958984E-001  0.156396919319956E+002  0.249468886373587E+000  0.980760503909453E+000  0.317344956061259E+001  0.156233935420024E+000  0.122281589212742E+001 -0.781984596599778E+001
  0.296717285984071E-001  0.155926897318816E+002  0.254069974120856E+000  0.981493699949332E+000  0.314183893012462E+001  0.143664153486614E+000  0.122281589212742E+001 -0.779634486594082E+001
  0.426374178144449E-001  0.148676146783221E+002  0.249591807593266E+000  0.988957486337525E+000  0.315989945729201E+001  0.138406496741032E+000  0.122281589212742E+001 -0.743380733916103E+001
  0.472202231949599E-001  0.144728142424157E+002  0.249840870581352E+000  0.986140655514780E+000  0.317791399857582E+001  0.178385915201316E+000  0.122281589212742E+001 -0.723640712120787E+001
  0.518225193581879E-001  0.138301048252796E+002  0.250105736882118E+000  0.976170666237597E+000  0.315297744967634E+001  0.108064676151623E+000  0.122281589212742E+001 -0.691505241263979E+001
  0.537137314636532E-001  0.137584170565873E+002  0.252815059933840E+000  0.977797333465567E+000  0.311883452852083E+001  0.789285163534879E-001  0.122281589212742E+001 -0.687920852829366E+001
  0.575489189202617E-001  0.136204837082793E+002  0.252820381595866E+000  0.982513952428323E+000  0.310386209531026E+001  0.457765958969765E-001  0.122281589212742E+001 -0.681024185413966E+001
  0.624143423217030E-001  0.134581642204300E+002  0.255596855156631E+000  0.981837308919072E+000  0.309344414678840E+001  0.599473654317879E-001  0.122281589212742E+001 -0.672908211021501E+001
  0.673453898686335E-001  0.129977841481855E+002  0.253935718810510E+000  0.981508705838105E+000  0.312401197737597E+001  0.107965973497912E+000  0.122281589212742E+001 -0.649889207409275E+001
  0.866643991597205E-001  0.122071650042956E+002  0.252247743505469E+000  0.981531994157876E+000  0.311183259428235E+001  0.525864323431124E-001  0.122281589212742E+001 -0.610358250214779E+001
  0.846621465030273E-001  0.121159284399171E+002  0.254424295717919E+000  0.981627856622191E+000  0.312228933970508E+001  0.102179392463626E+000  0.122281589212742E+001 -0.605796421995857E+001
  0.136488734644403E+000  0.106581525994036E+002  0.254687717199501E+000  0.978811891951322E+000  0.312377830475591E+001  0.109894985714997E+000  0.122281589212742E+001 -0.532907629970181E+001
  0.182593592771888E+000  0.975107314534569E+001  0.251429076254493E+000  0.975457707621306E+000  0.312740182112689E+001  0.677035138155138E-001  0.122281589212742E+001 -0.487553657267285E+001
  0.259876664078612E+000  0.875197765523033E+001  0.253568378342068E+000  0.980278214605555E+000  0.312634958273271E+001  0.105855709120043E+000  0.122281589212742E+001 -0.437598882761517E+001
  0.249514709417834E+000  0.874031618496516E+001  0.251785064915970E+000  0.972004971307723E+000  0.311980839088635E+001  0.559557753314461E-001  0.122281589212742E+001 -0.437015809248258E+001
  0.237117064909776E+000  0.866030043872313E+001  0.252449046633393E+000  0.976826111761784E+000  0.312939388687887E+001  0.945685002587028E-001  0.122281589212742E+001 -0.433015021936156E+001
  0.336963816247859E-001  0.139478265903245E+002  0.252943108733090E+000  0.976748306634245E+000  0.310161201127341E+001  0.383195175233263E-001  0.122281589212742E+001 -0.697391329516224E+001
  0.463893309704974E-001  0.130729024482059E+002  0.256413553497761E+000  0.981213946460116E+000  0.307978059498227E+001  0.357554976818165E-001  0.122281589212742E+001 -0.653645122410297E+001
  0.690057895806943E-001  0.122786606257427E+002  0.257114771127359E+000  0.978836601875800E+000  0.307868786987689E+001  0.350413158814006E-001  0.122281589212742E+001 -0.613933031287133E+001
  0.784201809776601E-001  0.117558160472587E+002  0.251426183408324E+000  0.972698981637182E+000  0.311670999486270E+001  0.435695360094361E-001  0.122281589212742E+001 -0.587790802362934E+001
  0.902675029154996E-001  0.114744236235187E+002  0.254474271586927E+000  0.979993755530649E+000  0.308794235095766E+001  0.223695721043413E-001  0.122281589212742E+001 -0.573721181175936E+001
  0.909928291070686E-001  0.114584172518000E+002  0.256472874936343E+000  0.963963972774843E+000  0.308169936494044E+001  0.180505643847652E-001  0.122281589212742E+001 -0.572920862590000E+001
  0.130758065380599E+000  0.103686379698857E+002  0.257624111108106E+000  0.964558344096920E+000  0.307794510305123E+001  0.193174836688291E-001  0.122281589212742E+001 -0.518431898494287E+001
  0.181131062365416E+000  0.971689380159895E+001  0.252421045960235E+000  0.974365161718405E+000  0.310518976602900E+001  0.291952944111447E-001  0.122281589212742E+001 -0.485844690079947E+001
  0.560267791885271E-001  0.137661560930697E+002  0.250835166118662E+000  0.990270708075602E+000  0.316371833032353E+001  0.158102899426252E+000  0.122281589212742E+001 -0.688307804653486E+001
  0.623756510481741E-001  0.132173574928752E+002  0.250125969369441E+000  0.987392790335380E+000  0.316267893048592E+001  0.150789985089909E+000  0.122281589212742E+001 -0.660867874643760E+001
  0.629770570971918E-001  0.130380810868468E+002  0.249008931759397E+000  0.993183673183314E+000  0.318705464966773E+001  0.192787634043213E+000  0.122281589212742E+001 -0.651904054342338E+001
  0.621826593653912E-001  0.127551683561228E+002  0.250867670384388E+000  0.992901497179288E+000  0.318083018772453E+001  0.203561551510482E+000  0.122281589212742E+001 -0.637758417806142E+001
  0.926081843805748E-001  0.119585656572283E+002  0.250925693247248E+000  0.993094701772515E+000  0.317052467489217E+001  0.183139405922772E+000  0.122281589212742E+001 -0.597928282861414E+001
  0.998805948848264E-001  0.118073698584216E+002  0.252342947918936E+000  0.988824473603645E+000  0.314825898950285E+001  0.142876354106812E+000  0.122281589212742E+001 -0.590368492921080E+001
  0.105317540113505E+000  0.115273379911288E+002  0.253729244881933E+000  0.978379209762526E+000  0.313810405503934E+001  0.125944494857054E+000  0.122281589212742E+001 -0.576366899556441E+001
  0.109233540476125E+000  0.112802988665056E+002  0.251412530013081E+000  0.992105019057086E+000  0.316684953312081E+001  0.179198575786585E+000  0.122281589212742E+001 -0.564014943325281E+001
  0.109303876284995E+000  0.111049887208780E+002  0.252603499080701E+000  0.975125410213734E+000  0.314552517608307E+001  0.124866790285302E+000  0.122281589212742E+001 -0.555249436043901E+001
  0.121034549343747E+000  0.105669921967225E+002  0.251017500895334E+000  0.986182158053099E+000  0.317047054012989E+001  0.175664759773891E+000  0.122281589212742E+001 -0.528349609836123E+001
  0.171011831899595E+000  0.987567877692754E+001  0.250494166706343E+000  0.978795766503017E+000  0.315741874082605E+001  0.126608159448606E+000  0.122281589212742E+001 -0.493783938846377E+001
  0.180532739523729E+000  0.976731998247994E+001  0.250276047630317E+000  0.984256388952545E+000  0.317378718752999E+001  0.169441010731259E+000  0.122281589212742E+001 -0.488365999123997E+001
  0.203784357323326E+000  0.952501954432577E+001  0.250729543132429E+000  0.978915233775858E+000  0.315983594429805E+001  0.139012740959172E+000  0.122281589212742E+001 -0.476250977216289E+001
  0.250586382667130E+000  0.890081583448547E+001  0.251678278207775E+000  0.983412867402693E+000  0.314438900781210E+001  0.125467676313588E+000  0.122281589212742E+001 -0.445040791724273E+001
  0.271709065567892E+000  0.873895947467997E+001  0.251053999298205E+000  0.988744215697337E+000  0.316752774055548E+001  0.170123603739966E+000  0.122281589212742E+001 -0.436947973733999E+001
  0.233277874584715E+000  0.860404416593734E+001  0.251053185611282E+000  0.980543727179060E+000  0.313789291272450E+001  0.989802330928511E-001  0.122281589212742E+001 -0.430202208296867E+001
  0.263850989032126E+000  0.818371307088877E+001  0.251884867132404E+000  0.970324853877529E+000  0.312216342077382E+001  0.579930950038862E-001  0.122281589212742E+001 -0.409185653544438E+001
  0.255908666805968E+000  0.815972163760230E+001  0.255778870693204E+000  0.979257385881402E+000  0.309053113378423E+001  0.460057674799017E-001  0.122281589212742E+001 -0.407986081880115E+001
  0.251609930341543E+000  0.810848364420317E+001  0.255026355454141E+000  0.978979569014120E+000  0.309646178367620E+001  0.556936647880387E-001  0.122281589212742E+001 -0.405424182210159E+001
  0.273720982442298E+000  0.794002507922713E+001  0.255795450894286E+000  0.973341887312409E+000  0.309734119429375E+001  0.526715133447393E-001  0.122281589212742E+001 -0.397001253961356E+001
  0.295872173674619E+000  0.778438859911414E+001  0.256118138023997E+000  0.977353817905102E+000  0.308767231477261E+001  0.464386320174038E-001  0.122281589212742E+001 -0.389219429955707E+001
  0.330999892083582E+000  0.756000753113906E+001  0.253990370179654E+000  0.979707414592420E+000  0.311394770863644E+001  0.830743747898532E-001  0.122281589212742E+001 -0.378000376556953E+001
  0.337680435293884E+000  0.742246332040014E+001  0.254703701496291E+000  0.981314002553834E+000  0.311442962954794E+001  0.915909548555850E-001  0.122281589212742E+001 -0.371123166020007E+001
  0.341027737681301E+000  0.730515534085375E+001  0.255700994582278E+000  0.974223395229117E+000  0.310156998174815E+001  0.679546329951807E-001  0.122281589212742E+001 -0.365257767042687E+001
  0.401231820805200E+000  0.688242391078679E+001  0.254942715851613E+000  0.973909715023286E+000  0.311051676271764E+001  0.781638194852924E-001  0.122281589212742E+001 -0.344121195539340E+001
  0.441974696594102E+000  0.640947349423455E+001  0.251516970195478E+000  0.976855900710380E+000  0.313487224025660E+001  0.930039932862771E-001  0.122281589212742E+001 -0.320473674711727E+001
  0.430525736451598E+000  0.628794179652571E+001  0.251849371515014E+000  0.973900346784661E+000  0.313276954836962E+001  0.880894792155693E-001  0.122281589212742E+001 -0.314397089826286E+001
  0.451664844792689E+000  0.610695595530991E+001  0.251975105621275E+000  0.981682730548365E+000  0.313534354154754E+001  0.106362561417061E+000  0.122281589212742E+001 -0.305347797765495E+001
  0.434233780981613E+000  0.610055143855221E+001  0.253114749095489E+000  0.969487863281248E+000  0.311684030041602E+001  0.627032187818835E-001  0.122281589212742E+001 -0.305027571927611E+001
  0.398225091075786E+000  0.602847810245409E+001  0.251964977835007E+000  0.972117566906119E+000  0.312856064612431E+001  0.759718865104684E-001  0.122281589212742E+001 -0.301423905122704E+001
  0.422837284919179E+000  0.590853803258353E+001  0.252474376677070E+000  0.974263526940472E+000  0.311695386252033E+001  0.624208708765574E-001  0.122281589212742E+001 -0.295426901629177E+001
  0.410367601590648E+000  0.588676222068804E+001  0.254515012221039E+000  0.980595028715243E+000  0.309866711109209E+001  0.520800845245641E-001  0.122281589212742E+001 -0.294338111034402E+001
  0.401654900039018E+000  0.584803840150532E+001  0.251385790348062E+000  0.983573271337072E+000  0.313869255633178E+001  0.106455842939551E+000  0.122281589212742E+001 -0.292401920075266E+001
  0.434741198162801E+000  0.568972311157219E+001  0.252301872653506E+000  0.982292587640816E+000  0.313481308718564E+001  0.104805415328955E+000  0.122281589212742E+001 -0.284486155578609E+001
  0.429723702679188E+000  0.562782079679792E+001  0.253417204602098E+000  0.975576916755445E+000  0.310916422739668E+001  0.594965463926220E-001  0.122281589212742E+001 -0.281391039839896E+001
  0.437181373307550E+000  0.550829016670144E+001  0.254863334989717E+000  0.978577201907321E+000  0.310043529367549E+001  0.611034920665851E-001  0.122281589212742E+001 -0.275414508335072E+001
  0.512944029533145E+000  0.510353376964116E+001  0.252790064498659E+000  0.979238435353759E+000  0.311999212429200E+001  0.740699710323807E-001  0.122281589212742E+001 -0.255176688482058E+001
  0.545554431633281E+000  0.612543601525840E+001  0.256833064318342E+000  0.976351263393190E+000  0.307138060505796E+001  0.719708724557374E-002  0.122281589212742E+001 -0.306271800762920E+001
  0.596060280756344E+000  0.568129478830557E+001  0.253799524217945E+000  0.966561669041875E+000  0.310318322135223E+001  0.339090968332291E-001  0.122281589212742E+001 -0.284064739415279E+001
  0.319084090236355E+000  0.841751389101333E+001  0.250111806959139E+000  0.987611217989513E+000  0.316681087752088E+001  0.156969793697590E+000  0.122281589212742E+001 -0.420875694550666E+001
  0.333053420328143E+000  0.833181744158015E+001  0.252120174577277E+000  0.988142838783908E+000  0.314528378834646E+001  0.136219503071560E+000  0.122281589212742E+001 -0.416590872079007E+001
  0.571810709666331E+000  0.667544307480775E+001  0.251042730262805E+000  0.986049315882739E+000  0.316103995410340E+001  0.152541261825710E+000  0.122281589212742E+001 -0.333772153740388E+001
  0.636759936468738E+000  0.646027365628840E+001  0.251694681753487E+000  0.986318909357850E+000  0.315073401551314E+001  0.138502116330687E+000  0.122281589212742E+001 -0.323013682814420E+001
  0.674659530441250E+000  0.634464276516868E+001  0.250729713419366E+000  0.984811799870279E+000  0.315682935832523E+001  0.137484975280507E+000  0.122281589212742E+001 -0.317232138258434E+001
  0.690385974802074E+000  0.629855744378558E+001  0.251126986065390E+000  0.983790280845655E+000  0.315800299360046E+001  0.143594043808225E+000  0.122281589212742E+001 -0.314927872189279E+001
  0.772543840163087E+000  0.607368157735327E+001  0.252372840108026E+000  0.983172592891691E+000  0.314508669420503E+001  0.133163835011250E+000  0.122281589212742E+001 -0.303684078867663E+001
  0.780825398647167E+000  0.605235596656706E+001  0.251651690098226E+000  0.985451688819386E+000  0.315394699168238E+001  0.145189498551054E+000  0.122281589212742E+001 -0.302617798328353E+001
  0.501697968042158E+000  0.555076816992334E+001  0.252067930494660E+000  0.977708385033542E+000  0.314381337854338E+001  0.118715064339478E+000  0.122281589212742E+001 -0.277538408496167E+001
  0.529856127473593E+000  0.544155370840120E+001  0.251175600601903E+000  0.983508831673310E+000  0.314556141329048E+001  0.117127529937222E+000  0.122281589212742E+001 -0.272077685420060E+001
  0.547587101801436E+000  0.497282416145940E+001  0.252486419149910E+000  0.982113847441528E+000  0.312955212765835E+001  0.999054461610577E-001  0.122281589212742E+001 -0.248641208072970E+001
  0.554681816496222E+000  0.494707794816098E+001  0.251565084755477E+000  0.979462695506938E+000  0.313954091842011E+001  0.102680292046012E+000  0.122281589212742E+001 -0.247353897408049E+001
  0.541435874248362E+000  0.490237793438483E+001  0.252336219458285E+000  0.979258511007587E+000  0.313103279212955E+001  0.982312054335531E-001  0.122281589212742E+001 -0.245118896719241E+001
  0.539107150820560E+000  0.481795848361630E+001  0.254762014135633E+000  0.977599537210999E+000  0.310575344915273E+001  0.655384292019913E-001  0.122281589212742E+001 -0.240897924180815E+001
  0.564136058641471E+000  0.463415622355959E+001  0.252163445353784E+000  0.976070086863857E+000  0.313179128945271E+001  0.929450315946844E-001  0.122281589212742E+001 -0.231707811177979E+001
  0.546366863835499E+000  0.460512579075143E+001  0.251890119747711E+000  0.983022616247827E+000  0.313549070951991E+001  0.104073950546775E+000  0.122281589212742E+001 -0.230256289537571E+001
  0.522755395512007E+000  0.460043976396983E+001  0.254355632209994E+000  0.980339399637079E+000  0.310908185066437E+001  0.730630700450329E-001  0.122281589212742E+001 -0.230021988198491E+001
  0.517805920865319E+000  0.452642604819377E+001  0.252247039448004E+000  0.981441421970411E+000  0.312506447186025E+001  0.845170245013191E-001  0.122281589212742E+001 -0.226321302409689E+001
  0.517077014314490E+000  0.443620336619736E+001  0.251375411798955E+000  0.979374462834220E+000  0.314212639051789E+001  0.106820287611609E+000  0.122281589212742E+001 -0.221810168309868E+001
  0.509671059825357E+000  0.437201591568358E+001  0.251413249822420E+000  0.978443134965632E+000  0.313738699956119E+001  0.973948941660198E-001  0.122281589212742E+001 -0.218600795784179E+001
  0.499103534831472E+000  0.432087984047870E+001  0.255338731239288E+000  0.976979455584319E+000  0.310107174345796E+001  0.643655778801582E-001  0.122281589212742E+001 -0.216043992023935E+001
  0.489621704193036E+000  0.426620080558209E+001  0.252562968506140E+000  0.980565278043408E+000  0.313643106023593E+001  0.110298916342145E+000  0.122281589212742E+001 -0.213310040279104E+001
  0.503202433451860E+000  0.421148184427614E+001  0.251472180013937E+000  0.980456805831118E+000  0.314139106464651E+001  0.107805304881427E+000  0.122281589212742E+001 -0.210574092213807E+001
  0.486291666302443E+000  0.418226943796274E+001  0.252624654689146E+000  0.976786410151592E+000  0.313539505398455E+001  0.105352349770893E+000  0.122281589212742E+001 -0.209113471898137E+001
  0.560563887699050E+000  0.472609895631394E+001  0.256251608247677E+000  0.973445235679922E+000  0.308947417285303E+001  0.420775021343266E-001  0.122281589212742E+001 -0.236304947815697E+001
  0.596234102460814E+000  0.442869588256467E+001  0.253224382018514E+000  0.971435245027335E+000  0.310202892505515E+001  0.291927698904591E-001  0.122281589212742E+001 -0.221434794128233E+001
  0.100000000000000E+001  0.417125417463270E+001  0.252009044392796E+000  0.979897170338853E+000  0.314290526270760E+001  0.118797167709145E+000  0.122281589212742E+001 -0.208562708731635E+001
  0.510218575501360E+000  0.408620817195583E+001  0.251659274314608E+000  0.976464755358052E+000  0.313361601611287E+001  0.890367576475237E-001  0.122281589212742E+001 -0.204310408597792E+001
  0.515537178908548E+000  0.406546775281281E+001  0.253402664664358E+000  0.981750883361190E+000  0.312145964786503E+001  0.913080732876532E-001  0.122281589212742E+001 -0.203273387640641E+001
  0.519667469932823E+000  0.404950834634971E+001  0.252756931060399E+000  0.980288049884073E+000  0.312513556814133E+001  0.871671408999268E-001  0.122281589212742E+001 -0.202475417317485E+001
  0.529514908849834E+000  0.401196395636732E+001  0.253781115336152E+000  0.977785760543004E+000  0.311903958839151E+001  0.832543154209606E-001  0.122281589212742E+001 -0.200598197818366E+001
  0.509286477902999E+000  0.396861598859924E+001  0.254127312431022E+000  0.971521382370283E+000  0.311356767250228E+001  0.697805887166632E-001  0.122281589212742E+001 -0.198430799429962E+001
  0.530177634765034E+000  0.388821313430742E+001  0.252840508898910E+000  0.977212297452714E+000  0.311135202580195E+001  0.540787637515820E-001  0.122281589212742E+001 -0.194410656715371E+001
  0.624376042636609E+000  0.356113171638094E+001  0.251791383274170E+000  0.981017948462065E+000  0.313762768083661E+001  0.104968336733011E+000  0.122281589212742E+001 -0.178056585819047E+001
  0.743926626648580E+000  0.321075253521308E+001  0.255149177226067E+000  0.973992483530005E+000  0.310064199394906E+001  0.581687310383413E-001  0.122281589212742E+001 -0.160537626760654E+001
  0.724089131078060E+000  0.297860667961489E+001  0.253766673336548E+000  0.972440685230012E+000  0.311522435822760E+001  0.687322814926169E-001  0.122281589212742E+001 -0.148930333980745E+001
  0.704724420870513E+000  0.289483625668211E+001  0.252553027913702E+000  0.976920859727740E+000  0.312393954532077E+001  0.779881167513880E-001  0.122281589212742E+001 -0.144741812834106E+001
  0.709226890355287E+000  0.274411320184384E+001  0.254014196624163E+000  0.974221882614412E+000  0.311540035949160E+001  0.749273037318792E-001  0.122281589212742E+001 -0.137205660092192E+001
  0.475163303647349E+000  0.389769258677974E+001  0.256193593375793E+000  0.966908463389594E+000  0.308023902728218E+001  0.124124682777999E-001  0.122281589212742E+001 -0.194884629338987E+001
  0.558156365934744E+000  0.315311318601997E+001  0.254804217256498E+000  0.967354737202465E+000  0.308986904651643E+001  0.126626990548832E-001  0.122281589212742E+001 -0.157655659300998E+001
  0.532838153884673E+000  0.314837570169857E+001  0.255259673787250E+000  0.965576725203754E+000  0.308564886544458E+001  0.732230082372415E-002  0.122281589212742E+001 -0.157418785084929E+001
  0.542654650846016E+000  0.311186492436379E+001  0.257042248908177E+000  0.971713303365446E+000  0.307645745009768E+001  0.177441293958279E-001  0.122281589212742E+001 -0.155593246218190E+001
  0.550798491536732E+000  0.308207309896338E+001  0.255023522889541E+000  0.971798364045152E+000  0.308511689416430E+001  0.874380275145806E-002  0.122281589212742E+001 -0.154103654948169E+001
  0.664167614303380E+000  0.273740934115599E+001  0.252904744676812E+000  0.977925001374612E+000  0.312636478423005E+001  0.920350868634020E-001  0.122281589212742E+001 -0.136870467057799E+001
  0.668408027822131E+000  0.272468082444767E+001  0.254286569596675E+000  0.978381570418998E+000  0.310288257869773E+001  0.557746281556100E-001  0.122281589212742E+001 -0.136234041222383E+001
  0.677575326857080E+000  0.254922103419760E+001  0.252873059978754E+000  0.975984549862143E+000  0.312085323417150E+001  0.771950789419231E-001  0.122281589212742E+001 -0.127461051709880E+001
  0.685010892315874E+000  0.252739301579649E+001  0.254308785452562E+000  0.977439144298084E+000  0.310184352185321E+001  0.544029132851136E-001  0.122281589212742E+001 -0.126369650789825E+001
  0.656872092065955E+000  0.230298250539581E+001  0.252730848246007E+000  0.978382402012615E+000  0.312805922709201E+001  0.923698693702409E-001  0.122281589212742E+001 -0.115149125269790E+001
  0.685648167415359E+000  0.221723189345078E+001  0.253156061607669E+000  0.972554491295045E+000  0.311287488399500E+001  0.572666169329269E-001  0.122281589212742E+001 -0.110861594672539E+001
  0.639959584569573E+000  0.219506566894924E+001  0.253496912319153E+000  0.975023050461153E+000  0.311133551164245E+001  0.628467297291137E-001  0.122281589212742E+001 -0.109753283447462E+001
  0.644769182009158E+000  0.218009092864979E+001  0.252690387241928E+000  0.978080906542938E+000  0.312133876066153E+001  0.774562099370657E-001  0.122281589212742E+001 -0.109004546432489E+001
  0.656400183822347E+000  0.214433444092435E+001  0.253627031645254E+000  0.978587391519208E+000  0.311647440143213E+001  0.786031083905778E-001  0.122281589212742E+001 -0.107216722046217E+001
  0.704521302328948E+000  0.200283858265648E+001  0.253053672846811E+000  0.973622559170753E+000  0.311496134066034E+001  0.621848195235031E-001  0.122281589212742E+001 -0.100141929132824E+001
  0.720370662537223E+000  0.195834394220693E+001  0.253841270003454E+000  0.974270000364011E+000  0.310952423789544E+001  0.582803424543220E-001  0.122281589212742E+001 -0.979171971103466E+000
  0.740126596982642E+000  0.190423322230906E+001  0.254874841364173E+000  0.975567262185677E+000  0.310063547113849E+001  0.559604855125873E-001  0.122281589212742E+001 -0.952116611154528E+000
  0.767402622661754E+000  0.183185252864629E+001  0.254492823637353E+000  0.975347177412929E+000  0.310762324933124E+001  0.655286763554142E-001  0.122281589212742E+001 -0.915926264323143E+000
  0.673424413394235E+000  0.151776005455204E+001  0.253534163003808E+000  0.974408322409404E+000  0.310806399680977E+001  0.542599664174537E-001  0.122281589212742E+001 -0.758880027276020E+000
  0.571354896715262E+000  0.270048869168418E+001  0.256152750135506E+000  0.970206115158048E+000  0.308822533227341E+001  0.351213393695301E-001  0.122281589212742E+001 -0.135024434584209E+001
  0.560387798641782E+000  0.264167138404160E+001  0.256084209019265E+000  0.972774984444303E+000  0.307960848969134E+001  0.117237813787990E-001  0.122281589212742E+001 -0.132083569202080E+001
  0.563015377141509E+000  0.263231558605947E+001  0.254516690955571E+000  0.967972961316212E+000  0.309507523259713E+001  0.245354727315180E-001  0.122281589212742E+001 -0.131615779302974E+001
  0.546826754717323E+000  0.258807881199288E+001  0.254748984976716E+000  0.974567669600951E+000  0.309219063529866E+001  0.342840906091391E-001  0.122281589212742E+001 -0.129403940599644E+001
  0.497667553127432E+000  0.248327134995183E+001  0.253811074887082E+000  0.975089649700572E+000  0.310171003066803E+001  0.447737717967384E-001  0.122281589212742E+001 -0.124163567497592E+001
  0.518482609374975E+000  0.240132295646537E+001  0.254523654287975E+000  0.974117151447826E+000  0.309193200750197E+001  0.250776977616796E-001  0.122281589212742E+001 -0.120066147823269E+001
  0.500762852781855E+000  0.237329031926057E+001  0.255499758358214E+000  0.973073162288750E+000  0.309503123645337E+001  0.452380954367644E-001  0.122281589212742E+001 -0.118664515963028E+001
  0.481035055493745E+000  0.235609497769203E+001  0.254236916466030E+000  0.968882822278708E+000  0.309701488237571E+001  0.271451779973311E-001  0.122281589212742E+001 -0.117804748884602E+001
  0.482268582561315E+000  0.235097290530258E+001  0.255619645689699E+000  0.974836642914849E+000  0.309213170434198E+001  0.428464378688922E-001  0.122281589212742E+001 -0.117548645265129E+001
  0.452740047727247E+000  0.227717212697976E+001  0.255985609515961E+000  0.966412639962895E+000  0.308215794215439E+001  0.118165086156120E-001  0.122281589212742E+001 -0.113858606348988E+001
  0.447605714399025E+000  0.220240254180791E+001  0.256586969678101E+000  0.967964364163623E+000  0.307819580584109E+001  0.132421470549331E-001  0.122281589212742E+001 -0.110120127090396E+001
  0.392498199774055E+000  0.179221965348769E+001  0.255312482082812E+000  0.972508615159065E+000  0.308143965979539E+001  0.723075037497409E-002  0.122281589212742E+001 -0.896109826743844E+000
  0.424934378403655E+000  0.163341404829210E+001  0.255548926895722E+000  0.970762167934955E+000  0.308935467613549E+001  0.279462177318613E-001  0.122281589212742E+001 -0.816707024146052E+000
  0.416380532402401E+000  0.159860373183550E+001  0.255157132296167E+000  0.974423252431157E+000  0.309589354389762E+001  0.472075721862527E-001  0.122281589212742E+001 -0.799301865917748E+000
  0.412908762603038E+000  0.153986893333059E+001  0.254993573622131E+000  0.971758924629869E+000  0.308925927088694E+001  0.209460963485895E-001  0.122281589212742E+001 -0.769934466665295E+000
  0.401098697476917E+000  0.152242653610205E+001  0.256053400631725E+000  0.970349727212549E+000  0.308382203440430E+001  0.202082126060958E-001  0.122281589212742E+001 -0.761213268051024E+000
  0.406892593768099E+000  0.149374308040892E+001  0.254534447136593E+000  0.969414406744681E+000  0.309344087576921E+001  0.249719131303998E-001  0.122281589212742E+001 -0.746871540204460E+000
  0.395481318133728E+000  0.147219306054098E+001  0.255477214843622E+000  0.972088106564061E+000  0.308179722446190E+001  0.815315291415415E-002  0.122281589212742E+001 -0.736096530270490E+000
  0.612744128366487E+000  0.143955390942986E+001  0.254396835090677E+000  0.975021772272460E+000  0.310665577549715E+001  0.611571506174134E-001  0.122281589212742E+001 -0.719776954714931E+000
  0.616473497561916E+000  0.142741812302558E+001  0.254355993796607E+000  0.973176199722475E+000  0.310678632813654E+001  0.594453327162899E-001  0.122281589212742E+001 -0.713709061512791E+000
  0.541676725835276E+000  0.137780867624928E+001  0.253257376026638E+000  0.976069414813746E+000  0.311612630908353E+001  0.704916332235827E-001  0.122281589212742E+001 -0.688904338124639E+000
  0.465399601361973E+000  0.137305328134986E+001  0.253955501709235E+000  0.976230775323510E+000  0.310918549931741E+001  0.626499175018034E-001  0.122281589212742E+001 -0.686526640674931E+000
  0.411585936306452E+000  0.131050904028353E+001  0.253604391491318E+000  0.974699623023137E+000  0.311368060944620E+001  0.676427356258915E-001  0.122281589212742E+001 -0.655254520141764E+000
  0.419123895338874E+000  0.127421157203953E+001  0.253955172135992E+000  0.975622869457367E+000  0.311134615312661E+001  0.676517085714397E-001  0.122281589212742E+001 -0.637105786019764E+000
  0.436749268367538E+000  0.119182616265594E+001  0.254060172622912E+000  0.976353599355587E+000  0.310477779329288E+001  0.552388791436318E-001  0.122281589212742E+001 -0.595913081327972E+000
  0.469294078371917E+000  0.104808550089386E+001  0.253890533958432E+000  0.974980910290567E+000  0.311022290245569E+001  0.637166986395852E-001  0.122281589212742E+001 -0.524042750446929E+000
  0.475391728012979E+000  0.102226640089673E+001  0.253815914482372E+000  0.975850297733319E+000  0.310943866659319E+001  0.620995489548938E-001  0.122281589212742E+001 -0.511133200448363E+000
  0.498116335162758E+000  0.928877401356857E+000  0.253916587120875E+000  0.973953549981410E+000  0.310858950190142E+001  0.588597779438426E-001  0.122281589212742E+001 -0.464438700678429E+000
  0.384944283708686E+000  0.144776152192476E+001  0.253678051067064E+000  0.975388952579940E+000  0.310488359577138E+001  0.496367604119255E-001  0.122281589212742E+001 -0.723880760962378E+000
  0.359578756384711E+000  0.143017020166267E+001  0.256873332230104E+000  0.968663845621825E+000  0.307664339365860E+001  0.125367490834475E-001  0.122281589212742E+001 -0.715085100831337E+000
  0.350125382517010E+000  0.140797334384713E+001  0.254060732662007E+000  0.972671870405466E+000  0.309827713106599E+001  0.356748012041391E-001  0.122281589212742E+001 -0.703986671923565E+000
  0.330587957250885E+000  0.137459453617991E+001  0.253553755232130E+000  0.974242900537349E+000  0.310718663680927E+001  0.519943974183922E-001  0.122281589212742E+001 -0.687297268089957E+000
  0.328621649927267E+000  0.124360794619257E+001  0.256162527694374E+000  0.966524195373940E+000  0.308004053140186E+001  0.432302979387129E-002  0.122281589212742E+001 -0.621803973096286E+000
  0.316400164818566E+000  0.118142086716855E+001  0.254647256729505E+000  0.973935780591275E+000  0.310101105506364E+001  0.493808066878194E-001  0.122281589212742E+001 -0.590710433584273E+000
  0.308149893547069E+000  0.116646061354054E+001  0.256702496483909E+000  0.971770414799088E+000  0.307582448158764E+001  0.130186086112639E-001  0.122281589212742E+001 -0.583230306770271E+000
  0.300118493604334E+000  0.115147542338172E+001  0.255745168779904E+000  0.973469772245355E+000  0.308581347097098E+001  0.268316606714272E-001  0.122281589212742E+001 -0.575737711690858E+000
  0.293468858200481E+000  0.112848401333812E+001  0.256482425482820E+000  0.969530623403189E+000  0.307971961440603E+001  0.173600959286670E-001  0.122281589212742E+001 -0.564242006669062E+000
  0.284334366521861E+000  0.112392218230692E+001  0.255101504264747E+000  0.973180374231144E+000  0.308546879130470E+001  0.169030725559782E-001  0.122281589212742E+001 -0.561961091153460E+000
  0.286160002664693E+000  0.111112175886122E+001  0.254721397653249E+000  0.971841095823370E+000  0.309526900748001E+001  0.367165225416552E-001  0.122281589212742E+001 -0.555560879430609E+000
  0.289445480962417E+000  0.108829005157653E+001  0.255300026825333E+000  0.970116158319594E+000  0.309167745516713E+001  0.326728940931778E-001  0.122281589212742E+001 -0.544145025788265E+000
  0.290484805367081E+000  0.108112142774796E+001  0.255568991976584E+000  0.973068549220590E+000  0.308951270937157E+001  0.331090534661986E-001  0.122281589212742E+001 -0.540560713873981E+000
  0.291290563851372E+000  0.107558142697011E+001  0.255700689976903E+000  0.970873038083220E+000  0.308786098500570E+001  0.300157067549928E-001  0.122281589212742E+001 -0.537790713485054E+000
  0.294647390909007E+000  0.105266525466119E+001  0.255437266680162E+000  0.970096329083809E+000  0.308202565409428E+001  0.811142679623596E-002  0.122281589212742E+001 -0.526332627330597E+000
  0.314651360584328E+000  0.921293499219552E+000  0.255696431658724E+000  0.970782470864838E+000  0.308910807611482E+001  0.316465925710895E-001  0.122281589212742E+001 -0.460646749609776E+000
  0.322644179372139E+000  0.871123759083811E+000  0.253810949493528E+000  0.974342925881654E+000  0.310482546943205E+001  0.492714231426224E-001  0.122281589212742E+001 -0.435561879541906E+000
  0.324038027567710E+000  0.862502211504017E+000  0.255930835639075E+000  0.970760849932989E+000  0.308607825821365E+001  0.275588188866839E-001  0.122281589212742E+001 -0.431251105752008E+000
  0.325912779633847E+000  0.850964370518249E+000  0.254310773138065E+000  0.971511902958653E+000  0.309845795473065E+001  0.358286768310116E-001  0.122281589212742E+001 -0.425482185259124E+000
  0.327340342240455E+000  0.842223104192544E+000  0.254640716577422E+000  0.973895435062479E+000  0.309299389774043E+001  0.318234750959120E-001  0.122281589212742E+001 -0.421111552096272E+000
  0.331313148923462E+000  0.818095972604989E+000  0.255264236525132E+000  0.969327627344953E+000  0.308427077109827E+001  0.996169465617595E-002  0.122281589212742E+001 -0.409047986302494E+000
  0.338502669269227E+000  0.775160011581726E+000  0.255816431230942E+000  0.970590322503502E+000  0.308579455797614E+001  0.232208887224880E-001  0.122281589212742E+001 -0.387580005790863E+000
  0.339800747821393E+000  0.767505147377213E+000  0.256844850482031E+000  0.970584631739265E+000  0.307472571622412E+001  0.862493400402917E-002  0.122281589212742E+001 -0.383752573688607E+000
  0.345452372717774E+000  0.734514400596256E+000  0.255345876967953E+000  0.968649368532774E+000  0.308708248516149E+001  0.183978493464996E-001  0.122281589212742E+001 -0.367257200298128E+000
  0.350759440653692E+000  0.704022698905975E+000  0.255259425831912E+000  0.972820980975918E+000  0.309099874048029E+001  0.320503673713465E-001  0.122281589212742E+001 -0.352011349452988E+000
  0.355408687071879E+000  0.677687250375885E+000  0.255900373839467E+000  0.971590634146054E+000  0.307833251828484E+001  0.572071306792664E-002  0.122281589212742E+001 -0.338843625187942E+000
  0.357811638232247E+000  0.664210571894819E+000  0.255172621991785E+000  0.973943401217231E+000  0.308989589309343E+001  0.313395267164040E-001  0.122281589212742E+001 -0.332105285947410E+000
  0.358227937536115E+000  0.661885005739752E+000  0.255763019120102E+000  0.972570131537982E+000  0.308658046594749E+001  0.286862516245323E-001  0.122281589212742E+001 -0.330942502869876E+000
  0.364957523209572E+000  0.624662023302287E+000  0.256155569533294E+000  0.968536757670746E+000  0.308027651971777E+001  0.119978651607750E-001  0.122281589212742E+001 -0.312331011651143E+000
  0.375406363892337E+000  0.568205814774879E+000  0.255683168649732E+000  0.969825570327562E+000  0.308703955392481E+001  0.242846412608714E-001  0.122281589212742E+001 -0.284102907387439E+000
  0.375936359933764E+000  0.565384220248030E+000  0.256914398315316E+000  0.970571493372282E+000  0.307278237006238E+001  0.227594321484247E-002  0.122281589212742E+001 -0.282692110124015E+000
  0.380561536138009E+000  0.540928190115009E+000  0.255680291327390E+000  0.968832755550388E+000  0.308149996493840E+001  0.520997755907199E-002  0.122281589212742E+001 -0.270464095057505E+000
  0.381304927308487E+000  0.537025189040304E+000  0.255931785540911E+000  0.968876233066964E+000  0.308106471682683E+001  0.809487937874214E-002  0.122281589212742E+001 -0.268512594520152E+000
  0.390173170398665E+000  0.491042632914007E+000  0.256464234539130E+000  0.968129745158793E+000  0.307744911912497E+001  0.697160769888918E-002  0.122281589212742E+001 -0.245521316457003E+000
  0.413960820190417E+000  0.372681303135119E+000  0.255492463488728E+000  0.971636210409593E+000  0.308918563329951E+001  0.301543097309526E-001  0.122281589212742E+001 -0.186340651567559E+000
  0.415579283672573E+000  0.364877145008423E+000  0.255949793397660E+000  0.969653244635858E+000  0.308221794743327E+001  0.162026495707770E-001  0.122281589212742E+001 -0.182438572504211E+000
  0.421051969557814E+000  0.338711428998336E+000  0.255089791075343E+000  0.971776120669708E+000  0.309211340687469E+001  0.328081084472622E-001  0.122281589212742E+001 -0.169355714499168E+000
  0.473986901420285E+000  0.101864593028892E+000  0.256310485163840E+000  0.969210902050433E+000  0.307761806671017E+001  0.478269164608044E-002  0.122281589212742E+001 -0.509322965144461E-001
