  0.224825066205705E-317  0.148526117632227E+004  0.233278510167604E+000  0.962595009479199E+000  0.321371062403565E+001  0.306525160253261E+000 -0.741611563310386E+003
  0.124165029512407E-310  0.145415086360253E+004  0.224609595924999E+000  0.925302185412432E+000  0.331000075216829E+001  0.306525160253261E+000 -0.726056406950514E+003
  0.344105229407515E-310  0.145205064839298E+004  0.259280797212918E+000  0.101586601385291E+001  0.302429716548698E+001  0.306525160253261E+000 -0.725006299345740E+003
  0.384861358697158E-291  0.136426700023764E+004  0.266177523298523E+000  0.888318539505679E+000  0.310280784787575E+001  0.306525160253261E+000 -0.681114475268069E+003
  0.110124510058699E-289  0.135749765960206E+004  0.271551156708651E+000  0.953285367286889E+000  0.299856027477635E+001  0.306525160253261E+000 -0.677729804950278E+003
  0.197157761943166E-289  0.135627133109471E+004  0.264738795626865E+000  0.972871780391502E+000  0.302034207983556E+001  0.306525160253261E+000 -0.677116640696604E+003
  0.534054239293490E-289  0.135421680142694E+004  0.276762377707934E+000  0.105440754281706E+001  0.293970584572010E+001  0.306525160253261E+000 -0.676089375862722E+003
  0.929754423197052E-287  0.134383607156826E+004  0.225130406782065E+000  0.101655561889190E+001  0.326815857571390E+001  0.306525160253261E+000 -0.670899010933381E+003
  0.279203645065916E-280  0.131394429507702E+004  0.272098600612950E+000  0.974072982722943E+000  0.303389073245948E+001  0.306525160253261E+000 -0.655953122687758E+003
  0.495662277891845E-278  0.130352450463317E+004  0.225999296292228E+000  0.965734088697629E+000  0.329683815615514E+001  0.306525160253261E+000 -0.650743227465834E+003
  0.582043036273268E-278  0.130314166214180E+004  0.282307305234918E+000  0.935320507498023E+000  0.296540489890615E+001  0.306525160253261E+000 -0.650551806220149E+003
  0.200792011905463E-276  0.129599832802210E+004  0.227763044506669E+000  0.102906313449886E+001  0.324302792414097E+001  0.306525160253261E+000 -0.646980139160299E+003
  0.218936543199467E-266  0.124971205819474E+004  0.252517864292944E+000  0.943138054041078E+000  0.316097743448094E+001  0.306525160253261E+000 -0.623837004246622E+003
  0.250594846368360E-265  0.124477523359876E+004  0.255580991695097E+000  0.103738570794724E+001  0.308286865812655E+001  0.306525160253261E+000 -0.621368591948630E+003
  0.628371420893525E-261  0.122445442163927E+004  0.225025840392430E+000  0.950882484739681E+000  0.328979959439427E+001  0.306525160253261E+000 -0.611208185968884E+003
  0.550803172403075E-256  0.120163053519143E+004  0.265132217311353E+000  0.102862512794868E+001  0.303399939977838E+001  0.306525160253261E+000 -0.599796242744964E+003
  0.167278224238110E-250  0.117632140893198E+004  0.263491320711716E+000  0.102798539124694E+001  0.299917744810397E+001  0.306525160253261E+000 -0.587141679615242E+003
  0.864587354336670E-249  0.116836950761558E+004  0.262364834443247E+000  0.106162515811960E+001  0.299382443007651E+001  0.306525160253261E+000 -0.583165728957039E+003
  0.249959923886877E-239  0.112473816592944E+004  0.224699224928753E+000  0.975569386974726E+000  0.328096886816917E+001  0.306525160253261E+000 -0.561350058113972E+003
  0.692900237020995E-231  0.108579609026392E+004  0.279985631223210E+000  0.921301898052037E+000  0.299350905719468E+001  0.306525160253261E+000 -0.541879020281208E+003
  0.703689974655359E-227  0.106728296249953E+004  0.234880234141245E+000  0.104431562528511E+001  0.317869131185949E+001  0.306525160253261E+000 -0.532622456399016E+003
  0.600593447291186E-221  0.103990723734034E+004  0.254509088943796E+000  0.967816731190889E+000  0.313487256411970E+001  0.306525160253261E+000 -0.518934593819420E+003
  0.152795945668949E-217  0.102416264308389E+004  0.268447044729676E+000  0.902924746641332E+000  0.305727997813483E+001  0.306525160253261E+000 -0.511062296691195E+003
  0.151575450880050E-205  0.968855097167126E+003  0.232888631402411E+000  0.102017612699165E+001  0.319827989674684E+001  0.306525160253261E+000 -0.483408523732813E+003
  0.453148295142554E-203  0.957392941662475E+003  0.247589998860396E+000  0.995783463055752E+000  0.310915677675209E+001  0.306525160253261E+000 -0.477677445980488E+003
  0.530747887915037E-196  0.924779071669458E+003  0.275704879129658E+000  0.947303250490745E+000  0.302078799193665E+001  0.306525160253261E+000 -0.461370510983979E+003
  0.976778259630049E-194  0.914287242890784E+003  0.231259875580451E+000  0.100007727972898E+001  0.324198840682768E+001  0.306525160253261E+000 -0.456124596594642E+003
  0.467527746238202E-192  0.906488961138701E+003  0.237059500020583E+000  0.909958163336478E+000  0.324096689440590E+001  0.306525160253261E+000 -0.452225455718601E+003
  0.869012648168234E-191  0.900582449669772E+003  0.258422240503090E+000  0.943219516494906E+000  0.312312533144725E+001  0.306525160253261E+000 -0.449272199984136E+003
  0.424444583872140E-185  0.874323037691019E+003  0.276135111781948E+000  0.920902750777781E+000  0.302233588242888E+001  0.306525160253261E+000 -0.436142493994760E+003
  0.260500091268796E-180  0.852211999926156E+003  0.253945581933751E+000  0.911069604835939E+000  0.312788168289041E+001  0.306525160253261E+000 -0.425086975112328E+003
  0.107040638347825E-164  0.780246522936119E+003  0.269315011949548E+000  0.104247273301321E+001  0.297943650623422E+001  0.306525160253261E+000 -0.389104236617310E+003
  0.381025334104441E-156  0.740804303517624E+003  0.274150312768644E+000  0.100189181666224E+001  0.296837574672451E+001  0.306525160253261E+000 -0.369383126908062E+003
  0.104619436295807E-155  0.738722663047926E+003  0.258093050025407E+000  0.916652144289291E+000  0.310289171173125E+001  0.306525160253261E+000 -0.368342306673213E+003
  0.176690316177809E-155  0.737612981282074E+003  0.239692292022989E+000  0.102318660114500E+001  0.317568042840965E+001  0.306525160253261E+000 -0.367787465790287E+003
  0.104719488973802E-149  0.710966643513643E+003  0.265490012953478E+000  0.927040023468443E+000  0.308532175399914E+001  0.306525160253261E+000 -0.354464296906072E+003
  0.483844671239286E-149  0.707844142823597E+003  0.230825596718386E+000  0.976227640787599E+000  0.324116276696815E+001  0.306525160253261E+000 -0.352903046561049E+003
  0.230069159045574E-147  0.700059027079867E+003  0.247196351906931E+000  0.104607254492543E+001  0.310088081720601E+001  0.306525160253261E+000 -0.349010488689184E+003
  0.851334608842409E-147  0.697380633180644E+003  0.235653384770930E+000  0.929306497732038E+000  0.324343584399983E+001  0.306525160253261E+000 -0.347671291739572E+003
  0.351341414024162E-142  0.676063332545239E+003  0.275568061656733E+000  0.999076419450935E+000  0.296624696212075E+001  0.306525160253261E+000 -0.337012641421870E+003
  0.189853507558551E-131  0.626575928538656E+003  0.268892682295310E+000  0.924269300797650E+000  0.306233583449658E+001  0.306525160253261E+000 -0.312268939418578E+003
  0.209454504912904E-130  0.621712707448271E+003  0.244257813510635E+000  0.103007794757697E+001  0.314141069334181E+001  0.306525160253261E+000 -0.309837328873386E+003
  0.230310547200243E-129  0.616856149849000E+003  0.241074985979700E+000  0.994447382651391E+000  0.318826342550900E+001  0.306525160253261E+000 -0.307409050073750E+003
  0.145498659607613E-128  0.613107959804046E+003  0.234426796247937E+000  0.967966428409988E+000  0.321903870846982E+001  0.306525160253261E+000 -0.305534955051273E+003
  0.155038233740412E-120  0.576078045235719E+003  0.235449404917140E+000  0.101044185091585E+001  0.319707077507627E+001  0.306525160253261E+000 -0.287019997767110E+003
  0.163409938377862E-120  0.575911321424050E+003  0.253282957914677E+000  0.103689967267407E+001  0.308261344603551E+001  0.306525160253261E+000 -0.286936635861275E+003
  0.911558582491386E-117  0.558596479829722E+003  0.259268633138250E+000  0.916818254328112E+000  0.310169912785807E+001  0.306525160253261E+000 -0.278279215064111E+003
  0.136250815311288E-115  0.553125913030444E+003  0.241175500198732E+000  0.102241623079442E+001  0.314866226736083E+001  0.306525160253261E+000 -0.275543931664472E+003
  0.383301775679462E-113  0.541785378966086E+003  0.235431863864560E+000  0.944843935008623E+000  0.323415354969678E+001  0.306525160253261E+000 -0.269873664632293E+003
  0.120327825101732E-112  0.539435870885057E+003  0.272612515229017E+000  0.986545849735142E+000  0.300841806323306E+001  0.306525160253261E+000 -0.268698910591779E+003
  0.243735024814539E-110  0.528752263640761E+003  0.260433171654970E+000  0.976582207982650E+000  0.308845533683332E+001  0.306525160253261E+000 -0.263357106969631E+003
  0.515097718910564E-110  0.527194170409849E+003  0.233350694469337E+000  0.974202446345261E+000  0.323393494370662E+001  0.306525160253261E+000 -0.262578060354175E+003
  0.127809919019653E-107  0.516104741485707E+003  0.266909348907724E+000  0.946623106377226E+000  0.306530924728663E+001  0.306525160253261E+000 -0.257033345892104E+003
  0.603016037498497E-105  0.503730058516372E+003  0.239902333407873E+000  0.997114950299147E+000  0.316690661721850E+001  0.306525160253261E+000 -0.250846004407436E+003
  0.473569518736445E-104  0.499546635156719E+003  0.265316161984244E+000  0.947718559017742E+000  0.307406919044097E+001  0.306525160253261E+000 -0.248754292727610E+003
  0.678736839691474E-103  0.494160052130795E+003  0.240895761932812E+000  0.102177600937043E+001  0.315464951667008E+001  0.306525160253261E+000 -0.246061001214648E+003
  0.938788917911250E-103  0.493449794458746E+003  0.267320090408199E+000  0.968923168483383E+000  0.305144644901457E+001  0.306525160253261E+000 -0.245705872378623E+003
  0.135958030509145E-102  0.492647569796363E+003  0.266871666394673E+000  0.939076170075926E+000  0.304715846858295E+001  0.306525160253261E+000 -0.245304760047432E+003
  0.209359947998911E-102  0.491722608937172E+003  0.243207139706339E+000  0.987373748547768E+000  0.314926735715693E+001  0.306525160253261E+000 -0.244842279617836E+003
  0.157850788777227E-101  0.487620705029539E+003  0.236236320900414E+000  0.947265019992672E+000  0.322719195700221E+001  0.306525160253261E+000 -0.242791327664020E+003
  0.179701840683026E-101  0.487299864062547E+003  0.270884856972211E+000  0.959664499021105E+000  0.303389562555137E+001  0.306525160253261E+000 -0.242630907180524E+003
  0.107925535427439E-100  0.483652865627805E+003  0.268160604417704E+000  0.958361173665303E+000  0.302705307304002E+001  0.306525160253261E+000 -0.240807407963153E+003
  0.252775150363859E-100  0.481889204595883E+003  0.253234368900417E+000  0.102678162464205E+001  0.309099527955429E+001  0.306525160253261E+000 -0.239925577447192E+003
  0.499886467175799E-100  0.480463899984229E+003  0.264889155776746E+000  0.921729669171653E+000  0.308086203900702E+001  0.306525160253261E+000 -0.239212925141365E+003
  0.184837927293974E-097  0.468576649378063E+003  0.262283294666853E+000  0.997217098756888E+000  0.303316945931553E+001  0.306525160253261E+000 -0.233269299838282E+003
  0.839578308807468E-096  0.460883095114666E+003  0.237582267526627E+000  0.987270244108367E+000  0.318960560719586E+001  0.306525160253261E+000 -0.229422522706583E+003
  0.775988660288064E-093  0.447163564930201E+003  0.258593063623291E+000  0.973304112011847E+000  0.309953654902749E+001  0.306525160253261E+000 -0.222562757614351E+003
  0.206568223406426E-092  0.445143865765911E+003  0.271143729524545E+000  0.944153605829693E+000  0.302895330862767E+001  0.306525160253261E+000 -0.221552908032206E+003
  0.201343917235288E-083  0.403687023295876E+003  0.266889284522126E+000  0.985624209838234E+000  0.301820274403914E+001  0.306525160253261E+000 -0.200824486797188E+003
  0.415894133270800E-083  0.402174647451323E+003  0.253618478604135E+000  0.980775620634145E+000  0.312283057508270E+001  0.306525160253261E+000 -0.200068298874912E+003
  0.478685369292259E-083  0.401831878550049E+003  0.250777157559467E+000  0.100700127848948E+001  0.312067044963182E+001  0.306525160253261E+000 -0.199896914424275E+003
  0.171780973954352E-082  0.399214811595557E+003  0.239255449071931E+000  0.942927568188046E+000  0.321069773771370E+001  0.306525160253261E+000 -0.198588380947029E+003
  0.253598471543083E-082  0.398374204403409E+003  0.264634574640738E+000  0.101915327620895E+001  0.301587659803212E+001  0.306525160253261E+000 -0.198168077350955E+003
  0.902258567481792E-081  0.391169193012775E+003  0.250799212316117E+000  0.919549560758165E+000  0.315580036729249E+001  0.306525160253261E+000 -0.194565571655638E+003
  0.138377717878143E-080  0.390252307723316E+003  0.249961280517621E+000  0.998794696257143E+000  0.310326494660785E+001  0.306525160253261E+000 -0.194107129010908E+003
  0.763099452640932E-080  0.386775961736422E+003  0.265885120577815E+000  0.970123824844346E+000  0.303248685716599E+001  0.306525160253261E+000 -0.192368956017461E+003
  0.126657019990847E-077  0.376490718988778E+003  0.237576439807922E+000  0.959076537629098E+000  0.321060486209878E+001  0.306525160253261E+000 -0.187226334643639E+003
  0.423868770074921E-074  0.360197782914280E+003  0.257536599546767E+000  0.101983244148238E+001  0.305240947350669E+001  0.306525160253261E+000 -0.179079866606390E+003
  0.720917714633766E-074  0.359074037394416E+003  0.253670927382473E+000  0.964114788416389E+000  0.310111987277318E+001  0.306525160253261E+000 -0.178517993846458E+003
  0.242462459605611E-073  0.356586680113908E+003  0.242060714433161E+000  0.955502931563623E+000  0.319807181333301E+001  0.306525160253261E+000 -0.177274315206204E+003
  0.302288486342508E-073  0.356084066953460E+003  0.270530443387778E+000  0.991131734085481E+000  0.300272557579873E+001  0.306525160253261E+000 -0.177023008625980E+003
  0.415980052878510E-073  0.355384012645927E+003  0.248047411627408E+000  0.941374616397791E+000  0.315040955115841E+001  0.306525160253261E+000 -0.176672981472214E+003
  0.356013693480272E-072  0.351028635371318E+003  0.248271651206385E+000  0.924868548757920E+000  0.316811935796962E+001  0.306525160253261E+000 -0.174495292834909E+003
  0.687209853092841E-070  0.340441410654706E+003  0.249185728458435E+000  0.102375743126768E+001  0.311021084899743E+001  0.306525160253261E+000 -0.169201680476603E+003
  0.374841992957340E-069  0.336986967398449E+003  0.256002975162263E+000  0.956634283906491E+000  0.312086325709227E+001  0.306525160253261E+000 -0.167474458848475E+003
  0.339917765785570E-068  0.332515855619215E+003  0.267551325883950E+000  0.947155806603859E+000  0.305409330407577E+001  0.306525160253261E+000 -0.165238902958858E+003
  0.381942706111162E-068  0.332221178521209E+003  0.245650201759233E+000  0.953692449582837E+000  0.317948229565719E+001  0.306525160253261E+000 -0.165091564409855E+003
  0.129014423596832E-067  0.329725157826720E+003  0.260774198953891E+000  0.929445836724257E+000  0.309125417631521E+001  0.306525160253261E+000 -0.163843554062610E+003
  0.789302267686340E-067  0.326041164227775E+003  0.243837922253797E+000  0.952215295146261E+000  0.318925856643792E+001  0.306525160253261E+000 -0.162001557263138E+003
  0.153445051553735E-065  0.320044894172742E+003  0.259997183973250E+000  0.974402280776844E+000  0.308797503848761E+001  0.306525160253261E+000 -0.159003422235621E+003
  0.450680984120142E-065  0.317828516446767E+003  0.250160919077877E+000  0.100357375135283E+001  0.312467391912529E+001  0.306525160253261E+000 -0.157895233372634E+003
  0.443690820646718E-065  0.317798236663342E+003  0.261684874584029E+000  0.100388259980715E+001  0.303727785732305E+001  0.306525160253261E+000 -0.157880093480921E+003
  0.702490586413895E-065  0.316817685283964E+003  0.260809100559370E+000  0.945924448970273E+000  0.309672773477028E+001  0.306525160253261E+000 -0.157389817791232E+003
  0.257960585036860E-064  0.314154622178481E+003  0.256593816188077E+000  0.926818577783919E+000  0.312439678482087E+001  0.306525160253261E+000 -0.156058286238491E+003
  0.459344493765652E-064  0.312939091546034E+003  0.262601906404841E+000  0.950348140676720E+000  0.306397551572836E+001  0.306525160253261E+000 -0.155450520922267E+003
  0.163451747158642E-062  0.305733773131255E+003  0.243144779349080E+000  0.997974604833930E+000  0.315023255299522E+001  0.306525160253261E+000 -0.151847861714878E+003
  0.212028264946651E-061  0.300546656090658E+003  0.254850891978687E+000  0.926389304112048E+000  0.313312828973731E+001  0.306525160253261E+000 -0.149254303194579E+003
  0.150470424436617E-060  0.296565848670335E+003  0.268794263155712E+000  0.971094111709307E+000  0.303421723405068E+001  0.306525160253261E+000 -0.147263899484418E+003
  0.387829073990693E-060  0.294610709028795E+003  0.239537603388132E+000  0.973908760319996E+000  0.318854438895262E+001  0.306525160253261E+000 -0.146286329663648E+003
  0.872906963110077E-059  0.288321466991303E+003  0.268021479266014E+000  0.965177083423649E+000  0.304225655358850E+001  0.306525160253261E+000 -0.143141708644902E+003
  0.432566627855878E-058  0.285058938710664E+003  0.250757147188872E+000  0.955625109047822E+000  0.312545859206147E+001  0.306525160253261E+000 -0.141510444504582E+003
  0.480421852755760E-058  0.284787538972360E+003  0.245751509979144E+000  0.974291185593783E+000  0.316783482508056E+001  0.306525160253261E+000 -0.141374744635430E+003
  0.336488118623077E-057  0.280833028945189E+003  0.240681357470398E+000  0.981784937371407E+000  0.317609844561598E+001  0.306525160253261E+000 -0.139397489621844E+003
  0.135131379363307E-055  0.273385775964057E+003  0.246186545288203E+000  0.968817295777384E+000  0.314558467511805E+001  0.306525160253261E+000 -0.135673863131279E+003
  0.149747274273565E-055  0.273118829548104E+003  0.247557024450909E+000  0.950937475920938E+000  0.314879326576474E+001  0.306525160253261E+000 -0.135540389923302E+003
  0.367551831776845E-055  0.271261455605626E+003  0.269042001885407E+000  0.962381290608491E+000  0.303186191052219E+001  0.306525160253261E+000 -0.134611702952063E+003
  0.706161991711368E-055  0.269893951661025E+003  0.251713746876086E+000  0.101198074516876E+001  0.310698335227697E+001  0.306525160253261E+000 -0.133927950979763E+003
  0.261765437561012E-054  0.267212029827529E+003  0.252514525574245E+000  0.935996746518130E+000  0.313114850544485E+001  0.306525160253261E+000 -0.132586990063015E+003
  0.114505207050477E-053  0.264198973379994E+003  0.263182640069985E+000  0.997290329392864E+000  0.303456766234856E+001  0.306525160253261E+000 -0.131080461839247E+003
  0.577120987333548E-053  0.260902566803532E+003  0.266583666996732E+000  0.950329068097203E+000  0.305529680885172E+001  0.306525160253261E+000 -0.129432258551016E+003
  0.147005883334504E-052  0.258971011938783E+003  0.259737361341133E+000  0.101781068151739E+001  0.304919778635267E+001  0.306525160253261E+000 -0.128466481118642E+003
  0.104709106423894E-049  0.245772531099919E+003  0.266532576790633E+000  0.985609866643641E+000  0.302579979575156E+001  0.306525160253261E+000 -0.121867240699210E+003
  0.202796663436122E-049  0.244388952325281E+003  0.253262117004620E+000  0.938758418261756E+000  0.313986063005582E+001  0.306525160253261E+000 -0.121175451311891E+003
  0.282991692334748E-048  0.239055811377144E+003  0.241389098833502E+000  0.958364360438892E+000  0.319412104649739E+001  0.306525160253261E+000 -0.118508880837822E+003
  0.313244374434674E-048  0.238791135873007E+003  0.252096867381561E+000  0.933047231557792E+000  0.313875244793959E+001  0.306525160253261E+000 -0.118376543085754E+003
  0.202727510812660E-047  0.234994664107364E+003  0.264892230801823E+000  0.965400520619211E+000  0.304527597462303E+001  0.306525160253261E+000 -0.116478307202932E+003
  0.174060849078386E-045  0.226027696059332E+003  0.242368530177843E+000  0.997412254500656E+000  0.316193374616151E+001  0.306525160253261E+000 -0.111994823178916E+003
  0.361080462759191E-045  0.224506760988802E+003  0.249648700696317E+000  0.100895801477540E+001  0.311928236277881E+001  0.306525160253261E+000 -0.111234355643651E+003
  0.156776311144302E-044  0.221508609090299E+003  0.241861444943156E+000  0.974373164155408E+000  0.318501758890882E+001  0.306525160253261E+000 -0.109735279694400E+003
  0.192877449966677E-044  0.221032595786285E+003  0.241880211914526E+000  0.962852609708736E+000  0.318996414160147E+001  0.306525160253261E+000 -0.109497273042393E+003
  0.306114345359766E-042  0.210836904703293E+003  0.255346040727278E+000  0.100186722396451E+001  0.309314745889127E+001  0.306525160253261E+000 -0.104399427500897E+003
  0.493448659308136E-042  0.209820441166281E+003  0.263263820405642E+000  0.954675115373196E+000  0.306166126779717E+001  0.306525160253261E+000 -0.103891195732391E+003
  0.212172197876008E-041  0.206841768904027E+003  0.241828637676517E+000  0.971643708320759E+000  0.317696332146693E+001  0.306525160253261E+000 -0.102401859601264E+003
  0.247853163373848E-041  0.206469349009613E+003  0.259644568543316E+000  0.939397961915070E+000  0.309313166593369E+001  0.306525160253261E+000 -0.102215649654057E+003
  0.473239162151246E-040  0.200509106703717E+003  0.244653024476832E+000  0.100208216864722E+001  0.314488175124436E+001  0.306525160253261E+000 -0.992355285011086E+002
  0.588087551396437E-039  0.195407843310764E+003  0.258952636029282E+000  0.948357870982898E+000  0.310260960338494E+001  0.306525160253261E+000 -0.966848968046323E+002
  0.158432542590247E-038  0.193364223667088E+003  0.248425272594113E+000  0.100666898659361E+001  0.311709581809705E+001  0.306525160253261E+000 -0.956630869827941E+002
  0.178663703869007E-037  0.188457157392731E+003  0.253710203869832E+000  0.936205521620017E+000  0.312974816272510E+001  0.306525160253261E+000 -0.932095538456156E+002
  0.500379140284247E-037  0.186335892471000E+003  0.258725358562884E+000  0.100889529227388E+001  0.306442781699154E+001  0.306525160253261E+000 -0.921489213847501E+002
  0.942025856361398E-037  0.185009015891816E+003  0.252256970814289E+000  0.939022220855335E+000  0.313432297244063E+001  0.306525160253261E+000 -0.914854830951582E+002
  0.834944141352121E-036  0.180583638181569E+003  0.265482896477930E+000  0.966562919846097E+000  0.304525634507899E+001  0.306525160253261E+000 -0.892727942400348E+002
  0.360706543352940E-035  0.177595524873402E+003  0.249393825364029E+000  0.968870120114126E+000  0.314783649696777E+001  0.306525160253261E+000 -0.877787375859512E+002
  0.161799603025665E-034  0.174532223724717E+003  0.251372402137446E+000  0.100603462533519E+001  0.309924798645990E+001  0.306525160253261E+000 -0.862470870116086E+002
  0.329855020579678E-034  0.173046091056951E+003  0.258130197522894E+000  0.944395508411848E+000  0.310721806745157E+001  0.306525160253261E+000 -0.855040206777260E+002
  0.114548345002265E-033  0.170494690084378E+003  0.262678191286395E+000  0.100126653760740E+001  0.304258352555764E+001  0.306525160253261E+000 -0.842283201914391E+002
  0.445853321744732E-032  0.163109990457173E+003  0.244686879101623E+000  0.961218762227531E+000  0.317480648472941E+001  0.306525160253261E+000 -0.805359703778368E+002
  0.487350254609774E-032  0.162870461039233E+003  0.259558017267782E+000  0.967430158919973E+000  0.307229631373225E+001  0.306525160253261E+000 -0.804162056688667E+002
  0.619666311035629E-031  0.157723351432060E+003  0.252894258391385E+000  0.100020353697500E+001  0.310653528607304E+001  0.306525160253261E+000 -0.778426508652801E+002
  0.336094140599640E-030  0.154280217576878E+003  0.257826166455547E+000  0.965174895173670E+000  0.308308865609893E+001  0.306525160253261E+000 -0.761210839376893E+002
  0.399395811604157E-030  0.153873550993283E+003  0.255672677223377E+000  0.100913154616173E+001  0.308011915257273E+001  0.306525160253261E+000 -0.759177506458916E+002
  0.723233560659738E-029  0.148019278930814E+003  0.254377036829829E+000  0.953943850209102E+000  0.312562536891809E+001  0.306525160253261E+000 -0.729906146146571E+002
  0.728273599783239E-029  0.147943846438100E+003  0.257608538158980E+000  0.961098769871279E+000  0.308725897649877E+001  0.306525160253261E+000 -0.729528983683005E+002
  0.905323454632977E-028  0.142841901961162E+003  0.248138323111757E+000  0.988253393430431E+000  0.314150248430432E+001  0.306525160253261E+000 -0.704019261298314E+002
  0.130023831596788E-027  0.142056337527139E+003  0.247135489572765E+000  0.973649954249844E+000  0.315604233966424E+001  0.306525160253261E+000 -0.700091439128197E+002
  0.238852518644185E-026  0.136173366961760E+003  0.252811029396524E+000  0.963409776022016E+000  0.311277351938903E+001  0.306525160253261E+000 -0.670676586301301E+002
  0.809986957371832E-026  0.133669479922690E+003  0.250165159913521E+000  0.980081160645505E+000  0.311865786737662E+001  0.306525160253261E+000 -0.658157151105952E+002
  0.380792152337410E-025  0.130512295321727E+003  0.253769105176693E+000  0.950449557852725E+000  0.312929166235511E+001  0.306525160253261E+000 -0.642371228101140E+002
  0.594647112903411E-024  0.124954152923016E+003  0.261169148543428E+000  0.968615251658955E+000  0.307768036581091E+001  0.306525160253261E+000 -0.614580516107580E+002
  0.714257032373407E-024  0.124526060116012E+003  0.245509646782725E+000  0.988246474115323E+000  0.315323223860939E+001  0.306525160253261E+000 -0.612440052072562E+002
  0.971894079935801E-024  0.123848508917907E+003  0.245046398962285E+000  0.965051113167098E+000  0.316897985415643E+001  0.306525160253261E+000 -0.609052296082037E+002
  0.101987172741152E-023  0.123690594973239E+003  0.262669553599411E+000  0.975042586626604E+000  0.305457966043534E+001  0.306525160253261E+000 -0.608262726358696E+002
  0.136608747530025E-023  0.123044503786495E+003  0.261331769660132E+000  0.961034238542994E+000  0.307014247120663E+001  0.306525160253261E+000 -0.605032270424979E+002
  0.153458892512614E-022  0.118145166788574E+003  0.251338017829124E+000  0.961362746784284E+000  0.312363159769528E+001  0.306525160253261E+000 -0.580535585435372E+002
  0.140481842546821E-021  0.113655162253375E+003  0.263209204595934E+000  0.979345243623011E+000  0.305101718415060E+001  0.306525160253261E+000 -0.558085562759376E+002
  0.194441716052141E-021  0.112943510512299E+003  0.249716229907490E+000  0.949315939448489E+000  0.314470837080915E+001  0.306525160253261E+000 -0.554527304053999E+002
  0.242246071729688E-020  0.107837153854741E+003  0.263553084000897E+000  0.978567887933685E+000  0.305265679145217E+001  0.306525160253261E+000 -0.528995520766209E+002
  0.804848884502607E-020  0.105374209529782E+003  0.257810737882798E+000  0.956091322118384E+000  0.310268931723119E+001  0.306525160253261E+000 -0.516680799141415E+002
  0.505660197906715E-019  0.101637075307703E+003  0.260917542491570E+000  0.967436352475223E+000  0.306862757539699E+001  0.306525160253261E+000 -0.497995128031018E+002
  0.183611212933788E-018  0.989964505026119E+002  0.250334455393913E+000  0.954427986665839E+000  0.314513512317668E+001  0.306525160253261E+000 -0.484792004005562E+002
  0.118966442321234E-017  0.951976951850971E+002  0.257306950538160E+000  0.995903868534545E+000  0.307264903845897E+001  0.306525160253261E+000 -0.465798227417988E+002
  0.140991286797777E-017  0.947964385944315E+002  0.248731648509673E+000  0.978030090710416E+000  0.313050878391708E+001  0.306525160253261E+000 -0.463791944464660E+002
  0.733102142761580E-017  0.914377213803088E+002  0.262478915486035E+000  0.971531976708229E+000  0.306440974396776E+001  0.306525160253261E+000 -0.446998358394046E+002
  0.720626013328523E-017  0.914105075507762E+002  0.254131895711006E+000  0.956136957032820E+000  0.312354152961149E+001  0.306525160253261E+000 -0.446862289246384E+002
  0.198167904056373E-016  0.893258052985992E+002  0.256179414111969E+000  0.949876506899028E+000  0.311191890276367E+001  0.306525160253261E+000 -0.436438777985498E+002
  0.960257645642176E-016  0.861080880658631E+002  0.250831919342589E+000  0.976858559024913E+000  0.313204822017401E+001  0.306525160253261E+000 -0.420350191821818E+002
  0.125523822332424E-015  0.855107867013238E+002  0.252349525293605E+000  0.952536132800950E+000  0.312671594295655E+001  0.306525160253261E+000 -0.417363684999121E+002
  0.125628899470439E-015  0.854475698660863E+002  0.256578182710949E+000  0.999797509417675E+000  0.307824117072257E+001  0.306525160253261E+000 -0.417047600822934E+002
  0.136483127585593E-015  0.852202891874305E+002  0.245863255719902E+000  0.969507398008201E+000  0.315711449257220E+001  0.306525160253261E+000 -0.415911197429655E+002
  0.215881395156381E-015  0.842416895484494E+002  0.254564703379703E+000  0.981292968284267E+000  0.309409400504829E+001  0.306525160253261E+000 -0.411018199234749E+002
  0.532748970539090E-015  0.823735038746221E+002  0.249458160258683E+000  0.996224028168440E+000  0.312276929876479E+001  0.306525160253261E+000 -0.401677270865613E+002
  0.977155741897558E-015  0.810987691392832E+002  0.248227421752257E+000  0.957171327730161E+000  0.315046537994575E+001  0.306525160253261E+000 -0.395303597188918E+002
  0.201157703356958E-014  0.795931693427313E+002  0.258653686899692E+000  0.995648923921843E+000  0.306965663948516E+001  0.306525160253261E+000 -0.387775598206159E+002
  0.226669475652962E-014  0.792928186098580E+002  0.262147767729709E+000  0.975788327843705E+000  0.306241736989645E+001  0.306525160253261E+000 -0.386273844541793E+002
  0.283755061463943E-014  0.787820382837584E+002  0.250543885703250E+000  0.959717184507793E+000  0.314133171339065E+001  0.306525160253261E+000 -0.383719942911295E+002
  0.275892286693304E-014  0.787766967313352E+002  0.258834766460645E+000  0.955850414262545E+000  0.308993600304790E+001  0.306525160253261E+000 -0.383693235149179E+002
  0.754706703826805E-014  0.767025160578377E+002  0.250865467699087E+000  0.959794600425746E+000  0.313948040084272E+001  0.306525160253261E+000 -0.373322331781691E+002
  0.980249745851784E-014  0.761180163807404E+002  0.260340461789764E+000  0.983248010934010E+000  0.306392650568323E+001  0.306525160253261E+000 -0.370399833396205E+002
  0.183515319677022E-013  0.748023213412498E+002  0.261349302206745E+000  0.974392978329692E+000  0.306454990364278E+001  0.306525160253261E+000 -0.363821358198751E+002
  0.193635913115155E-013  0.746334150053585E+002  0.249766550847455E+000  0.995058229946667E+000  0.311948543980244E+001  0.306525160253261E+000 -0.362976826519295E+002
  0.331943616871922E-013  0.734939007549692E+002  0.253402955096431E+000  0.977258201504352E+000  0.311691877608622E+001  0.306525160253261E+000 -0.357279255267349E+002
  0.514853683434438E-013  0.725545221883039E+002  0.261693070702040E+000  0.971156605324588E+000  0.306744073113252E+001  0.306525160253261E+000 -0.352582362434022E+002
  0.634573900184050E-013  0.720748368712450E+002  0.247546392439381E+000  0.981271003101036E+000  0.313849157403317E+001  0.306525160253261E+000 -0.350183935848727E+002
  0.553326448573561E-012  0.676821345680342E+002  0.257877353357944E+000  0.970198037761512E+000  0.309429749338775E+001  0.306525160253261E+000 -0.328220424332673E+002
  0.132150695871795E-011  0.658794315516317E+002  0.257597715986142E+000  0.966518398246282E+000  0.308754059131578E+001  0.306525160253261E+000 -0.319206909250661E+002
  0.198078982527485E-011  0.650084423422986E+002  0.248611998366438E+000  0.971218434911016E+000  0.313708598504691E+001  0.306525160253261E+000 -0.314851963203996E+002
  0.203113965421735E-011  0.648966962755203E+002  0.249090786484024E+000  0.967899236337531E+000  0.313608654392382E+001  0.306525160253261E+000 -0.314293232870104E+002
  0.218277295153975E-011  0.646911549120353E+002  0.253523430912462E+000  0.966817327887061E+000  0.312142212504553E+001  0.306525160253261E+000 -0.313265526052679E+002
  0.236100543454363E-011  0.644726286041425E+002  0.251204596035143E+000  0.961000919886733E+000  0.312769480764078E+001  0.306525160253261E+000 -0.312172894513215E+002
  0.254719755907355E-011  0.642592728898268E+002  0.255352353632559E+000  0.987276421934320E+000  0.308797090642308E+001  0.306525160253261E+000 -0.311106115941637E+002
  0.135745199353616E-010  0.608513280866375E+002  0.251311400235683E+000  0.955256719944340E+000  0.313606008009766E+001  0.306525160253261E+000 -0.294066391925690E+002
  0.247039720918581E-010  0.595922456836574E+002  0.257079286925985E+000  0.959505623273915E+000  0.309621205975247E+001  0.306525160253261E+000 -0.287770979910789E+002
  0.375382865795039E-010  0.586939076794270E+002  0.251633571550744E+000  0.994679734042757E+000  0.311138047361126E+001  0.306525160253261E+000 -0.283279289889637E+002
  0.547249203389709E-010  0.578784487617767E+002  0.251682130508956E+000  0.956288166108019E+000  0.313410045121403E+001  0.306525160253261E+000 -0.279201995301386E+002
  0.563064639299050E-010  0.577599251383191E+002  0.255234621579974E+000  0.982430499345895E+000  0.310216945090009E+001  0.306525160253261E+000 -0.278609377184098E+002
  0.118372614295080E-009  0.562123257075783E+002  0.247532272427422E+000  0.980970916033883E+000  0.314317451783453E+001  0.306525160253261E+000 -0.270871380030394E+002
  0.175511831469168E-009  0.553630442724460E+002  0.254665977412018E+000  0.989182281718228E+000  0.309169027321656E+001  0.306525160253261E+000 -0.266624972854733E+002
  0.577234050461315E-009  0.529204182326513E+002  0.257879278770394E+000  0.970165567690580E+000  0.308452283003650E+001  0.306525160253261E+000 -0.254411842655759E+002
  0.816517828226396E-009  0.521652730563845E+002  0.254865126145907E+000  0.982973671563850E+000  0.309331554123724E+001  0.306525160253261E+000 -0.250636116774425E+002
  0.127893051325625E-008  0.512062682909903E+002  0.254318952381315E+000  0.964953856955063E+000  0.311688855277712E+001  0.306525160253261E+000 -0.245841092947454E+002
  0.126983452645000E-008  0.511590001622771E+002  0.248883384735127E+000  0.966011742835960E+000  0.314514432854154E+001  0.306525160253261E+000 -0.245604752303888E+002
  0.224208187155724E-008  0.499604203582770E+002  0.257783548625217E+000  0.983418161914241E+000  0.308540702524501E+001  0.306525160253261E+000 -0.239611853283887E+002
  0.313302545893205E-008  0.492296884473202E+002  0.248412217695840E+000  0.978369292459322E+000  0.313589401569322E+001  0.306525160253261E+000 -0.235958193729103E+002
  0.453781064829191E-008  0.484272540866098E+002  0.259982848386592E+000  0.972180809487896E+000  0.307457629661400E+001  0.306525160253261E+000 -0.231946021925552E+002
  0.839314496034980E-008  0.471357694955803E+002  0.257961510086127E+000  0.960244211102321E+000  0.309419497134436E+001  0.306525160253261E+000 -0.225488598970404E+002
  0.854392655687533E-008  0.470386153986857E+002  0.255956560409069E+000  0.968301853449008E+000  0.309609784230096E+001  0.306525160253261E+000 -0.225002828485931E+002
  0.896502004216159E-008  0.468808527686604E+002  0.253142778710249E+000  0.978279180921720E+000  0.311630910699782E+001  0.306525160253261E+000 -0.224214015335805E+002
  0.954274782592352E-008  0.466944071845291E+002  0.253862189778355E+000  0.956026008836505E+000  0.311902401160389E+001  0.306525160253261E+000 -0.223281787415148E+002
  0.978425975837552E-008  0.465828769246345E+002  0.255906181688895E+000  0.992521015036153E+000  0.308794531893079E+001  0.306525160253261E+000 -0.222724136115675E+002
  0.109091220422672E-007  0.463036848542626E+002  0.259055495881627E+000  0.978310212864301E+000  0.308037067646678E+001  0.306525160253261E+000 -0.221328175763815E+002
  0.118983255780853E-007  0.460685448196507E+002  0.258166454514643E+000  0.986629076750561E+000  0.307960576310830E+001  0.306525160253261E+000 -0.220152475590756E+002
  0.136493808447226E-007  0.457324085448214E+002  0.255084476089088E+000  0.983730301691029E+000  0.310133931877264E+001  0.306525160253261E+000 -0.218471794216609E+002
  0.133994917194279E-007  0.457078200002673E+002  0.259786147471948E+000  0.980413367720535E+000  0.307180220906514E+001  0.306525160253261E+000 -0.218348851493839E+002
  0.150421318842938E-007  0.454150001204321E+002  0.253530896931561E+000  0.993513841465664E+000  0.309926376256244E+001  0.306525160253261E+000 -0.216884752094663E+002
  0.160891056838175E-007  0.452188821606082E+002  0.253838238963935E+000  0.992588281793481E+000  0.309690840546617E+001  0.306525160253261E+000 -0.215904162295544E+002
  0.181070266185073E-007  0.449210234501605E+002  0.258505732595596E+000  0.986357546616652E+000  0.307711832838658E+001  0.306525160253261E+000 -0.214414868743305E+002
  0.633420906557243E-007  0.423549801857464E+002  0.256515327600089E+000  0.962063744846714E+000  0.309846005730141E+001  0.306525160253261E+000 -0.201584652421235E+002
  0.997191145001194E-007  0.413858222057957E+002  0.249462776462966E+000  0.986263765959933E+000  0.312796136953828E+001  0.306525160253261E+000 -0.196738862521481E+002
  0.100121758672220E-006  0.413162195818638E+002  0.259726230044422E+000  0.974066691989683E+000  0.307661897498602E+001  0.306525160253261E+000 -0.196390849401821E+002
  0.105810865872474E-006  0.411441438963178E+002  0.257214945380242E+000  0.966901113769643E+000  0.309109758600349E+001  0.306525160253261E+000 -0.195530470974091E+002
  0.174151705352994E-006  0.400860534328991E+002  0.252801696506633E+000  0.992045102483135E+000  0.310451829231287E+001  0.306525160253261E+000 -0.190240018656998E+002
  0.175637270762940E-006  0.400075218804485E+002  0.256614523832547E+000  0.965792724476378E+000  0.309505219593756E+001  0.306525160253261E+000 -0.189847360894745E+002
  0.225684497230112E-006  0.394445443887165E+002  0.252419533106254E+000  0.990707165163255E+000  0.310635457584367E+001  0.306525160253261E+000 -0.187032473436085E+002
  0.232298766900404E-006  0.393252283962180E+002  0.253324110482440E+000  0.991891792724995E+000  0.310288983228083E+001  0.306525160253261E+000 -0.186435893473592E+002
  0.228804786455205E-006  0.392939953837512E+002  0.255230543107742E+000  0.973493682149822E+000  0.310666423864653E+001  0.306525160253261E+000 -0.186279728411258E+002
  0.252580958303025E-006  0.390347267760982E+002  0.248937127381024E+000  0.969364938978636E+000  0.314205697838201E+001  0.306525160253261E+000 -0.184983385372993E+002
  0.422371718224361E-006  0.379448755569228E+002  0.253880024805190E+000  0.991859867599443E+000  0.309834872358872E+001  0.306525160253261E+000 -0.179534129277116E+002
  0.435997333439004E-006  0.378198315352382E+002  0.257368056620275E+000  0.981676403507413E+000  0.308826191932498E+001  0.306525160253261E+000 -0.178908909168693E+002
  0.490120345501622E-006  0.375242585446068E+002  0.257667099619650E+000  0.965210751342044E+000  0.309518262797335E+001  0.306525160253261E+000 -0.177431044215536E+002
  0.526879476522210E-006  0.373180735051310E+002  0.250197206265202E+000  0.973984014780341E+000  0.313402142217457E+001  0.306525160253261E+000 -0.176400119018157E+002
  0.707723134140620E-006  0.366663679104899E+002  0.252935731580105E+000  0.968256902508204E+000  0.311381416961542E+001  0.306525160253261E+000 -0.173141591044952E+002
  0.293738825106483E-005  0.337583782895575E+002  0.255162372402735E+000  0.974597703485470E+000  0.310604373569467E+001  0.306525160253261E+000 -0.158601642940290E+002
  0.288656364976429E-005  0.337317431530943E+002  0.253173683636770E+000  0.964698196265618E+000  0.311531808295388E+001  0.306525160253261E+000 -0.158468467257974E+002
  0.535563306927695E-005  0.324340354937383E+002  0.253529680064672E+000  0.990053018606714E+000  0.310088470823633E+001  0.306525160253261E+000 -0.151979928961194E+002
  0.631141018703674E-005  0.320440717385507E+002  0.258219875013481E+000  0.967589127030341E+000  0.308747822046489E+001  0.306525160253261E+000 -0.150030110185256E+002
  0.623989490627331E-005  0.320053200127431E+002  0.251063617168951E+000  0.965262291473772E+000  0.313284112774966E+001  0.306525160253261E+000 -0.149836351556218E+002
  0.652177183115611E-005  0.318554111914716E+002  0.257873507110677E+000  0.969472209004233E+000  0.308713796094115E+001  0.306525160253261E+000 -0.149086807449860E+002
  0.977526983712245E-005  0.309844486380461E+002  0.250989876950795E+000  0.980020239304837E+000  0.311932409375116E+001  0.306525160253261E+000 -0.144731994682733E+002
  0.109655493701539E-004  0.306930997757909E+002  0.256549239127377E+000  0.987487979697832E+000  0.308695065964310E+001  0.306525160253261E+000 -0.143275250371457E+002
  0.134081115626212E-004  0.302293536953887E+002  0.258154773793387E+000  0.974194966953969E+000  0.308292253742484E+001  0.306525160253261E+000 -0.140956519969446E+002
  0.130314954493984E-004  0.302247917981336E+002  0.257889202601451E+000  0.972033914182665E+000  0.309012021305703E+001  0.306525160253261E+000 -0.140933710483170E+002
  0.183899564735503E-004  0.294743774458160E+002  0.251712495863244E+000  0.976576089440304E+000  0.312397628556107E+001  0.306525160253261E+000 -0.137181638721582E+002
  0.220169296866332E-004  0.290528200947377E+002  0.256091972382487E+000  0.975258468052208E+000  0.309970879187175E+001  0.306525160253261E+000 -0.135073851966191E+002
  0.260127724643904E-004  0.286577248226098E+002  0.258320677550780E+000  0.980157289744712E+000  0.308105003684339E+001  0.306525160253261E+000 -0.133098375605551E+002
  0.259860908900681E-004  0.285982339791146E+002  0.255281670794457E+000  0.972455139163410E+000  0.310611587323401E+001  0.306525160253261E+000 -0.132800921388075E+002
  0.350806325280428E-004  0.279365151232854E+002  0.257148412416987E+000  0.982576583613212E+000  0.308773462186473E+001  0.306525160253261E+000 -0.129492327108929E+002
  0.350952446628587E-004  0.278741389194609E+002  0.250049197885967E+000  0.982975900705462E+000  0.312611650914212E+001  0.306525160253261E+000 -0.129180446089807E+002
  0.411423446292183E-004  0.274946511371847E+002  0.255313147977763E+000  0.978078912320245E+000  0.309507825057956E+001  0.306525160253261E+000 -0.127283007178426E+002
  0.454071350762490E-004  0.272358450620624E+002  0.254172744788979E+000  0.962063429315831E+000  0.311619864753056E+001  0.306525160253261E+000 -0.125988976802814E+002
  0.484723442344307E-004  0.270436534239972E+002  0.255539996527714E+000  0.978323696208717E+000  0.309377486917519E+001  0.306525160253261E+000 -0.125028018612488E+002
  0.676756113414172E-004  0.263146451954342E+002  0.254501108948985E+000  0.961320001580160E+000  0.311376753746588E+001  0.306525160253261E+000 -0.121382977469674E+002
  0.109176917667381E-003  0.252966142874088E+002  0.252170502186483E+000  0.964259266305107E+000  0.312653425497807E+001  0.306525160253261E+000 -0.116292822929546E+002
  0.106889331482798E-003  0.252774222706410E+002  0.258129155026791E+000  0.976991149017716E+000  0.308454665159745E+001  0.306525160253261E+000 -0.116196862845708E+002
  0.126273490028451E-003  0.248825667603727E+002  0.253265743924560E+000  0.963989079892740E+000  0.312073813300981E+001  0.306525160253261E+000 -0.114222585294366E+002
  0.149861037172450E-003  0.244785067722893E+002  0.255277264251325E+000  0.967051808816629E+000  0.310819894850973E+001  0.306525160253261E+000 -0.112202285353949E+002
  0.148808984353480E-003  0.244310533480735E+002  0.255251696773986E+000  0.971174387499331E+000  0.309975480665702E+001  0.306525160253261E+000 -0.111965018232870E+002
  0.235798721747820E-003  0.234488798949882E+002  0.254942526401528E+000  0.987360491941757E+000  0.309480839887087E+001  0.306525160253261E+000 -0.107054150967443E+002
  0.282129289963173E-003  0.230285628301638E+002  0.255748379989418E+000  0.984756336205134E+000  0.309411456645792E+001  0.306525160253261E+000 -0.104952565643321E+002
  0.274130638309237E-003  0.230245408448366E+002  0.254931384287779E+000  0.978050908908123E+000  0.310439287437274E+001  0.306525160253261E+000 -0.104932455716685E+002
  0.558567626605030E-003  0.215394556827083E+002  0.251682934273818E+000  0.975454507936233E+000  0.312402559837903E+001  0.306525160253261E+000 -0.975070299060439E+001
  0.552547530280738E-003  0.214995848452994E+002  0.251129130295383E+000  0.978025039218805E+000  0.312520392746610E+001  0.306525160253261E+000 -0.973076757189993E+001
  0.577953024178801E-003  0.213481352580193E+002  0.256390125075101E+000  0.966006004425968E+000  0.310082628098906E+001  0.306525160253261E+000 -0.965504277825987E+001
  0.566193736911458E-003  0.213277045033350E+002  0.253538914975329E+000  0.987120590630444E+000  0.310319753859405E+001  0.306525160253261E+000 -0.964482740091775E+001
  0.813995240816392E-003  0.205401247693522E+002  0.251723686546391E+000  0.978902117760193E+000  0.312148083572174E+001  0.306525160253261E+000 -0.925103753392631E+001
  0.806097638783032E-003  0.204980807404655E+002  0.250553202219505E+000  0.968791086176542E+000  0.313163501420782E+001  0.306525160253261E+000 -0.923001551948300E+001
  0.116260202133484E-002  0.197041153855326E+002  0.250284987176238E+000  0.973703811328242E+000  0.313121364474460E+001  0.306525160253261E+000 -0.883303284201652E+001
  0.149080431155650E-002  0.191452617365763E+002  0.253927237063311E+000  0.980376076866029E+000  0.310823695046463E+001  0.306525160253261E+000 -0.855360601753841E+001
  0.242567592963243E-002  0.181101295418601E+002  0.252127824799347E+000  0.974081344928165E+000  0.311659671404681E+001  0.306525160253261E+000 -0.803603992018028E+001
  0.244502529883813E-002  0.180326957232727E+002  0.254341454919728E+000  0.977820206012125E+000  0.310147128169657E+001  0.306525160253261E+000 -0.799732301088659E+001
  0.246041131682586E-002  0.179586062701733E+002  0.256785393756852E+000  0.977979230316905E+000  0.308881428587869E+001  0.306525160253261E+000 -0.796027828433689E+001
  0.239193439226803E-002  0.179535152132371E+002  0.250671246434499E+000  0.978981623944468E+000  0.312408120260956E+001  0.306525160253261E+000 -0.795773275586881E+001
  0.257716723624254E-002  0.177427950608174E+002  0.255422723272073E+000  0.981938243775393E+000  0.309793085654632E+001  0.306525160253261E+000 -0.785237267965893E+001
  0.389767202617058E-002  0.168538744769442E+002  0.257244697046774E+000  0.971986488984994E+000  0.309180480729427E+001  0.306525160253261E+000 -0.740791238772236E+001
  0.389318834478146E-002  0.167946331810413E+002  0.253440872172777E+000  0.985145502604118E+000  0.310454108597675E+001  0.306525160253261E+000 -0.737829173977089E+001
  0.379201347023506E-002  0.167857524860371E+002  0.251870404774939E+000  0.971739290964808E+000  0.311989474073292E+001  0.306525160253261E+000 -0.737385139226879E+001
  0.433072572339480E-002  0.164585331789791E+002  0.252058778264701E+000  0.976080995837570E+000  0.311609170616136E+001  0.306525160253261E+000 -0.721024173873981E+001
  0.603147498114457E-002  0.157344769487321E+002  0.253750791182605E+000  0.967449739388533E+000  0.311186718769975E+001  0.306525160253261E+000 -0.684821362361630E+001
  0.103179437276710E-001  0.145991478293527E+002  0.251121054712305E+000  0.979060498610825E+000  0.312298893357624E+001  0.306525160253261E+000 -0.628054906392659E+001
  0.102332572473295E-001  0.145540876284643E+002  0.255736353633564E+000  0.970667048396514E+000  0.309879703554300E+001  0.306525160253261E+000 -0.625801896348241E+001
  0.109822836838230E-001  0.143512633722337E+002  0.256384993222144E+000  0.970052552864165E+000  0.309842332494459E+001  0.306525160253261E+000 -0.615660683536710E+001
  0.113829202232846E-001  0.142180588435436E+002  0.252107432361931E+000  0.975465456240579E+000  0.312089484627517E+001  0.306525160253261E+000 -0.609000457102203E+001
  0.185614040691942E-001  0.131785747884767E+002  0.252725964794203E+000  0.973661739379459E+000  0.311379529849066E+001  0.306525160253261E+000 -0.557026254348859E+001
  0.180087018982501E-001  0.131774900609584E+002  0.252837100924401E+000  0.973792366472181E+000  0.311784057546816E+001  0.306525160253261E+000 -0.556972017972946E+001
  0.179034667645326E-001  0.131276681671817E+002  0.254186245748147E+000  0.966531501997201E+000  0.311293633206982E+001  0.306525160253261E+000 -0.554480923284110E+001
  0.207077952534449E-001  0.127750931626813E+002  0.254494400959871E+000  0.974584351203810E+000  0.310301253056576E+001  0.306525160253261E+000 -0.536852173059087E+001
  0.301145040306709E-001  0.119645564343339E+002  0.254715996707109E+000  0.969993883405228E+000  0.310501781249617E+001  0.306525160253261E+000 -0.496325336641720E+001
  0.319760496663401E-001  0.117830526020706E+002  0.254965461828411E+000  0.971409714698338E+000  0.310266176744658E+001  0.306525160253261E+000 -0.487250145028553E+001
  0.320900086345227E-001  0.117143941856412E+002  0.256308159598810E+000  0.979156350457528E+000  0.309252055899050E+001  0.306525160253261E+000 -0.483817224207085E+001
  0.332089068261023E-001  0.115843040810213E+002  0.253189626287362E+000  0.974250585606068E+000  0.311544649104431E+001  0.306525160253261E+000 -0.477312718976088E+001
  0.326033986627245E-001  0.115595639265689E+002  0.251851081010488E+000  0.976163275868378E+000  0.312128967409758E+001  0.306525160253261E+000 -0.476075711253469E+001
  0.347713086481332E-001  0.113692685168506E+002  0.254415609568203E+000  0.969090486879178E+000  0.311075496615411E+001  0.306525160253261E+000 -0.466560940767554E+001
  0.345646029843529E-001  0.113196501181513E+002  0.251716166211645E+000  0.973469912337228E+000  0.312339668652479E+001  0.306525160253261E+000 -0.464080020832588E+001
  0.359571720872242E-001  0.111791099153611E+002  0.254432935008536E+000  0.982427811374914E+000  0.310211920010409E+001  0.306525160253261E+000 -0.457053010693079E+001
  0.361205417604811E-001  0.111085002753434E+002  0.251715232035544E+000  0.973071448025422E+000  0.312107142614224E+001  0.306525160253261E+000 -0.453522528692192E+001
  0.392347048042490E-001  0.108815570491644E+002  0.252344387124793E+000  0.975393179681958E+000  0.311549968876547E+001  0.306525160253261E+000 -0.442175367383242E+001
  0.420305740839379E-001  0.106823424796956E+002  0.252600675654688E+000  0.979203189072615E+000  0.311521184617923E+001  0.306525160253261E+000 -0.432214638909805E+001
  0.420958375469003E-001  0.106176960476665E+002  0.252303784346651E+000  0.970252570477314E+000  0.312171948028979E+001  0.306525160253261E+000 -0.428982317308349E+001
  0.422333574467469E-001  0.105496297214623E+002  0.254641325404930E+000  0.980124602641007E+000  0.310299045700622E+001  0.306525160253261E+000 -0.425579000998137E+001
  0.414542330162235E-001  0.105253271437637E+002  0.253457945526545E+000  0.982571426597303E+000  0.310723804446339E+001  0.306525160253261E+000 -0.424363872113208E+001
  0.428636265536513E-001  0.103969166252064E+002  0.255044140127288E+000  0.974417178877675E+000  0.310444372242323E+001  0.306525160253261E+000 -0.417943346185345E+001
  0.430256624674911E-001  0.103278270301974E+002  0.255347339496179E+000  0.981197979286744E+000  0.309638444760215E+001  0.306525160253261E+000 -0.414488866434895E+001
  0.461729581883128E-001  0.101250885791168E+002  0.254225592135036E+000  0.978419380907602E+000  0.310671670308018E+001  0.306525160253261E+000 -0.404351943880866E+001
  0.482245598020771E-001  0.997659701253102E+001  0.253318526541641E+000  0.968122872372440E+000  0.311679107367950E+001  0.306525160253261E+000 -0.396927365551575E+001
  0.514446072028044E-001  0.978577927566382E+001  0.255345652743170E+000  0.974478102118768E+000  0.309901437163819E+001  0.306525160253261E+000 -0.387386478708215E+001
  0.582097519070633E-001  0.947714144087590E+001  0.254272795723131E+000  0.970681861530405E+000  0.310735299309732E+001  0.306525160253261E+000 -0.371954586968819E+001
  0.678663197440667E-001  0.910862415368753E+001  0.254257141682518E+000  0.974674263540735E+000  0.310481261821102E+001  0.306525160253261E+000 -0.353528722609400E+001
  0.715326218468918E-001  0.894185341417888E+001  0.254478148078309E+000  0.970669044318455E+000  0.310635029785511E+001  0.306525160253261E+000 -0.345190185633968E+001
  0.717282343239475E-001  0.887484837886181E+001  0.254016321318274E+000  0.981871762528076E+000  0.310422642144411E+001  0.306525160253261E+000 -0.341839933868114E+001
  0.757110098293458E-001  0.870522678972519E+001  0.254581419145734E+000  0.973331310298875E+000  0.310393112711322E+001  0.306525160253261E+000 -0.333358854411283E+001
  0.783536675943306E-001  0.857506509649171E+001  0.252126011956184E+000  0.978533793834935E+000  0.311736010010961E+001  0.306525160253261E+000 -0.326850769749609E+001
  0.775026893741827E-001  0.853536206063897E+001  0.255223198731577E+000  0.970232629714134E+000  0.310468147763425E+001  0.306525160253261E+000 -0.324865617956972E+001
  0.766011206738645E-001  0.849722060433134E+001  0.253215045210014E+000  0.980614878319725E+000  0.311017059568253E+001  0.306525160253261E+000 -0.322958545141591E+001
  0.790686422930428E-001  0.837226797071877E+001  0.253415508340028E+000  0.980286309110344E+000  0.310729301968207E+001  0.306525160253261E+000 -0.316710913460962E+001
  0.813012911837964E-001  0.825503358706325E+001  0.253553959985239E+000  0.969600808508493E+000  0.311483699974568E+001  0.306525160253261E+000 -0.310849194278186E+001
  0.841502257601892E-001  0.812460685909658E+001  0.255527529025140E+000  0.971982956843709E+000  0.310200608944464E+001  0.306525160253261E+000 -0.304327857879853E+001
  0.822939981464824E-001  0.810767439170545E+001  0.251876506640188E+000  0.975471276909990E+000  0.311942441815717E+001  0.306525160253261E+000 -0.303481234510296E+001
  0.818434686820777E-001  0.805711042246494E+001  0.255544455558578E+000  0.970784676473233E+000  0.310176592138239E+001  0.306525160253261E+000 -0.300953036048271E+001
  0.877021712606952E-001  0.785729080024292E+001  0.253112793436118E+000  0.971632271045924E+000  0.311649151553562E+001  0.306525160253261E+000 -0.290962054937170E+001
  0.853261380146723E-001  0.785067913245854E+001  0.255333143934466E+000  0.976859602760271E+000  0.310058109358259E+001  0.306525160253261E+000 -0.290631471547951E+001
  0.870247164047229E-001  0.774971312953094E+001  0.254984061019456E+000  0.969587208211598E+000  0.310583699603981E+001  0.306525160253261E+000 -0.285583171401571E+001
  0.959062145224820E-001  0.749381259822059E+001  0.253739495640436E+000  0.975864740631843E+000  0.311078415481978E+001  0.306525160253261E+000 -0.272788144836053E+001
  0.107071833508210E+000  0.721201094386665E+001  0.255712637222237E+000  0.975511739857472E+000  0.309748297643253E+001  0.306525160253261E+000 -0.258698062118356E+001
  0.104870239995590E+000  0.719201997465726E+001  0.253832254953724E+000  0.975522959817831E+000  0.310707843523661E+001  0.306525160253261E+000 -0.257698513657887E+001
  0.103746534369763E+000  0.715202270024657E+001  0.255534975071130E+000  0.973807355228149E+000  0.310085705768520E+001  0.306525160253261E+000 -0.255698649937352E+001
  0.103774803536448E+000  0.708993449115119E+001  0.255767601420743E+000  0.974323113577874E+000  0.309813700779775E+001  0.306525160253261E+000 -0.252594239482583E+001
  0.114331821988190E+000  0.683462769605893E+001  0.254538503406718E+000  0.976987274554549E+000  0.310246891516597E+001  0.306525160253261E+000 -0.239828899727970E+001
  0.123042475480060E+000  0.662623500828952E+001  0.253809476251883E+000  0.971010117578436E+000  0.311037801394579E+001  0.306525160253261E+000 -0.229409265339500E+001
  0.121136420720221E+000  0.659591623173273E+001  0.255273381880440E+000  0.977596871809886E+000  0.309866910444151E+001  0.306525160253261E+000 -0.227893326511660E+001
  0.118651324330421E+000  0.657582933440504E+001  0.252966833656831E+000  0.973838791850847E+000  0.311337767157581E+001  0.306525160253261E+000 -0.226888981645276E+001
  0.117171532498704E+000  0.653938640428149E+001  0.253339970648057E+000  0.979103690160669E+000  0.311035533527994E+001  0.306525160253261E+000 -0.225066835139098E+001
  0.114396815863814E+000  0.652577449828778E+001  0.254447805013976E+000  0.970090010867692E+000  0.310781360771733E+001  0.306525160253261E+000 -0.224386239839413E+001
  0.110976535669475E+000  0.652494009415211E+001  0.255397696356828E+000  0.974660386312950E+000  0.310114008457157E+001  0.306525160253261E+000 -0.224344519632629E+001
  0.111848059431067E+000  0.644775167793884E+001  0.252870699549405E+000  0.976847651190047E+000  0.311236446143039E+001  0.306525160253261E+000 -0.220485098821966E+001
  0.111361521093016E+000  0.639492732522086E+001  0.253268955466672E+000  0.979259444518159E+000  0.311049692814634E+001  0.306525160253261E+000 -0.217843881186067E+001
  0.111155102536690E+000  0.633709462711516E+001  0.255390467937510E+000  0.977345600529451E+000  0.309910529559026E+001  0.306525160253261E+000 -0.214952246280782E+001
  0.112608063576385E+000  0.624957775057950E+001  0.255508512275874E+000  0.973414876539793E+000  0.310066652601786E+001  0.306525160253261E+000 -0.210576402453999E+001
  0.116395760683663E+000  0.612186885590555E+001  0.254244351553929E+000  0.970105183401634E+000  0.310908224618473E+001  0.306525160253261E+000 -0.204190957720301E+001
  0.116087847285662E+000  0.606562334998741E+001  0.254946026771595E+000  0.971293770875231E+000  0.310438210266559E+001  0.306525160253261E+000 -0.201378682424394E+001
  0.112882111113334E+000  0.606008643072107E+001  0.255221406660656E+000  0.975824803995680E+000  0.309982281866219E+001  0.306525160253261E+000 -0.201101836461078E+001
  0.112047198114616E+000  0.601339074415885E+001  0.253902500404619E+000  0.971173467727090E+000  0.311181451325992E+001  0.306525160253261E+000 -0.198767052132966E+001
  0.118565104825131E+000  0.583876338032687E+001  0.252773525356548E+000  0.974961841878962E+000  0.311612478689173E+001  0.306525160253261E+000 -0.190035683941367E+001
  0.120437735067599E+000  0.574587870211238E+001  0.255001057023549E+000  0.972085225349259E+000  0.310462762251904E+001  0.306525160253261E+000 -0.185391450030643E+001
  0.128763054448942E+000  0.555065332432175E+001  0.253563182126034E+000  0.971635538232070E+000  0.311163812155563E+001  0.306525160253261E+000 -0.175630181141111E+001
  0.127327365476540E+000  0.551153496164263E+001  0.252950530386138E+000  0.971560879465616E+000  0.311569300185363E+001  0.306525160253261E+000 -0.173674263007155E+001
  0.124314116170944E+000  0.549789143121474E+001  0.254824398334674E+000  0.978020021744788E+000  0.310109478229566E+001  0.306525160253261E+000 -0.172992086485761E+001
  0.121214312049386E+000  0.548685092292600E+001  0.254053260322647E+000  0.976998042238593E+000  0.310776838903262E+001  0.306525160253261E+000 -0.172440061071324E+001
  0.124857814819629E+000  0.536607669447916E+001  0.254512730913260E+000  0.976111250831835E+000  0.310341399100767E+001  0.306525160253261E+000 -0.166401349648982E+001
  0.122157002612935E+000  0.534827034593424E+001  0.253830208799411E+000  0.979178267300399E+000  0.310622664125126E+001  0.306525160253261E+000 -0.165511032221736E+001
  0.118801250106078E+000  0.534243741738154E+001  0.253650196079699E+000  0.971574733713462E+000  0.311288534642402E+001  0.306525160253261E+000 -0.165219385794101E+001
  0.118211638756105E+000  0.529084482583487E+001  0.254898065967869E+000  0.975584258111271E+000  0.310349770967194E+001  0.306525160253261E+000 -0.162639756216767E+001
  0.115276489518872E+000  0.527958764312132E+001  0.254101673758452E+000  0.976317025781787E+000  0.310556964864902E+001  0.306525160253261E+000 -0.162076897081090E+001
  0.115151534767396E+000  0.522021341549139E+001  0.255242894853617E+000  0.974919965982417E+000  0.310066485751281E+001  0.306525160253261E+000 -0.159108185699594E+001
  0.117886598080579E+000  0.511172174902726E+001  0.252901518958729E+000  0.977711592565856E+000  0.311249879583628E+001  0.306525160253261E+000 -0.153683602376387E+001
  0.118243468357784E+000  0.504413311007420E+001  0.255140014992273E+000  0.973186960546516E+000  0.310261750815666E+001  0.306525160253261E+000 -0.150304170428734E+001
  0.117661192323762E+000  0.499246288663922E+001  0.253515168227973E+000  0.972630267477701E+000  0.311131348650350E+001  0.306525160253261E+000 -0.147720659256985E+001
  0.114146253947825E+000  0.499157694432883E+001  0.252811028215029E+000  0.973009981101068E+000  0.311648476682508E+001  0.306525160253261E+000 -0.147676362141465E+001
  0.111797343833903E+000  0.497161913352729E+001  0.254797354548742E+000  0.973942716026333E+000  0.310333609800544E+001  0.306525160253261E+000 -0.146678471601388E+001
  0.108849467199725E+000  0.496351963496982E+001  0.254998810926568E+000  0.976974729222902E+000  0.310153705439132E+001  0.306525160253261E+000 -0.146273496673515E+001
  0.105921307970481E+000  0.495651522179696E+001  0.254098215873433E+000  0.977412495153509E+000  0.310521751251737E+001  0.306525160253261E+000 -0.145923276014872E+001
  0.103331417105456E+000  0.494448185701939E+001  0.252733151172589E+000  0.974837690402289E+000  0.311486766498294E+001  0.306525160253261E+000 -0.145321607775993E+001
  0.100963109655851E+000  0.492931107030521E+001  0.253782349658223E+000  0.977877261022027E+000  0.310845228352781E+001  0.306525160253261E+000 -0.144563068440284E+001
  0.101629025008467E+000  0.485461980422306E+001  0.253319167178606E+000  0.972506103144587E+000  0.311417454791242E+001  0.306525160253261E+000 -0.140828505136177E+001
  0.995991136352847E-001  0.483342830340199E+001  0.253932021477843E+000  0.971094621962218E+000  0.311105811548610E+001  0.306525160253261E+000 -0.139768930095123E+001
  0.990093486391679E-001  0.478376296393221E+001  0.254154670714826E+000  0.978693902836018E+000  0.310484656777350E+001  0.306525160253261E+000 -0.137285663121634E+001
  0.978808801454016E-001  0.474514573810804E+001  0.253510580178300E+000  0.976925646714371E+000  0.311065373746456E+001  0.306525160253261E+000 -0.135354801830426E+001
  0.952710910332316E-001  0.473765204668386E+001  0.253903052465207E+000  0.975214358088931E+000  0.310960218659078E+001  0.306525160253261E+000 -0.134980117259217E+001
  0.932677037008976E-001  0.471861377963228E+001  0.253621247965246E+000  0.978041716991028E+000  0.310788633966622E+001  0.306525160253261E+000 -0.134028203906638E+001
  0.906934416466975E-001  0.471304815472499E+001  0.254209669138658E+000  0.972438718454872E+000  0.310915889610957E+001  0.306525160253261E+000 -0.133749922661273E+001
  0.911455602100686E-001  0.464155934736069E+001  0.253649401210111E+000  0.976236143460696E+000  0.310839907371238E+001  0.306525160253261E+000 -0.130175482293058E+001
  0.892386441843022E-001  0.462230325961241E+001  0.254633341649635E+000  0.977896576160615E+000  0.310277239269273E+001  0.306525160253261E+000 -0.129212677905644E+001
  0.870276017663616E-001  0.461093763530745E+001  0.253374393603082E+000  0.978320535664249E+000  0.310970072847415E+001  0.306525160253261E+000 -0.128644396690396E+001
  0.852109721290425E-001  0.459158456521199E+001  0.254281432141373E+000  0.976784973489935E+000  0.310627916657997E+001  0.306525160253261E+000 -0.127676743185623E+001
  0.843088104680627E-001  0.455132891506138E+001  0.253188471317127E+000  0.972907145596663E+000  0.311455761638642E+001  0.306525160253261E+000 -0.125663960678093E+001
  0.821582175066831E-001  0.454146460335894E+001  0.254861219501283E+000  0.973817567686002E+000  0.310333886254657E+001  0.306525160253261E+000 -0.125170745092971E+001
  0.799701521540133E-001  0.453390809205224E+001  0.254190865909370E+000  0.973613695054928E+000  0.310686672555513E+001  0.306525160253261E+000 -0.124792919527636E+001
  0.782439316813342E-001  0.451600915665044E+001  0.253583577475093E+000  0.971441123025114E+000  0.311268813762575E+001  0.306525160253261E+000 -0.123897972757546E+001
  0.761772902126168E-001  0.450800161221170E+001  0.254920376863701E+000  0.975618042612510E+000  0.310201478223314E+001  0.306525160253261E+000 -0.123497595535609E+001
  0.767086587376588E-001  0.443255588806322E+001  0.253280505374598E+000  0.974773324623848E+000  0.311317784615766E+001  0.306525160253261E+000 -0.119725309328185E+001
  0.745541395722012E-001  0.442799062241962E+001  0.254904115125856E+000  0.973924502126227E+000  0.310394280780131E+001  0.306525160253261E+000 -0.119497046046005E+001
  0.742340505112663E-001  0.437505254598756E+001  0.253846636377566E+000  0.973346230893568E+000  0.311079988397989E+001  0.306525160253261E+000 -0.116850142224402E+001
  0.758050345485056E-001  0.427162570343565E+001  0.254522219213195E+000  0.977170908213240E+000  0.310427116604956E+001  0.306525160253261E+000 -0.111678800096806E+001
  0.739783338004232E-001  0.425886727697282E+001  0.254429591532464E+000  0.976686469480883E+000  0.310400627756887E+001  0.306525160253261E+000 -0.111040878773665E+001
  0.742731472522160E-001  0.418936953413696E+001  0.254529244130693E+000  0.972422828411394E+000  0.310634235849548E+001  0.306525160253261E+000 -0.107565991631872E+001
  0.728956546358685E-001  0.416526710991534E+001  0.254378746772098E+000  0.973817008748177E+000  0.310734896674656E+001  0.306525160253261E+000 -0.106360870420791E+001
  0.706952938043218E-001  0.416502384272404E+001  0.254477816381300E+000  0.973280387313229E+000  0.310694936166102E+001  0.306525160253261E+000 -0.106348707061226E+001
  0.687925231722290E-001  0.415804840692191E+001  0.253474366097860E+000  0.977255422646356E+000  0.311029620924680E+001  0.306525160253261E+000 -0.105999935271119E+001
  0.675590814293097E-001  0.413269022705510E+001  0.254231760414572E+000  0.977873252224773E+000  0.310521830908427E+001  0.306525160253261E+000 -0.104732026277779E+001
  0.664394575483178E-001  0.410456966032368E+001  0.253830525232179E+000  0.971933419797560E+000  0.311055234173130E+001  0.306525160253261E+000 -0.103325997941208E+001
  0.645807718299501E-001  0.409977514976256E+001  0.253851114386101E+000  0.977605199307960E+000  0.310696871359781E+001  0.306525160253261E+000 -0.103086272413152E+001
  0.626698482641805E-001  0.409830437991855E+001  0.254448632644725E+000  0.975204339145945E+000  0.310613695707665E+001  0.306525160253261E+000 -0.103012733920951E+001
  0.608773706401919E-001  0.409479890187899E+001  0.253656763866419E+000  0.977858539063703E+000  0.310862556152801E+001  0.306525160253261E+000 -0.102837460018973E+001
  0.593855254379630E-001  0.408287759698716E+001  0.254553222715066E+000  0.972623165080672E+000  0.310647330036251E+001  0.306525160253261E+000 -0.102241394774382E+001
  0.578621450750464E-001  0.407330856920804E+001  0.252990088177710E+000  0.975604855031002E+000  0.311385777036763E+001  0.306525160253261E+000 -0.101762943385426E+001
  0.563028101389046E-001  0.406640310156230E+001  0.253966199591775E+000  0.977630474652087E+000  0.310633747510797E+001  0.306525160253261E+000 -0.101417670003139E+001
  0.548852222117944E-001  0.405586040772144E+001  0.253523940972635E+000  0.972270559833515E+000  0.311207817001164E+001  0.306525160253261E+000 -0.100890535311096E+001
  0.533215156903110E-001  0.405212551959704E+001  0.254542909468248E+000  0.975484177074825E+000  0.310533803555461E+001  0.306525160253261E+000 -0.100703790904876E+001
  0.517196558749060E-001  0.405158624414816E+001  0.253685228273339E+000  0.976463854811289E+000  0.310976857079297E+001  0.306525160253261E+000 -0.100676827132432E+001
  0.503027514302274E-001  0.404559917531918E+001  0.253704215832092E+000  0.972444529052727E+000  0.311174529393719E+001  0.306525160253261E+000 -0.100377473690983E+001
  0.492177728532333E-001  0.402766581976476E+001  0.253036655981308E+000  0.976449294543017E+000  0.311272833103494E+001  0.306525160253261E+000 -0.994808059132617E+000
  0.488677720095036E-001  0.398039585248471E+001  0.253713963392987E+000  0.976843331707014E+000  0.310927814284570E+001  0.306525160253261E+000 -0.971173075492592E+000
  0.493587815836016E-001  0.389885738533103E+001  0.253017691230078E+000  0.974004859181348E+000  0.311438370872329E+001  0.306525160253261E+000 -0.930403841915751E+000
  0.133322684755179E+000  0.183515279803743E+001  0.253728741322775E+000  0.972194708018552E+000  0.311142898117982E+001  0.306525160253261E+000 -0.917576399018717E+000
  0.134421970745390E+000  0.181872980479264E+001  0.254584585277558E+000  0.973172242242192E+000  0.310595800018262E+001  0.306525160253261E+000 -0.909364902396318E+000
  0.139495083365326E+000  0.174463886797159E+001  0.254206242280128E+000  0.972763205147897E+000  0.310856788039695E+001  0.306525160253261E+000 -0.872319433985797E+000
  0.140206101278518E+000  0.173447059577560E+001  0.254362293364589E+000  0.972660579445283E+000  0.310736539969894E+001  0.306525160253261E+000 -0.867235297887803E+000
  0.145117714493644E+000  0.166560710553876E+001  0.253402316867086E+000  0.972906071934069E+000  0.311256895904765E+001  0.306525160253261E+000 -0.832803552769379E+000
  0.145441481693506E+000  0.166114994378842E+001  0.254165325647371E+000  0.973906054369641E+000  0.310715554624633E+001  0.306525160253261E+000 -0.830574971894213E+000
  0.151799483574717E+000  0.157557665397690E+001  0.254454213828715E+000  0.973429924962876E+000  0.310617654776112E+001  0.306525160253261E+000 -0.787788326988451E+000
  0.153735376027250E+000  0.155023200608028E+001  0.253635834703462E+000  0.973704193998422E+000  0.311145342501329E+001  0.306525160253261E+000 -0.775116003040138E+000
  0.186620752785749E+000  0.116254058469224E+001  0.253627025734128E+000  0.973671177819478E+000  0.311085671957640E+001  0.306525160253261E+000 -0.581270292346120E+000
  0.190732093856323E+000  0.111895799297535E+001  0.253762268152007E+000  0.974060391186913E+000  0.310968624379868E+001  0.306525160253261E+000 -0.559478996487673E+000
  0.195432139104327E+000  0.107027117064352E+001  0.253778307716639E+000  0.973781201492119E+000  0.310991643657366E+001  0.306525160253261E+000 -0.535135585321760E+000
