  0.494065645841247E-323  0.151300667518550E+004  0.265336601291677E+000  0.106385166250151E+001  0.300448736506223E+001  0.306525160253261E+000 -0.756055570104952E+003
  0.717759795783621E-317  0.148411866159637E+004  0.233278510167604E+000  0.962595009479199E+000  0.321371062403565E+001  0.306525160253261E+000 -0.741611563310386E+003
  0.396400010569112E-310  0.145300834887662E+004  0.224609595924999E+000  0.925302185412432E+000  0.331000075216829E+001  0.306525160253261E+000 -0.726056406950514E+003
  0.109856468531958E-309  0.145090813366708E+004  0.259280797212918E+000  0.101586601385291E+001  0.302429716548698E+001  0.306525160253261E+000 -0.725006299345740E+003
  0.122867966330177E-290  0.136312448551174E+004  0.266177523298523E+000  0.888318539505679E+000  0.310280784787575E+001  0.306525160253261E+000 -0.681114475268069E+003
  0.351575295577195E-289  0.135635514487615E+004  0.271551156708651E+000  0.953285367286889E+000  0.299856027477635E+001  0.306525160253261E+000 -0.677729804950278E+003
  0.629431162904241E-289  0.135512881636881E+004  0.264738795626865E+000  0.972871780391502E+000  0.302034207983556E+001  0.306525160253261E+000 -0.677116640696604E+003
  0.170498172417550E-288  0.135307428670104E+004  0.276762377707934E+000  0.105440754281706E+001  0.293970584572010E+001  0.306525160253261E+000 -0.676089375862722E+003
  0.296826461226001E-286  0.134269355684236E+004  0.225130406782065E+000  0.101655561889190E+001  0.326815857571390E+001  0.306525160253261E+000 -0.670899010933381E+003
  0.891364728777976E-280  0.131280178035111E+004  0.272098600612950E+000  0.974072982722943E+000  0.303389073245948E+001  0.306525160253261E+000 -0.655953122687758E+003
  0.158241441222672E-277  0.130238198990727E+004  0.225999296292228E+000  0.965734088697629E+000  0.329683815615514E+001  0.306525160253261E+000 -0.650743227465834E+003
  0.185818717747165E-277  0.130199914741590E+004  0.282307305234918E+000  0.935320507498023E+000  0.296540489890615E+001  0.306525160253261E+000 -0.650551806220149E+003
  0.641033598220549E-276  0.129485581329620E+004  0.227763044506669E+000  0.102906313449886E+001  0.324302792414097E+001  0.306525160253261E+000 -0.646980139160299E+003
  0.698960475256358E-266  0.124856954346884E+004  0.252517864292944E+000  0.943138054041078E+000  0.316097743448094E+001  0.306525160253261E+000 -0.623837004246622E+003
  0.800030412258970E-265  0.124363271887286E+004  0.255580991695097E+000  0.103738570794724E+001  0.308286865812655E+001  0.306525160253261E+000 -0.621368591948630E+003
  0.200609172213477E-260  0.122331190691337E+004  0.225025840392430E+000  0.950882484739681E+000  0.328979959439427E+001  0.306525160253261E+000 -0.611208185968884E+003
  0.175845311855890E-255  0.120048802046553E+004  0.265132217311353E+000  0.102862512794868E+001  0.303399939977838E+001  0.306525160253261E+000 -0.599796242744964E+003
  0.534039979826417E-250  0.117517889420608E+004  0.263491320711716E+000  0.102798539124694E+001  0.299917744810397E+001  0.306525160253261E+000 -0.587141679615242E+003
  0.276021708964878E-248  0.116722699288968E+004  0.262364834443247E+000  0.106162515811960E+001  0.299382443007651E+001  0.306525160253261E+000 -0.583165728957039E+003
  0.798003406109502E-239  0.112359565120354E+004  0.224699224928753E+000  0.975569386974726E+000  0.328096886816917E+001  0.306525160253261E+000 -0.561350058113972E+003
  0.221210160668426E-230  0.108465357553801E+004  0.279985631223210E+000  0.921301898052037E+000  0.299350905719468E+001  0.306525160253261E+000 -0.541879020281208E+003
  0.224654811814667E-226  0.106614044777363E+004  0.234880234141245E+000  0.104431562528511E+001  0.317869131185949E+001  0.306525160253261E+000 -0.532622456399016E+003
  0.191740983583560E-220  0.103876472261444E+004  0.254509088943796E+000  0.967816731190889E+000  0.313487256411970E+001  0.306525160253261E+000 -0.518934593819420E+003
  0.487804937637655E-217  0.102302012835799E+004  0.268447044729676E+000  0.902924746641332E+000  0.305727997813483E+001  0.306525160253261E+000 -0.511062296691195E+003
  0.483908477022891E-205  0.967712582441224E+003  0.232888631402411E+000  0.102017612699165E+001  0.319827989674684E+001  0.306525160253261E+000 -0.483408523732813E+003
  0.144668744242419E-202  0.956250426936573E+003  0.247589998860396E+000  0.995783463055752E+000  0.310915677675209E+001  0.306525160253261E+000 -0.477677445980488E+003
  0.169442611341680E-195  0.923636556943556E+003  0.275704879129658E+000  0.947303250490745E+000  0.302078799193665E+001  0.306525160253261E+000 -0.461370510983979E+003
  0.311838940449993E-193  0.913144728164883E+003  0.231259875580451E+000  0.100007727972898E+001  0.324198840682768E+001  0.306525160253261E+000 -0.456124596594642E+003
  0.149259420529201E-191  0.905346446412799E+003  0.237059500020583E+000  0.909958163336478E+000  0.324096689440590E+001  0.306525160253261E+000 -0.452225455718601E+003
  0.277434495261045E-190  0.899439934943870E+003  0.258422240503090E+000  0.943219516494906E+000  0.312312533144725E+001  0.306525160253261E+000 -0.449272199984136E+003
  0.135505011510552E-184  0.873180522965117E+003  0.276135111781948E+000  0.920902750777781E+000  0.302233588242888E+001  0.306525160253261E+000 -0.436142493994760E+003
  0.831653158201485E-180  0.851069485200254E+003  0.253945581933751E+000  0.911069604835939E+000  0.312788168289041E+001  0.306525160253261E+000 -0.425086975112328E+003
  0.341729956808427E-164  0.779104008210217E+003  0.269315011949548E+000  0.104247273301321E+001  0.297943650623422E+001  0.306525160253261E+000 -0.389104236617310E+003
  0.121643305735260E-155  0.739661788791723E+003  0.274150312768644E+000  0.100189181666224E+001  0.296837574672451E+001  0.306525160253261E+000 -0.369383126908062E+003
  0.334000207757660E-155  0.737580148322025E+003  0.258093050025407E+000  0.916652144289291E+000  0.310289171173125E+001  0.306525160253261E+000 -0.368342306673213E+003
  0.564088322415474E-155  0.736470466556172E+003  0.239692292022989E+000  0.102318660114500E+001  0.317568042840965E+001  0.306525160253261E+000 -0.367787465790287E+003
  0.334319628473542E-149  0.709824128787742E+003  0.265490012953478E+000  0.927040023468443E+000  0.308532175399914E+001  0.306525160253261E+000 -0.354464296906072E+003
  0.154468640281561E-148  0.706701628097695E+003  0.230825596718386E+000  0.976227640787599E+000  0.324116276696815E+001  0.306525160253261E+000 -0.352903046561049E+003
  0.734501634118737E-147  0.698916512353965E+003  0.247196351906931E+000  0.104607254492543E+001  0.310088081720601E+001  0.306525160253261E+000 -0.349010488689184E+003
  0.271790736303217E-146  0.696238118454742E+003  0.235653384770930E+000  0.929306497732038E+000  0.324343584399983E+001  0.306525160253261E+000 -0.347671291739572E+003
  0.112166638851067E-141  0.674920817819337E+003  0.275568061656733E+000  0.999076419450935E+000  0.296624696212075E+001  0.306525160253261E+000 -0.337012641421870E+003
  0.606112145249833E-131  0.625433413812754E+003  0.268892682295310E+000  0.924269300797650E+000  0.306233583449658E+001  0.306525160253261E+000 -0.312268939418578E+003
  0.668688827178199E-130  0.620570192722369E+003  0.244257813510635E+000  0.103007794757697E+001  0.314141069334181E+001  0.306525160253261E+000 -0.309837328873386E+003
  0.735272271933893E-129  0.615713635123098E+003  0.241074985979700E+000  0.994447382651391E+000  0.318826342550900E+001  0.306525160253261E+000 -0.307409050073750E+003
  0.464508166532256E-128  0.611965445078144E+003  0.234426796247937E+000  0.967966428409988E+000  0.321903870846982E+001  0.306525160253261E+000 -0.305534955051273E+003
  0.494963499260924E-120  0.574935530509818E+003  0.235449404917140E+000  0.101044185091585E+001  0.319707077507627E+001  0.306525160253261E+000 -0.287019997767110E+003
  0.521690378961279E-120  0.574768806698148E+003  0.253282957914677E+000  0.103689967267407E+001  0.308261344603551E+001  0.306525160253261E+000 -0.286936635861275E+003
  0.291017392862402E-116  0.557453965103820E+003  0.259268633138250E+000  0.916818254328112E+000  0.310169912785807E+001  0.306525160253261E+000 -0.278279215064111E+003
  0.434984188716609E-115  0.551983398304542E+003  0.241175500198732E+000  0.102241623079442E+001  0.314866226736083E+001  0.306525160253261E+000 -0.275543931664472E+003
  0.122370065490355E-112  0.540642864240184E+003  0.235431863864560E+000  0.944843935008623E+000  0.323415354969678E+001  0.306525160253261E+000 -0.269873664632293E+003
  0.384149638021100E-112  0.538293356159156E+003  0.272612515229017E+000  0.986545849735142E+000  0.300841806323306E+001  0.306525160253261E+000 -0.268698910591779E+003
  0.778130257705631E-110  0.527609748914860E+003  0.260433171654970E+000  0.976582207982650E+000  0.308845533683332E+001  0.306525160253261E+000 -0.263357106969631E+003
  0.164446255134830E-109  0.526051655683947E+003  0.233350694469337E+000  0.974202446345261E+000  0.323393494370662E+001  0.306525160253261E+000 -0.262578060354175E+003
  0.408036412902794E-107  0.514962226759805E+003  0.266909348907724E+000  0.946623106377226E+000  0.306530924728663E+001  0.306525160253261E+000 -0.257033345892104E+003
  0.192514401660732E-104  0.502587543790470E+003  0.239902333407873E+000  0.997114950299147E+000  0.316690661721850E+001  0.306525160253261E+000 -0.250846004407436E+003
  0.151188271745645E-103  0.498404120430817E+003  0.265316161984244E+000  0.947718559017742E+000  0.307406919044097E+001  0.306525160253261E+000 -0.248754292727610E+003
  0.216688460095269E-102  0.493017537404893E+003  0.240895761932812E+000  0.102177600937043E+001  0.315464951667008E+001  0.306525160253261E+000 -0.246061001214648E+003
  0.299710746611537E-102  0.492307279732844E+003  0.267320090408199E+000  0.968923168483383E+000  0.305144644901457E+001  0.306525160253261E+000 -0.245705872378623E+003
  0.434049465798907E-102  0.491505055070461E+003  0.266871666394673E+000  0.939076170075926E+000  0.304715846858295E+001  0.306525160253261E+000 -0.245304760047432E+003
  0.668386951828483E-102  0.490580094211270E+003  0.243207139706339E+000  0.987373748547768E+000  0.314926735715693E+001  0.306525160253261E+000 -0.244842279617836E+003
  0.503942652656186E-101  0.486478190303637E+003  0.236236320900414E+000  0.947265019992672E+000  0.322719195700221E+001  0.306525160253261E+000 -0.242791327664020E+003
  0.573702690892550E-101  0.486157349336645E+003  0.270884856972211E+000  0.959664499021105E+000  0.303389562555137E+001  0.306525160253261E+000 -0.242630907180524E+003
  0.344555013211880E-100  0.482510350901903E+003  0.268160604417704E+000  0.958361173665303E+000  0.302705307304002E+001  0.306525160253261E+000 -0.240807407963153E+003
  0.806991088145331E-100  0.480746689869982E+003  0.253234368900417E+000  0.102678162464205E+001  0.309099527955429E+001  0.306525160253261E+000 -0.239925577447192E+003
  0.159590024381206E-099  0.479321385258327E+003  0.264889155776746E+000  0.921729669171653E+000  0.308086203900702E+001  0.306525160253261E+000 -0.239212925141365E+003
  0.590099777857035E-097  0.467434134652161E+003  0.262283294666853E+000  0.997217098756888E+000  0.303316945931553E+001  0.306525160253261E+000 -0.233269299838282E+003
  0.268037507655503E-095  0.459740580388764E+003  0.237582267526627E+000  0.987270244108367E+000  0.318960560719586E+001  0.306525160253261E+000 -0.229422522706583E+003
  0.247736350844960E-092  0.446021050204300E+003  0.258593063623291E+000  0.973304112011847E+000  0.309953654902749E+001  0.306525160253261E+000 -0.222562757614351E+003
  0.659474300155849E-092  0.444001351040009E+003  0.271143729524545E+000  0.944153605829693E+000  0.302895330862767E+001  0.306525160253261E+000 -0.221552908032206E+003
  0.642795570004634E-083  0.402544508569974E+003  0.266889284522126E+000  0.985624209838234E+000  0.301820274403914E+001  0.306525160253261E+000 -0.200824486797188E+003
  0.132775258437528E-082  0.401032132725421E+003  0.253618478604135E+000  0.980775620634145E+000  0.312283057508270E+001  0.306525160253261E+000 -0.200068298874912E+003
  0.152821520030092E-082  0.400689363824147E+003  0.250777157559467E+000  0.100700127848948E+001  0.312067044963182E+001  0.306525160253261E+000 -0.199896914424275E+003
  0.548415122667485E-082  0.398072296869655E+003  0.239255449071931E+000  0.942927568188046E+000  0.321069773771370E+001  0.306525160253261E+000 -0.198588380947029E+003
  0.809619561922730E-082  0.397231689677508E+003  0.264634574640738E+000  0.101915327620895E+001  0.301587659803212E+001  0.306525160253261E+000 -0.198168077350955E+003
  0.288048339448118E-080  0.390026678286873E+003  0.250799212316117E+000  0.919549560758165E+000  0.315580036729249E+001  0.306525160253261E+000 -0.194565571655638E+003
  0.441774379185627E-080  0.389109792997414E+003  0.249961280517621E+000  0.998794696257143E+000  0.310326494660785E+001  0.306525160253261E+000 -0.194107129010908E+003
  0.243621438564415E-079  0.385633447010520E+003  0.265885120577815E+000  0.970123824844346E+000  0.303248685716599E+001  0.306525160253261E+000 -0.192368956017461E+003
  0.404355753469160E-077  0.375348204262876E+003  0.237576439807922E+000  0.959076537629098E+000  0.321060486209878E+001  0.306525160253261E+000 -0.187226334643639E+003
  0.135321181493195E-073  0.359055268188378E+003  0.257536599546767E+000  0.101983244148238E+001  0.305240947350669E+001  0.306525160253261E+000 -0.179079866606390E+003
  0.230154811562019E-073  0.357931522668514E+003  0.253670927382473E+000  0.964114788416389E+000  0.310111987277318E+001  0.306525160253261E+000 -0.178517993846458E+003
  0.774067560952366E-073  0.355444165388006E+003  0.242060714433161E+000  0.955502931563623E+000  0.319807181333301E+001  0.306525160253261E+000 -0.177274315206204E+003
  0.965063670919387E-073  0.354941552227558E+003  0.270530443387778E+000  0.991131734085481E+000  0.300272557579873E+001  0.306525160253261E+000 -0.177023008625980E+003
  0.132802688490525E-072  0.354241497920026E+003  0.248047411627408E+000  0.941374616397791E+000  0.315040955115841E+001  0.306525160253261E+000 -0.176672981472214E+003
  0.113658275935241E-071  0.349886120645416E+003  0.248271651206385E+000  0.924868548757920E+000  0.316811935796962E+001  0.306525160253261E+000 -0.174495292834909E+003
  0.219393491145511E-069  0.339298895928804E+003  0.249185728458435E+000  0.102375743126768E+001  0.311021084899743E+001  0.306525160253261E+000 -0.169201680476603E+003
  0.119669258368069E-068  0.335844452672548E+003  0.256002975162263E+000  0.956634283906491E+000  0.312086325709227E+001  0.306525160253261E+000 -0.167474458848475E+003
  0.108519610134291E-067  0.331373340893313E+003  0.267551325883950E+000  0.947155806603859E+000  0.305409330407577E+001  0.306525160253261E+000 -0.165238902958858E+003
  0.121936179078574E-067  0.331078663795307E+003  0.245650201759233E+000  0.953692449582837E+000  0.317948229565719E+001  0.306525160253261E+000 -0.165091564409855E+003
  0.411881824360438E-067  0.328582643100818E+003  0.260774198953891E+000  0.929445836724257E+000  0.309125417631521E+001  0.306525160253261E+000 -0.163843554062610E+003
  0.251986753824054E-066  0.324898649501873E+003  0.243837922253797E+000  0.952215295146261E+000  0.318925856643792E+001  0.306525160253261E+000 -0.162001557263138E+003
  0.489877224662376E-065  0.318902379446840E+003  0.259997183973250E+000  0.974402280776844E+000  0.308797503848761E+001  0.306525160253261E+000 -0.159003422235621E+003
  0.143881048931427E-064  0.316686001720865E+003  0.250160919077877E+000  0.100357375135283E+001  0.312467391912529E+001  0.306525160253261E+000 -0.157895233372634E+003
  0.141649421487190E-064  0.316655721937440E+003  0.261684874584029E+000  0.100388259980715E+001  0.303727785732305E+001  0.306525160253261E+000 -0.157880093480921E+003
  0.224271904072045E-064  0.315675170558062E+003  0.260809100559370E+000  0.945924448970273E+000  0.309672773477028E+001  0.306525160253261E+000 -0.157389817791232E+003
  0.823545720051364E-064  0.313012107452580E+003  0.256593816188077E+000  0.926818577783919E+000  0.312439678482087E+001  0.306525160253261E+000 -0.156058286238491E+003
  0.146646896391486E-063  0.311796576820132E+003  0.262601906404841E+000  0.950348140676720E+000  0.306397551572836E+001  0.306525160253261E+000 -0.155450520922267E+003
  0.521823854555855E-062  0.304591258405353E+003  0.243144779349080E+000  0.997974604833930E+000  0.315023255299522E+001  0.306525160253261E+000 -0.151847861714878E+003
  0.676905621460679E-061  0.299404141364757E+003  0.254850891978687E+000  0.926389304112048E+000  0.313312828973731E+001  0.306525160253261E+000 -0.149254303194579E+003
  0.480380652034035E-060  0.295423333944433E+003  0.268794263155712E+000  0.971094111709307E+000  0.303421723405068E+001  0.306525160253261E+000 -0.147263899484418E+003
  0.123815416975768E-059  0.293468194302893E+003  0.239537603388132E+000  0.973908760319996E+000  0.318854438895262E+001  0.306525160253261E+000 -0.146286329663648E+003
  0.278677765197973E-058  0.287178952265401E+003  0.268021479266014E+000  0.965177083423649E+000  0.304225655358850E+001  0.306525160253261E+000 -0.143141708644902E+003
  0.138097994682737E-057  0.283916423984762E+003  0.250757147188872E+000  0.955625109047822E+000  0.312545859206147E+001  0.306525160253261E+000 -0.141510444504582E+003
  0.153375896786569E-057  0.283645024246458E+003  0.245751509979144E+000  0.974291185593783E+000  0.316783482508056E+001  0.306525160253261E+000 -0.141374744635430E+003
  0.107424686566195E-056  0.279690514219287E+003  0.240681357470398E+000  0.981784937371407E+000  0.317609844561598E+001  0.306525160253261E+000 -0.139397489621844E+003
  0.431410361018480E-055  0.272243261238155E+003  0.246186545288203E+000  0.968817295777384E+000  0.314558467511805E+001  0.306525160253261E+000 -0.135673863131279E+003
  0.478071976770136E-055  0.271976314822202E+003  0.247557024450909E+000  0.950937475920938E+000  0.314879326576474E+001  0.306525160253261E+000 -0.135540389923302E+003
  0.117341855893842E-054  0.270118940879724E+003  0.269042001885407E+000  0.962381290608491E+000  0.303186191052219E+001  0.306525160253261E+000 -0.134611702952063E+003
  0.225444009538804E-054  0.268751436935124E+003  0.251713746876086E+000  0.101198074516876E+001  0.310698335227697E+001  0.306525160253261E+000 -0.133927950979763E+003
  0.835692808379790E-054  0.266069515101627E+003  0.252514525574245E+000  0.935996746518130E+000  0.313114850544485E+001  0.306525160253261E+000 -0.132586990063015E+003
  0.365560781995213E-053  0.263056458654093E+003  0.263182640069985E+000  0.997290329392864E+000  0.303456766234856E+001  0.306525160253261E+000 -0.131080461839247E+003
  0.184247341120911E-052  0.259760052077630E+003  0.266583666996732E+000  0.950329068097203E+000  0.305529680885172E+001  0.306525160253261E+000 -0.129432258551016E+003
  0.469320016564552E-052  0.257828497212882E+003  0.259737361341133E+000  0.101781068151739E+001  0.304919778635267E+001  0.306525160253261E+000 -0.128466481118642E+003
  0.334286481919236E-049  0.244630016374018E+003  0.266532576790633E+000  0.985609866643641E+000  0.302579979575156E+001  0.306525160253261E+000 -0.121867240699210E+003
  0.647433499151240E-049  0.243246437599379E+003  0.253262117004620E+000  0.938758418261756E+000  0.313986063005582E+001  0.306525160253261E+000 -0.121175451311891E+003
  0.903458165901868E-048  0.237913296651242E+003  0.241389098833502E+000  0.958364360438892E+000  0.319412104649739E+001  0.306525160253261E+000 -0.118508880837822E+003
  0.100004062193835E-047  0.237648621147105E+003  0.252096867381561E+000  0.933047231557792E+000  0.313875244793959E+001  0.306525160253261E+000 -0.118376543085754E+003
  0.647212727644330E-047  0.233852149381462E+003  0.264892230801823E+000  0.965400520619211E+000  0.304527597462303E+001  0.306525160253261E+000 -0.116478307202932E+003
  0.555693681910856E-045  0.224885181333431E+003  0.242368530177843E+000  0.997412254500656E+000  0.316193374616151E+001  0.306525160253261E+000 -0.111994823178916E+003
  0.115275854897370E-044  0.223364246262901E+003  0.249648700696317E+000  0.100895801477540E+001  0.311928236277881E+001  0.306525160253261E+000 -0.111234355643651E+003
  0.500512355520828E-044  0.220366094364398E+003  0.241861444943156E+000  0.974373164155408E+000  0.318501758890882E+001  0.306525160253261E+000 -0.109735279694400E+003
  0.615766158197313E-044  0.219890081060384E+003  0.241880211914526E+000  0.962852609708736E+000  0.318996414160147E+001  0.306525160253261E+000 -0.109497273042393E+003
  0.977277823010589E-042  0.209694389977392E+003  0.255346040727278E+000  0.100186722396451E+001  0.309314745889127E+001  0.306525160253261E+000 -0.104399427500897E+003
  0.157534737867117E-041  0.208677926440379E+003  0.263263820405642E+000  0.954675115373196E+000  0.306166126779717E+001  0.306525160253261E+000 -0.103891195732391E+003
  0.677365130993599E-041  0.205699254178125E+003  0.241828637676517E+000  0.971643708320759E+000  0.317696332146693E+001  0.306525160253261E+000 -0.102401859601264E+003
  0.791277519658896E-041  0.205326834283711E+003  0.259644568543316E+000  0.939397961915070E+000  0.309313166593369E+001  0.306525160253261E+000 -0.102215649654057E+003
  0.151082804566699E-039  0.199366591977815E+003  0.244653024476832E+000  0.100208216864722E+001  0.314488175124436E+001  0.306525160253261E+000 -0.992355285011086E+002
  0.187748444553579E-038  0.194265328584862E+003  0.258952636029282E+000  0.948357870982898E+000  0.310260960338494E+001  0.306525160253261E+000 -0.966848968046323E+002
  0.505799916481070E-038  0.192221708941186E+003  0.248425272594113E+000  0.100666898659361E+001  0.311709581809705E+001  0.306525160253261E+000 -0.956630869827941E+002
  0.570388412744600E-037  0.187314642666829E+003  0.253710203869832E+000  0.936205521620017E+000  0.312974816272510E+001  0.306525160253261E+000 -0.932095538456156E+002
  0.159747311522491E-036  0.185193377745098E+003  0.258725358562884E+000  0.100889529227388E+001  0.306442781699154E+001  0.306525160253261E+000 -0.921489213847501E+002
  0.300744147433724E-036  0.183866501165914E+003  0.252256970814289E+000  0.939022220855335E+000  0.313432297244063E+001  0.306525160253261E+000 -0.914854830951582E+002
  0.266558037924378E-035  0.179441123455667E+003  0.265482896477930E+000  0.966562919846097E+000  0.304525634507899E+001  0.306525160253261E+000 -0.892727942400348E+002
  0.115156480177152E-034  0.176453010147500E+003  0.249393825364029E+000  0.968870120114126E+000  0.314783649696777E+001  0.306525160253261E+000 -0.877787375859512E+002
  0.516549342446081E-034  0.173389708998815E+003  0.251372402137446E+000  0.100603462533519E+001  0.309924798645990E+001  0.306525160253261E+000 -0.862470870116086E+002
  0.105307053167457E-033  0.171903576331050E+003  0.258130197522894E+000  0.944395508411848E+000  0.310721806745157E+001  0.306525160253261E+000 -0.855040206777260E+002
  0.365698501002011E-033  0.169352175358476E+003  0.262678191286395E+000  0.100126653760740E+001  0.304258352555764E+001  0.306525160253261E+000 -0.842283201914391E+002
  0.142339805455586E-031  0.161967475731271E+003  0.244686879101623E+000  0.961218762227531E+000  0.317480648472941E+001  0.306525160253261E+000 -0.805359703778368E+002
  0.155587806676928E-031  0.161727946313331E+003  0.259558017267782E+000  0.967430158919973E+000  0.307229631373225E+001  0.306525160253261E+000 -0.804162056688667E+002
  0.197830043779940E-030  0.156580836706158E+003  0.252894258391385E+000  0.100020353697500E+001  0.310653528607304E+001  0.306525160253261E+000 -0.778426508652801E+002
  0.107298908081490E-029  0.153137702850976E+003  0.257826166455547E+000  0.965174895173670E+000  0.308308865609893E+001  0.306525160253261E+000 -0.761210839376893E+002
  0.127508127338929E-029  0.152731036267381E+003  0.255672677223377E+000  0.100913154616173E+001  0.308011915257273E+001  0.306525160253261E+000 -0.759177506458916E+002
  0.230894151288162E-028  0.146876764204912E+003  0.254377036829829E+000  0.953943850209102E+000  0.312562536891809E+001  0.306525160253261E+000 -0.729906146146571E+002
  0.232503196580279E-028  0.146801331712199E+003  0.257608538158980E+000  0.961098769871279E+000  0.308725897649877E+001  0.306525160253261E+000 -0.729528983683005E+002
  0.289026812456083E-027  0.141699387235260E+003  0.248138323111757E+000  0.988253393430431E+000  0.314150248430432E+001  0.306525160253261E+000 -0.704019261298314E+002
  0.415104385039722E-027  0.140913822801237E+003  0.247135489572765E+000  0.973649954249844E+000  0.315604233966424E+001  0.306525160253261E+000 -0.700091439128197E+002
  0.762542732738797E-026  0.135030852235858E+003  0.252811029396524E+000  0.963409776022016E+000  0.311277351938903E+001  0.306525160253261E+000 -0.670676586301301E+002
  0.258590393546240E-025  0.132526965196788E+003  0.250165159913521E+000  0.980081160645505E+000  0.311865786737662E+001  0.306525160253261E+000 -0.658157151105952E+002
  0.121568861863843E-024  0.129369780595826E+003  0.253769105176693E+000  0.950449557852725E+000  0.312929166235511E+001  0.306525160253261E+000 -0.642371228101140E+002
  0.189842601226283E-023  0.123811638197114E+003  0.261169148543428E+000  0.968615251658955E+000  0.307768036581091E+001  0.306525160253261E+000 -0.614580516107580E+002
  0.228028371831945E-023  0.123383545390110E+003  0.245509646782725E+000  0.988246474115323E+000  0.315323223860939E+001  0.306525160253261E+000 -0.612440052072562E+002
  0.310279653676554E-023  0.122705994192005E+003  0.245046398962285E+000  0.965051113167098E+000  0.316897985415643E+001  0.306525160253261E+000 -0.609052296082037E+002
  0.325596639498680E-023  0.122548080247337E+003  0.262669553599411E+000  0.975042586626604E+000  0.305457966043534E+001  0.306525160253261E+000 -0.608262726358696E+002
  0.436126896416573E-023  0.121901989060593E+003  0.261331769660132E+000  0.961034238542994E+000  0.307014247120663E+001  0.306525160253261E+000 -0.605032270424979E+002
  0.489921412275165E-022  0.117002652062672E+003  0.251338017829124E+000  0.961362746784284E+000  0.312363159769528E+001  0.306525160253261E+000 -0.580535585435372E+002
  0.448491850636146E-021  0.112512647527473E+003  0.263209204595934E+000  0.979345243623011E+000  0.305101718415060E+001  0.306525160253261E+000 -0.558085562759376E+002
  0.620760117408264E-021  0.111800995786398E+003  0.249716229907490E+000  0.949315939448489E+000  0.314470837080915E+001  0.306525160253261E+000 -0.554527304053999E+002
  0.773376737162129E-020  0.106694639128840E+003  0.263553084000897E+000  0.978567887933685E+000  0.305265679145217E+001  0.306525160253261E+000 -0.528995520766209E+002
  0.256950050731793E-019  0.104231694803881E+003  0.257810737882798E+000  0.956091322118384E+000  0.310268931723119E+001  0.306525160253261E+000 -0.516680799141415E+002
  0.161433302582602E-018  0.100494560581801E+003  0.260917542491570E+000  0.967436352475223E+000  0.306862757539699E+001  0.306525160253261E+000 -0.497995128031018E+002
  0.586183461103007E-018  0.978539357767100E+002  0.250334455393913E+000  0.954427986665839E+000  0.314513512317668E+001  0.306525160253261E+000 -0.484792004005562E+002
  0.379803388914587E-017  0.940551804591953E+002  0.257306950538160E+000  0.995903868534545E+000  0.307264903845897E+001  0.306525160253261E+000 -0.465798227417988E+002
  0.450118264347444E-017  0.936539238685297E+002  0.248731648509673E+000  0.978030090710416E+000  0.313050878391708E+001  0.306525160253261E+000 -0.463791944464660E+002
  0.234044721190845E-016  0.902952066544070E+002  0.262478915486035E+000  0.971531976708229E+000  0.306440974396776E+001  0.306525160253261E+000 -0.446998358394046E+002
  0.230061685179378E-016  0.902679928248744E+002  0.254131895711006E+000  0.956136957032820E+000  0.312354152961149E+001  0.306525160253261E+000 -0.446862289246384E+002
  0.632656067258716E-016  0.881832905726974E+002  0.256179414111969E+000  0.949876506899028E+000  0.311191890276367E+001  0.306525160253261E+000 -0.436438777985498E+002
  0.306564692471220E-015  0.849655733399613E+002  0.250831919342589E+000  0.976858559024913E+000  0.313204822017401E+001  0.306525160253261E+000 -0.420350191821818E+002
  0.400737991160874E-015  0.843682719754220E+002  0.252349525293605E+000  0.952536132800950E+000  0.312671594295655E+001  0.306525160253261E+000 -0.417363684999121E+002
  0.401073452593003E-015  0.843050551401844E+002  0.256578182710949E+000  0.999797509417675E+000  0.307824117072257E+001  0.306525160253261E+000 -0.417047600822934E+002
  0.435725851553172E-015  0.840777744615287E+002  0.245863255719902E+000  0.969507398008201E+000  0.315711449257220E+001  0.306525160253261E+000 -0.415911197429655E+002
  0.689206837526552E-015  0.830991748225476E+002  0.254564703379703E+000  0.981292968284267E+000  0.309409400504829E+001  0.306525160253261E+000 -0.411018199234749E+002
  0.170081462052256E-014  0.812309891487202E+002  0.249458160258683E+000  0.996224028168440E+000  0.312276929876479E+001  0.306525160253261E+000 -0.401677270865613E+002
  0.311959452622718E-014  0.799562544133814E+002  0.248227421752257E+000  0.957171327730161E+000  0.315046537994575E+001  0.306525160253261E+000 -0.395303597188918E+002
  0.642201077468146E-014  0.784506546168295E+002  0.258653686899692E+000  0.995648923921843E+000  0.306965663948516E+001  0.306525160253261E+000 -0.387775598206159E+002
  0.723648058534247E-014  0.781503038839562E+002  0.262147767729709E+000  0.975788327843705E+000  0.306241736989645E+001  0.306525160253261E+000 -0.386273844541793E+002
  0.905895241236753E-014  0.776395235578566E+002  0.250543885703250E+000  0.959717184507793E+000  0.314133171339065E+001  0.306525160253261E+000 -0.383719942911295E+002
  0.880793133063294E-014  0.776341820054334E+002  0.258834766460645E+000  0.955850414262545E+000  0.308993600304790E+001  0.306525160253261E+000 -0.383693235149179E+002
  0.240942032187524E-013  0.755600013319359E+002  0.250865467699087E+000  0.959794600425746E+000  0.313948040084272E+001  0.306525160253261E+000 -0.373322331781691E+002
  0.312947221244022E-013  0.749755016548386E+002  0.260340461789764E+000  0.983248010934010E+000  0.306392650568323E+001  0.306525160253261E+000 -0.370399833396205E+002
  0.585877319445045E-013  0.736598066153479E+002  0.261349302206745E+000  0.974392978329692E+000  0.306454990364278E+001  0.306525160253261E+000 -0.363821358198751E+002
  0.618187571064148E-013  0.734909002794567E+002  0.249766550847455E+000  0.995058229946667E+000  0.311948543980244E+001  0.306525160253261E+000 -0.362976826519295E+002
  0.105973842838889E-012  0.723513860290674E+002  0.253402955096431E+000  0.977258201504352E+000  0.311691877608622E+001  0.306525160253261E+000 -0.357279255267349E+002
  0.164368346189215E-012  0.714120074624021E+002  0.261693070702040E+000  0.971156605324588E+000  0.306744073113252E+001  0.306525160253261E+000 -0.352582362434022E+002
  0.202589329481559E-012  0.709323221453431E+002  0.247546392439381E+000  0.981271003101036E+000  0.313849157403317E+001  0.306525160253261E+000 -0.350183935848727E+002
  0.176650874182530E-011  0.665396198421324E+002  0.257877353357944E+000  0.970198037761512E+000  0.309429749338775E+001  0.306525160253261E+000 -0.328220424332673E+002
  0.421894453261048E-011  0.647369168257298E+002  0.257597715986142E+000  0.966518398246282E+000  0.308754059131578E+001  0.306525160253261E+000 -0.319206909250661E+002
  0.632372183019085E-011  0.638659276163968E+002  0.248611998366438E+000  0.971218434911016E+000  0.313708598504691E+001  0.306525160253261E+000 -0.314851963203996E+002
  0.648446493799936E-011  0.637541815496185E+002  0.249090786484024E+000  0.967899236337531E+000  0.313608654392382E+001  0.306525160253261E+000 -0.314293232870104E+002
  0.696855809125874E-011  0.635486401861335E+002  0.253523430912462E+000  0.966817327887061E+000  0.312142212504553E+001  0.306525160253261E+000 -0.313265526052679E+002
  0.753756982043827E-011  0.633301138782406E+002  0.251204596035143E+000  0.961000919886733E+000  0.312769480764078E+001  0.306525160253261E+000 -0.312172894513215E+002
  0.813199290736828E-011  0.631167581639250E+002  0.255352353632559E+000  0.987276421934320E+000  0.308797090642308E+001  0.306525160253261E+000 -0.311106115941637E+002
  0.433369996928855E-010  0.597088133607357E+002  0.251311400235683E+000  0.955256719944340E+000  0.313606008009766E+001  0.306525160253261E+000 -0.294066391925690E+002
  0.788680583958636E-010  0.584497309577556E+002  0.257079286925985E+000  0.959505623273915E+000  0.309621205975247E+001  0.306525160253261E+000 -0.287770979910789E+002
  0.119841933395347E-009  0.575513929535252E+002  0.251633571550744E+000  0.994679734042757E+000  0.311138047361126E+001  0.306525160253261E+000 -0.283279289889637E+002
  0.174710698221093E-009  0.567359340358749E+002  0.251682130508956E+000  0.956288166108019E+000  0.313410045121403E+001  0.306525160253261E+000 -0.279201995301386E+002
  0.179759816307108E-009  0.566174104124172E+002  0.255234621579974E+000  0.982430499345895E+000  0.310216945090009E+001  0.306525160253261E+000 -0.278609377184098E+002
  0.377907577857581E-009  0.550698109816765E+002  0.247532272427422E+000  0.980970916033883E+000  0.314317451783453E+001  0.306525160253261E+000 -0.270871380030394E+002
  0.560325980049070E-009  0.542205295465442E+002  0.254665977412018E+000  0.989182281718228E+000  0.309169027321656E+001  0.306525160253261E+000 -0.266624972854733E+002
  0.184283436811637E-008  0.517779035067494E+002  0.257879278770394E+000  0.970165567690580E+000  0.308452283003650E+001  0.306525160253261E+000 -0.254411842655759E+002
  0.260675390655282E-008  0.510227583304827E+002  0.254865126145907E+000  0.982973671563850E+000  0.309331554123724E+001  0.306525160253261E+000 -0.250636116774425E+002
  0.408301814901213E-008  0.500637535650885E+002  0.254318952381315E+000  0.964953856955063E+000  0.311688855277712E+001  0.306525160253261E+000 -0.245841092947454E+002
  0.405397898009078E-008  0.500164854363753E+002  0.248883384735127E+000  0.966011742835960E+000  0.314514432854154E+001  0.306525160253261E+000 -0.245604752303888E+002
  0.715790332488929E-008  0.488179056323752E+002  0.257783548625217E+000  0.983418161914241E+000  0.308540702524501E+001  0.306525160253261E+000 -0.239611853283887E+002
  0.100022633579730E-007  0.480871737214183E+002  0.248412217695840E+000  0.978369292459322E+000  0.313589401569322E+001  0.306525160253261E+000 -0.235958193729103E+002
  0.144870757572144E-007  0.472847393607080E+002  0.259982848386592E+000  0.972180809487896E+000  0.307457629661400E+001  0.306525160253261E+000 -0.231946021925552E+002
  0.267953284757790E-007  0.459932547696785E+002  0.257961510086127E+000  0.960244211102321E+000  0.309419497134436E+001  0.306525160253261E+000 -0.225488598970404E+002
  0.272767025526108E-007  0.458961006727839E+002  0.255956560409069E+000  0.968301853449008E+000  0.309609784230096E+001  0.306525160253261E+000 -0.225002828485931E+002
  0.286210542003614E-007  0.457383380427586E+002  0.253142778710249E+000  0.978279180921720E+000  0.311630910699782E+001  0.306525160253261E+000 -0.224214015335805E+002
  0.304654648245811E-007  0.455518924586272E+002  0.253862189778355E+000  0.956026008836505E+000  0.311902401160389E+001  0.306525160253261E+000 -0.223281787415148E+002
  0.312364978034517E-007  0.454403621987326E+002  0.255906181688895E+000  0.992521015036153E+000  0.308794531893079E+001  0.306525160253261E+000 -0.222724136115675E+002
  0.348276492168113E-007  0.451611701283608E+002  0.259055495881627E+000  0.978310212864301E+000  0.308037067646678E+001  0.306525160253261E+000 -0.221328175763815E+002
  0.379857066311496E-007  0.449260300937489E+002  0.258166454514643E+000  0.986629076750561E+000  0.307960576310830E+001  0.306525160253261E+000 -0.220152475590756E+002
  0.435759950475233E-007  0.445898938189195E+002  0.255084476089088E+000  0.983730301691029E+000  0.310133931877264E+001  0.306525160253261E+000 -0.218471794216609E+002
  0.427782176677176E-007  0.445653052743655E+002  0.259786147471948E+000  0.980413367720535E+000  0.307180220906514E+001  0.306525160253261E+000 -0.218348851493839E+002
  0.480223881178912E-007  0.442724853945302E+002  0.253530896931561E+000  0.993513841465664E+000  0.309926376256244E+001  0.306525160253261E+000 -0.216884752094663E+002
  0.513648785665016E-007  0.440763674347064E+002  0.253838238963935E+000  0.992588281793481E+000  0.309690840546617E+001  0.306525160253261E+000 -0.215904162295544E+002
  0.578071424066475E-007  0.437785087242586E+002  0.258505732595596E+000  0.986357546616652E+000  0.307711832838658E+001  0.306525160253261E+000 -0.214414868743305E+002
  0.202221233337541E-006  0.412124654598446E+002  0.256515327600089E+000  0.962063744846714E+000  0.309846005730141E+001  0.306525160253261E+000 -0.201584652421235E+002
  0.318355805954429E-006  0.402433074798939E+002  0.249462776462966E+000  0.986263765959933E+000  0.312796136953828E+001  0.306525160253261E+000 -0.196738862521481E+002
  0.319641257701214E-006  0.401737048559620E+002  0.259726230044422E+000  0.974066691989683E+000  0.307661897498602E+001  0.306525160253261E+000 -0.196390849401821E+002
  0.337803876944046E-006  0.400016291704160E+002  0.257214945380242E+000  0.966901113769643E+000  0.309109758600349E+001  0.306525160253261E+000 -0.195530470974091E+002
  0.555983742875336E-006  0.389435387069973E+002  0.252801696506633E+000  0.992045102483135E+000  0.310451829231287E+001  0.306525160253261E+000 -0.190240018656998E+002
  0.560726448180657E-006  0.388650071545467E+002  0.256614523832547E+000  0.965792724476378E+000  0.309505219593756E+001  0.306525160253261E+000 -0.189847360894745E+002
  0.720503489900389E-006  0.383020296628147E+002  0.252419533106254E+000  0.990707165163255E+000  0.310635457584367E+001  0.306525160253261E+000 -0.187032473436085E+002
  0.741619713828383E-006  0.381827136703161E+002  0.253324110482440E+000  0.991891792724995E+000  0.310288983228083E+001  0.306525160253261E+000 -0.186435893473592E+002
  0.730465092508324E-006  0.381514806578494E+002  0.255230543107742E+000  0.973493682149822E+000  0.310666423864653E+001  0.306525160253261E+000 -0.186279728411258E+002
  0.806371125058529E-006  0.378922120501964E+002  0.248937127381024E+000  0.969364938978636E+000  0.314205697838201E+001  0.306525160253261E+000 -0.184983385372993E+002
  0.134843243887322E-005  0.368023608310210E+002  0.253880024805190E+000  0.991859867599443E+000  0.309834872358872E+001  0.306525160253261E+000 -0.179534129277116E+002
  0.139193256154305E-005  0.366773168093364E+002  0.257368056620275E+000  0.981676403507413E+000  0.308826191932498E+001  0.306525160253261E+000 -0.178908909168693E+002
  0.156472165230313E-005  0.363817438187050E+002  0.257667099619650E+000  0.965210751342044E+000  0.309518262797335E+001  0.306525160253261E+000 -0.177431044215536E+002
  0.168207611178572E-005  0.361755587792292E+002  0.250197206265202E+000  0.973984014780341E+000  0.313402142217457E+001  0.306525160253261E+000 -0.176400119018157E+002
  0.225942408224716E-005  0.355238531845880E+002  0.252935731580105E+000  0.968256902508204E+000  0.311381416961542E+001  0.306525160253261E+000 -0.173141591044952E+002
  0.937768660257905E-005  0.326158635636557E+002  0.255162372402735E+000  0.974597703485470E+000  0.310604373569467E+001  0.306525160253261E+000 -0.158601642940290E+002
  0.921542777195810E-005  0.325892284271925E+002  0.253173683636770E+000  0.964698196265618E+000  0.311531808295388E+001  0.306525160253261E+000 -0.158468467257974E+002
  0.170979946092864E-004  0.312915207678365E+002  0.253529680064672E+000  0.990053018606714E+000  0.310088470823633E+001  0.306525160253261E+000 -0.151979928961194E+002
  0.201493373349266E-004  0.309015570126489E+002  0.258219875013481E+000  0.967589127030341E+000  0.308747822046489E+001  0.306525160253261E+000 -0.150030110185256E+002
  0.199210229845673E-004  0.308628052868413E+002  0.251063617168951E+000  0.965262291473772E+000  0.313284112774966E+001  0.306525160253261E+000 -0.149836351556218E+002
  0.208209222270632E-004  0.307128964655698E+002  0.257873507110677E+000  0.969472209004233E+000  0.308713796094115E+001  0.306525160253261E+000 -0.149086807449860E+002
  0.312077972515030E-004  0.298419339121443E+002  0.250989876950795E+000  0.980020239304837E+000  0.311932409375116E+001  0.306525160253261E+000 -0.144731994682733E+002
  0.350077948943704E-004  0.295505850498891E+002  0.256549239127377E+000  0.987487979697832E+000  0.308695065964310E+001  0.306525160253261E+000 -0.143275250371457E+002
  0.428057367360605E-004  0.290868389694869E+002  0.258154773793387E+000  0.974194966953969E+000  0.308292253742484E+001  0.306525160253261E+000 -0.140956519969446E+002
  0.416033802283686E-004  0.290822770722318E+002  0.257889202601451E+000  0.972033914182665E+000  0.309012021305703E+001  0.306525160253261E+000 -0.140933710483170E+002
  0.587104031554249E-004  0.283318627199142E+002  0.251712495863244E+000  0.976576089440304E+000  0.312397628556107E+001  0.306525160253261E+000 -0.137181638721582E+002
  0.702896072650317E-004  0.279103053688359E+002  0.256091972382487E+000  0.975258468052208E+000  0.309970879187175E+001  0.306525160253261E+000 -0.135073851966191E+002
  0.830464368293228E-004  0.275152100967080E+002  0.258320677550780E+000  0.980157289744712E+000  0.308105003684339E+001  0.306525160253261E+000 -0.133098375605551E+002
  0.829612552255743E-004  0.274557192532128E+002  0.255281670794457E+000  0.972455139163410E+000  0.310611587323401E+001  0.306525160253261E+000 -0.132800921388075E+002
  0.111995810410479E-003  0.267940003973836E+002  0.257148412416987E+000  0.982576583613212E+000  0.308773462186473E+001  0.306525160253261E+000 -0.129492327108929E+002
  0.112042460022034E-003  0.267316241935590E+002  0.250049197885967E+000  0.982975900705462E+000  0.312611650914212E+001  0.306525160253261E+000 -0.129180446089807E+002
  0.131347980263844E-003  0.263521364112829E+002  0.255313147977763E+000  0.978078912320245E+000  0.309507825057956E+001  0.306525160253261E+000 -0.127283007178426E+002
  0.144963432093689E-003  0.260933303361606E+002  0.254172744788979E+000  0.962063429315831E+000  0.311619864753056E+001  0.306525160253261E+000 -0.125988976802814E+002
  0.154749190188950E-003  0.259011386980954E+002  0.255539996527714E+000  0.978323696208717E+000  0.309377486917519E+001  0.306525160253261E+000 -0.125028018612488E+002
  0.216056108200096E-003  0.251721304695324E+002  0.254501108948985E+000  0.961320001580160E+000  0.311376753746588E+001  0.306525160253261E+000 -0.121382977469674E+002
  0.348550082798598E-003  0.241540995615069E+002  0.252170502186483E+000  0.964259266305107E+000  0.312653425497807E+001  0.306525160253261E+000 -0.116292822929546E+002
  0.341246905798543E-003  0.241349075447392E+002  0.258129155026791E+000  0.976991149017716E+000  0.308454665159745E+001  0.306525160253261E+000 -0.116196862845708E+002
  0.403131324322359E-003  0.237400520344708E+002  0.253265743924560E+000  0.963989079892740E+000  0.312073813300981E+001  0.306525160253261E+000 -0.114222585294366E+002
  0.478435167714460E-003  0.233359920463874E+002  0.255277264251325E+000  0.967051808816629E+000  0.310819894850973E+001  0.306525160253261E+000 -0.112202285353949E+002
  0.475076462367257E-003  0.232885386221717E+002  0.255251696773986E+000  0.971174387499331E+000  0.309975480665702E+001  0.306525160253261E+000 -0.111965018232870E+002
  0.752793408579269E-003  0.223063651690864E+002  0.254942526401528E+000  0.987360491941757E+000  0.309480839887087E+001  0.306525160253261E+000 -0.107054150967443E+002
  0.900704924425189E-003  0.218860481042619E+002  0.255748379989418E+000  0.984756336205134E+000  0.309411456645792E+001  0.306525160253261E+000 -0.104952565643321E+002
  0.875169025850454E-003  0.218820261189348E+002  0.254931384287779E+000  0.978050908908123E+000  0.310439287437274E+001  0.306525160253261E+000 -0.104932455716685E+002
  0.178324133581916E-002  0.203969409568065E+002  0.251682934273818E+000  0.975454507936233E+000  0.312402559837903E+001  0.306525160253261E+000 -0.975070299060439E+001
  0.176402202539056E-002  0.203570701193976E+002  0.251129130295383E+000  0.978025039218805E+000  0.312520392746610E+001  0.306525160253261E+000 -0.973076757189993E+001
  0.184512970997172E-002  0.202056205321174E+002  0.256390125075101E+000  0.966006004425968E+000  0.310082628098906E+001  0.306525160253261E+000 -0.965504277825987E+001
  0.180758788667925E-002  0.201851897774332E+002  0.253538914975329E+000  0.987120590630444E+000  0.310319753859405E+001  0.306525160253261E+000 -0.964482740091775E+001
  0.259870048217147E-002  0.193976100434503E+002  0.251723686546391E+000  0.978902117760193E+000  0.312148083572174E+001  0.306525160253261E+000 -0.925103753392631E+001
  0.257348718707713E-002  0.193555660145637E+002  0.250553202219505E+000  0.968791086176542E+000  0.313163501420782E+001  0.306525160253261E+000 -0.923001551948300E+001
  0.371163648375414E-002  0.185616006596307E+002  0.250284987176238E+000  0.973703811328242E+000  0.313121364474460E+001  0.306525160253261E+000 -0.883303284201652E+001
  0.475943063178062E-002  0.180027470106745E+002  0.253927237063311E+000  0.980376076866029E+000  0.310823695046463E+001  0.306525160253261E+000 -0.855360601753841E+001
  0.774403201867049E-002  0.169676148159583E+002  0.252127824799347E+000  0.974081344928165E+000  0.311659671404681E+001  0.306525160253261E+000 -0.803603992018028E+001
  0.780580537134281E-002  0.168901809973709E+002  0.254341454919728E+000  0.977820206012125E+000  0.310147128169657E+001  0.306525160253261E+000 -0.799732301088659E+001
  0.785492562458080E-002  0.168160915442715E+002  0.256785393756852E+000  0.977979230316905E+000  0.308881428587869E+001  0.306525160253261E+000 -0.796027828433689E+001
  0.763631130358358E-002  0.168110004873353E+002  0.250671246434499E+000  0.978981623944468E+000  0.312408120260956E+001  0.306525160253261E+000 -0.795773275586881E+001
  0.822767186297428E-002  0.166002803349156E+002  0.255422723272073E+000  0.981938243775393E+000  0.309793085654632E+001  0.306525160253261E+000 -0.785237267965893E+001
  0.124434169462674E-001  0.157113597510424E+002  0.257244697046774E+000  0.971986488984994E+000  0.309180480729427E+001  0.306525160253261E+000 -0.740791238772236E+001
  0.124291026795450E-001  0.156521184551395E+002  0.253440872172777E+000  0.985145502604118E+000  0.310454108597675E+001  0.306525160253261E+000 -0.737829173977089E+001
  0.121060993226658E-001  0.156432377601353E+002  0.251870404774939E+000  0.971739290964808E+000  0.311989474073292E+001  0.306525160253261E+000 -0.737385139226879E+001
  0.138259518744250E-001  0.153160184530773E+002  0.252058778264701E+000  0.976080995837570E+000  0.311609170616136E+001  0.306525160253261E+000 -0.721024173873981E+001
  0.192556370796289E-001  0.145919622228303E+002  0.253750791182605E+000  0.967449739388533E+000  0.311186718769975E+001  0.306525160253261E+000 -0.684821362361630E+001
  0.329402974312535E-001  0.134566331034509E+002  0.251121054712305E+000  0.979060498610825E+000  0.312298893357624E+001  0.306525160253261E+000 -0.628054906392659E+001
  0.326699336916864E-001  0.134115729025625E+002  0.255736353633564E+000  0.970667048396514E+000  0.309879703554300E+001  0.306525160253261E+000 -0.625801896348241E+001
  0.350612196158187E-001  0.132087486463319E+002  0.256384993222144E+000  0.970052552864165E+000  0.309842332494459E+001  0.306525160253261E+000 -0.615660683536710E+001
  0.363402619444077E-001  0.130755441176418E+002  0.252107432361931E+000  0.975465456240579E+000  0.312089484627517E+001  0.306525160253261E+000 -0.609000457102203E+001
  0.592577539593683E-001  0.120360600625749E+002  0.252725964794203E+000  0.973661739379459E+000  0.311379529849066E+001  0.306525160253261E+000 -0.557026254348859E+001
  0.574932382397319E-001  0.120349753350566E+002  0.252837100924401E+000  0.973792366472181E+000  0.311784057546816E+001  0.306525160253261E+000 -0.556972017972946E+001
  0.571572724023166E-001  0.119851534412799E+002  0.254186245748147E+000  0.966531501997201E+000  0.311293633206982E+001  0.306525160253261E+000 -0.554480923284110E+001
  0.661101623344426E-001  0.116325784367795E+002  0.254494400959871E+000  0.974584351203810E+000  0.310301253056576E+001  0.306525160253261E+000 -0.536852173059087E+001
  0.961413190406005E-001  0.108220417084321E+002  0.254715996707109E+000  0.969993883405228E+000  0.310501781249617E+001  0.306525160253261E+000 -0.496325336641720E+001
  0.102084350766616E+000  0.106405378761688E+002  0.254965461828411E+000  0.971409714698338E+000  0.310266176744658E+001  0.306525160253261E+000 -0.487250145028553E+001
  0.102448167667151E+000  0.105718794597394E+002  0.256308159598810E+000  0.979156350457528E+000  0.309252055899050E+001  0.306525160253261E+000 -0.483817224207085E+001
  0.106020278564314E+000  0.104417893551195E+002  0.253189626287362E+000  0.974250585606068E+000  0.311544649104431E+001  0.306525160253261E+000 -0.477312718976088E+001
  0.104087178372535E+000  0.104170492006671E+002  0.251851081010488E+000  0.976163275868378E+000  0.312128967409758E+001  0.306525160253261E+000 -0.476075711253469E+001
  0.111008286066895E+000  0.102267537909488E+002  0.254415609568203E+000  0.969090486879178E+000  0.311075496615411E+001  0.306525160253261E+000 -0.466560940767554E+001
  0.110348372984854E+000  0.101771353922495E+002  0.251716166211645E+000  0.973469912337228E+000  0.312339668652479E+001  0.306525160253261E+000 -0.464080020832588E+001
  0.114794185217686E+000  0.100365951894593E+002  0.254432935008536E+000  0.982427811374914E+000  0.310211920010409E+001  0.306525160253261E+000 -0.457053010693079E+001
  0.115315747049226E+000  0.996598554944154E+001  0.251715232035544E+000  0.973071448025422E+000  0.312107142614224E+001  0.306525160253261E+000 -0.453522528692192E+001
  0.125257791667673E+000  0.973904232326255E+001  0.252344387124793E+000  0.975393179681958E+000  0.311549968876547E+001  0.306525160253261E+000 -0.442175367383242E+001
  0.134183675359485E+000  0.953982775379380E+001  0.252600675654688E+000  0.979203189072615E+000  0.311521184617923E+001  0.306525160253261E+000 -0.432214638909805E+001
  0.134392030622716E+000  0.947518132176468E+001  0.252303784346651E+000  0.970252570477314E+000  0.312171948028979E+001  0.306525160253261E+000 -0.428982317308349E+001
  0.134831066396047E+000  0.940711499556044E+001  0.254641325404930E+000  0.980124602641007E+000  0.310299045700622E+001  0.306525160253261E+000 -0.425579000998137E+001
  0.132343691861471E+000  0.938281241786187E+001  0.253457945526545E+000  0.982571426597303E+000  0.310723804446339E+001  0.306525160253261E+000 -0.424363872113208E+001
  0.136843216528973E+000  0.925440189930461E+001  0.255044140127288E+000  0.974417178877675E+000  0.310444372242323E+001  0.306525160253261E+000 -0.417943346185345E+001
  0.137360520299696E+000  0.918531230429561E+001  0.255347339496179E+000  0.981197979286744E+000  0.309638444760215E+001  0.306525160253261E+000 -0.414488866434895E+001
  0.147408341831223E+000  0.898257385321502E+001  0.254225592135036E+000  0.978419380907602E+000  0.310671670308018E+001  0.306525160253261E+000 -0.404351943880866E+001
  0.153958132094820E+000  0.883408228662920E+001  0.253318526541641E+000  0.968122872372440E+000  0.311679107367950E+001  0.306525160253261E+000 -0.396927365551575E+001
  0.164238215212372E+000  0.864326454976201E+001  0.255345652743170E+000  0.974478102118768E+000  0.309901437163819E+001  0.306525160253261E+000 -0.387386478708215E+001
  0.185836111518603E+000  0.833462671497408E+001  0.254272795723131E+000  0.970681861530405E+000  0.310735299309732E+001  0.306525160253261E+000 -0.371954586968819E+001
  0.216664949619639E+000  0.796610942778571E+001  0.254257141682518E+000  0.974674263540735E+000  0.310481261821102E+001  0.306525160253261E+000 -0.353528722609400E+001
  0.228369712208720E+000  0.779933868827706E+001  0.254478148078309E+000  0.970669044318455E+000  0.310635029785511E+001  0.306525160253261E+000 -0.345190185633968E+001
  0.228994210010370E+000  0.773233365295999E+001  0.254016321318274E+000  0.981871762528076E+000  0.310422642144411E+001  0.306525160253261E+000 -0.341839933868114E+001
  0.241709321975740E+000  0.756271206382337E+001  0.254581419145734E+000  0.973331310298875E+000  0.310393112711322E+001  0.306525160253261E+000 -0.333358854411283E+001
  0.250146074015215E+000  0.743255037058989E+001  0.252126011956184E+000  0.978533793834935E+000  0.311736010010961E+001  0.306525160253261E+000 -0.326850769749609E+001
  0.247429304432143E+000  0.739284733473715E+001  0.255223198731577E+000  0.970232629714134E+000  0.310468147763425E+001  0.306525160253261E+000 -0.324865617956972E+001
  0.244551023456104E+000  0.735470587842952E+001  0.253215045210014E+000  0.980614878319725E+000  0.311017059568253E+001  0.306525160253261E+000 -0.322958545141591E+001
  0.252428648901550E+000  0.722975324481695E+001  0.253415508340028E+000  0.980286309110344E+000  0.310729301968207E+001  0.306525160253261E+000 -0.316710913460962E+001
  0.259556437195622E+000  0.711251886116144E+001  0.253553959985239E+000  0.969600808508493E+000  0.311483699974568E+001  0.306525160253261E+000 -0.310849194278186E+001
  0.268651733195045E+000  0.698209213319476E+001  0.255527529025140E+000  0.971982956843709E+000  0.310200608944464E+001  0.306525160253261E+000 -0.304327857879853E+001
  0.262725679389224E+000  0.696515966580363E+001  0.251876506640188E+000  0.975471276909990E+000  0.311942441815717E+001  0.306525160253261E+000 -0.303481234510296E+001
  0.261287352630450E+000  0.691459569656312E+001  0.255544455558578E+000  0.970784676473233E+000  0.310176592138239E+001  0.306525160253261E+000 -0.300953036048271E+001
  0.279991409426510E+000  0.671477607434110E+001  0.253112793436118E+000  0.971632271045924E+000  0.311649151553562E+001  0.306525160253261E+000 -0.290962054937170E+001
  0.272405862936211E+000  0.670816440655672E+001  0.255333143934466E+000  0.976859602760271E+000  0.310058109358259E+001  0.306525160253261E+000 -0.290631471547951E+001
  0.277828617591144E+000  0.660719840362912E+001  0.254984061019456E+000  0.969587208211598E+000  0.310583699603981E+001  0.306525160253261E+000 -0.285583171401571E+001
  0.306183025926354E+000  0.635129787231878E+001  0.253739495640436E+000  0.975864740631843E+000  0.311078415481978E+001  0.306525160253261E+000 -0.272788144836053E+001
  0.341829548150307E+000  0.606949621796483E+001  0.255712637222237E+000  0.975511739857472E+000  0.309748297643253E+001  0.306525160253261E+000 -0.258698062118356E+001
  0.334800904939749E+000  0.604950524875545E+001  0.253832254953724E+000  0.975522959817831E+000  0.310707843523661E+001  0.306525160253261E+000 -0.257698513657887E+001
  0.331213446186642E+000  0.600950797434475E+001  0.255534975071130E+000  0.973807355228149E+000  0.310085705768520E+001  0.306525160253261E+000 -0.255698649937352E+001
  0.331303696219332E+000  0.594741976524937E+001  0.255767601420743E+000  0.974323113577874E+000  0.309813700779775E+001  0.306525160253261E+000 -0.252594239482583E+001
  0.365007245779793E+000  0.569211297015711E+001  0.254538503406718E+000  0.976987274554549E+000  0.310246891516597E+001  0.306525160253261E+000 -0.239828899727970E+001
  0.392816228307318E+000  0.548372028238770E+001  0.253809476251883E+000  0.971010117578436E+000  0.311037801394579E+001  0.306525160253261E+000 -0.229409265339500E+001
  0.386731100071839E+000  0.545340150583091E+001  0.255273381880440E+000  0.977596871809886E+000  0.309866910444151E+001  0.306525160253261E+000 -0.227893326511660E+001
  0.378797366724776E+000  0.543331460850322E+001  0.252966833656831E+000  0.973838791850847E+000  0.311337767157581E+001  0.306525160253261E+000 -0.226888981645276E+001
  0.374073093714603E+000  0.539687167837967E+001  0.253339970648057E+000  0.979103690160669E+000  0.311035533527994E+001  0.306525160253261E+000 -0.225066835139098E+001
  0.365214740378599E+000  0.538325977238596E+001  0.254447805013976E+000  0.970090010867692E+000  0.310781360771733E+001  0.306525160253261E+000 -0.224386239839413E+001
  0.354295408981434E+000  0.538242536825029E+001  0.255397696356828E+000  0.974660386312950E+000  0.310114008457157E+001  0.306525160253261E+000 -0.224344519632629E+001
  0.357077770727433E+000  0.530523695203702E+001  0.252870699549405E+000  0.976847651190047E+000  0.311236446143039E+001  0.306525160253261E+000 -0.220485098821966E+001
  0.355524484724901E+000  0.525241259931904E+001  0.253268955466672E+000  0.979259444518159E+000  0.311049692814634E+001  0.306525160253261E+000 -0.217843881186067E+001
  0.354865488240701E+000  0.519457990121334E+001  0.255390467937510E+000  0.977345600529451E+000  0.309910529559026E+001  0.306525160253261E+000 -0.214952246280782E+001
  0.359504103265827E+000  0.510706302467768E+001  0.255508512275874E+000  0.973414876539793E+000  0.310066652601786E+001  0.306525160253261E+000 -0.210576402453999E+001
  0.371596422490114E+000  0.497935413000373E+001  0.254244351553929E+000  0.970105183401634E+000  0.310908224618473E+001  0.306525160253261E+000 -0.204190957720301E+001
  0.370613401145848E+000  0.492310862408559E+001  0.254946026771595E+000  0.971293770875231E+000  0.310438210266559E+001  0.306525160253261E+000 -0.201378682424394E+001
  0.360379006988475E+000  0.491757170481926E+001  0.255221406660656E+000  0.975824803995680E+000  0.309982281866219E+001  0.306525160253261E+000 -0.201101836461078E+001
  0.357713526032879E+000  0.487087601825703E+001  0.253902500404619E+000  0.971173467727090E+000  0.311181451325992E+001  0.306525160253261E+000 -0.198767052132966E+001
  0.378522108764120E+000  0.469624865442505E+001  0.252773525356548E+000  0.974961841878962E+000  0.311612478689173E+001  0.306525160253261E+000 -0.190035683941367E+001
  0.384500528378897E+000  0.460336397621056E+001  0.255001057023549E+000  0.972085225349259E+000  0.310462762251904E+001  0.306525160253261E+000 -0.185391450030643E+001
  0.411079321970894E+000  0.440813859841993E+001  0.253563182126034E+000  0.971635538232070E+000  0.311163812155563E+001  0.306525160253261E+000 -0.175630181141111E+001
  0.406495848459319E+000  0.436902023574082E+001  0.252950530386138E+000  0.971560879465616E+000  0.311569300185363E+001  0.306525160253261E+000 -0.173674263007155E+001
  0.396875973513243E+000  0.435537670531292E+001  0.254824398334674E+000  0.978020021744788E+000  0.310109478229566E+001  0.306525160253261E+000 -0.172992086485761E+001
  0.386979770118675E+000  0.434433619702418E+001  0.254053260322647E+000  0.976998042238593E+000  0.310776838903262E+001  0.306525160253261E+000 -0.172440061071324E+001
  0.398611745259372E+000  0.422356196857734E+001  0.254512730913260E+000  0.976111250831835E+000  0.310341399100767E+001  0.306525160253261E+000 -0.166401349648982E+001
  0.389989333687591E+000  0.420575562003242E+001  0.253830208799411E+000  0.979178267300399E+000  0.310622664125126E+001  0.306525160253261E+000 -0.165511032221736E+001
  0.379276008571745E+000  0.419992269147972E+001  0.253650196079699E+000  0.971574733713462E+000  0.311288534642402E+001  0.306525160253261E+000 -0.165219385794101E+001
  0.377393659360549E+000  0.414833009993305E+001  0.254898065967869E+000  0.975584258111271E+000  0.310349770967194E+001  0.306525160253261E+000 -0.162639756216767E+001
  0.368023120866500E+000  0.413707291721950E+001  0.254101673758452E+000  0.976317025781787E+000  0.310556964864902E+001  0.306525160253261E+000 -0.162076897081090E+001
  0.367624199648503E+000  0.407769868958958E+001  0.255242894853617E+000  0.974919965982417E+000  0.310066485751281E+001  0.306525160253261E+000 -0.159108185699594E+001
  0.376355958747745E+000  0.396920702312544E+001  0.252901518958729E+000  0.977711592565856E+000  0.311249879583628E+001  0.306525160253261E+000 -0.153683602376387E+001
  0.377495276172397E+000  0.390161838417238E+001  0.255140014992273E+000  0.973186960546516E+000  0.310261750815666E+001  0.306525160253261E+000 -0.150304170428734E+001
  0.375636345143695E+000  0.384994816073740E+001  0.253515168227973E+000  0.972630267477701E+000  0.311131348650350E+001  0.306525160253261E+000 -0.147720659256985E+001
  0.364414815097413E+000  0.384906221842701E+001  0.252811028215029E+000  0.973009981101068E+000  0.311648476682508E+001  0.306525160253261E+000 -0.147676362141465E+001
  0.356915859895286E+000  0.382910440762547E+001  0.254797354548742E+000  0.973942716026333E+000  0.310333609800544E+001  0.306525160253261E+000 -0.146678471601388E+001
  0.347504688863210E+000  0.382100490906800E+001  0.254998810926568E+000  0.976974729222902E+000  0.310153705439132E+001  0.306525160253261E+000 -0.146273496673515E+001
  0.338156466147213E+000  0.381400049589514E+001  0.254098215873433E+000  0.977412495153509E+000  0.310521751251737E+001  0.306525160253261E+000 -0.145923276014872E+001
  0.329888173776164E+000  0.380196713111757E+001  0.252733151172589E+000  0.974837690402289E+000  0.311486766498294E+001  0.306525160253261E+000 -0.145321607775993E+001
  0.322327292087170E+000  0.378679634440339E+001  0.253782349658223E+000  0.977877261022027E+000  0.310845228352781E+001  0.306525160253261E+000 -0.144563068440284E+001
  0.324453243764963E+000  0.371210507832124E+001  0.253319167178606E+000  0.972506103144587E+000  0.311417454791242E+001  0.306525160253261E+000 -0.140828505136177E+001
  0.317972700145365E+000  0.369091357750017E+001  0.253932021477843E+000  0.971094621962218E+000  0.311105811548610E+001  0.306525160253261E+000 -0.139768930095123E+001
  0.316089860414952E+000  0.364124823803039E+001  0.254154670714826E+000  0.978693902836018E+000  0.310484656777350E+001  0.306525160253261E+000 -0.137285663121634E+001
  0.312487196084968E+000  0.360263101220623E+001  0.253510580178300E+000  0.976925646714371E+000  0.311065373746456E+001  0.306525160253261E+000 -0.135354801830426E+001
  0.304155378054485E+000  0.359513732078204E+001  0.253903052465207E+000  0.975214358088931E+000  0.310960218659078E+001  0.306525160253261E+000 -0.134980117259217E+001
  0.297759513109020E+000  0.357609905373046E+001  0.253621247965246E+000  0.978041716991028E+000  0.310788633966622E+001  0.306525160253261E+000 -0.134028203906638E+001
  0.289541116113509E+000  0.357053342882317E+001  0.254209669138658E+000  0.972438718454872E+000  0.310915889610957E+001  0.306525160253261E+000 -0.133749922661273E+001
  0.290984516111097E+000  0.349904462145887E+001  0.253649401210111E+000  0.976236143460696E+000  0.310839907371238E+001  0.306525160253261E+000 -0.130175482293058E+001
  0.284896638262267E+000  0.347978853371059E+001  0.254633341649635E+000  0.977896576160615E+000  0.310277239269273E+001  0.306525160253261E+000 -0.129212677905644E+001
  0.277837829181465E+000  0.346842290940563E+001  0.253374393603082E+000  0.978320535664249E+000  0.310970072847415E+001  0.306525160253261E+000 -0.128644396690396E+001
  0.272038192921070E+000  0.344906983931017E+001  0.254281432141373E+000  0.976784973489935E+000  0.310627916657997E+001  0.306525160253261E+000 -0.127676743185623E+001
  0.269158018903058E+000  0.340881418915956E+001  0.253188471317127E+000  0.972907145596663E+000  0.311455761638642E+001  0.306525160253261E+000 -0.125663960678093E+001
  0.262292196247772E+000  0.339894987745712E+001  0.254861219501283E+000  0.973817567686002E+000  0.310333886254657E+001  0.306525160253261E+000 -0.125170745092971E+001
  0.255306742031477E+000  0.339139336615042E+001  0.254190865909370E+000  0.973613695054928E+000  0.310686672555513E+001  0.306525160253261E+000 -0.124792919527636E+001
  0.249795739325630E+000  0.337349443074862E+001  0.253583577475093E+000  0.971441123025114E+000  0.311268813762575E+001  0.306525160253261E+000 -0.123897972757546E+001
  0.243197933943076E+000  0.336548688630988E+001  0.254920376863701E+000  0.975618042612510E+000  0.310201478223314E+001  0.306525160253261E+000 -0.123497595535609E+001
  0.244894341456285E+000  0.329004116216140E+001  0.253280505374598E+000  0.974773324623848E+000  0.311317784615766E+001  0.306525160253261E+000 -0.119725309328185E+001
  0.238015984294753E+000  0.328547589651780E+001  0.254904115125856E+000  0.973924502126227E+000  0.310394280780131E+001  0.306525160253261E+000 -0.119497046046005E+001
  0.236994091837305E+000  0.323253782008574E+001  0.253846636377566E+000  0.973346230893568E+000  0.311079988397989E+001  0.306525160253261E+000 -0.116850142224402E+001
  0.242009498279931E+000  0.312911097753383E+001  0.254522219213195E+000  0.977170908213240E+000  0.310427116604956E+001  0.306525160253261E+000 -0.111678800096806E+001
  0.236177709742612E+000  0.311635255107100E+001  0.254429591532464E+000  0.976686469480883E+000  0.310400627756887E+001  0.306525160253261E+000 -0.111040878773665E+001
  0.237118909175862E+000  0.304685480823514E+001  0.254529244130693E+000  0.972422828411394E+000  0.310634235849548E+001  0.306525160253261E+000 -0.107565991631872E+001
  0.232721229009207E+000  0.302275238401352E+001  0.254378746772098E+000  0.973817008748177E+000  0.310734896674656E+001  0.306525160253261E+000 -0.106360870420791E+001
  0.225696521164286E+000  0.302250911682222E+001  0.254477816381300E+000  0.973280387313229E+000  0.310694936166102E+001  0.306525160253261E+000 -0.106348707061226E+001
  0.219621877590053E+000  0.301553368102009E+001  0.253474366097860E+000  0.977255422646356E+000  0.311029620924680E+001  0.306525160253261E+000 -0.105999935271119E+001
  0.215684083495778E+000  0.299017550115328E+001  0.254231760414572E+000  0.977873252224773E+000  0.310521830908427E+001  0.306525160253261E+000 -0.104732026277779E+001
  0.212109655816734E+000  0.296205493442186E+001  0.253830525232179E+000  0.971933419797560E+000  0.311055234173130E+001  0.306525160253261E+000 -0.103325997941208E+001
  0.206175754449346E+000  0.295726042386074E+001  0.253851114386101E+000  0.977605199307960E+000  0.310696871359781E+001  0.306525160253261E+000 -0.103086272413152E+001
  0.200075082427262E+000  0.295578965401673E+001  0.254448632644725E+000  0.975204339145945E+000  0.310613695707665E+001  0.306525160253261E+000 -0.103012733920951E+001
  0.194352552082897E+000  0.295228417597717E+001  0.253656763866419E+000  0.977858539063703E+000  0.310862556152801E+001  0.306525160253261E+000 -0.102837460018973E+001
  0.189589798381205E+000  0.294036287108534E+001  0.254553222715066E+000  0.972623165080672E+000  0.310647330036251E+001  0.306525160253261E+000 -0.102241394774382E+001
  0.184726367878010E+000  0.293079384330622E+001  0.252990088177710E+000  0.975604855031002E+000  0.311385777036763E+001  0.306525160253261E+000 -0.101762943385426E+001
  0.179748151486531E+000  0.292388837566048E+001  0.253966199591775E+000  0.977630474652087E+000  0.310633747510797E+001  0.306525160253261E+000 -0.101417670003139E+001
  0.175222466021826E+000  0.291334568181962E+001  0.253523940972635E+000  0.972270559833515E+000  0.311207817001164E+001  0.306525160253261E+000 -0.100890535311096E+001
  0.170230293233103E+000  0.290961079369522E+001  0.254542909468248E+000  0.975484177074825E+000  0.310533803555461E+001  0.306525160253261E+000 -0.100703790904876E+001
  0.165116315084424E+000  0.290907151824634E+001  0.253685228273339E+000  0.976463854811289E+000  0.310976857079297E+001  0.306525160253261E+000 -0.100676827132432E+001
  0.160592811654742E+000  0.290308444941736E+001  0.253704215832092E+000  0.972444529052727E+000  0.311174529393719E+001  0.306525160253261E+000 -0.100377473690983E+001
  0.157128989988718E+000  0.288515109386294E+001  0.253036655981308E+000  0.976449294543017E+000  0.311272833103494E+001  0.306525160253261E+000 -0.994808059132617E+000
  0.156011603404924E+000  0.283788112658289E+001  0.253713963392987E+000  0.976843331707014E+000  0.310927814284570E+001  0.306525160253261E+000 -0.971173075492592E+000
  0.157579163942108E+000  0.275634265942921E+001  0.253017691230078E+000  0.974004859181348E+000  0.311438370872329E+001  0.306525160253261E+000 -0.930403841915751E+000
  0.229692607039635E+000  0.176766313018056E+001  0.253588933018014E+000  0.977470052369079E+000  0.310892221047441E+001  0.306525160253261E+000 -0.883831565090278E+000
  0.235641066622164E+000  0.171652749169426E+001  0.253293082033332E+000  0.976484809178980E+000  0.311157123571709E+001  0.306525160253261E+000 -0.858263745847128E+000
  0.239289602661761E+000  0.168579788795811E+001  0.254502809431942E+000  0.976500242454536E+000  0.310456509304545E+001  0.306525160253261E+000 -0.842898943979057E+000
  0.239397634884180E+000  0.168489515050635E+001  0.254320221866268E+000  0.975460123194712E+000  0.310659567059524E+001  0.306525160253261E+000 -0.842447575253176E+000
  0.240371593409114E+000  0.167677491431414E+001  0.253489732131522E+000  0.977153320920664E+000  0.310988137487228E+001  0.306525160253261E+000 -0.838387457157068E+000
  0.250986827499311E+000  0.159034606261680E+001  0.253894055371520E+000  0.977081777091269E+000  0.310780875985470E+001  0.306525160253261E+000 -0.795173031308399E+000
  0.263717801048180E+000  0.149138778595360E+001  0.254023872392483E+000  0.976325449127779E+000  0.310669280705316E+001  0.306525160253261E+000 -0.745693892976800E+000
  0.265399591197144E+000  0.147867381482194E+001  0.254310488653135E+000  0.975904814447276E+000  0.310535352556211E+001  0.306525160253261E+000 -0.739336907410972E+000
  0.268857101450575E+000  0.145278694380036E+001  0.254353429293135E+000  0.976118238491411E+000  0.310573693186699E+001  0.306525160253261E+000 -0.726393471900180E+000
  0.270571807894767E+000  0.144007192471341E+001  0.254225234133901E+000  0.976573690730889E+000  0.310562157756381E+001  0.306525160253261E+000 -0.720035962356704E+000
  0.272602428565061E+000  0.142511812172368E+001  0.253376440979797E+000  0.975045189053106E+000  0.311203865656633E+001  0.306525160253261E+000 -0.712559060861839E+000
  0.282995215597390E+000  0.135028699499318E+001  0.254522207321111E+000  0.974719263998094E+000  0.310537190598872E+001  0.306525160253261E+000 -0.675143497496590E+000
  0.289454320839805E+000  0.130515198161632E+001  0.253765810458563E+000  0.974973030950550E+000  0.310892032623929E+001  0.306525160253261E+000 -0.652575990808160E+000
  0.289975483580580E+000  0.130155421790214E+001  0.254361433537570E+000  0.975510681377836E+000  0.310543036869977E+001  0.306525160253261E+000 -0.650777108951072E+000
  0.293424737240080E+000  0.127790462897491E+001  0.253653267568307E+000  0.975852025337535E+000  0.310997721006944E+001  0.306525160253261E+000 -0.638952314487454E+000
  0.295083909386769E+000  0.126662746897316E+001  0.253662105714545E+000  0.975193859184531E+000  0.310944410936950E+001  0.306525160253261E+000 -0.633313734486580E+000
  0.297267755832820E+000  0.125188044305139E+001  0.253589251974574E+000  0.976394151913411E+000  0.310974080660208E+001  0.306525160253261E+000 -0.625940221525697E+000
  0.309531902211740E+000  0.117102465110991E+001  0.254346042286736E+000  0.975261110196639E+000  0.310612969854832E+001  0.306525160253261E+000 -0.585512325554955E+000
  0.315245219182240E+000  0.113444535882797E+001  0.253732155697662E+000  0.976325541602941E+000  0.310884112491721E+001  0.306525160253261E+000 -0.567222679413987E+000
  0.321641533125833E+000  0.109427162944517E+001  0.254106549133581E+000  0.976058113678120E+000  0.310677310660167E+001  0.306525160253261E+000 -0.547135814722584E+000
  0.328461690763328E+000  0.105230655307468E+001  0.253551073628064E+000  0.975497416186587E+000  0.311046318688586E+001  0.306525160253261E+000 -0.526153276537340E+000
  0.357934396178164E+000  0.880447540542816E+000  0.253975645414040E+000  0.974863758483771E+000  0.310825649278294E+001  0.306525160253261E+000 -0.440223770271408E+000
