  0.255906331607464E+000  0.974098082695037E+000  0.308199658547820E+001  0.306525160253261E+000 -0.658794146649646E+000 -0.658794146649646E+000
  0.255813722934794E+000  0.974593270985205E+000  0.308154745670448E+001  0.306525160253261E+000 -0.891678115430124E+000 -0.891678115430124E+000
  0.256112723168511E+000  0.976468646198468E+000  0.307968292167975E+001  0.306525160253261E+000 -0.851119770899285E+000 -0.851119770899284E+000
  0.255366251684632E+000  0.973858157321827E+000  0.308487188600407E+001  0.306525160253261E+000 -0.759080384711379E+000 -0.759080384711379E+000
  0.255374785164197E+000  0.973958226057069E+000  0.308526124320113E+001  0.306525160253261E+000 -0.721937865540627E+000 -0.721937865540627E+000
  0.255873767292947E+000  0.975093673941723E+000  0.308205185965979E+001  0.306525160253261E+000 -0.780919061292134E+000 -0.780919061292133E+000
  0.255672133865721E+000  0.975662020280304E+000  0.308219075958791E+001  0.306525160253261E+000 -0.595247954237117E+000 -0.595247954237117E+000
  0.255271709867402E+000  0.977497801877857E+000  0.308348347707424E+001  0.306525160253261E+000 -0.973026781561551E+000 -0.973026781561551E+000
  0.255248059596468E+000  0.974285269053738E+000  0.308626022222414E+001  0.306525160253261E+000 -0.105903414036621E+001 -0.105903414036621E+001
  0.255468904682994E+000  0.973748239015850E+000  0.308435468005383E+001  0.306525160253261E+000 -0.748651397705054E+000 -0.748651397705054E+000
  0.256207190050825E+000  0.973759156363766E+000  0.308019173484565E+001  0.306525160253261E+000 -0.883802460766259E+000 -0.883802460766259E+000
  0.255720032191472E+000  0.976914843122060E+000  0.308096212937277E+001  0.306525160253261E+000 -0.865473225803426E+000 -0.865473225803426E+000
  0.255664296092530E+000  0.975649871049820E+000  0.308279420908751E+001  0.306525160253261E+000 -0.688826011572927E+000 -0.688826011572927E+000
  0.255949780506754E+000  0.975582881830265E+000  0.308146340469769E+001  0.306525160253261E+000 -0.927920326497217E+000 -0.927920326497217E+000
  0.255088645107972E+000  0.976204254874669E+000  0.308556992033723E+001  0.306525160253261E+000 -0.835210578734740E+000 -0.835210578734740E+000
  0.256163653418428E+000  0.975821521993048E+000  0.307956686066808E+001  0.306525160253261E+000 -0.737749130161515E+000 -0.737749130161515E+000
  0.255703308729129E+000  0.973439336836960E+000  0.308323428937412E+001  0.306525160253261E+000 -0.775843709405108E+000 -0.775843709405108E+000
  0.255221241069820E+000  0.975996201853947E+000  0.308487230519440E+001  0.306525160253261E+000 -0.720248544177477E+000 -0.720248544177477E+000
  0.256478739866267E+000  0.975055157396307E+000  0.307837939413497E+001  0.306525160253261E+000 -0.980010392234229E+000 -0.980010392234229E+000
  0.256279688263202E+000  0.974850323679932E+000  0.307899853006757E+001  0.306525160253261E+000 -0.895005345476552E+000 -0.895005345476551E+000
  0.256005330163148E+000  0.974534220610644E+000  0.308087890173701E+001  0.306525160253261E+000 -0.693303202912190E+000 -0.693303202912190E+000
  0.255239139162462E+000  0.976633025003636E+000  0.308442844631789E+001  0.306525160253261E+000 -0.808659122191846E+000 -0.808659122191846E+000
  0.255478703725483E+000  0.972720678257678E+000  0.308515406521897E+001  0.306525160253261E+000 -0.925602354683176E+000 -0.925602354683176E+000
  0.256490293819303E+000  0.975477582541729E+000  0.307817784108753E+001  0.306525160253261E+000 -0.104862464117740E+001 -0.104862464117740E+001
  0.254894403521459E+000  0.976480108912411E+000  0.308613383594062E+001  0.306525160253261E+000 -0.100337332930471E+001 -0.100337332930471E+001
  0.256201645148839E+000  0.974154652782758E+000  0.308029356075765E+001  0.306525160253261E+000 -0.782738073609854E+000 -0.782738073609853E+000
  0.256310106894781E+000  0.974667740923037E+000  0.307901263021997E+001  0.306525160253261E+000 -0.882129716535813E+000 -0.882129716535813E+000
  0.256329170997444E+000  0.975969545248044E+000  0.307857451863990E+001  0.306525160253261E+000 -0.866814269088626E+000 -0.866814269088626E+000
  0.256020177965010E+000  0.974032088841093E+000  0.308174266914375E+001  0.306525160253261E+000 -0.830889247564401E+000 -0.830889247564401E+000
  0.256166626304274E+000  0.977204511556167E+000  0.307865897650968E+001  0.306525160253261E+000 -0.963818274498796E+000 -0.963818274498796E+000
  0.255986777869400E+000  0.973843257934943E+000  0.308162521585587E+001  0.306525160253261E+000 -0.717429457645597E+000 -0.717429457645597E+000
  0.255370416239515E+000  0.975309167598706E+000  0.308498259219499E+001  0.306525160253261E+000 -0.984568904009697E+000 -0.984568904009697E+000
