  0.100000000000000E+001  0.111715581076328E+002  0.257094093698292E+000  0.969478777317306E+000  0.307953520789386E+001  0.306525160253261E+000 -0.558577905381640E+001
  0.100000000000000E+001  0.993266372292812E+001  0.253286538961876E+000  0.979739437287032E+000  0.309380595465026E+001  0.306525160253261E+000 -0.496633186146406E+001
  0.100000000000000E+001  0.620692849546035E+001  0.256869360191642E+000  0.980468135811252E+000  0.307280864478942E+001  0.306525160253261E+000 -0.310346424773017E+001
  0.100000000000000E+001  0.620722867847226E+001  0.257509903233523E+000  0.976392741182399E+000  0.307236939052317E+001  0.306525160253261E+000 -0.310361433923613E+001
  0.100000000000000E+001  0.813210015335356E+001  0.256461784255772E+000  0.979371571630777E+000  0.307733931729665E+001  0.306525160253261E+000 -0.406605007667678E+001
  0.100000000000000E+001  0.626876522803329E+001  0.256962021524186E+000  0.979559149589404E+000  0.307351364716461E+001  0.306525160253261E+000 -0.313438261401665E+001
  0.100000000000000E+001  0.801951348973104E+001  0.254904623947907E+000  0.978692514617985E+000  0.308317750932268E+001  0.306525160253261E+000 -0.400975674486552E+001
  0.100000000000000E+001  0.660895223815062E+001  0.257089109710346E+000  0.978445152031291E+000  0.307159056568107E+001  0.306525160253261E+000 -0.330447611907531E+001
  0.100000000000000E+001  0.762011898759538E+001  0.255245331049147E+000  0.967970400128667E+000  0.308895427938739E+001  0.306525160253261E+000 -0.381005949379769E+001
  0.100000000000000E+001  0.677874140006492E+001  0.254951991268358E+000  0.969136242314997E+000  0.309093411434060E+001  0.306525160253261E+000 -0.338937070003246E+001
  0.100000000000000E+001  0.587256887653225E+001  0.256213525318430E+000  0.969081444204437E+000  0.308294841479587E+001  0.306525160253261E+000 -0.293628443826613E+001
  0.100000000000000E+001  0.575905528976346E+001  0.256731355824342E+000  0.975514067207562E+000  0.307791867176879E+001  0.306525160253261E+000 -0.287952764488173E+001
  0.100000000000000E+001  0.548747068274052E+001  0.254760031476412E+000  0.972218222956009E+000  0.309080549237715E+001  0.306525160253261E+000 -0.274373534137026E+001
  0.100000000000000E+001  0.530930683708963E+001  0.255194769673965E+000  0.980884758636088E+000  0.308208425063835E+001  0.306525160253261E+000 -0.265465341854482E+001
  0.100000000000000E+001  0.515046518113892E+001  0.254913134529029E+000  0.974622787028026E+000  0.308578847567853E+001  0.306525160253261E+000 -0.257523259056946E+001
  0.100000000000000E+001  0.476892740940260E+001  0.254447709304925E+000  0.979135219041879E+000  0.308759874679857E+001  0.306525160253261E+000 -0.238446370470130E+001
  0.100000000000000E+001  0.443735963900278E+001  0.256732137577269E+000  0.970988033717442E+000  0.307913628721115E+001  0.306525160253261E+000 -0.221867981950139E+001
  0.100000000000000E+001  0.422358929127757E+001  0.257181379788364E+000  0.976231763357114E+000  0.307397369548161E+001  0.306525160253261E+000 -0.211179464563878E+001
  0.100000000000000E+001  0.398928100352764E+001  0.254160144354001E+000  0.973657145588936E+000  0.309238266090297E+001  0.306525160253261E+000 -0.199464050176382E+001
  0.100000000000000E+001  0.398753671148610E+001  0.256533501547147E+000  0.976387063669273E+000  0.307813909690056E+001  0.306525160253261E+000 -0.199376835574305E+001
  0.100000000000000E+001  0.385308101625208E+001  0.256538187256639E+000  0.977327552951738E+000  0.307555503962726E+001  0.306525160253261E+000 -0.192654050812604E+001
  0.100000000000000E+001  0.382732958115290E+001  0.254880003095676E+000  0.978912017521470E+000  0.308447658639024E+001  0.306525160253261E+000 -0.191366479057645E+001
  0.100000000000000E+001  0.360413969833680E+001  0.254394417150547E+000  0.973528849313729E+000  0.309137333043800E+001  0.306525160253261E+000 -0.180206984916840E+001
  0.100000000000000E+001  0.351376307082957E+001  0.254511768151583E+000  0.977971972601030E+000  0.308765620004268E+001  0.306525160253261E+000 -0.175688153541479E+001
  0.100000000000000E+001  0.345643545263261E+001  0.256091872848063E+000  0.971216928851834E+000  0.308301034752035E+001  0.306525160253261E+000 -0.172821772631631E+001
  0.100000000000000E+001  0.342137995063145E+001  0.256586961130175E+000  0.971775264693103E+000  0.307936594653447E+001  0.306525160253261E+000 -0.171068997531572E+001
  0.100000000000000E+001  0.341920190248618E+001  0.254304868274772E+000  0.975366739115538E+000  0.309073097192539E+001  0.306525160253261E+000 -0.170960095124309E+001
  0.100000000000000E+001  0.332871491912999E+001  0.255422328587894E+000  0.970906934368071E+000  0.308654173137201E+001  0.306525160253261E+000 -0.166435745956499E+001
  0.100000000000000E+001  0.331248309631408E+001  0.255011439261690E+000  0.974089881947115E+000  0.308600441386899E+001  0.306525160253261E+000 -0.165624154815704E+001
  0.100000000000000E+001  0.325143980815728E+001  0.254998730544813E+000  0.972146393687536E+000  0.308883881773320E+001  0.306525160253261E+000 -0.162571990407864E+001
  0.100000000000000E+001  0.317574760900703E+001  0.256021718709686E+000  0.977323022927726E+000  0.308033190814796E+001  0.306525160253261E+000 -0.158787380450352E+001
  0.100000000000000E+001  0.313961887695795E+001  0.254785209162281E+000  0.978302049644006E+000  0.308586699863258E+001  0.306525160253261E+000 -0.156980943847898E+001
  0.100000000000000E+001  0.305113865850081E+001  0.256165710230414E+000  0.971710837779937E+000  0.308226849721605E+001  0.306525160253261E+000 -0.152556932925040E+001
  0.100000000000000E+001  0.301685918664712E+001  0.256739849343920E+000  0.973205334733488E+000  0.307742352120328E+001  0.306525160253261E+000 -0.150842959332356E+001
  0.100000000000000E+001  0.300920561218707E+001  0.254921198881675E+000  0.977940978407574E+000  0.308480206524353E+001  0.306525160253261E+000 -0.150460280609353E+001
  0.100000000000000E+001  0.300355458540804E+001  0.254979976214174E+000  0.977469169347524E+000  0.308453763999847E+001  0.306525160253261E+000 -0.150177729270402E+001
  0.100000000000000E+001  0.285485614990954E+001  0.256182948237151E+000  0.976195803861332E+000  0.307822784678078E+001  0.306525160253261E+000 -0.142742807495477E+001
  0.100000000000000E+001  0.284253545267243E+001  0.254799592931243E+000  0.974129541865280E+000  0.308749374499545E+001  0.306525160253261E+000 -0.142126772633622E+001
  0.100000000000000E+001  0.282407180164744E+001  0.256077961469114E+000  0.973045221473065E+000  0.308077701311961E+001  0.306525160253261E+000 -0.141203590082372E+001
  0.100000000000000E+001  0.274489965648321E+001  0.255566752779672E+000  0.972028605285305E+000  0.308561857064894E+001  0.306525160253261E+000 -0.137244982824161E+001
  0.100000000000000E+001  0.273128597540739E+001  0.255030229251169E+000  0.974753015879732E+000  0.308566197847927E+001  0.306525160253261E+000 -0.136564298770370E+001
  0.100000000000000E+001  0.269408336231853E+001  0.254981719873250E+000  0.975920313795705E+000  0.308531830819688E+001  0.306525160253261E+000 -0.134704168115926E+001
  0.100000000000000E+001  0.268866743827324E+001  0.256059159588909E+000  0.971822457808212E+000  0.308263691502540E+001  0.306525160253261E+000 -0.134433371913662E+001
  0.100000000000000E+001  0.265681634930999E+001  0.255272537739725E+000  0.973764482298604E+000  0.308486476687224E+001  0.306525160253261E+000 -0.132840817465499E+001
  0.100000000000000E+001  0.258317101854734E+001  0.256614883802518E+000  0.977025500549371E+000  0.307622773928060E+001  0.306525160253261E+000 -0.129158550927367E+001
  0.100000000000000E+001  0.253520513510572E+001  0.254785690447428E+000  0.977149780205121E+000  0.308626258934631E+001  0.306525160253261E+000 -0.126760256755286E+001
  0.100000000000000E+001  0.250213499663709E+001  0.255415643557328E+000  0.978054275942326E+000  0.308196224092509E+001  0.306525160253261E+000 -0.125106749831855E+001
  0.100000000000000E+001  0.249345259510376E+001  0.256490778268896E+000  0.976731506074769E+000  0.307752065461984E+001  0.306525160253261E+000 -0.124672629755188E+001
  0.100000000000000E+001  0.247256615695239E+001  0.256702593768398E+000  0.975523287671368E+000  0.307687165597623E+001  0.306525160253261E+000 -0.123628307847620E+001
  0.100000000000000E+001  0.238983863521275E+001  0.255810787420950E+000  0.973968121507467E+000  0.308340097052568E+001  0.306525160253261E+000 -0.119491931760638E+001
  0.100000000000000E+001  0.232647879066492E+001  0.256664131786102E+000  0.975646088917526E+000  0.307690790843271E+001  0.306525160253261E+000 -0.116323939533246E+001
  0.100000000000000E+001  0.229745948666834E+001  0.256494803406121E+000  0.973380046490299E+000  0.307887333495133E+001  0.306525160253261E+000 -0.114872974333417E+001
  0.100000000000000E+001  0.227757066750511E+001  0.255594622258133E+000  0.977978483164218E+000  0.308178944360946E+001  0.306525160253261E+000 -0.113878533375256E+001
  0.100000000000000E+001  0.219166843783153E+001  0.256516916983478E+000  0.976455361640714E+000  0.307724631722188E+001  0.306525160253261E+000 -0.109583421891577E+001
  0.100000000000000E+001  0.217549216662892E+001  0.255534795463902E+000  0.975183228156416E+000  0.308258852410931E+001  0.306525160253261E+000 -0.108774608331446E+001
  0.100000000000000E+001  0.212011849730703E+001  0.256500903660663E+000  0.974439759325777E+000  0.307869147225492E+001  0.306525160253261E+000 -0.106005924865351E+001
  0.100000000000000E+001  0.209724928235481E+001  0.256490293819303E+000  0.975477582541729E+000  0.307817784108753E+001  0.306525160253261E+000 -0.104862464117740E+001
  0.100000000000000E+001  0.200674665860942E+001  0.254894403521459E+000  0.976480108912411E+000  0.308613383594062E+001  0.306525160253261E+000 -0.100337332930471E+001
  0.100000000000000E+001  0.194605356312310E+001  0.255271709867402E+000  0.977497801877857E+000  0.308348347707424E+001  0.306525160253261E+000 -0.973026781561551E+000
  0.100000000000000E+001  0.193621248454728E+001  0.256166655062406E+000  0.973019496895279E+000  0.308110563771883E+001  0.306525160253261E+000 -0.968106242273642E+000
  0.100000000000000E+001  0.182433719846070E+001  0.255094978627213E+000  0.976350231686672E+000  0.308558907673642E+001  0.306525160253261E+000 -0.912168599230351E+000
  0.100000000000000E+001  0.176760492153252E+001  0.256207190050825E+000  0.973759156363766E+000  0.308019173484565E+001  0.306525160253261E+000 -0.883802460766259E+000
  0.100000000000000E+001  0.173094645160685E+001  0.255720032191472E+000  0.976914843122060E+000  0.308096212937277E+001  0.306525160253261E+000 -0.865473225803426E+000
  0.100000000000000E+001  0.170223954179857E+001  0.256112723168511E+000  0.976468646198468E+000  0.307968292167975E+001  0.306525160253261E+000 -0.851119770899285E+000
  0.100000000000000E+001  0.170211911489643E+001  0.255511091117532E+000  0.973031117025829E+000  0.308466066867539E+001  0.306525160253261E+000 -0.851059557448217E+000
  0.100000000000000E+001  0.168952710969430E+001  0.255889542227807E+000  0.976082345841806E+000  0.308036188634108E+001  0.306525160253261E+000 -0.844763554847150E+000
  0.100000000000000E+001  0.161731824438369E+001  0.255239139162462E+000  0.976633025003636E+000  0.308442844631789E+001  0.306525160253261E+000 -0.808659122191846E+000
  0.100000000000000E+001  0.158111024376499E+001  0.255821005740195E+000  0.975732928986669E+000  0.308096290097119E+001  0.306525160253261E+000 -0.790555121882493E+000
  0.100000000000000E+001  0.156547614721971E+001  0.256201645148839E+000  0.974154652782758E+000  0.308029356075765E+001  0.306525160253261E+000 -0.782738073609854E+000
  0.100000000000000E+001  0.156183812258427E+001  0.255873767292947E+000  0.975093673941723E+000  0.308205185965979E+001  0.306525160253261E+000 -0.780919061292134E+000
  0.100000000000000E+001  0.155168741881022E+001  0.255703308729129E+000  0.973439336836960E+000  0.308323428937412E+001  0.306525160253261E+000 -0.775843709405108E+000
  0.100000000000000E+001  0.149730279541011E+001  0.255468904682994E+000  0.973748239015850E+000  0.308435468005383E+001  0.306525160253261E+000 -0.748651397705054E+000
  0.100000000000000E+001  0.145595766619745E+001  0.256173104550707E+000  0.975611395347996E+000  0.307945470517895E+001  0.306525160253261E+000 -0.727978833098728E+000
  0.100000000000000E+001  0.144387573108125E+001  0.255374785164197E+000  0.973958226057069E+000  0.308526124320113E+001  0.306525160253261E+000 -0.721937865540627E+000
  0.100000000000000E+001  0.133709713089019E+001  0.255913699487436E+000  0.974859880909065E+000  0.308115267344356E+001  0.306525160253261E+000 -0.668548565445094E+000
  0.100000000000000E+001  0.131758829329929E+001  0.255906331607464E+000  0.974098082695037E+000  0.308199658547820E+001  0.306525160253261E+000 -0.658794146649646E+000
  0.100000000000000E+001  0.117863244685444E+001  0.255470558551303E+000  0.975501028063413E+000  0.308368904364801E+001  0.306525160253261E+000 -0.589316223427221E+000
