  0.100000000000000E+001  0.548687715046985E+006  0.219967815974484E+000  0.118138456093124E+001  0.211637281412465E+001  0.162436769328413E+000  0.122281589212742E+001 -0.274343857523492E+006
  0.100000000000000E+001  0.563851430340742E+006  0.541568125141700E+000  0.817080373081458E+000  0.266016029209963E+001  0.900401273892425E-001  0.122281589212742E+001 -0.281925715170371E+006
  0.100000000000000E+001  0.667687017416861E+006  0.171520181732795E+000  0.901157864317667E+000  0.255528253598976E+001  0.380860429353072E+000  0.122281589212742E+001 -0.333843508708431E+006
  0.100000000000000E+001  0.986268225376704E+005  0.519240980840339E+000  0.969763424985156E+000  0.228635169629525E+001  0.383203789989341E-001  0.122281589212742E+001 -0.493134112688352E+005
  0.100000000000000E+001  0.439546190764281E+007  0.496384859206295E+000  0.108044695714686E+001  0.311256288003211E+001  0.359626164341777E+000  0.122281589212742E+001 -0.219773095382140E+007
  0.100000000000000E+001  0.548733308466218E+006  0.123385775074695E+000  0.842536754043253E+000  0.324252515398774E+001  0.408445156096577E-001  0.122281589212742E+001 -0.274366654233109E+006
  0.100000000000000E+001  0.176721988563546E+006  0.508520303815410E+000  0.921116790993675E+000  0.182200458329939E+001  0.357374736847963E+000  0.122281589212742E+001 -0.883609942817732E+005
  0.100000000000000E+001  0.116166115752538E+007  0.672080528102191E+000  0.107198847443891E+001  0.231242791107930E+001  0.384415323303938E+000  0.122281589212742E+001 -0.580830578762689E+006
  0.100000000000000E+001  0.102708315950030E+005  0.327352391060569E+000  0.107201446372621E+001  0.283074513083497E+001  0.346150334024861E+000  0.122281589212742E+001 -0.513541579750152E+004
  0.100000000000000E+001  0.325488434813225E+007  0.704375962516608E+000  0.807580493231111E+000  0.276531853382390E+001  0.557777957296381E-001  0.122281589212742E+001 -0.162744217406612E+007
  0.100000000000000E+001  0.118101178038335E+008  0.648545009044885E+000  0.114875337629074E+001  0.287683433794843E+001  0.398095181318622E+000  0.122281589212742E+001 -0.590505890191673E+007
  0.100000000000000E+001  0.404586709438839E+008  0.707556829294280E+000  0.107881514725430E+001  0.322707967007118E+001  0.139138481258535E+000  0.122281589212742E+001 -0.202293354719420E+008
  0.100000000000000E+001  0.332381299565755E+006  0.386673446008277E+000  0.116537180802256E+001  0.164702220590430E+001  0.189376720265329E+000  0.122281589212742E+001 -0.166190649782878E+006
  0.100000000000000E+001  0.163369404956816E+007  0.548595680806619E+000  0.108890024862486E+001  0.268781189175298E+001  0.393558850754549E+000  0.122281589212742E+001 -0.816847024784082E+006
  0.100000000000000E+001  0.485498015732730E+007  0.861112481296480E+000  0.878866656118015E+000  0.254843968511531E+001  0.488238357229094E-001  0.122281589212742E+001 -0.242749007866365E+007
  0.100000000000000E+001  0.216053040696711E+005  0.394909188054271E+000  0.979649470958015E+000  0.248314829044803E+001  0.298312766598639E+000  0.122281589212742E+001 -0.108026520348356E+005
  0.100000000000000E+001  0.366364528758546E+006  0.147965376901535E+000  0.898576195450149E+000  0.327773744010469E+001  0.976740481198498E-001  0.122281589212742E+001 -0.183182264379273E+006
  0.100000000000000E+001  0.192855705103434E+009  0.779200924692503E+000  0.102394250825735E+001  0.373729998416192E+001  0.246204570487617E+000  0.122281589212742E+001 -0.964278525517172E+008
  0.100000000000000E+001  0.211577141311880E+007  0.293137182639630E+000  0.963053522910231E+000  0.374548379340760E+001  0.319249295442653E+000  0.122281589212742E+001 -0.105788570655940E+007
  0.100000000000000E+001  0.289432760662584E+006  0.434783843345911E+000  0.108429423932866E+001  0.164530078237617E+001  0.246267725467619E+000  0.122281589212742E+001 -0.144716380331292E+006
  0.100000000000000E+001  0.152760349827208E+006  0.474396605467741E+000  0.110702083050284E+001  0.234871654696987E+001  0.250519894371207E-001  0.122281589212742E+001 -0.763801749136038E+005
  0.100000000000000E+001  0.333567871998878E+006  0.451309534823095E+000  0.950931351063932E+000  0.268695769769603E+001  0.355144944020879E-001  0.122281589212742E+001 -0.166783935999439E+006
  0.100000000000000E+001  0.117492839412740E+006  0.445804732833398E+000  0.117328468854585E+001  0.179238976780923E+001  0.710456550063083E-001  0.122281589212742E+001 -0.587464197063699E+005
  0.100000000000000E+001  0.925767945813008E+006  0.656379264596573E+000  0.869021088040421E+000  0.245593827282310E+001  0.185291326183699E-001  0.122281589212742E+001 -0.462883972906504E+006
  0.100000000000000E+001  0.387375292304726E+005  0.483243286605962E+000  0.838749116612597E+000  0.238171581206696E+001  0.100562026145938E+000  0.122281589212742E+001 -0.193687646152363E+005
  0.100000000000000E+001  0.108090379039568E+007  0.636072012445550E+000  0.106151897990027E+001  0.236385453745506E+001  0.222845638730768E+000  0.122281589212742E+001 -0.540451895197842E+006
  0.100000000000000E+001  0.782903752771443E+007  0.568095013792797E+000  0.803323979785557E+000  0.333711393698520E+001  0.173041975004960E+000  0.122281589212742E+001 -0.391451876385722E+007
  0.100000000000000E+001  0.629561692005225E+006  0.147395894294001E+000  0.921434594613418E+000  0.273913287342596E+001  0.870090402604791E-001  0.122281589212742E+001 -0.314780846002612E+006
  0.100000000000000E+001  0.124537064912037E+007  0.535805863395907E+000  0.119259244018868E+001  0.245540260452971E+001  0.378910442369708E-001  0.122281589212742E+001 -0.622685324560183E+006
  0.100000000000000E+001  0.131874254835410E+007  0.401554716486782E+000  0.841305505700010E+000  0.325505565658516E+001  0.224673097127936E+000  0.122281589212742E+001 -0.659371274177048E+006
  0.100000000000000E+001  0.191387286447137E+007  0.624322162587083E+000  0.970209769359833E+000  0.266543561995216E+001  0.343912879951087E+000  0.122281589212742E+001 -0.956936432235687E+006
  0.100000000000000E+001  0.520910647514308E+007  0.641659860293642E+000  0.865954026863640E+000  0.302881355651362E+001  0.346709204372131E+000  0.122281589212742E+001 -0.260455323757154E+007
  0.100000000000000E+001  0.121013069265309E+005  0.260362651235208E+000  0.114491092071360E+001  0.305821376637610E+001  0.121457010464215E+000  0.122281589212742E+001 -0.605065346326546E+004
  0.100000000000000E+001  0.975938361993852E+006  0.713576398975021E+000  0.112525215582446E+001  0.204511628798647E+001  0.133332828387444E-001  0.122281589212742E+001 -0.487969180996926E+006
  0.100000000000000E+001  0.166549490522973E+008  0.665862839857415E+000  0.117442487210417E+001  0.284631456990908E+001  0.344181299338806E-002  0.122281589212742E+001 -0.832747452614865E+007
  0.100000000000000E+001  0.261242560294776E+006  0.732183969939523E+000  0.831013884107191E+000  0.208853532062299E+001  0.340180075880796E-001  0.122281589212742E+001 -0.130621280147388E+006
  0.100000000000000E+001  0.498656430140930E+008  0.611691956870658E+000  0.108335538508643E+001  0.357935800163043E+001  0.366006117755744E+000  0.122281589212742E+001 -0.249328215070465E+008
  0.100000000000000E+001  0.389387068446144E+006  0.228270422939802E+000  0.883702325472913E+000  0.267703059651187E+001  0.394196952177331E+000  0.122281589212742E+001 -0.194693534223072E+006
  0.100000000000000E+001  0.595663594168038E+008  0.552662894986384E+000  0.115515592734681E+001  0.366403165325003E+001  0.138515561577116E+000  0.122281589212742E+001 -0.297831797084019E+008
  0.100000000000000E+001  0.344641054226330E+008  0.893902645942482E+000  0.105007603397465E+001  0.284887859508141E+001  0.397167376997304E+000  0.122281589212742E+001 -0.172320527113165E+008
  0.100000000000000E+001  0.172818371295649E+007  0.806888541126730E+000  0.112909344392438E+001  0.199701460458977E+001  0.183173820051009E+000  0.122281589212742E+001 -0.864091856478245E+006
  0.100000000000000E+001  0.437501292078354E+006  0.281310532985091E+000  0.931180996937692E+000  0.211990332401788E+001  0.158958635029666E+000  0.122281589212742E+001 -0.218750646039177E+006
  0.100000000000000E+001  0.726781566718433E+006  0.140133124659234E+000  0.118641474798814E+001  0.245340904201221E+001  0.181496806575123E+000  0.122281589212742E+001 -0.363390783359216E+006
  0.100000000000000E+001  0.307548736248726E+009  0.744232541146688E+000  0.115336209423058E+001  0.370948798542992E+001  0.136374776196252E+000  0.122281589212742E+001 -0.153774368124363E+009
  0.100000000000000E+001  0.395069343524805E+006  0.762223932709389E+000  0.101000663172467E+001  0.191282658189667E+001  0.165041671981938E-001  0.122281589212742E+001 -0.197534671762402E+006
  0.100000000000000E+001  0.555333907528988E+008  0.882832759458113E+000  0.118841504856660E+001  0.270083579580024E+001  0.269918029447207E+000  0.122281589212742E+001 -0.277666953764494E+008
  0.100000000000000E+001  0.196818930756760E+008  0.603594867307913E+000  0.103526066822138E+001  0.332974117270825E+001  0.205914651403303E+000  0.122281589212742E+001 -0.984094653783800E+007
  0.100000000000000E+001  0.375350471865391E+008  0.749690808963785E+000  0.106310083087004E+001  0.315716865616188E+001  0.387134486436638E+000  0.122281589212742E+001 -0.187675235932696E+008
  0.100000000000000E+001  0.211005382671897E+008  0.590452879795036E+000  0.915464646178925E+000  0.357571860430425E+001  0.381650862146692E+000  0.122281589212742E+001 -0.105502691335948E+008
  0.100000000000000E+001  0.725926998192251E+005  0.626981682788269E+000  0.913406195093245E+000  0.198984458513220E+001  0.984079259672761E-002  0.122281589212742E+001 -0.362963499096125E+005
  0.100000000000000E+001  0.753498850097297E+006  0.210206045397501E+000  0.106615616401206E+001  0.180084260625452E+001  0.384820703053472E+000  0.122281589212742E+001 -0.376749425048648E+006
  0.100000000000000E+001  0.590652012123691E+005  0.281506326690009E+000  0.931543155183022E+000  0.284110616261963E+001  0.250257056796408E+000  0.122281589212742E+001 -0.295326006061845E+005
  0.100000000000000E+001  0.492821639305730E+006  0.271355551066250E+000  0.804100003990035E+000  0.223630015559943E+001  0.379539093014508E+000  0.122281589212742E+001 -0.246410819652865E+006
  0.100000000000000E+001  0.488359810210806E+006  0.234583989965847E+000  0.113258597261040E+001  0.367432381841999E+001  0.338479238675876E+000  0.122281589212742E+001 -0.244179905105403E+006
  0.100000000000000E+001  0.106153368438610E+006  0.603268659356204E+000  0.931773612763023E+000  0.165829531897867E+001  0.170361923012643E-002  0.122281589212742E+001 -0.530766842193049E+005
  0.100000000000000E+001  0.353805621562372E+008  0.588091935437678E+000  0.822811133672803E+000  0.385255898948153E+001  0.244768705619470E+000  0.122281589212742E+001 -0.176902810781186E+008
  0.100000000000000E+001  0.179806710017702E+007  0.687480105767734E+000  0.857992867509197E+000  0.264615686553896E+001  0.381912462775192E+000  0.122281589212742E+001 -0.899033550088509E+006
  0.100000000000000E+001  0.896453679706604E+006  0.781639346084603E+000  0.935809641896680E+000  0.217114535898554E+001  0.175446511651564E+000  0.122281589212742E+001 -0.448226839853302E+006
  0.100000000000000E+001  0.644655445578760E+004  0.324256482729684E+000  0.100325105206161E+001  0.277308770314116E+001  0.233796940087797E+000  0.122281589212742E+001 -0.322327722789380E+004
  0.100000000000000E+001  0.861839487391006E+006  0.159819953299343E+000  0.952985252765973E+000  0.170557373786002E+001  0.147948950474255E+000  0.122281589212742E+001 -0.430919743695503E+006
  0.100000000000000E+001  0.172973910923927E+006  0.628826735755149E+000  0.110336732085085E+001  0.199434643265317E+001  0.312229652332846E+000  0.122281589212742E+001 -0.864869554619633E+005
  0.100000000000000E+001  0.379849595082830E+007  0.854662549384459E+000  0.107034617861876E+001  0.219802078174806E+001  0.817303689923451E-001  0.122281589212742E+001 -0.189924797541415E+007
  0.100000000000000E+001  0.225241107852380E+006  0.359729078749299E+000  0.992898878202368E+000  0.216564917364261E+001  0.372345156846569E+000  0.122281589212742E+001 -0.112620553926190E+006
  0.100000000000000E+001  0.977472567221528E+005  0.487286245379704E+000  0.102193832968285E+001  0.233428193923756E+001  0.426333039235252E-001  0.122281589212742E+001 -0.488736283610764E+005
  0.100000000000000E+001  0.506779061933880E+005  0.533227691403862E+000  0.818643293098165E+000  0.228926366130652E+001  0.152101496530084E+000  0.122281589212742E+001 -0.253389530966940E+005
  0.100000000000000E+001  0.420578798914942E+006  0.370268089446710E+000  0.104522026171620E+001  0.303796724201298E+001  0.373506901623656E+000  0.122281589212742E+001 -0.210289399457471E+006
  0.100000000000000E+001  0.242682684233556E+008  0.770014937415047E+000  0.936244594169237E+000  0.318723064354397E+001  0.301586708554673E+000  0.122281589212742E+001 -0.121341342116778E+008
  0.100000000000000E+001  0.902552411433044E+005  0.509094854502848E+000  0.107539361965266E+001  0.225437554585552E+001  0.245440189422221E+000  0.122281589212742E+001 -0.451276205716522E+005
  0.100000000000000E+001  0.165350615510327E+006  0.342161297220871E+000  0.853226178871733E+000  0.240057451039124E+001  0.246855142255956E+000  0.122281589212742E+001 -0.826753077551634E+005
  0.100000000000000E+001  0.733837850082620E+006  0.195623077874540E+000  0.829732794533035E+000  0.209827670152168E+001  0.278457827200959E+000  0.122281589212742E+001 -0.366918925041310E+006
  0.100000000000000E+001  0.414008649383458E+005  0.241054441515498E+000  0.899164010168478E+000  0.304884651290631E+001  0.698540427212570E-001  0.122281589212742E+001 -0.207004324691729E+005
  0.100000000000000E+001  0.739710143438858E+006  0.155098642062421E+000  0.853869387953067E+000  0.252677215353803E+001  0.362343020574088E+000  0.122281589212742E+001 -0.369855071719429E+006
  0.100000000000000E+001  0.620502874233434E+006  0.169319836860498E+000  0.108284771124010E+001  0.238483863809419E+001  0.104863400269363E-001  0.122281589212742E+001 -0.310251437116717E+006
  0.100000000000000E+001  0.113282480279414E+008  0.685598067864638E+000  0.833243240823198E+000  0.323995533797450E+001  0.390094729855877E+000  0.122281589212742E+001 -0.566412401397068E+007
  0.100000000000000E+001  0.169937700516564E+006  0.696535399272758E+000  0.109863348301696E+001  0.182308519429234E+001  0.262929481389038E+000  0.122281589212742E+001 -0.849688502582819E+005
  0.100000000000000E+001  0.138455341577488E+009  0.875416383875544E+000  0.884261712660418E+000  0.369239626198904E+001  0.171882493502983E+000  0.122281589212742E+001 -0.692276707887438E+008
  0.100000000000000E+001  0.150859342603500E+006  0.897481616953117E+000  0.949296603182583E+000  0.161215103111532E+001  0.369740494333163E+000  0.122281589212742E+001 -0.754296713017502E+005
  0.100000000000000E+001  0.668678862458782E+006  0.172538970030506E+000  0.943289813891518E+000  0.242576580022651E+001  0.217641901875498E+000  0.122281589212742E+001 -0.334339431229391E+006
  0.100000000000000E+001  0.116296679507008E+008  0.661572669346770E+000  0.894143121877552E+000  0.316417751569191E+001  0.316912688307549E-001  0.122281589212742E+001 -0.581483397535039E+007
  0.100000000000000E+001  0.229061634205316E+007  0.655812507555436E+000  0.104160721054750E+001  0.251357835591298E+001  0.133205953086760E+000  0.122281589212742E+001 -0.114530817102658E+007
  0.100000000000000E+001  0.401432821946207E+009  0.846874900810792E+000  0.115245412376633E+001  0.357671328558944E+001  0.219770916173521E+000  0.122281589212742E+001 -0.200716410973104E+009
  0.100000000000000E+001  0.504501505204361E+007  0.580006406329066E+000  0.116873078376176E+001  0.278060975700403E+001  0.369151865927333E+000  0.122281589212742E+001 -0.252250752602180E+007
  0.100000000000000E+001  0.624230702801101E+005  0.295881888439206E+000  0.928486111298978E+000  0.281788518730678E+001  0.390857304564109E+000  0.122281589212742E+001 -0.312115351400551E+005
  0.100000000000000E+001  0.890192492887355E+005  0.598670763390152E+000  0.858070809409012E+000  0.186314177208763E+001  0.285377046661926E+000  0.122281589212742E+001 -0.445096246443678E+005
  0.100000000000000E+001  0.341484224142206E+006  0.270296307797754E+000  0.937676219885534E+000  0.241260367998237E+001  0.292863801520706E+000  0.122281589212742E+001 -0.170742112071103E+006
  0.100000000000000E+001  0.102949517930382E+008  0.506384757624084E+000  0.962813693877175E+000  0.342320428879223E+001  0.989929637662867E-001  0.122281589212742E+001 -0.514747589651912E+007
  0.100000000000000E+001  0.168364543631529E+006  0.353966618347123E+000  0.117919948483606E+001  0.201911046885586E+001  0.560516123028816E-001  0.122281589212742E+001 -0.841822718157643E+005
  0.100000000000000E+001  0.209859839546718E+006  0.294531003487189E+000  0.100743389068591E+001  0.327378648888736E+001  0.286406162281883E+000  0.122281589212742E+001 -0.104929919773359E+006
  0.100000000000000E+001  0.115728179984949E+006  0.307244005456338E+000  0.103876395905280E+001  0.248750001486235E+001  0.166399299382301E+000  0.122281589212742E+001 -0.578640899924744E+005
  0.100000000000000E+001  0.105339315241817E+006  0.308590051868672E+000  0.103688383370586E+001  0.310402805168875E+001  0.287891860017225E+000  0.122281589212742E+001 -0.526696576209084E+005
  0.100000000000000E+001  0.216844278030619E+006  0.773509388079919E+000  0.112121915014595E+001  0.166959426326068E+001  0.290023033308085E+000  0.122281589212742E+001 -0.108422139015310E+006
  0.100000000000000E+001  0.587681607527623E+008  0.620997630199513E+000  0.113305876876371E+001  0.351005478687681E+001  0.350997795471712E+000  0.122281589212742E+001 -0.293840803763811E+008
  0.100000000000000E+001  0.470869094881935E+008  0.671945790568898E+000  0.117658450912825E+001  0.318523949516698E+001  0.291316119732484E+000  0.122281589212742E+001 -0.235434547440968E+008
  0.100000000000000E+001  0.201125092717006E+008  0.764706828471285E+000  0.895902333959125E+000  0.315601051155912E+001  0.237873279261156E-002  0.122281589212742E+001 -0.100562546358503E+008
  0.100000000000000E+001  0.152348554413197E+009  0.780904922062582E+000  0.942680432698578E+000  0.380336718950223E+001  0.162150211490595E+000  0.122281589212742E+001 -0.761742772065986E+008
  0.100000000000000E+001  0.867389293240778E+006  0.498332279470191E+000  0.946139264666943E+000  0.278019751374939E+001  0.189380170600837E+000  0.122281589212742E+001 -0.433694646620389E+006
  0.100000000000000E+001  0.712608163048908E+007  0.667227431402526E+000  0.108437996359530E+001  0.273734146912763E+001  0.184929842175934E-001  0.122281589212742E+001 -0.356304081524454E+007
  0.100000000000000E+001  0.820372801985155E+008  0.898302129206345E+000  0.105814270979906E+001  0.310049759012584E+001  0.251016012286714E+000  0.122281589212742E+001 -0.410186400992578E+008
  0.100000000000000E+001  0.613314840688766E+006  0.156457373068082E+000  0.819196274129485E+000  0.269099776072079E+001  0.233764480131816E-001  0.122281589212742E+001 -0.306657420344383E+006
  0.100000000000000E+001  0.381334199754052E+006  0.374831795542399E+000  0.116489036220809E+001  0.161645603131918E+001  0.223820279346948E+000  0.122281589212742E+001 -0.190667099877026E+006
  0.100000000000000E+001  0.849534926054506E+005  0.248276953643007E+000  0.106454176173303E+001  0.292627998033389E+001  0.322941017691886E+000  0.122281589212742E+001 -0.424767463027253E+005
  0.100000000000000E+001  0.640443931695478E+006  0.836423540178490E+000  0.824835377538489E+000  0.210396131403323E+001  0.338730308009310E-002  0.122281589212742E+001 -0.320221965847739E+006
  0.100000000000000E+001  0.350231505329548E+006  0.257572024614288E+000  0.119075989441587E+001  0.342019916632065E+001  0.303610322526096E+000  0.122281589212742E+001 -0.175115752664774E+006
  0.100000000000000E+001  0.618994187974765E+006  0.140129778826151E+000  0.105177145568467E+001  0.290615272074880E+001  0.260114169231398E+000  0.122281589212742E+001 -0.309497093987383E+006
  0.100000000000000E+001  0.264832696466634E+008  0.741015705763868E+000  0.845594408031187E+000  0.340321937371770E+001  0.259791574868723E+000  0.122281589212742E+001 -0.132416348233317E+008
  0.100000000000000E+001  0.853977330400156E+007  0.378580728944107E+000  0.902718139203680E+000  0.381589234619890E+001  0.229182839899618E+000  0.122281589212742E+001 -0.426988665200078E+007
  0.100000000000000E+001  0.548055801414396E+006  0.717314166949836E+000  0.112070664129298E+001  0.197053045845480E+001  0.331425511895043E+000  0.122281589212742E+001 -0.274027900707198E+006
  0.100000000000000E+001  0.127147434852924E+005  0.299171970040185E+000  0.994893866495343E+000  0.306291698641628E+001  0.378876908553482E+000  0.122281589212742E+001 -0.635737174264621E+004
  0.100000000000000E+001  0.412680826640260E+006  0.680811442759763E+000  0.973170931031083E+000  0.218380579544632E+001  0.313396507400806E+000  0.122281589212742E+001 -0.206340413320130E+006
  0.100000000000000E+001  0.666327262008643E+007  0.771198072870625E+000  0.110263217241937E+001  0.247255519615520E+001  0.192255476123854E+000  0.122281589212742E+001 -0.333163631004322E+007
  0.100000000000000E+001  0.608741586226778E+006  0.553244385748841E+000  0.108286141213169E+001  0.240621160297859E+001  0.144216830543455E+000  0.122281589212742E+001 -0.304370793113389E+006
  0.100000000000000E+001  0.149388504950791E+008  0.523516695695160E+000  0.841789311130323E+000  0.365443661652607E+001  0.256917104542093E+000  0.122281589212742E+001 -0.746942524753953E+007
  0.100000000000000E+001  0.956542849890498E+007  0.741183249409315E+000  0.105528982646167E+001  0.275061007219389E+001  0.363283200745825E+000  0.122281589212742E+001 -0.478271424945249E+007
  0.100000000000000E+001  0.201111918467254E+009  0.652678459933906E+000  0.113971466050127E+001  0.382480703498510E+001  0.106766027137804E+000  0.122281589212742E+001 -0.100555959233627E+009
  0.100000000000000E+001  0.180277726855438E+006  0.236790854029822E+000  0.952568578912400E+000  0.287315621431108E+001  0.263430002238830E+000  0.122281589212742E+001 -0.901388634277191E+005
  0.100000000000000E+001  0.360163447396901E+006  0.535062974662697E+000  0.990941729469572E+000  0.244471696181525E+001  0.117573403909199E+000  0.122281589212742E+001 -0.180081723698450E+006
  0.100000000000000E+001  0.197069523147496E+006  0.260296274419554E+000  0.841645784958450E+000  0.265394222465348E+001  0.272390665687782E-001  0.122281589212742E+001 -0.985347615737482E+005
  0.100000000000000E+001  0.808665710247932E+005  0.701350569215886E+000  0.866677538862765E+000  0.167846836345560E+001  0.109531633597426E+000  0.122281589212742E+001 -0.404332855123966E+005
  0.100000000000000E+001  0.231187159864384E+007  0.758978822228457E+000  0.804113345855927E+000  0.257478308124088E+001  0.357128873276198E-001  0.122281589212742E+001 -0.115593579932192E+007
  0.100000000000000E+001  0.769843193693525E+006  0.159552850135845E+000  0.118856963032752E+001  0.218115349372775E+001  0.398172574604583E+000  0.122281589212742E+001 -0.384921596846762E+006
  0.100000000000000E+001  0.351240953640460E+009  0.885185800439664E+000  0.104395093316717E+001  0.369565058309841E+001  0.358637543201222E+000  0.122281589212742E+001 -0.175620476820230E+009
  0.100000000000000E+001  0.154698219200953E+008  0.467158778359661E+000  0.882757891351404E+000  0.372801070423640E+001  0.512123283139229E-001  0.122281589212742E+001 -0.773491096004767E+007
  0.100000000000000E+001  0.337970012198851E+009  0.773489982224772E+000  0.118317823712035E+001  0.361009396633238E+001  0.267928082990171E+000  0.122281589212742E+001 -0.168985006099425E+009
  0.100000000000000E+001  0.833372891571674E+006  0.136893612448895E+000  0.106068821397077E+001  0.209371495371867E+001  0.150607373628902E+000  0.122281589212742E+001 -0.416686445785837E+006
  0.100000000000000E+001  0.286781791799831E+006  0.723532590191656E+000  0.108735441032995E+001  0.183141423798280E+001  0.315683771268657E-001  0.122281589212742E+001 -0.143390895899916E+006
  0.100000000000000E+001  0.731184683764134E+005  0.249010891721291E+000  0.938345127553782E+000  0.288477993465944E+001  0.147642494892266E-001  0.122281589212742E+001 -0.365592341882067E+005
  0.100000000000000E+001  0.277128762771706E+008  0.560123138427191E+000  0.112729970348642E+001  0.340784533142086E+001  0.658554085022678E-001  0.122281589212742E+001 -0.138564381385853E+008
  0.100000000000000E+001  0.154767050818014E+007  0.720375656890076E+000  0.114704222982017E+001  0.210464842751818E+001  0.374645442074196E-001  0.122281589212742E+001 -0.773835254090071E+006
  0.100000000000000E+001  0.225963986778440E+008  0.463645743267113E+000  0.109226833937551E+001  0.369176381669290E+001  0.194349014620955E-001  0.122281589212742E+001 -0.112981993389220E+008
  0.100000000000000E+001  0.980272062987902E+005  0.140152789509516E+000  0.113192511253868E+001  0.381733647270781E+001  0.261782011404960E+000  0.122281589212742E+001 -0.490136031493951E+005
  0.100000000000000E+001  0.188364509934063E+006  0.377765427519834E+000  0.115327162002317E+001  0.267591811498257E+001  0.125607495313877E-001  0.122281589212742E+001 -0.941822549670314E+005
  0.100000000000000E+001  0.684381388596667E+005  0.641609146730081E+000  0.853677318566255E+000  0.187195962270268E+001  0.257243043913921E+000  0.122281589212742E+001 -0.342190694298333E+005
  0.100000000000000E+001  0.653426304172654E+005  0.611149678095270E+000  0.110653927241723E+001  0.184363882549250E+001  0.181825502912991E+000  0.122281589212742E+001 -0.326713152086327E+005
  0.100000000000000E+001  0.735679435203242E+007  0.366891814354791E+000  0.806468338082698E+000  0.380057818655066E+001  0.495317909526416E-001  0.122281589212742E+001 -0.367839717601621E+007
  0.100000000000000E+001  0.780249665053992E+006  0.100490526620248E+000  0.955380035002429E+000  0.312043029280317E+001  0.314855437892805E+000  0.122281589212742E+001 -0.390124832526996E+006
  0.100000000000000E+001  0.385307321591716E+005  0.471504818438515E+000  0.107212689318469E+001  0.207593469829143E+001  0.199840005914989E+000  0.122281589212742E+001 -0.192653660795858E+005
  0.100000000000000E+001  0.325278967881938E+007  0.679909347446335E+000  0.101326977921746E+001  0.263730649629664E+001  0.382910886670159E+000  0.122281589212742E+001 -0.162639483940969E+007
  0.100000000000000E+001  0.375155095588284E+006  0.565330617937398E+000  0.115127057923366E+001  0.224082777741820E+001  0.340635072391460E+000  0.122281589212742E+001 -0.187577547794142E+006
  0.100000000000000E+001  0.552473430743597E+008  0.704857900835233E+000  0.939240969230078E+000  0.362367709161306E+001  0.339981377421763E+000  0.122281589212742E+001 -0.276236715371798E+008
  0.100000000000000E+001  0.611438904063342E+007  0.698317346454686E+000  0.975757698684208E+000  0.282798514529168E+001  0.346617664015230E+000  0.122281589212742E+001 -0.305719452031671E+007
  0.100000000000000E+001  0.530658046626776E+006  0.144645783724060E+000  0.102666989303372E+001  0.298454150118499E+001  0.143608655940887E+000  0.122281589212742E+001 -0.265329023313388E+006
  0.100000000000000E+001  0.121223104111755E+009  0.672178410268746E+000  0.995345800964115E+000  0.386333891888233E+001  0.427497444261787E-001  0.122281589212742E+001 -0.606115520558777E+008
  0.100000000000000E+001  0.843877533804465E+007  0.760387898412404E+000  0.119100477535991E+001  0.238071429625588E+001  0.751601026595034E-001  0.122281589212742E+001 -0.421938766902233E+007
  0.100000000000000E+001  0.342678815743497E+006  0.535341836237526E+000  0.984619914109726E+000  0.246141682018961E+001  0.197060700091994E+000  0.122281589212742E+001 -0.171339407871748E+006
  0.100000000000000E+001  0.694273729576829E+008  0.719430764537311E+000  0.118507043587845E+001  0.315252331607939E+001  0.345824303952270E-001  0.122281589212742E+001 -0.347136864788415E+008
  0.100000000000000E+001  0.684331394361835E+006  0.175455966420080E+000  0.102156674409113E+001  0.233373682665871E+001  0.268711985395573E+000  0.122281589212742E+001 -0.342165697180917E+006
  0.100000000000000E+001  0.327169293408972E+006  0.222751847550164E+000  0.870969848052831E+000  0.274035837182415E+001  0.201462454102281E+000  0.122281589212742E+001 -0.163584646704486E+006
  0.100000000000000E+001  0.596150516537492E+008  0.657891285006062E+000  0.877066597687123E+000  0.381391289981195E+001  0.589387912697289E-001  0.122281589212742E+001 -0.298075258268746E+008
  0.100000000000000E+001  0.722818607869570E+005  0.539499433631098E+000  0.108626315334007E+001  0.173885947493084E+001  0.686479804896805E-001  0.122281589212742E+001 -0.361409303934785E+005
  0.100000000000000E+001  0.147537705762770E+008  0.396556040097048E+000  0.113583569326958E+001  0.378130032117276E+001  0.298009505281201E+000  0.122281589212742E+001 -0.737688528813850E+007
  0.100000000000000E+001  0.188084959242207E+008  0.773371323326910E+000  0.940489494767201E+000  0.308578601923269E+001  0.300127582638745E+000  0.122281589212742E+001 -0.940424796211037E+007
  0.100000000000000E+001  0.353042339457776E+006  0.626526336589986E+000  0.921613939901982E+000  0.227022747832471E+001  0.476560545083314E-001  0.122281589212742E+001 -0.176521169728888E+006
  0.100000000000000E+001  0.174536202597677E+006  0.397907503166331E+000  0.110332782011551E+001  0.192409106887155E+001  0.115660016007278E+000  0.122281589212742E+001 -0.872681012988384E+005
  0.100000000000000E+001  0.117085212854805E+006  0.458551335164498E+000  0.815645267566435E+000  0.208768814934469E+001  0.107247377158432E+000  0.122281589212742E+001 -0.585426064274027E+005
  0.100000000000000E+001  0.369624201557676E+007  0.656363409957467E+000  0.104481721552394E+001  0.262619130739804E+001  0.424393541788500E-001  0.122281589212742E+001 -0.184812100778838E+007
  0.100000000000000E+001  0.287570147988275E+005  0.226912044356670E+000  0.105328294516875E+001  0.340661592788147E+001  0.175579556100844E+000  0.122281589212742E+001 -0.143785073994138E+005
  0.100000000000000E+001  0.505603315167694E+006  0.819281857360428E+000  0.101515881091850E+001  0.188806894741274E+001  0.248934055697944E+000  0.122281589212742E+001 -0.252801657583847E+006
  0.100000000000000E+001  0.131687236545509E+006  0.536439947393155E+000  0.105609604682176E+001  0.168339475576390E+001  0.263865607658280E+000  0.122281589212742E+001 -0.658436182727545E+005
  0.100000000000000E+001  0.592524590508646E+008  0.886173095600127E+000  0.104780351658041E+001  0.304164431590144E+001  0.323144657587762E+000  0.122281589212742E+001 -0.296262295254323E+008
  0.100000000000000E+001  0.216829253637221E+007  0.476658240161298E+000  0.116351200262441E+001  0.282162146168162E+001  0.960173162844802E-001  0.122281589212742E+001 -0.108414626818611E+007
  0.100000000000000E+001  0.142743207146582E+008  0.732602253612569E+000  0.101086618504755E+001  0.295649499223443E+001  0.247924843854545E+000  0.122281589212742E+001 -0.713716035732908E+007
  0.100000000000000E+001  0.564519925166686E+007  0.650349568720425E+000  0.100299379210532E+001  0.286076600924208E+001  0.277813353018431E+000  0.122281589212742E+001 -0.282259962583343E+007
  0.100000000000000E+001  0.410474273210522E+008  0.455643938910836E+000  0.115473832513875E+001  0.390411844551634E+001  0.261119782578757E+000  0.122281589212742E+001 -0.205237136605261E+008
  0.100000000000000E+001  0.217775430318638E+006  0.571491051872068E+000  0.803297016728966E+000  0.170269794150756E+001  0.380165521700526E+000  0.122281589212742E+001 -0.108887715159319E+006
  0.100000000000000E+001  0.519744818551405E+008  0.814315810815615E+000  0.916366030827690E+000  0.340652445956786E+001  0.336199197840406E+000  0.122281589212742E+001 -0.259872409275703E+008
  0.100000000000000E+001  0.388761664480806E+005  0.236767439515999E+000  0.978161068928197E+000  0.349383552680546E+001  0.374914842324014E+000  0.122281589212742E+001 -0.194380832240403E+005
  0.100000000000000E+001  0.839420262518067E+006  0.367307851672889E+000  0.970390417785430E+000  0.312019884069664E+001  0.126128007941500E-001  0.122281589212742E+001 -0.419710131259033E+006
  0.100000000000000E+001  0.612690819246610E+006  0.549563862874490E+000  0.106956793505450E+001  0.244582433393763E+001  0.202213733474938E+000  0.122281589212742E+001 -0.306345409623305E+006
  0.100000000000000E+001  0.192328198603253E+007  0.383335309512873E+000  0.894108472512811E+000  0.336911728402449E+001  0.213971655332903E+000  0.122281589212742E+001 -0.961640993016263E+006
  0.100000000000000E+001  0.232006945563393E+006  0.340017828369666E+000  0.100531089335702E+001  0.211020265603300E+001  0.544709419839178E-001  0.122281589212742E+001 -0.116003472781697E+006
  0.100000000000000E+001  0.789169110311649E+006  0.138576554008532E+000  0.104435942180049E+001  0.234403791351876E+001  0.216019649498875E+000  0.122281589212742E+001 -0.394584555155824E+006
  0.100000000000000E+001  0.614217023425641E+006  0.795959363063509E+000  0.110418768302506E+001  0.182267019489644E+001  0.122336815408668E+000  0.122281589212742E+001 -0.307108511712821E+006
  0.100000000000000E+001  0.870136508363699E+008  0.799108745266456E+000  0.806311296600113E+000  0.379061815709231E+001  0.145169529043468E+000  0.122281589212742E+001 -0.435068254181849E+008
  0.100000000000000E+001  0.342732730297093E+006  0.563033324794336E+000  0.117829780727512E+001  0.214172673807625E+001  0.785391565032904E-001  0.122281589212742E+001 -0.171366365148546E+006
  0.100000000000000E+001  0.170846547855278E+008  0.713006548512466E+000  0.966975039555693E+000  0.310741977592792E+001  0.974128423719000E-001  0.122281589212742E+001 -0.854232739276389E+007
  0.100000000000000E+001  0.553700735329723E+006  0.273622140029795E+000  0.112060104839722E+001  0.176802568002834E+001  0.134159194315275E+000  0.122281589212742E+001 -0.276850367664861E+006
  0.100000000000000E+001  0.396719158607070E+007  0.385340136176486E+000  0.842433838594635E+000  0.355179836366254E+001  0.991162576973460E-001  0.122281589212742E+001 -0.198359579303535E+007
  0.100000000000000E+001  0.897859790339553E+006  0.477399776359883E+000  0.941586962995310E+000  0.283444684770834E+001  0.129737551267060E+000  0.122281589212742E+001 -0.448929895169777E+006
  0.100000000000000E+001  0.198986565468720E+008  0.764275513278478E+000  0.825661432792677E+000  0.324890163152261E+001  0.487119161873805E-001  0.122281589212742E+001 -0.994932827343601E+007
  0.100000000000000E+001  0.805224081643418E+007  0.832170030457261E+000  0.815573851704730E+000  0.286701339086364E+001  0.255300242141014E+000  0.122281589212742E+001 -0.402612040821709E+007
  0.100000000000000E+001  0.442249549274033E+006  0.292339613386405E+000  0.923099478477819E+000  0.340213495940503E+001  0.177233358941436E+000  0.122281589212742E+001 -0.221124774637017E+006
  0.100000000000000E+001  0.526685692539793E+008  0.896106857986222E+000  0.819154859668181E+000  0.340571588254477E+001  0.872399706263973E-001  0.122281589212742E+001 -0.263342846269897E+008
  0.100000000000000E+001  0.642844051226128E+008  0.695457675460207E+000  0.998635499045140E+000  0.359426008548378E+001  0.315778592144673E+000  0.122281589212742E+001 -0.321422025613064E+008
  0.100000000000000E+001  0.692849143133994E+006  0.205780164369953E+000  0.925370127869153E+000  0.212724586665371E+001  0.356883574798839E+000  0.122281589212742E+001 -0.346424571566997E+006
  0.100000000000000E+001  0.106834420435409E+009  0.779932443836765E+000  0.995659229249357E+000  0.356586737459043E+001  0.130132282336688E+000  0.122281589212742E+001 -0.534172102177044E+008
  0.100000000000000E+001  0.232198862528041E+006  0.200961417063749E+000  0.118720752481600E+001  0.379503577847200E+001  0.396382338976076E+000  0.122281589212742E+001 -0.116099431264020E+006
  0.100000000000000E+001  0.630095924996252E+006  0.205693294225013E+000  0.107688963249888E+001  0.223377116630401E+001  0.399955700735267E+000  0.122281589212742E+001 -0.315047962498126E+006
  0.100000000000000E+001  0.265709508825176E+008  0.515854275555200E+000  0.913379865119739E+000  0.379185054524600E+001  0.686143900576970E-001  0.122281589212742E+001 -0.132854754412588E+008
  0.100000000000000E+001  0.144156802724277E+006  0.299324354166305E+000  0.114986661503013E+001  0.302594689470032E+001  0.106662010203244E+000  0.122281589212742E+001 -0.720784013621385E+005
  0.100000000000000E+001  0.159567536967864E+007  0.468656992095460E+000  0.911888813249698E+000  0.307808130832130E+001  0.346406520005547E+000  0.122281589212742E+001 -0.797837684839319E+006
  0.100000000000000E+001  0.353894446044360E+006  0.824290905019928E+000  0.108754157479362E+001  0.169593135318410E+001  0.200379009300543E+000  0.122281589212742E+001 -0.176947223022180E+006
  0.100000000000000E+001  0.132864209866819E+007  0.454464384350621E+000  0.914321530493378E+000  0.308363029748722E+001  0.381763509548833E+000  0.122281589212742E+001 -0.664321049334097E+006
  0.100000000000000E+001  0.655885745282262E+006  0.187532938050341E+000  0.105739186431536E+001  0.226517770843284E+001  0.253095614174425E+000  0.122281589212742E+001 -0.327942872641131E+006
  0.100000000000000E+001  0.845243470440693E+005  0.803550847780061E+000  0.841256371137492E+000  0.163291889702004E+001  0.201213951684844E+000  0.122281589212742E+001 -0.422621735220346E+005
  0.100000000000000E+001  0.139750189972566E+006  0.717972268409972E+000  0.966470244720611E+000  0.188220011569895E+001  0.168101067462737E+000  0.122281589212742E+001 -0.698750949862828E+005
  0.100000000000000E+001  0.452268099317677E+006  0.884681915593786E+000  0.111062234431147E+001  0.161032799397215E+001  0.308294346705787E+000  0.122281589212742E+001 -0.226134049658838E+006
  0.100000000000000E+001  0.731863318501490E+006  0.578206993583083E+000  0.112042779836030E+001  0.234615270194504E+001  0.208906095193127E+000  0.122281589212742E+001 -0.365931659250745E+006
  0.100000000000000E+001  0.539043699157508E+006  0.191358185294659E+000  0.821794506790219E+000  0.268418568831005E+001  0.322896655399636E+000  0.122281589212742E+001 -0.269521849578754E+006
  0.100000000000000E+001  0.240201135971605E+006  0.819682082352326E+000  0.855694156950016E+000  0.192575460843281E+001  0.209320288645548E+000  0.122281589212742E+001 -0.120100567985802E+006
  0.100000000000000E+001  0.404716717183550E+006  0.521278403826784E+000  0.103974688148785E+001  0.251094762484069E+001  0.340472034115023E+000  0.122281589212742E+001 -0.202358358591775E+006
  0.100000000000000E+001  0.988330759626332E+007  0.622527452576389E+000  0.835171605392451E+000  0.324590130277449E+001  0.369396873133910E-001  0.122281589212742E+001 -0.494165379813166E+007
  0.100000000000000E+001  0.385419535412718E+006  0.825622336412850E+000  0.987123207951821E+000  0.186183164579983E+001  0.263993935109101E+000  0.122281589212742E+001 -0.192709767706359E+006
  0.100000000000000E+001  0.601069129348972E+006  0.294645518617967E+000  0.102854663852126E+001  0.162258078948608E+001  0.174910719437749E+000  0.122281589212742E+001 -0.300534564674486E+006
  0.100000000000000E+001  0.311505689629030E+008  0.895972189576267E+000  0.854595362076528E+000  0.315090361761918E+001  0.180442674526639E-001  0.122281589212742E+001 -0.155752844814515E+008
  0.100000000000000E+001  0.616584890083660E+007  0.346108247879916E+000  0.119735294829704E+001  0.364757085524428E+001  0.368544132069666E+000  0.122281589212742E+001 -0.308292445041830E+007
  0.100000000000000E+001  0.222437914196523E+008  0.812835690275614E+000  0.827680115282821E+000  0.324419216558586E+001  0.324862972925607E+000  0.122281589212742E+001 -0.111218957098262E+008
  0.100000000000000E+001  0.182584196178203E+006  0.314729425732186E+000  0.101798838480039E+001  0.240934097662452E+001  0.329541917132341E+000  0.122281589212742E+001 -0.912920980891015E+005
  0.100000000000000E+001  0.422782004019489E+007  0.359628328004245E+000  0.861008499647944E+000  0.368776673898301E+001  0.228364355905996E+000  0.122281589212742E+001 -0.211391002009744E+007
  0.100000000000000E+001  0.520490768143652E+006  0.253050912660923E+000  0.104245012951103E+001  0.208639680385523E+001  0.251446027365808E+000  0.122281589212742E+001 -0.260245384071826E+006
  0.100000000000000E+001  0.685230579252310E+005  0.665355053548219E+000  0.975139209080070E+000  0.181747939881559E+001  0.449732042467842E-001  0.122281589212742E+001 -0.342615289626155E+005
  0.100000000000000E+001  0.142545233631682E+009  0.719560581117724E+000  0.112455001796163E+001  0.355475555605813E+001  0.252162318191619E+000  0.122281589212742E+001 -0.712726168158412E+008
  0.100000000000000E+001  0.541498780439953E+007  0.327214853092964E+000  0.108113849423250E+001  0.374473762862144E+001  0.227200536031652E+000  0.122281589212742E+001 -0.270749390219977E+007
  0.100000000000000E+001  0.353611253562652E+007  0.542227031051890E+000  0.908826809381267E+000  0.305012706676533E+001  0.153372771326808E+000  0.122281589212742E+001 -0.176805626781326E+007
  0.100000000000000E+001  0.249594448838556E+008  0.761149444824602E+000  0.101731586404346E+001  0.306801656699113E+001  0.246855826555509E+000  0.122281589212742E+001 -0.124797224419278E+008
  0.100000000000000E+001  0.392437699699316E+008  0.755446486330650E+000  0.104790145816459E+001  0.316188423356687E+001  0.118818568513184E+000  0.122281589212742E+001 -0.196218849849658E+008
  0.100000000000000E+001  0.126192639072660E+007  0.664605369636053E+000  0.111154280952604E+001  0.223806671785582E+001  0.606936270829391E-001  0.122281589212742E+001 -0.630963195363298E+006
  0.100000000000000E+001  0.270307299744171E+006  0.396803743376923E+000  0.109711382794473E+001  0.183111151721272E+001  0.325470452910120E+000  0.122281589212742E+001 -0.135153649872086E+006
  0.100000000000000E+001  0.444081253910406E+006  0.128855047176548E+000  0.911657167835468E+000  0.332505040336192E+001  0.173261345589514E-001  0.122281589212742E+001 -0.222040626955203E+006
  0.100000000000000E+001  0.203009258496315E+005  0.280058674068897E+000  0.859223398403508E+000  0.316470263118696E+001  0.131857657634203E+000  0.122281589212742E+001 -0.101504629248158E+005
  0.100000000000000E+001  0.186996265551855E+006  0.341851100133323E+000  0.100612208690695E+001  0.216485479857377E+001  0.164672153601941E-003  0.122281589212742E+001 -0.934981327759275E+005
  0.100000000000000E+001  0.798876464045729E+007  0.601036755235161E+000  0.814866377215416E+000  0.329198051677874E+001  0.296879594608466E+000  0.122281589212742E+001 -0.399438232022864E+007
  0.100000000000000E+001  0.151722125316882E+005  0.308827266494699E+000  0.952713426269817E+000  0.302382868630628E+001  0.314011043300962E+000  0.122281589212742E+001 -0.758610626584410E+004
  0.100000000000000E+001  0.793708289832076E+007  0.451068779664994E+000  0.113100315414964E+001  0.333319709505989E+001  0.118725594132259E+000  0.122281589212742E+001 -0.396854144916038E+007
  0.100000000000000E+001  0.779569088731561E+007  0.472235833074587E+000  0.100802280014791E+001  0.340241939970464E+001  0.186326756358753E+000  0.122281589212742E+001 -0.389784544365780E+007
  0.100000000000000E+001  0.743864020151430E+009  0.841605799188574E+000  0.113145544352077E+001  0.389418017118263E+001  0.348552491772233E+000  0.122281589212742E+001 -0.371932010075715E+009
  0.100000000000000E+001  0.168633944127811E+006  0.231020347445857E+000  0.115844080985938E+001  0.268579452144697E+001  0.188405787792421E-001  0.122281589212742E+001 -0.843169720639055E+005
  0.100000000000000E+001  0.850434872355343E+006  0.102719273711613E+000  0.907795631830945E+000  0.256532578378503E+001  0.877940528146251E-001  0.122281589212742E+001 -0.425217436177672E+006
  0.100000000000000E+001  0.470729118088090E+005  0.547608730082192E+000  0.884794172092090E+000  0.218046534756069E+001  0.189359571733679E+000  0.122281589212742E+001 -0.235364559044045E+005
  0.100000000000000E+001  0.243182061918789E+008  0.519354246325758E+000  0.116754598620763E+001  0.345795801124812E+001  0.276042557214832E+000  0.122281589212742E+001 -0.121591030959395E+008
  0.100000000000000E+001  0.826111775453578E+007  0.679396287974851E+000  0.113766270869549E+001  0.267625927028771E+001  0.141995420776074E+000  0.122281589212742E+001 -0.413055887726789E+007
  0.100000000000000E+001  0.444637806686311E+006  0.389643459590425E+000  0.936064935752824E+000  0.296334994898217E+001  0.781817770102726E-001  0.122281589212742E+001 -0.222318903343155E+006
  0.100000000000000E+001  0.990020206191357E+006  0.855453582291901E+000  0.833998787894948E+000  0.218083628152163E+001  0.929086021022819E-001  0.122281589212742E+001 -0.495010103095679E+006
  0.100000000000000E+001  0.450351252188454E+005  0.436566793647148E+000  0.116952233580039E+001  0.209643797195556E+001  0.358065085897265E+000  0.122281589212742E+001 -0.225175626094227E+005
  0.100000000000000E+001  0.689460099289567E+006  0.190478884982043E+000  0.115250147400086E+001  0.209536978234611E+001  0.294026265609055E+000  0.122281589212742E+001 -0.344730049644783E+006
  0.100000000000000E+001  0.863059506069182E+007  0.691792073559645E+000  0.103032138208975E+001  0.286567497889761E+001  0.323767656001668E+000  0.122281589212742E+001 -0.431529753034591E+007
  0.100000000000000E+001  0.137367234641512E+006  0.434272764915053E+000  0.978027100704518E+000  0.260792281447134E+001  0.107117642260296E+000  0.122281589212742E+001 -0.686836173207558E+005
  0.100000000000000E+001  0.592354521497105E+007  0.393278787295071E+000  0.116867448814831E+001  0.343724398727886E+001  0.247532026696296E+000  0.122281589212742E+001 -0.296177260748552E+007
  0.100000000000000E+001  0.293550268815557E+007  0.427636920844220E+000  0.867248821542132E+000  0.336931845465935E+001  0.259159288531828E+000  0.122281589212742E+001 -0.146775134407778E+007
  0.100000000000000E+001  0.538472654780473E+006  0.262492477099123E+000  0.953364716245590E+000  0.205647742000422E+001  0.271752352435412E+000  0.122281589212742E+001 -0.269236327390236E+006
  0.100000000000000E+001  0.249245421480721E+007  0.548944060538147E+000  0.990723706800433E+000  0.287283802678594E+001  0.232073292732164E+000  0.122281589212742E+001 -0.124622710740361E+007
  0.100000000000000E+001  0.644923277418558E+007  0.820968895312373E+000  0.116092595558381E+001  0.223451742209534E+001  0.527201731171797E-001  0.122281589212742E+001 -0.322461638709279E+007
  0.100000000000000E+001  0.221415492266713E+006  0.146890451649643E+000  0.110446079279239E+001  0.338540566874093E+001  0.225625111128958E-001  0.122281589212742E+001 -0.110707746133356E+006
  0.100000000000000E+001  0.194451703528882E+006  0.271702188745232E+000  0.953106776531102E+000  0.257561037434070E+001  0.132352124889738E+000  0.122281589212742E+001 -0.972258517644410E+005
  0.100000000000000E+001  0.169535619291102E+008  0.877314940606677E+000  0.979454688751355E+000  0.276648986875101E+001  0.955052314596951E-001  0.122281589212742E+001 -0.847678096455511E+007
  0.100000000000000E+001  0.313088624392948E+009  0.767912232688401E+000  0.104857147796844E+001  0.389209952002842E+001  0.202403804243825E+000  0.122281589212742E+001 -0.156544312196474E+009
  0.100000000000000E+001  0.929815454750846E+008  0.601230536915137E+000  0.106740346838992E+001  0.386712959907726E+001  0.348721012603891E+000  0.122281589212742E+001 -0.464907727375423E+008
  0.100000000000000E+001  0.509444870122013E+006  0.302299433326898E+000  0.876488550009282E+000  0.194133606908528E+001  0.262185010736245E+000  0.122281589212742E+001 -0.254722435061007E+006
  0.100000000000000E+001  0.179320848002328E+006  0.421424807655623E+000  0.920279356796758E+000  0.278112938041127E+001  0.263215658770007E+000  0.122281589212742E+001 -0.896604240011638E+005
  0.100000000000000E+001  0.434473777220120E+006  0.588876754720278E+000  0.104220103558235E+001  0.231838339117157E+001  0.258004964767745E+000  0.122281589212742E+001 -0.217236888610060E+006
  0.100000000000000E+001  0.415584897534207E+006  0.279916752833600E+000  0.108648486085876E+001  0.206219991027202E+001  0.167226474644784E+000  0.122281589212742E+001 -0.207792448767104E+006
  0.100000000000000E+001  0.189339899007853E+006  0.288603585101704E+000  0.108214732811805E+001  0.245301873124684E+001  0.250500350011899E+000  0.122281589212742E+001 -0.946699495039263E+005
  0.100000000000000E+001  0.471132682939828E+006  0.102761251834572E+000  0.900702668584869E+000  0.380800275934697E+001  0.185412282753094E+000  0.122281589212742E+001 -0.235566341469914E+006
  0.100000000000000E+001  0.466630332988668E+006  0.100435866614476E+000  0.116803845418181E+001  0.363744704332259E+001  0.509690954927378E-001  0.122281589212742E+001 -0.233315166494334E+006
  0.100000000000000E+001  0.162072654662005E+008  0.785252566959130E+000  0.953451419134023E+000  0.297516920745145E+001  0.176056517909755E+000  0.122281589212742E+001 -0.810363273310027E+007
  0.100000000000000E+001  0.403705508359071E+005  0.309683038654650E+000  0.979368054615672E+000  0.262127063277281E+001  0.575974159686656E-002  0.122281589212742E+001 -0.201852754179535E+005
  0.100000000000000E+001  0.886621914149261E+006  0.148360771627024E+000  0.892779834871440E+000  0.167855049648383E+001  0.114167168929646E+000  0.122281589212742E+001 -0.443310957074630E+006
  0.100000000000000E+001  0.337071676169343E+008  0.632746801863930E+000  0.119639065373157E+001  0.315600858342380E+001  0.386303153910568E+000  0.122281589212742E+001 -0.168535838084672E+008
  0.100000000000000E+001  0.880534630031565E+007  0.661490548439204E+000  0.837786705527520E+000  0.312528106437052E+001  0.224924940900855E-001  0.122281589212742E+001 -0.440267315015783E+007
  0.100000000000000E+001  0.756291723886992E+006  0.187275389350299E+000  0.948840503929423E+000  0.189803140561894E+001  0.596078517703954E-001  0.122281589212742E+001 -0.378145861943496E+006
  0.100000000000000E+001  0.375464568016366E+007  0.390814271913490E+000  0.896400539552052E+000  0.346775496367481E+001  0.429271250458052E-001  0.122281589212742E+001 -0.187732284008183E+007
  0.100000000000000E+001  0.114194674601877E+006  0.204715580080000E+000  0.882684449556921E+000  0.371843142469819E+001  0.125416642391431E+000  0.122281589212742E+001 -0.570973373009386E+005
  0.100000000000000E+001  0.668583210820257E+007  0.824812697833187E+000  0.881670907631401E+000  0.271028435391149E+001  0.108977986607342E+000  0.122281589212742E+001 -0.334291605410129E+007
  0.100000000000000E+001  0.184693977461290E+007  0.624271293105559E+000  0.935084350116616E+000  0.266827424941086E+001  0.217015535092085E+000  0.122281589212742E+001 -0.923469887306452E+006
  0.100000000000000E+001  0.131291989847562E+009  0.776328063185080E+000  0.105908922791323E+001  0.352112831737048E+001  0.179718261446746E+000  0.122281589212742E+001 -0.656459949237812E+008
  0.100000000000000E+001  0.240227274215072E+007  0.605220716889054E+000  0.928629214927742E+000  0.277949370841829E+001  0.178652036874172E+000  0.122281589212742E+001 -0.120113637107536E+007
  0.100000000000000E+001  0.981847751469603E+008  0.776912247400852E+000  0.871367429694472E+000  0.376180071557778E+001  0.736646178581335E-002  0.122281589212742E+001 -0.490923875734801E+008
  0.100000000000000E+001  0.241399539369702E+005  0.237573349713132E+000  0.815560642983690E+000  0.339987629716033E+001  0.912229707554883E-001  0.122281589212742E+001 -0.120699769684851E+005
  0.100000000000000E+001  0.823116041062928E+006  0.114109974604060E+000  0.118902391875864E+001  0.250766809352718E+001  0.264723674902125E+000  0.122281589212742E+001 -0.411558020531464E+006
  0.100000000000000E+001  0.423626994387405E+007  0.695491075623891E+000  0.114608415337687E+001  0.242051233010935E+001  0.359583134264923E-001  0.122281589212742E+001 -0.211813497193703E+007
  0.100000000000000E+001  0.131054857165120E+006  0.136223901639408E+000  0.841299040341799E+000  0.389341291359677E+001  0.216327438732095E+000  0.122281589212742E+001 -0.655274285825600E+005
  0.100000000000000E+001  0.812506012474199E+008  0.875478680425425E+000  0.938863478055524E+000  0.340339593615495E+001  0.331165877899846E+000  0.122281589212742E+001 -0.406253006237099E+008
  0.100000000000000E+001  0.505180505227578E+006  0.282622682578584E+000  0.929439870951190E+000  0.206569613150400E+001  0.371064210098888E+000  0.122281589212742E+001 -0.252590252613789E+006
  0.100000000000000E+001  0.122842463414136E+007  0.280351691035542E+000  0.905925299006044E+000  0.364075072396160E+001  0.130569758976081E+000  0.122281589212742E+001 -0.614212317070682E+006
  0.100000000000000E+001  0.973359543977548E+007  0.399522698496528E+000  0.112223190236233E+001  0.358542168423532E+001  0.853635240768344E-001  0.122281589212742E+001 -0.486679771988774E+007
  0.100000000000000E+001  0.286333503326642E+007  0.879458278060057E+000  0.106360303909000E+001  0.210229531823809E+001  0.191455866287728E+000  0.122281589212742E+001 -0.143166751663321E+007
  0.100000000000000E+001  0.122282232735654E+006  0.348787812611390E+000  0.946444214598221E+000  0.243635578456577E+001  0.377513226505703E+000  0.122281589212742E+001 -0.611411163678270E+005
  0.100000000000000E+001  0.340383745239980E+006  0.257204635988171E+000  0.950697697388627E+000  0.251035939759253E+001  0.349953964592298E+000  0.122281589212742E+001 -0.170191872619990E+006
  0.100000000000000E+001  0.923245373565024E+008  0.633533954156794E+000  0.112538784260343E+001  0.364992494394457E+001  0.359934263259651E+000  0.122281589212742E+001 -0.461622686782512E+008
  0.100000000000000E+001  0.189277836450608E+009  0.707059598897377E+000  0.116368266814129E+001  0.359698032487306E+001  0.120698240898029E+000  0.122281589212742E+001 -0.946389182253041E+008
  0.100000000000000E+001  0.275564926843820E+005  0.208600687519794E+000  0.837977265230519E+000  0.339550878218428E+001  0.187836676369575E+000  0.122281589212742E+001 -0.137782463421910E+005
  0.100000000000000E+001  0.961120081293305E+005  0.250096786548423E+000  0.110203513553112E+001  0.278664485378984E+001  0.143769033991706E+000  0.122281589212742E+001 -0.480560040646652E+005
  0.100000000000000E+001  0.181064085469338E+007  0.737069933784028E+000  0.927232880581750E+000  0.242332651218486E+001  0.108701789741864E+000  0.122281589212742E+001 -0.905320427346689E+006
  0.100000000000000E+001  0.333341743714049E+006  0.385099854261843E+000  0.880020947904720E+000  0.185927080626159E+001  0.860069075911044E-001  0.122281589212742E+001 -0.166670871857025E+006
  0.100000000000000E+001  0.364659864464272E+007  0.370128501615044E+000  0.108386565513947E+001  0.347011898277665E+001  0.287628438701468E+000  0.122281589212742E+001 -0.182329932232136E+007
  0.100000000000000E+001  0.391745426508523E+008  0.626654312359867E+000  0.806851070333260E+000  0.382714131879334E+001  0.251767281241796E+000  0.122281589212742E+001 -0.195872713254262E+008
  0.100000000000000E+001  0.219508117597498E+006  0.388465499936985E+000  0.852920828817127E+000  0.204696974223265E+001  0.115410447774921E-001  0.122281589212742E+001 -0.109754058798749E+006
  0.100000000000000E+001  0.334190669191843E+006  0.413759643626420E+000  0.847082328606614E+000  0.180614862447270E+001  0.153133001761683E+000  0.122281589212742E+001 -0.167095334595921E+006
  0.100000000000000E+001  0.649240424413889E+007  0.539885635091527E+000  0.109503277888159E+001  0.307952962591511E+001  0.346497654601505E+000  0.122281589212742E+001 -0.324620212206944E+007
  0.100000000000000E+001  0.178989227160399E+006  0.269015464818699E+000  0.101389412201993E+001  0.257768856854443E+001  0.132139305095431E+000  0.122281589212742E+001 -0.894946135801997E+005
  0.100000000000000E+001  0.392561490212017E+007  0.462907523836649E+000  0.111153147118015E+001  0.315925274727727E+001  0.397702902464065E+000  0.122281589212742E+001 -0.196280745106009E+007
  0.100000000000000E+001  0.244874312965885E+005  0.243675233460872E+000  0.119264688212657E+001  0.323259973391963E+001  0.291117335292166E+000  0.122281589212742E+001 -0.122437156482942E+005
  0.100000000000000E+001  0.438779222489281E+006  0.569653492936316E+000  0.111471265574285E+001  0.227895493650232E+001  0.226817270233977E+000  0.122281589212742E+001 -0.219389611244640E+006
  0.100000000000000E+001  0.248299607505999E+005  0.314080058908112E+000  0.104710260866139E+001  0.286981706113163E+001  0.727502672692708E-001  0.122281589212742E+001 -0.124149803752999E+005
  0.100000000000000E+001  0.523968560137553E+006  0.209387136191701E+000  0.111768544452552E+001  0.225459834346838E+001  0.708461308256120E-001  0.122281589212742E+001 -0.261984280068776E+006
  0.100000000000000E+001  0.131926397107271E+006  0.378212964915207E+000  0.112676138887526E+001  0.213959856255709E+001  0.353162963916549E+000  0.122281589212742E+001 -0.659631985536353E+005
  0.100000000000000E+001  0.765750968125686E+006  0.121295218278796E+000  0.840356130062183E+000  0.275638517807870E+001  0.159491122257495E+000  0.122281589212742E+001 -0.382875484062843E+006
  0.100000000000000E+001  0.206242872994506E+007  0.883372660758225E+000  0.106363078346339E+001  0.200566974287801E+001  0.136539230955343E+000  0.122281589212742E+001 -0.103121436497253E+007
  0.100000000000000E+001  0.922347444696060E+006  0.267175161717805E+000  0.105106490923912E+001  0.354654272756551E+001  0.851644284674214E-001  0.122281589212742E+001 -0.461173722348030E+006
  0.100000000000000E+001  0.576695297444824E+004  0.213897001377526E+000  0.107024526579706E+001  0.334256992884843E+001  0.537020113756630E-001  0.122281589212742E+001 -0.288347648722412E+004
  0.100000000000000E+001  0.449031376119233E+005  0.171992188779278E+000  0.959945503116003E+000  0.360503234128138E+001  0.186786164947890E+000  0.122281589212742E+001 -0.224515688059617E+005
  0.100000000000000E+001  0.129589094926803E+009  0.866661142014597E+000  0.986077125818411E+000  0.349246834651054E+001  0.376352940095614E+000  0.122281589212742E+001 -0.647945474634013E+008
  0.100000000000000E+001  0.281048610063945E+009  0.818043131289531E+000  0.118818677193953E+001  0.341825987488746E+001  0.252500387585676E+000  0.122281589212742E+001 -0.140524305031973E+009
  0.100000000000000E+001  0.229547002301076E+009  0.790216453950764E+000  0.115160208544713E+001  0.348991181867352E+001  0.206734753968349E+000  0.122281589212742E+001 -0.114773501150538E+009
  0.100000000000000E+001  0.145019391944231E+006  0.634054446167406E+000  0.104083311564616E+001  0.203556735740796E+001  0.351740005173678E+000  0.122281589212742E+001 -0.725096959721157E+005
  0.100000000000000E+001  0.267381545659342E+005  0.445873341040128E+000  0.838980900777791E+000  0.242231335846300E+001  0.161625410273485E+000  0.122281589212742E+001 -0.133690772829671E+005
  0.100000000000000E+001  0.541899571770694E+008  0.891945569308585E+000  0.933975901132386E+000  0.322391244774688E+001  0.159930177200429E+000  0.122281589212742E+001 -0.270949785885347E+008
  0.100000000000000E+001  0.401793256700329E+005  0.265788422567767E+000  0.103672643135384E+001  0.315629716117778E+001  0.681811027387244E-001  0.122281589212742E+001 -0.200896628350165E+005
  0.100000000000000E+001  0.898818188502754E+005  0.477230114212872E+000  0.115513213317534E+001  0.225820968783970E+001  0.188109539850685E+000  0.122281589212742E+001 -0.449409094251377E+005
  0.100000000000000E+001  0.231438907455940E+007  0.832355266654376E+000  0.859263200138807E+000  0.245699536613858E+001  0.389107348335681E+000  0.122281589212742E+001 -0.115719453727970E+007
  0.100000000000000E+001  0.184404787517640E+007  0.582861653127289E+000  0.109748831806989E+001  0.260593008471039E+001  0.359583269573594E+000  0.122281589212742E+001 -0.922023937588200E+006
  0.100000000000000E+001  0.150451533578155E+008  0.859437147625445E+000  0.885686869120310E+000  0.291826321852263E+001  0.132024820371589E+000  0.122281589212742E+001 -0.752257667890776E+007
  0.100000000000000E+001  0.720821235789867E+005  0.526134900340467E+000  0.862969756937350E+000  0.204815262110228E+001  0.264917685499570E+000  0.122281589212742E+001 -0.360410617894934E+005
  0.100000000000000E+001  0.128117273682107E+008  0.605835137552052E+000  0.850033206987992E+000  0.339723581919626E+001  0.225976348868294E+000  0.122281589212742E+001 -0.640586368410533E+007
  0.100000000000000E+001  0.520592167662470E+008  0.722947587170536E+000  0.116875205578988E+001  0.309197873041963E+001  0.221718482816336E+000  0.122281589212742E+001 -0.260296083831235E+008
  0.100000000000000E+001  0.653862833818389E+006  0.154001489998280E+000  0.948227775955550E+000  0.260096442518546E+001  0.113596741751850E+000  0.122281589212742E+001 -0.326931416909194E+006
  0.100000000000000E+001  0.476625233391320E+006  0.362387146467764E+000  0.804482750302901E+000  0.320112395377549E+001  0.212543511879710E+000  0.122281589212742E+001 -0.238312616695660E+006
  0.100000000000000E+001  0.251613935197148E+005  0.269852864955465E+000  0.842135026675683E+000  0.321814894505616E+001  0.885040905402702E-001  0.122281589212742E+001 -0.125806967598574E+005
  0.100000000000000E+001  0.129428993126263E+006  0.567288954531569E+000  0.119328846119473E+001  0.194481201002419E+001  0.275067128190852E-001  0.122281589212742E+001 -0.647144965631315E+005
  0.100000000000000E+001  0.368027711345707E+008  0.592488645382403E+000  0.940355119615358E+000  0.374114818808069E+001  0.323103812072496E+000  0.122281589212742E+001 -0.184013855672853E+008
  0.100000000000000E+001  0.265947417057052E+006  0.158034257484685E+000  0.851181769859986E+000  0.347159496994084E+001  0.302173724576818E+000  0.122281589212742E+001 -0.132973708528526E+006
