  0.100000000000000E+001  0.876354528949901E+001  0.252776579406385E+000  0.976875520351767E+000  0.312913734476038E+001  0.864474994799013E-001  0.122281589212742E+001 -0.438177264474951E+001
  0.100000000000000E+001  0.835558281808241E+001  0.253034090894251E+000  0.969860095364204E+000  0.309832851563619E+001  0.104705894001849E-001  0.122281589212742E+001 -0.417779140904121E+001
  0.100000000000000E+001  0.473695135145821E+001  0.252653934871933E+000  0.981325257815427E+000  0.312532443855587E+001  0.887807481460277E-001  0.122281589212742E+001 -0.236847567572910E+001
  0.100000000000000E+001  0.957236558901192E+001  0.255945784984131E+000  0.976181742125352E+000  0.308387352710388E+001  0.316951887558897E-001  0.122281589212742E+001 -0.478618279450596E+001
  0.100000000000000E+001  0.779168482122190E+001  0.254376134604323E+000  0.965990162154103E+000  0.310459240322901E+001  0.398562840550478E-001  0.122281589212742E+001 -0.389584241061095E+001
  0.100000000000000E+001  0.766032169107299E+001  0.251631358949350E+000  0.982933392585826E+000  0.313217638607445E+001  0.884937964042203E-001  0.122281589212742E+001 -0.383016084553650E+001
  0.100000000000000E+001  0.677366880558567E+001  0.256488663771895E+000  0.975446409273919E+000  0.307716589190859E+001  0.106061523989777E-001  0.122281589212742E+001 -0.338683440279283E+001
  0.100000000000000E+001  0.475272537826090E+001  0.255318758265171E+000  0.968460723793301E+000  0.308266773209447E+001  0.232800943172372E-002  0.122281589212742E+001 -0.237636268913045E+001
  0.100000000000000E+001  0.490977181987525E+001  0.254959819555307E+000  0.969412608616135E+000  0.308420438920208E+001  0.198360136647393E-002  0.122281589212742E+001 -0.245488590993762E+001
  0.100000000000000E+001  0.545716674958092E+001  0.255298396500339E+000  0.972515936783974E+000  0.308807805270225E+001  0.271773767256658E-001  0.122281589212742E+001 -0.272858337479046E+001
  0.100000000000000E+001  0.522212907151574E+001  0.255717773519598E+000  0.976633000669594E+000  0.308160517764339E+001  0.205578619352366E-001  0.122281589212742E+001 -0.261106453575787E+001
  0.100000000000000E+001  0.513783754756183E+001  0.254110094306348E+000  0.973756253737479E+000  0.309000684386676E+001  0.846715337392757E-002  0.122281589212742E+001 -0.256891877378092E+001
  0.100000000000000E+001  0.457275941032110E+001  0.253198449985841E+000  0.975670252150004E+000  0.311015177660653E+001  0.487809811393322E-001  0.122281589212742E+001 -0.228637970516055E+001
  0.100000000000000E+001  0.417952175004934E+001  0.254514167825299E+000  0.974151140053500E+000  0.308621133009830E+001  0.763897471274153E-002  0.122281589212742E+001 -0.208976087502467E+001
  0.100000000000000E+001  0.358023964639851E+001  0.252656799554054E+000  0.972394848653222E+000  0.311961049901971E+001  0.629652428759433E-001  0.122281589212742E+001 -0.179011982319926E+001
  0.100000000000000E+001  0.335641498193364E+001  0.254094522490500E+000  0.971380053572397E+000  0.310516206347890E+001  0.488379054312698E-001  0.122281589212742E+001 -0.167820749096682E+001
  0.100000000000000E+001  0.333620165745608E+001  0.255624339558709E+000  0.971400339245001E+000  0.308180979020692E+001  0.117995834120736E-001  0.122281589212742E+001 -0.166810082872804E+001
  0.100000000000000E+001  0.333131031843965E+001  0.255562232178366E+000  0.973537430010515E+000  0.308167373956760E+001  0.555053326120628E-002  0.122281589212742E+001 -0.166565515921982E+001
  0.100000000000000E+001  0.332760302324436E+001  0.255352195194391E+000  0.971910996193794E+000  0.308972371790461E+001  0.227583228468990E-001  0.122281589212742E+001 -0.166380151162218E+001
  0.100000000000000E+001  0.359098167137024E+001  0.251847276706587E+000  0.978281362198311E+000  0.313855232016749E+001  0.101585482900159E+000  0.122281589212742E+001 -0.179549083568512E+001
  0.100000000000000E+001  0.353991007608753E+001  0.251800350282118E+000  0.981095349883694E+000  0.313779845947093E+001  0.103386927738809E+000  0.122281589212742E+001 -0.176995503804376E+001
  0.100000000000000E+001  0.325590312095367E+001  0.252585385331542E+000  0.978211188811926E+000  0.312608285480201E+001  0.852716421940465E-001  0.122281589212742E+001 -0.162795156047684E+001
  0.100000000000000E+001  0.322552748963157E+001  0.256103556502583E+000  0.974273779300717E+000  0.307770658957659E+001  0.448846594129910E-002  0.122281589212742E+001 -0.161276374481578E+001
  0.100000000000000E+001  0.322441977027094E+001  0.254239435772544E+000  0.974966990146640E+000  0.309085695360427E+001  0.184534913246630E-001  0.122281589212742E+001 -0.161220988513547E+001
  0.100000000000000E+001  0.285309167632495E+001  0.252378066988759E+000  0.975697690655727E+000  0.311923696907656E+001  0.616544812529268E-001  0.122281589212742E+001 -0.142654583816247E+001
  0.100000000000000E+001  0.262866771750786E+001  0.253909807149779E+000  0.973218289605201E+000  0.310726984686195E+001  0.536628088261709E-001  0.122281589212742E+001 -0.131433385875393E+001
  0.100000000000000E+001  0.235256982584000E+001  0.255871445442825E+000  0.971913758243471E+000  0.308756748510235E+001  0.261909337413593E-001  0.122281589212742E+001 -0.117628491292000E+001
  0.100000000000000E+001  0.224619513733799E+001  0.252888892736379E+000  0.976516634214025E+000  0.311256493877147E+001  0.547157484712629E-001  0.122281589212742E+001 -0.112309756866899E+001
  0.100000000000000E+001  0.205591700325527E+001  0.255221703782577E+000  0.968851263634875E+000  0.308547842180424E+001  0.994537155195877E-002  0.122281589212742E+001 -0.102795850162764E+001
  0.100000000000000E+001  0.205565648012043E+001  0.253265965479905E+000  0.972424009939869E+000  0.310930977202255E+001  0.472695029753634E-001  0.122281589212742E+001 -0.102782824006021E+001
  0.100000000000000E+001  0.190391950618679E+001  0.253724515937785E+000  0.974778541983073E+000  0.310506670895718E+001  0.440182366546357E-001  0.122281589212742E+001 -0.951959753093397E+000
  0.100000000000000E+001  0.184946665298658E+001  0.256543020709782E+000  0.969171763807876E+000  0.307874042005713E+001  0.117543873311971E-001  0.122281589212742E+001 -0.924733326493288E+000
  0.100000000000000E+001  0.159778891697430E+001  0.256047283147535E+000  0.973912745186923E+000  0.307911918312916E+001  0.118155401356416E-001  0.122281589212742E+001 -0.798894458487150E+000
  0.100000000000000E+001  0.158677342997227E+001  0.255155934324328E+000  0.974201302322511E+000  0.309552810113209E+001  0.404914330119080E-001  0.122281589212742E+001 -0.793386714986136E+000
  0.100000000000000E+001  0.148628862497432E+001  0.253669507440983E+000  0.971937810462921E+000  0.310500696407225E+001  0.403742403559159E-001  0.122281589212742E+001 -0.743144312487158E+000
  0.100000000000000E+001  0.145340446663634E+001  0.256386651439753E+000  0.972476859879085E+000  0.308027605238468E+001  0.178433316556287E-001  0.122281589212742E+001 -0.726702233318170E+000
  0.100000000000000E+001  0.144503216153209E+001  0.255396635299220E+000  0.973056288192794E+000  0.308225421411219E+001  0.919589219855649E-002  0.122281589212742E+001 -0.722516080766043E+000
  0.100000000000000E+001  0.137062383917142E+001  0.253635336145622E+000  0.976764043686930E+000  0.310976379245854E+001  0.578432827304193E-001  0.122281589212742E+001 -0.685311919585708E+000
  0.100000000000000E+001  0.125067355325469E+001  0.254566486008042E+000  0.975611770340640E+000  0.310025492707856E+001  0.474621402610534E-001  0.122281589212742E+001 -0.625336776627346E+000
  0.100000000000000E+001  0.992169388328195E+000  0.254349085002748E+000  0.973743560699540E+000  0.310293178569518E+001  0.468187005089895E-001  0.122281589212742E+001 -0.496084694164098E+000
  0.100000000000000E+001  0.715994562334551E+000  0.255150861760385E+000  0.971499592757815E+000  0.308773480261334E+001  0.191678673304460E-001  0.122281589212742E+001 -0.357997281167275E+000
  0.100000000000000E+001  0.369644161707262E+000  0.254867990981440E+000  0.973026903008672E+000  0.309382488251051E+001  0.313147329918960E-001  0.122281589212742E+001 -0.184822080853631E+000
