#        weight    minuslogpost         omega_c             n_s            lnas            m_nu   minuslogprior minuslogprior__0            chi2 chi2__likelihood_CAMB
 4.9413983e-314       728.44296      0.28478642      0.99015548       3.0182073       0.2782816     -0.52966871      -0.52966871       1457.9453             1457.9453
 5.4163894e-311       721.40706      0.28099415      0.94787966        2.982319      0.11079261     -0.52966871      -0.52966871       1443.8734             1443.8734
 2.0567428e-299       694.70797      0.22823262      0.99675058       3.2425143     0.080545027     -0.52966871      -0.52966871       1390.4753             1390.4753
 2.3531576e-296       687.62921      0.26048667       1.0145448       3.1241009      0.17141693     -0.52966871      -0.52966871       1376.3178             1376.3178
 3.8579608e-292       677.88813      0.27642606       1.0549443        2.970539      0.17273579     -0.52966871      -0.52966871       1356.8356             1356.8356
 8.9418698e-289        670.1034      0.28435838       1.0027594       2.9905879      0.22757731     -0.52966871      -0.52966871       1341.2661             1341.2661
  2.913137e-286       664.28079      0.23551151       1.0367711       3.3768356      0.43576188     -0.52966871      -0.52966871       1329.6209             1329.6209
 1.0603089e-282       656.04475      0.25291913       1.0802445       3.1172702      0.18590438     -0.52966871      -0.52966871       1313.1488             1313.1488
 1.8123062e-275       639.35425      0.24034461      0.91080937       3.2810776      0.15328354     -0.52966871      -0.52966871       1279.7678             1279.7678
 4.5798767e-267       619.97013      0.26562021      0.95738882       3.0710342      0.15619221     -0.52966871      -0.52966871       1240.9996             1240.9996
 2.1829412e-262       609.16183        0.220048       1.0566999       3.4464128      0.44401306     -0.52966871      -0.52966871        1219.383              1219.383
 3.2286503e-262       608.73407      0.28229775       1.0193519       3.0105944       0.2582647     -0.52966871      -0.52966871       1218.5275             1218.5275
 6.3617192e-258       598.80913      0.26293511      0.88195923       3.1193498     0.069912862     -0.52966871      -0.52966871       1198.6776             1198.6776
 5.0629725e-251       582.88301      0.26796529      0.90906551        3.121455      0.16326028     -0.52966871      -0.52966871       1166.8254             1166.8254
 1.6064445e-247        574.8206      0.24610537      0.96317039       3.2177253      0.24062665     -0.52966871      -0.52966871       1150.7005             1150.7005
 7.2801902e-243       564.06139      0.24758508       1.0725148       3.2765152      0.44909235     -0.52966871      -0.52966871       1129.1821             1129.1821
 7.2167122e-241       559.42724      0.24454151      0.99737583       3.3200847      0.38594677     -0.52966871      -0.52966871       1119.9138             1119.9138
 6.0049786e-240       557.30846      0.28277297      0.99035007       2.9973402      0.18754154     -0.52966871      -0.52966871       1115.6763             1115.6763
 5.3841333e-235       545.86545      0.24419477       1.0477767       3.2714258      0.34081222     -0.52966871      -0.52966871       1092.7902             1092.7902
 9.4078681e-221       513.03195      0.22328052        1.004126       3.4792166      0.48303454     -0.52966871      -0.52966871       1027.1232             1027.1232
 9.4048606e-220       510.69046      0.24862977       1.0470213       3.1524306      0.23219957     -0.52966871      -0.52966871       1022.4403             1022.4403
 4.5355938e-217       504.47275      0.22943417      0.98979254       3.2716272     0.081302963     -0.52966871      -0.52966871       1010.0048             1010.0048
 3.7506542e-205       476.99254      0.26145264      0.93111889       3.0801233     0.081923851     -0.52966871      -0.52966871       955.04441             955.04441
 1.8937304e-202       470.72894      0.24977821       1.0205282       3.2948244      0.56648619     -0.52966871      -0.52966871       942.51723             942.51723
 7.1503258e-197       457.88741      0.26353599       1.0347208       3.0214055     0.031705881     -0.52966871      -0.52966871       916.83416             916.83416
 2.8683676e-191       444.98531      0.26796561      0.93105116       3.1280839      0.22157089     -0.52966871      -0.52966871       891.02996             891.02996
 2.3310335e-185       431.33467       0.2273194      0.96972139       3.3141661      0.16356473     -0.52966871      -0.52966871       863.72869             863.72869
 1.9891222e-161       376.14787      0.24894505       1.0692972       3.1804025      0.26564685     -0.52966871      -0.52966871       753.35508             753.35508
 2.0050414e-161        376.1399       0.2594621      0.96714113        3.110533      0.16994354     -0.52966871      -0.52966871       753.33913             753.33913
 2.1181877e-156       364.52952      0.25290078      0.96172416       3.2069377      0.20567729     -0.52966871      -0.52966871       730.11837             730.11837
 1.9196508e-147       343.86211      0.23634168       1.0026535       3.2566276      0.22227137     -0.52966871      -0.52966871       688.78356             688.78356
 9.8511955e-138       321.42001      0.24647361       1.0312766       3.2002878      0.20335656     -0.52966871      -0.52966871       643.89936             643.89936
 7.0094184e-137       319.41694      0.25238254      0.92495867       3.2184551      0.22282696     -0.52966871      -0.52966871       639.89322             639.89322
 1.7788716e-136       318.44481        0.249439      0.95612412       3.2838171      0.39014934     -0.52966871      -0.52966871       637.94896             637.94896
  3.135916e-133       310.89007      0.25666847       1.0334747       3.1073784      0.20742784     -0.52966871      -0.52966871       622.83948             622.83948
 1.0673899e-131       307.32339      0.26886861      0.92934354       3.0614243     0.059718919     -0.52966871      -0.52966871       615.70611             615.70611
 2.2816113e-120       281.19606      0.26922846       0.9784133       3.1070253      0.26586118     -0.52966871      -0.52966871       563.45146             563.45146
 3.0007675e-120       280.92208      0.25127022      0.97811957       3.1794327      0.14547076     -0.52966871      -0.52966871       562.90349             562.90349
 5.4001274e-119       277.99112      0.26900104      0.95467803       3.0923161      0.18959216     -0.52966871      -0.52966871       557.04157             557.04157
 3.4150501e-114        266.8956      0.25281169       1.0030993       3.2256759      0.39065881     -0.52966871      -0.52966871       534.85053             534.85053
 4.2098677e-109       255.09339      0.24504313      0.99348291       3.1567021     0.041865647     -0.52966871      -0.52966871       511.24612             511.24612
 3.8676566e-106        248.2312       0.2674855       1.0046546       3.1430447      0.36320968     -0.52966871      -0.52966871       497.52173             497.52173
 9.7683646e-100       233.48919      0.26656949      0.93529525        3.069522     0.091588379     -0.52966871      -0.52966871       468.03771             468.03771
  1.4363785e-98       230.76022      0.23618392      0.95936724       3.2339093     0.071994818     -0.52966871      -0.52966871       462.57977             462.57977
  8.5421147e-94       219.72617      0.26006614       1.0243886       3.2296911      0.48212655     -0.52966871      -0.52966871       440.51168             440.51168
  8.4051051e-92       215.09635      0.23450082       1.0380759       3.4032736      0.52928046     -0.52966871      -0.52966871       431.25204             431.25204
  9.6138799e-88       205.75164      0.24890457        1.043283       3.3139568      0.54298871     -0.52966871      -0.52966871       412.56262             412.56262
  8.1496434e-86       201.26914      0.24945132       1.0081905       3.0846664     0.012641429     -0.52966871      -0.52966871       403.59763             403.59763
  2.8364805e-85       199.97941      0.23125401       1.0389496       3.3987493      0.48140565     -0.52966871      -0.52966871       401.01816             401.01816
  2.2070182e-80       188.67485      0.24258133       1.0044873       3.1607287     0.088657726     -0.52966871      -0.52966871       378.40903             378.40903
  1.2692951e-76       179.97513      0.23572573       1.0295433       3.3411711      0.42622295     -0.52966871      -0.52966871       361.00959             361.00959
  1.9049488e-76       179.56913       0.2416488       1.0154735       3.3003256      0.34731603     -0.52966871      -0.52966871       360.19761             360.19761
  1.5114999e-72       170.46231       0.2506934       1.0827463       3.2680057      0.57708148     -0.52966871      -0.52966871       341.98396             341.98396
  5.3576137e-72       169.15607      0.25714354       0.9743439       3.2056596      0.33402715     -0.52966871      -0.52966871       339.37149             339.37149
  3.2746245e-69       162.66059      0.25411404       1.0439952       3.1454935       0.2477512     -0.52966871      -0.52966871       326.38052             326.38052
   2.461852e-68       160.56634      0.24028934       1.0522176       3.3060738      0.40859287     -0.52966871      -0.52966871       322.19201             322.19201
   4.997521e-68       159.82057      0.24685398      0.95114279       3.1335109     0.015088765     -0.52966871      -0.52966871       320.70047             320.70047
  1.9489641e-67       158.42189      0.25649418        1.058199       3.2253585      0.51744856     -0.52966871      -0.52966871       317.90311             317.90311
  8.2606331e-67       156.93994       0.2715328      0.94701269        3.009625     0.008348051     -0.52966871      -0.52966871       314.93922             314.93922
  1.2378625e-66       156.49773      0.24027477       1.0157083       3.2775288       0.2800375     -0.52966871      -0.52966871        314.0548              314.0548
  1.0180103e-65       154.35294      0.24732682      0.93267641       3.1637094     0.033119888     -0.52966871      -0.52966871       309.76522             309.76522
  2.2854076e-65       153.50651      0.25928081      0.95919523       3.0627735     0.032755401     -0.52966871      -0.52966871       308.07235             308.07235
   2.060919e-64       151.26957      0.25285532       1.0281968       3.0980924     0.094457403     -0.52966871      -0.52966871       303.59849             303.59849
  3.5792739e-64       150.67983      0.26513312       1.0073301       3.0184391     0.027372813     -0.52966871      -0.52966871       302.41899             302.41899
  2.1329489e-63       148.82079      0.24689376      0.98693198       3.2578413      0.28830712     -0.52966871      -0.52966871       298.70091             298.70091
  1.7631655e-60       142.03197      0.24134788       1.0198672       3.2649356      0.32177583     -0.52966871      -0.52966871       285.12327             285.12327
   2.295958e-60       141.73284      0.25988026      0.98958908       3.1849639      0.32046346     -0.52966871      -0.52966871       284.52501             284.52501
  1.2544017e-58       137.66317      0.25477025      0.96485598       3.1057005     0.017795349     -0.52966871      -0.52966871       276.38567             276.38567
  5.0358413e-56       131.63417      0.24715562       1.0200452       3.1605216      0.13236697     -0.52966871      -0.52966871       264.32768             264.32768
  7.1046298e-56        131.2561      0.23591529       1.0479753       3.3599299      0.47697915     -0.52966871      -0.52966871       263.57155             263.57155
  4.8413945e-54       127.00058      0.24474519       1.0404157       3.2532912      0.37180639     -0.52966871      -0.52966871       255.06049             255.06049
  1.8109002e-52       123.31209      0.24615839      0.95444568       3.2381418      0.21050219     -0.52966871      -0.52966871       247.68352             247.68352
  2.2521247e-50       118.45608      0.26009694       1.0065847       3.0607239     0.091169082     -0.52966871      -0.52966871        237.9715              237.9715
  5.7325494e-50       117.48901      0.25504536       1.0115706       3.1884546      0.32852795     -0.52966871      -0.52966871       236.03735             236.03735
   2.745588e-49        115.8898      0.25261211       1.0241172       3.1533857      0.19263222     -0.52966871      -0.52966871       232.83893             232.83893
  1.2591957e-48       114.33394      0.25371039      0.97227751       3.2233859      0.30765135     -0.52966871      -0.52966871       229.72723             229.72723
  1.2685748e-48       114.32652      0.24176266       1.0183719       3.3071414       0.4242765     -0.52966871      -0.52966871       229.71239             229.71239
  2.2116082e-48        113.7368      0.24495861       1.0405401        3.339888      0.60070516     -0.52966871      -0.52966871       228.53293             228.53293
  3.3283259e-47       110.95877      0.23967156      0.98556083       3.2231295      0.12743479     -0.52966871      -0.52966871       222.97688             222.97688
  8.2380399e-47       110.01969      0.24963716       0.9892654       3.1610807      0.11464283     -0.52966871      -0.52966871       221.09871             221.09871
  2.1864466e-46        109.0108      0.25413777      0.99645863       3.1258823      0.10597021     -0.52966871      -0.52966871       219.08093             219.08093
  2.0517465e-42       99.799505       0.2484946      0.99444233       3.1248313     0.032997779     -0.52966871      -0.52966871       200.65835             200.65835
  2.1489325e-41        97.38812      0.24852096       1.0027961       3.1290371     0.058044534     -0.52966871      -0.52966871       195.83558             195.83558
  1.3952474e-40       95.486663      0.24005775      0.99414804       3.2183569        0.152705     -0.52966871      -0.52966871       192.03266             192.03266
  8.1043323e-40       93.696564      0.25852763       1.0003239       3.1601311      0.28414732     -0.52966871      -0.52966871       188.45247             188.45247
  1.8642198e-39       92.832763      0.25586602         1.02413         3.18002       0.3007943     -0.52966871      -0.52966871       186.72486             186.72486
  3.3903223e-39       92.203909      0.25738508        1.012488       3.0681389     0.061341284     -0.52966871      -0.52966871       185.46716             185.46716
  3.3529289e-39       92.184228      0.25318205       1.0244013       3.1536402      0.20629962     -0.52966871      -0.52966871       185.42779             185.42779
  3.6334132e-39       92.073118      0.25372685       0.9487454       3.1568834      0.14019154     -0.52966871      -0.52966871       185.20557             185.20557
  1.5132857e-37       88.313066      0.23878737       1.0369579       3.3166016      0.40348545     -0.52966871      -0.52966871       177.68547             177.68547
  1.7359657e-37       88.145014      0.24295361       1.0199087       3.3435903      0.52572847     -0.52966871      -0.52966871       177.34936             177.34936
  3.1818504e-35       82.903173      0.24426441       1.0781436       3.3636464      0.69577033     -0.52966871      -0.52966871       166.86568             166.86568
  3.6556575e-34       80.431003      0.24688008       1.0432799       3.3449057      0.62317077     -0.52966871      -0.52966871       161.92134             161.92134
  1.8707116e-33       78.767603      0.23947087       1.0251857       3.3411974      0.45018329     -0.52966871      -0.52966871       158.59454             158.59454
  4.0568918e-32       75.660148      0.24318748      0.99625287        3.235057      0.20828589     -0.52966871      -0.52966871       152.37963             152.37963
  6.0473969e-32       75.230166      0.24872064      0.99847317       3.1058456     0.016913204     -0.52966871      -0.52966871       151.51967             151.51967
  1.0530994e-31       74.644699      0.24587602       1.0342027       3.3186139      0.54080464     -0.52966871      -0.52966871       150.34874             150.34874
  2.6291602e-31       73.699001      0.24433028      0.98200426       3.2090184      0.18134769     -0.52966871      -0.52966871       148.45734             148.45734
  3.5188422e-31       73.376762      0.24821326       1.0498932        3.306381       0.5759991     -0.52966871      -0.52966871       147.81286             147.81286
   1.502136e-30       71.894649      0.24369955       1.0320566       3.3427331      0.53650709     -0.52966871      -0.52966871       144.84863             144.84863
  1.4746934e-29        69.57973      0.24809947       1.0552601       3.3067376      0.58243456     -0.52966871      -0.52966871        140.2188              140.2188
  2.6820638e-29       68.950822      0.26694671      0.97230093       3.0160493    0.0090636316     -0.52966871      -0.52966871       138.96098             138.96098
  1.4453962e-28       67.235668       0.2421584       1.0231995       3.3116623      0.41221932     -0.52966871      -0.52966871       135.53067             135.53067
  6.3099107e-28       65.731159      0.24680499       1.0565393       3.3475596      0.66313705     -0.52966871      -0.52966871       132.52165             132.52165
  1.7078932e-27       64.704663      0.25017207      0.98108443       3.1304177     0.049882391     -0.52966871      -0.52966871       130.46866             130.46866
  5.7590359e-27       63.458382       0.2490394       1.0469213       3.2484068      0.41854439     -0.52966871      -0.52966871        127.9761              127.9761
  6.3451731e-27       63.330686      0.25112438      0.99128502       3.1196833     0.053832922     -0.52966871      -0.52966871       127.72071             127.72071
  8.6668029e-26       60.685523      0.25946838      0.97468726       3.0741422     0.069541232     -0.52966871      -0.52966871       122.43038             122.43038
  9.0112922e-26       60.615773      0.24725959      0.98399334       3.1718234      0.14253682     -0.52966871      -0.52966871       122.29088             122.29088
  5.4191107e-25       58.790963      0.24481378       1.0124374       3.3085288      0.43520989     -0.52966871      -0.52966871       118.64126             118.64126
   6.149935e-25       58.633682      0.24301465       1.0096261       3.2470702      0.27903667     -0.52966871      -0.52966871        118.3267              118.3267
  9.0928116e-25       58.211867      0.24867043       1.0331765       3.2185654      0.32184933     -0.52966871      -0.52966871       117.48307             117.48307
  2.3028918e-23       54.949244      0.25696134       1.0011077       3.1796779      0.29435891     -0.52966871      -0.52966871       110.95783             110.95783
  3.0538571e-23       54.636233      0.25338997      0.96305148       3.1013317     0.038556596     -0.52966871      -0.52966871        110.3318              110.3318
  3.3578913e-23       54.510553      0.26511632       0.9530078        3.038085   0.00082639687     -0.52966871      -0.52966871       110.08044             110.08044
  4.1164524e-23       54.276103      0.26108767      0.97453896       3.0531464     0.038844496     -0.52966871      -0.52966871       109.61154             109.61154
   7.712957e-23       53.617421      0.25354395       1.0088434       3.1300356      0.15765278     -0.52966871      -0.52966871       108.29418             108.29418
  9.6911992e-23       53.358333      0.24967105       0.9909479       3.1051132    0.0073010168     -0.52966871      -0.52966871         107.776               107.776
  3.7444787e-22       51.975912      0.25409717      0.95851351       3.1576847      0.14682728     -0.52966871      -0.52966871       105.01116             105.01116
  7.6827263e-22       51.226448      0.24619686      0.98689967        3.265508      0.32261128     -0.52966871      -0.52966871       103.51223             103.51223
  3.3869666e-21       49.712131      0.24674818       1.0294621       3.3144955      0.51549911     -0.52966871      -0.52966871        100.4836              100.4836
  5.6070739e-21       49.177266      0.25085283       1.0078519       3.1354113      0.11869482     -0.52966871      -0.52966871       99.413868             99.413868
  1.2132323e-20        48.37465      0.24690755       1.0193106       3.2305991      0.31093593     -0.52966871      -0.52966871       97.808637             97.808637
  1.2111337e-20       48.345609      0.24962746       1.0361386        3.291769      0.51479414     -0.52966871      -0.52966871       97.750556             97.750556
  1.5825653e-20       48.047347      0.24290007      0.98786409       3.2185169      0.16712612     -0.52966871      -0.52966871       97.154032             97.154032
  3.8737226e-20       47.121407      0.25067059       1.0158671       3.2562667      0.40091838     -0.52966871      -0.52966871       95.302151             95.302151
  4.1010535e-19       44.731022      0.24621871       1.0424587       3.3076397       0.5079328     -0.52966871      -0.52966871       90.521382             90.521382
   7.639098e-18        41.77563      0.25477654      0.99649385       3.1377483      0.15173722     -0.52966871      -0.52966871       84.610597             84.610597
  1.6175842e-17       40.994619      0.24418667        1.034425       3.3036613      0.45110611     -0.52966871      -0.52966871       83.048575             83.048575
  1.8832909e-17        40.81176      0.25842354      0.97099057       3.1149792      0.13170462     -0.52966871      -0.52966871       82.682858             82.682858
  5.9321705e-17       39.633619      0.24391319       1.0207676       3.2652838      0.33070249     -0.52966871      -0.52966871       80.326576             80.326576
   1.327084e-16       38.797668      0.25073774       1.0015712       3.1747869      0.21353425     -0.52966871      -0.52966871       78.654674             78.654674
  1.7391626e-16       38.496477      0.24917717      0.98152403       3.1581396      0.10345591     -0.52966871      -0.52966871       78.052292             78.052292
  1.9752205e-15       36.035844      0.24889718      0.98266189       3.1173306     0.017580368     -0.52966871      -0.52966871       73.131025             73.131025
  1.9246269e-15        36.03102      0.24683703       1.0350857       3.2654682       0.4060707     -0.52966871      -0.52966871       73.121378             73.121378
  2.1981632e-15       35.867359      0.24796762       1.0240971       3.2866232      0.45417283     -0.52966871      -0.52966871       72.794055             72.794055
  2.2277316e-15       35.823225      0.24369255        1.007179        3.228882      0.23350244     -0.52966871      -0.52966871       72.705788             72.705788
  4.0082543e-15       35.205082       0.2512083       1.0226354       3.2026243      0.29860707     -0.52966871      -0.52966871       71.469501             71.469501
  4.2162601e-15       35.123717      0.25661701      0.96185273       3.0737881     0.006407892     -0.52966871      -0.52966871       71.306772             71.306772
  4.3879036e-15       35.053043      0.25523738       1.0034967       3.1154243      0.13047238     -0.52966871      -0.52966871       71.165423             71.165423
  1.5958466e-14       33.731133      0.24555081       1.0011219       3.2745112      0.35276306     -0.52966871      -0.52966871       68.521603             68.521603
  1.5574486e-14       33.724717      0.24790342      0.99764448       3.2177801      0.23994954     -0.52966871      -0.52966871       68.508771             68.508771
  1.9001953e-14       33.495037      0.25952177      0.96667322       3.0881183     0.079989474     -0.52966871      -0.52966871       68.049412             68.049412
  2.3549186e-14       33.249716      0.25250705      0.98374474       3.1467693      0.12405415     -0.52966871      -0.52966871        67.55877              67.55877
  4.8878402e-14         32.4887      0.24752056      0.96565065       3.1763574      0.11058672     -0.52966871      -0.52966871       66.036738             66.036738
  1.2589251e-13       31.511836      0.24853141       1.0320389        3.262712      0.41674989     -0.52966871      -0.52966871       64.083009             64.083009
  2.0992613e-13       30.969737       0.2462591      0.99103091       3.2531208      0.29945958     -0.52966871      -0.52966871       62.998811             62.998811
  3.2778372e-13       30.493367      0.25006654       1.0059642       3.1533408      0.15206309     -0.52966871      -0.52966871       62.046071             62.046071
  3.3984644e-13       30.426455      0.24915379      0.99783894       3.1386356     0.096245524     -0.52966871      -0.52966871       61.912248             61.912248
  4.3856112e-13       30.140678      0.25037637       1.0220465       3.2478277      0.39967831     -0.52966871      -0.52966871       61.340694             61.340694
   1.087079e-12       29.202156      0.24561397      0.99534529       3.1994554      0.18552682     -0.52966871      -0.52966871        59.46365              59.46365
  1.2332955e-12       29.045189      0.24964407      0.99469232       3.1470081      0.10774303     -0.52966871      -0.52966871       59.149716             59.149716
   1.540153e-12       28.792225      0.25283161      0.99659744       3.1087481     0.081153215     -0.52966871      -0.52966871       58.643788             58.643788
  1.8429575e-12       28.581964      0.24819951      0.98111817       3.1380354     0.067859863     -0.52966871      -0.52966871       58.223265             58.223265
   1.805374e-12       28.571796      0.24657592      0.96994702       3.1822331      0.12473662     -0.52966871      -0.52966871        58.20293              58.20293
  5.1123863e-12       27.500126      0.25196436       1.0021114       3.2137848      0.30019421     -0.52966871      -0.52966871       56.059589             56.059589
  1.0353654e-11       26.763681      0.25688569      0.97422497       3.0768853    0.0039910579     -0.52966871      -0.52966871         54.5867               54.5867
  1.2512715e-11       26.543504      0.24939419      0.96623333       3.1784332      0.14173166     -0.52966871      -0.52966871       54.146345             54.146345
  2.1466266e-11       25.972995      0.25676805      0.97919548       3.1347081      0.15993794     -0.52966871      -0.52966871       53.005327             53.005327
  2.2101399e-11       25.913065      0.24851148      0.99250434        3.201514      0.20654811     -0.52966871      -0.52966871       52.885467             52.885467
  3.5500502e-11       25.408387      0.24495807       1.0056498       3.2360173       0.2690749     -0.52966871      -0.52966871       51.876112             51.876112
  3.7654429e-11       25.318712      0.25156964      0.98495204       3.0950694    0.0088276656     -0.52966871      -0.52966871       51.696761             51.696761
  8.6577393e-11       24.455352      0.26023977      0.96432178        3.062527     0.027099069     -0.52966871      -0.52966871       49.970041             49.970041
  9.2180004e-11       24.361876      0.25716214      0.97868426       3.1014838     0.099393724     -0.52966871      -0.52966871       49.783089             49.783089
  1.0542767e-10       24.196822      0.24743426      0.98305427        3.147583     0.076536959     -0.52966871      -0.52966871       49.452982             49.452982
  1.0577764e-10       24.162737      0.24434371       1.0059301       3.2488759      0.28702387     -0.52966871      -0.52966871       49.384811             49.384811
  1.2404175e-10       23.972686      0.25586688      0.99284334       3.1047925      0.10660802     -0.52966871      -0.52966871       49.004709             49.004709
  1.3011973e-10       23.894077      0.25787567      0.98176782       3.0763087     0.035808851     -0.52966871      -0.52966871       48.847492             48.847492
  1.3957923e-10       23.793128      0.24962488       1.0197969       3.2487348      0.38157076     -0.52966871      -0.52966871       48.645594             48.645594
  1.6089849e-10       23.620215       0.2519131       1.0017132       3.1469205       0.1493313     -0.52966871      -0.52966871       48.299768             48.299768
  3.2003299e-10       22.901793      0.25645338      0.97574569       3.0915024     0.042487177     -0.52966871      -0.52966871       46.862924             46.862924
  4.3225942e-10        22.57042      0.25580923      0.99526569       3.1068899      0.10992965     -0.52966871      -0.52966871       46.200177             46.200177
  2.1282982e-09       20.945596      0.24846247       1.0179705       3.2314236      0.31822266     -0.52966871      -0.52966871        42.95053              42.95053
  2.3632749e-09       20.810099       0.2527729      0.97705123       3.1564945       0.1620456     -0.52966871      -0.52966871       42.679535             42.679535
  2.6693628e-09       20.657536      0.25183347       1.0061582       3.1781722      0.23371805     -0.52966871      -0.52966871       42.374409             42.374409
  2.6128474e-09       20.648163       0.2598781      0.97740164       3.0739888     0.059373721     -0.52966871      -0.52966871       42.355664             42.355664
  3.6522394e-09       20.282492      0.26072992      0.96240285       3.0611836     0.011692092     -0.52966871      -0.52966871       41.624321             41.624321
  1.7045571e-08       19.905093      0.25306355      0.98926569       3.1855173      0.23911072     -0.52966871      -0.52966871       40.869523             40.869523
   2.165058e-08       19.665951      0.25058359       0.9802358       3.1972609      0.21883663     -0.52966871      -0.52966871       40.391239             40.391239
  5.4597802e-08       18.740989      0.24908584        0.996486       3.1954834      0.22584528     -0.52966871      -0.52966871       38.541316             38.541316
   6.616307e-08       18.548861      0.24964337       1.0012849        3.229956      0.30673975     -0.52966871      -0.52966871       38.157058             38.157058
  7.0087201e-08       18.491243      0.24873878      0.98279124       3.2073328      0.22434143     -0.52966871      -0.52966871       38.041823             38.041823
  1.5796194e-07       17.496307      0.24747515      0.99676795       3.2250637      0.26787055     -0.52966871      -0.52966871       36.051952             36.051952
   9.724495e-07       15.678843      0.25265895      0.98875792         3.18097      0.22473371     -0.52966871      -0.52966871       32.417024             32.417024
  2.0833249e-06       14.916941        0.247901       1.0065324       3.2176773      0.26066947     -0.52966871      -0.52966871       30.893219             30.893219
  5.7217264e-06       13.906636      0.24962267       1.0068193       3.2067529      0.26078369     -0.52966871      -0.52966871       28.872609             28.872609
  5.7455782e-06       13.902476      0.25187971      0.99547068       3.1926758      0.24931402     -0.52966871      -0.52966871       28.864289             28.864289
