#        weight    minuslogpost         omega_c             n_s            lnas              w0              wa   minuslogprior minuslogprior__0 minuslogprior__function            chi2 chi2__likelihood_CAMB
 9.0373549e-318       748.16157      0.23393234         0.96166       3.4040679      -1.3455941       1.2332235       3.4311445        3.4311445                      -0       1489.4608             1489.4608
 1.1651679e-313       738.66637      0.27331571      0.98452469       3.2355718      -0.9087145      0.68091085       3.4311445        3.4311445                      -0       1470.4705             1470.4705
 9.0087962e-291       685.93339      0.26306873       1.0045076       2.9034638     -0.49044798      -3.3395629       3.4311445        3.4311445                      -0       1365.0045             1365.0045
 6.6267729e-288       679.30195      0.41861438      0.83809975       2.5385263      0.16261841      -2.0040409       3.4311445        3.4311445                      -0       1351.7416             1351.7416
 2.1294807e-286       675.80125      0.40494834      0.84656505       2.4942066      0.16438657      -2.3659746       3.4311445        3.4311445                      -0       1344.7402             1344.7402
 6.3087065e-276       651.65857      0.15660295       1.1571559       3.7056659      -1.8941528      0.52849278       3.4311445        3.4311445                      -0       1296.4549             1296.4549
  9.979669e-274       646.56401      0.18643508       1.0226971       3.4261633      -1.1560014      -1.5424408       3.4311445        3.4311445                      -0       1286.2657             1286.2657
 3.4955451e-273       645.27971      0.17093004       1.0964087       3.6775056      -1.5214656        1.237587       3.4311445        3.4311445                      -0       1283.6971             1283.6971
 4.6553176e-271       640.35725      0.15465591       1.1578861       3.7251729      -1.9232661      0.63553201       3.4311445        3.4311445                      -0       1273.8522             1273.8522
 5.3039724e-271       640.19603      0.43395059      0.84227633       2.4310083      0.38217046      -2.9181684       3.4311445        3.4311445                      -0       1273.5298             1273.5298
  7.719133e-271       639.79002      0.33784848      0.81409128       2.7068427     -0.21915898      -3.0963764       3.4311445        3.4311445                      -0       1272.7177             1272.7177
 8.2214095e-271        639.6962      0.23345593        1.029315        3.390451      -1.1186708      0.87025681       3.4311445        3.4311445                      -0       1272.5301             1272.5301
 9.4865518e-271        639.5223       0.1530884       1.1606055       3.7298768      -1.9307742      0.61513452       3.4311445        3.4311445                      -0       1272.1823             1272.1823
 3.3561414e-266       629.01769      0.31825002       0.9104927       3.1540823      -0.5350148      0.14775085       3.4311445        3.4311445                      -0       1251.1731             1251.1731
 1.1117052e-262       620.88147      0.16185929       1.1465818        3.660089      -1.7922689      0.34440185       3.4311445        3.4311445                      -0       1234.9007             1234.9007
 2.8285987e-250       592.28579      0.43412979      0.83767902       2.4043342      0.41428372      -3.0722609       3.4311445        3.4311445                      -0       1177.7093             1177.7093
 5.0380269e-247       584.77003      0.25126932      0.98990618       3.3157017      -1.1564616       1.0067994       3.4311445        3.4311445                      -0       1162.6778             1162.6778
 1.5659597e-246       583.60519      0.19038775       1.0576912       3.6037413      -1.4176263       1.1889629       3.4311445        3.4311445                      -0       1160.3481             1160.3481
 1.3931673e-245       581.38875      0.41988714      0.85035584       2.4662722      0.29730694       -2.760244       3.4311445        3.4311445                      -0       1155.9152             1155.9152
 6.5914352e-244        577.5012      0.17789064       1.0800689        3.652656       -1.487343       1.2727699       3.4311445        3.4311445                      -0       1148.1401             1148.1401
 6.0091314e-242       572.95775      0.42614086      0.80542031       2.5958276      0.34179376      -1.9041012       3.4311445        3.4311445                      -0       1139.0532             1139.0532
 1.0456754e-231       549.34716      0.31136471      0.91458327       3.1778322     -0.60038099      0.25106874       3.4311445        3.4311445                      -0        1091.832              1091.832
  2.081392e-229       544.02285      0.42635269      0.84428819       2.4482337      0.31386883      -2.8142891       3.4311445        3.4311445                      -0       1081.1834             1081.1834
 1.1656628e-228       542.26924      0.23229174       1.0315635       3.4271763      -1.0780823      0.84561734       3.4311445        3.4311445                      -0       1077.6762             1077.6762
 1.0975865e-224        533.0883      0.43637599      0.80690951       2.4416697      0.36189824      -2.6952941       3.4311445        3.4311445                      -0       1059.3143             1059.3143
  1.814636e-224       532.55476      0.24384875       1.0457163       3.0195601     -0.78859349      -2.8237034       3.4311445        3.4311445                      -0       1058.2472             1058.2472
 1.2724287e-222       528.27377      0.29057242       0.8671412       2.8623103     -0.47580771      -2.7054771       3.4311445        3.4311445                      -0       1049.6853             1049.6853
  3.171113e-222       527.32985      0.22846462       1.0098325        3.141922     -0.76768376      -1.8497835       3.4311445        3.4311445                      -0       1047.7974             1047.7974
  2.162354e-220       523.07679         0.22361       1.0391498       3.4381817      -1.1901342       1.0183382       3.4311445        3.4311445                      -0       1039.2913             1039.2913
 2.2973606e-218       518.38029      0.22511276        1.053471       3.1580964     -0.92583897      -1.8397064       3.4311445        3.4311445                      -0       1029.8983             1029.8983
 2.5062951e-217        517.0585      0.21957638       1.0682633       3.1572212     -0.96823945      -2.3169018       3.4311445        3.4311445                      -0       1027.2547             1027.2547
 2.0613995e-215       512.64875       0.4344777      0.83663751       2.4070882      0.39618832      -3.2053103       3.4311445        3.4311445                      -0       1018.4352             1018.4352
 4.8184341e-214        509.4971      0.43600196       0.8160029       2.4547004      0.33982227       -2.485378       3.4311445        3.4311445                      -0       1012.1319             1012.1319
 2.2650464e-212       505.64678       0.4357849      0.80684925       2.4995401      0.30513179      -2.1470704       3.4311445        3.4311445                      -0       1004.4313             1004.4313
 7.5808063e-209       497.39747      0.30226303      0.95483943       2.7474348     -0.14986814      -4.2976487       3.4311445        3.4311445                      -0       987.93265             987.93265
  6.191866e-207       492.86115      0.23332306       1.0575111       3.0844118     -0.86884378       -2.564355       3.4311445        3.4311445                      -0       978.86001             978.86001
 3.0707054e-193       461.07498      0.21529466       1.0630037       3.1945061      -1.0427782      -2.2316681       3.4311445        3.4311445                      -0       915.28766             915.28766
 2.0310731e-174       417.62142      0.20392015       1.0701015       3.2794908      -1.1061055       -1.351748       3.4311445        3.4311445                      -0       828.38055             828.38055
 1.0587012e-167       402.15484      0.20133039       1.0673127       3.3293426      -1.1436854      -0.9517135       3.4311445        3.4311445                      -0        797.4474              797.4474
 2.1624928e-167       401.30709      0.20588305        1.076691       3.2795746      -1.1090418      -1.0240963       3.4311445        3.4311445                      -0        795.7519              795.7519
 3.2062027e-165        396.3081      0.20543451       1.0782857       3.2778183      -1.1160507      -1.0625603       3.4311445        3.4311445                      -0       785.75391             785.75391
 2.6032133e-161        387.3061      0.20634798        1.077864        3.273673      -1.1119366      -1.0626364       3.4311445        3.4311445                      -0       767.74991             767.74991
 4.4952572e-152       366.03656      0.20020776       1.0691671        3.331374      -1.1435168      -1.0496914       3.4311445        3.4311445                      -0       725.21082             725.21082
 5.0519639e-150       361.31463      0.43665077      0.81328484       2.4650625      0.35959869      -2.5650863       3.4311445        3.4311445                      -0       715.76698             715.76698
   3.796433e-94       231.80828        0.211431       1.0495855       3.3043693      -1.1896103     0.019337993       3.4311445        3.4311445                      -0       456.75428             456.75428
  1.8859957e-81       202.42013      0.20364713       1.0481672       3.3672853      -1.2455692       0.2332361       3.4311445        3.4311445                      -0       397.97798             397.97798
  1.6942486e-77       192.80618      0.20624967       1.0487222        3.327621       -1.227224      0.12981623       3.4311445        3.4311445                      -0       378.75008             378.75008
  1.1714538e-75       188.57001      0.20770771       1.0586773       3.3296717      -1.2215096       0.2499638       3.4311445        3.4311445                      -0       370.27773             370.27773
  4.7972661e-75       187.04242      0.20306921       1.0487111       3.3679916      -1.2480318      0.22173647       3.4311445        3.4311445                      -0       367.22256             367.22256
  1.0002507e-70       177.09729      0.20454936       1.0521005       3.3403751      -1.2253907    0.0060722701       3.4311445        3.4311445                      -0        347.3323              347.3323
  6.2365965e-70       175.26711      0.21369346       1.0528503       3.2837914      -1.1783909     0.039332585       3.4311445        3.4311445                      -0       343.67193             343.67193
  4.5775266e-59       149.73712      0.22605759       1.0389534       3.1924491      -1.0765586     -0.35559121       3.4311445        3.4311445                      -0       292.61196             292.61196
  2.8535113e-58       147.90715      0.22006702       1.0314333       3.2410424      -1.1479311     -0.27107485       3.4311445        3.4311445                      -0       288.95201             288.95201
  1.1342771e-52       134.69574      0.21028774        1.045385       3.3096539      -1.1991055     0.093617061       3.4311445        3.4311445                      -0       262.52919             262.52919
  1.0836488e-52       134.64609      0.22574093       1.0358779       3.1778677      -1.1264161     -0.45452367       3.4311445        3.4311445                      -0       262.42989             262.42989
  1.3743648e-51       131.92352      0.20254795       1.0456523       3.3691333      -1.2762321      0.30549868       3.4311445        3.4311445                      -0       256.98476             256.98476
  1.2161884e-50       129.74321      0.21040577       1.0439369       3.3113174      -1.2047136     0.088600494       3.4311445        3.4311445                      -0       252.62413             252.62413
  5.2625399e-50       128.27832      0.22057735       1.0384114       3.2073836      -1.0966638     -0.64590875       3.4311445        3.4311445                      -0       249.69435             249.69435
  8.6909067e-50       127.77665      0.20848197       1.0383024       3.3024683       -1.190277     -0.24643974       3.4311445        3.4311445                      -0       248.69102             248.69102
  8.3404966e-47       120.91005      0.21796401       1.0400851       3.2452404      -1.1414224     -0.12742631       3.4311445        3.4311445                      -0       234.95782             234.95782
  3.1764939e-44       114.71633      0.23808925       1.0125967       3.1283026      -1.0931085     -0.33920228       3.4311445        3.4311445                      -0       222.57037             222.57037
  2.1383439e-43       112.80949      0.22773354        1.033097       3.1670018      -1.0695732     -0.59763713       3.4311445        3.4311445                      -0       218.75669             218.75669
  2.0484344e-38       101.20599      0.20643005       1.0350215       3.3458305      -1.2463506      0.21976264       3.4311445        3.4311445                      -0       195.54969             195.54969
  1.1035477e-37       99.521949      0.22787616        1.020452       3.2022905      -1.1828292      0.17047277       3.4311445        3.4311445                      -0       192.18161             192.18161
  1.7842197e-37       98.887348      0.22528781       1.0101075       3.2251822      -1.1642271        0.161924       3.4311445        3.4311445                      -0       190.91241             190.91241
  2.1344137e-37       98.708137      0.23019694       1.0270636       3.1541642      -1.0545805     -0.64876412       3.4311445        3.4311445                      -0       190.55398             190.55398
  3.7028213e-37       98.157234      0.22181308        1.030967       3.2099887      -1.1207062     -0.60401008       3.4311445        3.4311445                      -0       189.45218             189.45218
  2.9396775e-34       90.920658      0.21131302       1.0223487       3.2962849      -1.1769396     -0.25460872       3.4311445        3.4311445                      -0       174.97903             174.97903
   1.543443e-33       89.262357       0.2270248       1.0266557       3.2162785      -1.1739242      0.11255414       3.4311445        3.4311445                      -0       171.66243             171.66243
  4.3826945e-27       73.710051      0.22601379      0.99109224       3.2064024      -1.0258253     -0.62886241       3.4311445        3.4311445                      -0       140.55781             140.55781
  4.2154908e-27       73.643588      0.25009327      0.95594892       3.0663352     -0.78319651      -1.1762746       3.4311445        3.4311445                      -0       140.42489             140.42489
  1.1657219e-25       70.323844      0.25444525      0.96624313       3.0544852     -0.78990489     -0.88116097       3.4311445        3.4311445                      -0        133.7854              133.7854
  7.7876762e-25       68.424642      0.24271216      0.96339673       3.0946731     -0.82201801      -1.4874517       3.4311445        3.4311445                      -0       129.98699             129.98699
  3.5133324e-24        66.66672      0.22970907      0.98466748        3.200289      -1.0380567     -0.38948652       3.4311445        3.4311445                      -0       126.47115             126.47115
  1.5545136e-20       57.953328      0.21424276       1.0194236       3.2915146      -1.2026679     0.069281287       3.4311445        3.4311445                      -0       109.04437             109.04437
  5.2103175e-16       47.271145      0.25128673      0.95267883       3.0784424     -0.89961713     -0.63430227       3.4311445        3.4311445                      -0       87.680001             87.680001
   5.334429e-16       47.167561      0.26595331      0.96055997       2.9964163     -0.75621788     -0.79582153       3.4311445        3.4311445                      -0       87.472834             87.472834
  2.8839461e-15       45.479999      0.26448981      0.97838456       3.0101223     -0.81155042     -0.51202122       3.4311445        3.4311445                      -0       84.097708             84.097708
  5.7677922e-14        42.31723       0.2513748      0.97673373       3.0582107     -0.89120431     -0.73184184       3.4311445        3.4311445                      -0        77.77217              77.77217
  6.3342159e-14       42.223553      0.24300916      0.95948306       3.1401353     -0.96151267     -0.33124264       3.4311445        3.4311445                      -0       77.584817             77.584817
  6.5640934e-14       42.100893      0.24715537      0.98645048         3.08329      -0.9253048     -0.72635813       3.4311445        3.4311445                      -0       77.339497             77.339497
   1.553299e-11        36.54736      0.25683807      0.98056819       3.0372097     -0.84792448     -0.70816573       3.4311445        3.4311445                      -0       66.232431             66.232431
  1.0457332e-10       34.473383      0.24582228      0.96323026        3.119955      -0.9567761     -0.31090829       3.4311445        3.4311445                      -0       62.084478             62.084478
  2.4872957e-10       33.526863      0.24252168      0.98177982       3.1453613     -0.97407094    -0.087134769       3.4311445        3.4311445                      -0       60.191437             60.191437
  4.3355097e-10        32.97122      0.24121797      0.98081431       3.1180158     -0.95208635     -0.61671499       3.4311445        3.4311445                      -0       59.080151             59.080151
  7.3941862e-10       32.350354      0.25672815      0.98440727       3.0635136     -0.87108466     -0.30719836       3.4311445        3.4311445                      -0       57.838418             57.838418
  2.1621021e-07       26.025584      0.26360469      0.96039889       3.0168497     -0.81185761     -0.72708323       3.4311445        3.4311445                      -0        45.18888              45.18888
  2.2270688e-07       25.947189      0.24788288      0.98355733       3.1150816      -1.0109935    -0.044348058       3.4311445        3.4311445                      -0       45.032089             45.032089
  8.8089875e-07       24.523312      0.25590752      0.97040728       3.0425595     -0.83133432     -0.77934946       3.4311445        3.4311445                      -0       42.184336             42.184336
  1.0277408e-06       24.369137      0.24412714       0.9709662       3.1476493     -0.95882909     -0.11470846       3.4311445        3.4311445                      -0       41.875985             41.875985
    1.54526e-06       23.961308      0.26993835      0.94959717       2.9785135      -0.7207993     -0.95256942       3.4311445        3.4311445                      -0       41.060326             41.060326
  2.1835215e-06       23.561494      0.25531309       0.9608401       3.0969819      -0.8791957     -0.14678677       3.4311445        3.4311445                      -0       40.260698             40.260698
   2.756978e-06        23.27423       0.2605666      0.96813557       3.0230326     -0.85053641     -0.68888086       3.4311445        3.4311445                      -0       39.686171             39.686171
  5.8987444e-06       22.359475      0.25806502      0.96745965        3.041677     -0.87561399     -0.53049532       3.4311445        3.4311445                      -0       37.856661             37.856661
  9.0258602e-06       21.838811      0.26783962      0.94247244       3.0174347     -0.81332375     -0.49194694       3.4311445        3.4311445                      -0       36.815332             36.815332
  1.0782242e-05       21.614484      0.25682307      0.98310495       3.0699574     -0.93943904     -0.10194841       3.4311445        3.4311445                      -0       36.366679             36.366679
   1.520774e-05        21.22406       0.2664843      0.95006213       3.0205015     -0.80048516     -0.57222984       3.4311445        3.4311445                      -0       35.585831             35.585831
  1.6758188e-05       21.126978      0.26646779       0.9401579       3.0161862     -0.80087795     -0.65109468       3.4311445        3.4311445                      -0       35.391666             35.391666
  2.5435576e-05       20.709716      0.25726222      0.95820991       3.0536934     -0.84912409     -0.53798422       3.4311445        3.4311445                      -0       34.557142             34.557142
  0.00018568861        18.62171      0.25905613      0.95720451       3.0659292     -0.88325638      -0.2423139       3.4311445        3.4311445                      -0       30.381131             30.381131
  0.00022770786       18.368927      0.27322735      0.93480704       2.9913463     -0.73813936     -0.63493838       3.4311445        3.4311445                      -0       29.875566             29.875566
  0.00037747556       17.863485      0.26550628      0.94072678       3.0196793     -0.79819286     -0.66628732       3.4311445        3.4311445                      -0       28.864681             28.864681
  0.00045742807       17.571288      0.25989101       0.9572158       3.0476923     -0.81787793     -0.57570526       3.4311445        3.4311445                      -0       28.280287             28.280287
  0.00052559071       17.383594      0.25450255      0.96484666       3.0693778     -0.91304711     -0.41600999       3.4311445        3.4311445                      -0         27.9049               27.9049
  0.00056399947       17.313064      0.25747805      0.97631334       3.0508055     -0.89695534     -0.36603883       3.4311445        3.4311445                      -0       27.763839             27.763839
  0.00061746859       17.171196      0.26635825      0.94982828       3.0226011     -0.79755172     -0.55543809       3.4311445        3.4311445                      -0       27.480103             27.480103
  0.00073453228        16.99759      0.25462303      0.95347651       3.0713384     -0.86495324     -0.56649456       3.4311445        3.4311445                      -0       27.132891             27.132891
   0.0010602414       16.576505      0.25596848      0.97216722       3.1016481     -0.94836247     0.071427409       3.4311445        3.4311445                      -0       26.290721             26.290721
    0.003188978        15.36994      0.26381321      0.95410016       3.0407169     -0.85568377     -0.34484589       3.4311445        3.4311445                      -0       23.877592             23.877592
   0.0078031041       14.328516      0.25476649      0.97515179       3.1020703     -0.94005189    0.0011631222       3.4311445        3.4311445                      -0       21.794743             21.794743
    0.010515815       13.939185      0.24931625      0.96630295       3.1082103     -0.91489502     -0.29736192       3.4311445        3.4311445                      -0       21.016082             21.016082
    0.010683241       13.836378      0.26399629        0.957153       3.0219051     -0.81010242     -0.63540237       3.4311445        3.4311445                      -0       20.810467             20.810467
    0.014042556        13.47958      0.26086918       0.9713319       3.0518285     -0.88683083      -0.2414981       3.4311445        3.4311445                      -0       20.096872             20.096872
    0.018904341       13.141459      0.24478047      0.97677907       3.1173961     -0.96327797     -0.36869649       3.4311445        3.4311445                      -0       19.420629             19.420629
    0.018538858        13.12016      0.25557948      0.96920104       3.0878222     -0.92909681    -0.081572914       3.4311445        3.4311445                      -0       19.378031             19.378031
    0.019128136       13.088868      0.26299642      0.95060932        3.017006     -0.79548403     -0.83022862       3.4311445        3.4311445                      -0       19.315448             19.315448
    0.020043697       12.999554      0.25346694      0.96145058       3.0883207     -0.88185435     -0.35966295       3.4311445        3.4311445                      -0        19.13682              19.13682
    0.021286456       12.939398      0.26112571      0.95100784       3.0475532     -0.84711579     -0.46942564       3.4311445        3.4311445                      -0       19.016507             19.016507
    0.024726419       12.745145      0.25392842      0.96342167       3.0956391      -0.9228327       -0.142888       3.4311445        3.4311445                      -0       18.628001             18.628001
    0.027601308       12.590702      0.25220859      0.97818219       3.0780199     -0.90815833     -0.36436268       3.4311445        3.4311445                      -0       18.319116             18.319116
    0.031103452       12.426795      0.25569417       0.9626159       3.0662496     -0.88935384     -0.40745578       3.4311445        3.4311445                      -0       17.991301             17.991301
    0.046534941        12.02391      0.26333126      0.96489442       3.0347647     -0.84182196     -0.40717806       3.4311445        3.4311445                      -0       17.185532             17.185532
    0.047934761       11.947753      0.26368751      0.95806278       3.0240019      -0.8072749     -0.62101176       3.4311445        3.4311445                      -0       17.033217             17.033217
     0.06002486       11.722835      0.25964079      0.96603878        3.060137     -0.89589775     -0.23429094       3.4311445        3.4311445                      -0       16.583381             16.583381
    0.059724459       11.679062      0.26663634      0.95059099       3.0343666     -0.82872638     -0.32683562       3.4311445        3.4311445                      -0       16.495835             16.495835
    0.061233925       11.654102      0.25359759      0.96881164       3.0631582     -0.88080847     -0.61015353       3.4311445        3.4311445                      -0       16.445916             16.445916
    0.061430716         11.5996      0.25443644      0.96841015       3.0591069     -0.87694521     -0.61321159       3.4311445        3.4311445                      -0       16.336912             16.336912
    0.063032583       11.522565      0.25119765      0.98155408        3.081381     -0.92451859     -0.37454268       3.4311445        3.4311445                      -0       16.182842             16.182842
    0.061682321       11.492926      0.25225621       0.9756978       3.0748608     -0.91278116      -0.4547137       3.4311445        3.4311445                      -0       16.123564             16.123564
    0.058631713       11.492355      0.26113649      0.96065551       3.0469037     -0.85324287     -0.35302093       3.4311445        3.4311445                      -0        16.12242              16.12242
    0.056773045       11.424485      0.25600271      0.95850838       3.0763169     -0.87329468     -0.37533025       3.4311445        3.4311445                      -0       15.986682             15.986682
    0.094821735       10.649184      0.25616086      0.96877014       3.0724942     -0.87389812     -0.34491819       3.4311445        3.4311445                      -0       14.436079             14.436079
    0.097198832       10.585203        0.255639      0.97191461       3.0807664     -0.93071998     -0.14016944       3.4311445        3.4311445                      -0       14.308118             14.308118
    0.097031485       10.509965      0.25221503      0.96850239       3.0841506     -0.92358617     -0.36393481       3.4311445        3.4311445                      -0       14.157642             14.157642
     0.10566229       10.387013      0.27688038      0.94283642       2.9762958     -0.73252667     -0.57646684       3.4311445        3.4311445                      -0       13.911736             13.911736
     0.10428271       10.362415      0.25803321      0.95953783       3.0755959     -0.88966001     -0.22550089       3.4311445        3.4311445                      -0        13.86254              13.86254
     0.11671351       10.212058      0.25510373      0.95813472       3.0799046     -0.88250069     -0.35823855       3.4311445        3.4311445                      -0       13.561826             13.561826
     0.13345425       10.003913      0.27100298      0.94776388       3.0078899     -0.75786038     -0.50333883       3.4311445        3.4311445                      -0       13.145538             13.145538
     0.13189075       9.9793304      0.25616971      0.97024358       3.0768801     -0.92176287     -0.16941562       3.4311445        3.4311445                      -0       13.096372             13.096372
     0.13493367        9.956521      0.25741458      0.97444612       3.0650774     -0.89739193     -0.22458641       3.4311445        3.4311445                      -0       13.050753             13.050753
     0.14331905       9.8584908      0.27309955      0.94391915       3.0003782     -0.74840776     -0.51124134       3.4311445        3.4311445                      -0       12.854693             12.854693
     0.15326403       9.7536616      0.26679169      0.95747183        3.040344     -0.82865076     -0.20888887       3.4311445        3.4311445                      -0       12.645034             12.645034
     0.15080677       9.6957163      0.27025067      0.95080227       3.0017589     -0.76367298     -0.55283303       3.4311445        3.4311445                      -0       12.529144             12.529144
     0.19652347       9.3594749      0.26200894      0.96606313       3.0526444     -0.83770858     -0.27456004       3.4311445        3.4311445                      -0       11.856661             11.856661
     0.20837747       9.2658143      0.27135797      0.94758516       3.0154665     -0.78114899     -0.35644602       3.4311445        3.4311445                      -0        11.66934              11.66934
     0.21147124       9.2159851      0.26338917      0.95415137       3.0291591     -0.82917677     -0.52042494       3.4311445        3.4311445                      -0       11.569681             11.569681
     0.22704539       9.0759313      0.24747446      0.97619575       3.1083889     -0.93694134     -0.32016795       3.4311445        3.4311445                      -0       11.289574             11.289574
     0.23256096       9.0519288      0.26168649      0.95954905       3.0535824     -0.86619397     -0.25329505       3.4311445        3.4311445                      -0       11.241569             11.241569
     0.22950001       9.0300868      0.25477767      0.97731004       3.0800591     -0.89827931     -0.21690424       3.4311445        3.4311445                      -0       11.197885             11.197885
     0.22484034       9.0155081      0.24964456      0.97351604       3.1010132     -0.95014354     -0.25575612       3.4311445        3.4311445                      -0       11.168727             11.168727
     0.22813165       9.0009757      0.25490588      0.96941582        3.071271      -0.8822926     -0.37129713       3.4311445        3.4311445                      -0       11.139663             11.139663
     0.22300118       8.9873539      0.26697648      0.95613312       3.0268352     -0.83002411     -0.33361123       3.4311445        3.4311445                      -0       11.112419             11.112419
     0.21664173       8.9799183       0.2614371      0.96685616       3.0545464     -0.84183247     -0.28139854       3.4311445        3.4311445                      -0       11.097548             11.097548
     0.24973848       8.8013814      0.26064258      0.96838469       3.0510304     -0.88199664     -0.27291996       3.4311445        3.4311445                      -0       10.740474             10.740474
      0.2634128       8.6427128      0.25280204      0.97304355       3.1027028     -0.94643925    -0.072247368       3.4311445        3.4311445                      -0       10.423137             10.423137
     0.27279357       8.5738183      0.25815029      0.97765889       3.0755583     -0.90829144    -0.081888648       3.4311445        3.4311445                      -0       10.285348             10.285348
     0.26536775       8.5675155      0.26886999      0.95106951       3.0139947     -0.77610294     -0.50543893       3.4311445        3.4311445                      -0       10.272742             10.272742
     0.27716209        8.490128      0.25278308      0.97087754       3.0971177      -0.9147533     -0.16143308       3.4311445        3.4311445                      -0       10.117967             10.117967
     0.26952592       8.4841644      0.26666588      0.96390453        3.029349       -0.824606     -0.29162514       3.4311445        3.4311445                      -0        10.10604              10.10604
      0.2702406       8.4476147      0.25651792      0.96630577       3.0748795     -0.87033847     -0.28655559       3.4311445        3.4311445                      -0       10.032941             10.032941
     0.26650626       8.4276281      0.26027623      0.95761687       3.0557737     -0.83529879      -0.4037307       3.4311445        3.4311445                      -0       9.9929673             9.9929673
     0.25791263       8.4265034      0.26156009      0.97221666       3.0574406     -0.87253184     -0.16911267       3.4311445        3.4311445                      -0       9.9907179             9.9907179
     0.25407756       8.4075832      0.25692376      0.96700742       3.0717799      -0.8695136     -0.31939009       3.4311445        3.4311445                      -0       9.9528774             9.9528774
      0.2828808       8.2662956      0.25091962       0.9686295       3.1090884     -0.92961883     -0.16551603       3.4311445        3.4311445                      -0       9.6703022             9.6703022
     0.27960887       8.2440279      0.25803814      0.96170078       3.0519965     -0.86789083     -0.48536572       3.4311445        3.4311445                      -0       9.6257669             9.6257669
     0.30821441       8.1127224      0.26686863      0.95182932       3.0190532     -0.81238176      -0.4726462       3.4311445        3.4311445                      -0       9.3631559             9.3631559
     0.34287479       7.9722512      0.27102944      0.94556202       3.0039109     -0.75899685     -0.53913416       3.4311445        3.4311445                      -0       9.0822135             9.0822135
     0.34111395       7.9434984      0.26198885      0.95383098       3.0480416     -0.84105405     -0.37464202       3.4311445        3.4311445                      -0       9.0247079             9.0247079
     0.35481926       7.8702049       0.2647615      0.95574298       3.0425043     -0.81233579     -0.33556269       3.4311445        3.4311445                      -0       8.8781209             8.8781209
     0.37090159       7.7919751      0.24956729      0.97377537       3.0959849     -0.92871399     -0.36037041       3.4311445        3.4311445                      -0       8.7216613             8.7216613
     0.35924285       7.7900117      0.25604183      0.95945089       3.0738249     -0.87689533     -0.36257943       3.4311445        3.4311445                      -0       8.7177345             8.7177345
     0.36173238       7.7492041      0.25601287      0.96580131       3.0699309     -0.87393023     -0.39531311       3.4311445        3.4311445                      -0       8.6361193             8.6361193
     0.38525938       7.6522904      0.26390474       0.9623052       3.0382516     -0.84938214     -0.32521862       3.4311445        3.4311445                      -0       8.4422919             8.4422919
     0.40178354       7.5763922      0.25197193      0.98459844       3.1032032     -0.93939885    -0.051715444       3.4311445        3.4311445                      -0       8.2904955             8.2904955
     0.45768842        7.446117       0.2579946      0.96916018        3.053998     -0.87598755     -0.38921225       3.4311445        3.4311445                      -0       8.0299451             8.0299451
     0.45114131       7.4254337      0.26077218      0.96497946       3.0581623     -0.87709714     -0.20958237       3.4311445        3.4311445                      -0       7.9885785             7.9885785
     0.45188122       7.3887037      0.25635116      0.97207972       3.0716917     -0.87804543     -0.28808917       3.4311445        3.4311445                      -0       7.9151184             7.9151184
     0.49954847       7.2533271      0.26197496      0.95559449       3.0551923      -0.8480218      -0.3073435       3.4311445        3.4311445                      -0       7.6443653             7.6443653
     0.48915794        7.239255      0.25404805      0.97937146       3.0860049     -0.91414726     -0.17989952       3.4311445        3.4311445                      -0        7.616221              7.616221
     0.49010064       7.2373296      0.25914688      0.95694748       3.0513476     -0.84876725     -0.50277025       3.4311445        3.4311445                      -0       7.6123704             7.6123704
     0.49251715       7.1960435      0.26318476      0.96122866       3.0567624     -0.83735162     -0.21563524       3.4311445        3.4311445                      -0        7.529798              7.529798
     0.47699337       7.1917025      0.24934373       0.9713365        3.105917      -0.9362423      -0.2567587       3.4311445        3.4311445                      -0       7.5211161             7.5211161
     0.46883572        7.172585      0.26090438      0.95929152       3.0387364     -0.84550934     -0.52102924       3.4311445        3.4311445                      -0       7.4828812             7.4828812
     0.59094979       7.0588894      0.25442486      0.97731758        3.090134     -0.90935788      -0.1443025       3.4311445        3.4311445                      -0         7.25549               7.25549
     0.63508305       6.9868647      0.25904212      0.96090368       3.0582383     -0.85405006     -0.36889407       3.4311445        3.4311445                      -0       7.1114405             7.1114405
     0.65442447       6.9568643      0.26209122      0.96186416       3.0480762     -0.85395484     -0.29245359       3.4311445        3.4311445                      -0       7.0514397             7.0514397
     0.64710202       6.9215965      0.25006844      0.97520103       3.1008024     -0.92981678     -0.26474859       3.4311445        3.4311445                      -0       6.9809041             6.9809041
     0.62204561       6.8701153      0.26548169      0.95469956       3.0451195     -0.82290415     -0.26383646       3.4311445        3.4311445                      -0       6.8779417             6.8779417
     0.60011257       6.8190001       0.2535549       0.9800829       3.0905636     -0.91765547     -0.14691389       3.4311445        3.4311445                      -0       6.7757112             6.7757112
     0.60842177        6.805249      0.25673003      0.96347897       3.0670431     -0.86417918     -0.38940377       3.4311445        3.4311445                      -0       6.7482091             6.7482091
     0.60261972       6.7278196      0.26492736      0.95702381       3.0372389     -0.82397669     -0.36430042       3.4311445        3.4311445                      -0       6.5933503             6.5933503
     0.60000416       6.6896097      0.26358029       0.9557383       3.0435898     -0.81946927     -0.36996864       3.4311445        3.4311445                      -0       6.5169306             6.5169306
     0.62402182       6.6078014      0.26058889      0.97021261       3.0600568     -0.87293029     -0.20599681       3.4311445        3.4311445                      -0       6.3533138             6.3533138
     0.61510158       6.5388177      0.25402276      0.97336078       3.0808958     -0.92093528     -0.23323491       3.4311445        3.4311445                      -0       6.2153464             6.2153464
     0.62196827        6.527716      0.26284347       0.9567479       3.0423694     -0.84722693     -0.36425855       3.4311445        3.4311445                      -0       6.1931432             6.1931432
     0.60737307       6.5089023      0.26244894      0.95521903       3.0484803     -0.82747782     -0.37372334       3.4311445        3.4311445                      -0       6.1555156             6.1555156
      0.6132905       6.4992068         0.24698      0.98469298       3.1282616     -0.96915354    -0.028374446       3.4311445        3.4311445                      -0       6.1361246             6.1361246
     0.62308134       6.4833684      0.26002635        0.969606       3.0514806     -0.85934109     -0.33609256       3.4311445        3.4311445                      -0       6.1044479             6.1044479
     0.60095435       6.4730065      0.26405817       0.9598645       3.0444518     -0.83495698     -0.30367302       3.4311445        3.4311445                      -0       6.0837241             6.0837241
     0.64304881       6.2717734      0.25368205       0.9710204       3.0967096     -0.93493196    -0.099122015       3.4311445        3.4311445                      -0        5.681258              5.681258
     0.64161643       6.2314438      0.25533684      0.96817307       3.0971857      -0.9044759     -0.09252714       3.4311445        3.4311445                      -0       5.6005987             5.6005987
     0.63387847       6.2010176      0.25084126      0.97275988       3.1101609     -0.92898362      -0.1277718       3.4311445        3.4311445                      -0       5.5397463             5.5397463
     0.60608354       6.1624754      0.25693248      0.97277016       3.0630518     -0.88303089     -0.33270717       3.4311445        3.4311445                      -0       5.4626619             5.4626619
      0.5917574       6.1455745      0.25963703      0.97012962       3.0619408     -0.88654476     -0.19373855       3.4311445        3.4311445                      -0       5.4288601             5.4288601
      0.5759175       6.1318848      0.25997834      0.95725023       3.0565046     -0.85951021      -0.3582155       3.4311445        3.4311445                      -0       5.4014807             5.4014807
     0.55843897       6.1218819      0.25617949      0.97073726        3.077947     -0.90559398     -0.17962462       3.4311445        3.4311445                      -0       5.3814749             5.3814749
     0.54222581        6.071302      0.26036048      0.97128495       3.0608059     -0.87917142     -0.18463324       3.4311445        3.4311445                      -0       5.2803151             5.2803151
      0.5468328       6.0628415      0.26586297      0.95459547        3.022502     -0.79867558     -0.50598664       3.4311445        3.4311445                      -0        5.263394              5.263394
     0.50722374       6.0579896      0.26011075      0.96603013       3.0724408     -0.87193745     -0.14776785       3.4311445        3.4311445                      -0       5.2536904             5.2536904
     0.49416973       6.0448421      0.25700451      0.97096932       3.0763941     -0.88302075     -0.21642872       3.4311445        3.4311445                      -0       5.2273953             5.2273953
     0.47955057       6.0356511      0.25085222       0.9704659       3.0987626     -0.92681781     -0.26106652       3.4311445        3.4311445                      -0       5.2090132             5.2090132
     0.51190304       5.9311445      0.25769938      0.96152092        3.069504     -0.87473983       -0.316809       3.4311445        3.4311445                      -0               5                     5
     0.53883078       5.8406574      0.25762883      0.96458015       3.0669984     -0.87571037     -0.29799296       3.4311445        3.4311445                      -0       4.8190259             4.8190259
     0.54369036       5.7924584      0.26795889      0.95444939       3.0179461     -0.80183711     -0.43324592       3.4311445        3.4311445                      -0       4.7226279             4.7226279
      0.6154997       5.5914428      0.26089266      0.96272407       3.0552184     -0.86521838     -0.29187774       3.4311445        3.4311445                      -0       4.3205966             4.3205966
     0.65585605       5.4901956      0.25427162      0.97459621        3.089437     -0.91248116     -0.14442668       3.4311445        3.4311445                      -0       4.1181023             4.1181023
     0.66188557       5.4433039      0.25474322      0.97467791       3.0807533     -0.92128215     -0.19538439       3.4311445        3.4311445                      -0       4.0243189             4.0243189
     0.68396026       5.3727564      0.26309971      0.95989141       3.0515878     -0.84526067     -0.24654537       3.4311445        3.4311445                      -0        3.883224              3.883224
     0.66442389       5.3639956      0.26310031      0.96219418       3.0538195     -0.84610939     -0.22615896       3.4311445        3.4311445                      -0       3.8657023             3.8657023
     0.65689788        5.337647      0.25384628       0.9746042       3.0863207     -0.90490121     -0.22550986       3.4311445        3.4311445                      -0       3.8130051             3.8130051
     0.64942863       5.3113423      0.25962594      0.96772618        3.058375     -0.88171039     -0.25704801       3.4311445        3.4311445                      -0       3.7603957             3.7603957
      0.6429781       5.2472166      0.25216602      0.97053682       3.0958047     -0.91466433     -0.23413025       3.4311445        3.4311445                      -0       3.6321444             3.6321444
      0.6205625       5.2463333      0.26040438       0.9690503        3.059142      -0.8690671     -0.22087949       3.4311445        3.4311445                      -0       3.6303777             3.6303777
     0.64476724       5.1717026      0.25951311        0.970709       3.0679571     -0.88357334     -0.15347028       3.4311445        3.4311445                      -0       3.4811163             3.4811163
     0.67206519       5.0587777      0.26418053        0.958154       3.0464288     -0.83623815     -0.27200773       3.4311445        3.4311445                      -0       3.2552665             3.2552665
     0.65488634         5.04958      0.26416199      0.96117875       3.0405356     -0.83227104     -0.32183095       3.4311445        3.4311445                      -0       3.2368712             3.2368712
     0.64036787       5.0369076       0.2604372      0.96552746       3.0490818      -0.8631945     -0.35774305       3.4311445        3.4311445                      -0       3.2115263             3.2115263
     0.61908041       5.0356239      0.25617149      0.96782521       3.0654238     -0.88370745     -0.38817228       3.4311445        3.4311445                      -0       3.2089589             3.2089589
     0.61241871       5.0113516      0.25539335      0.97313587       3.0899594     -0.90600375     -0.10864637       3.4311445        3.4311445                      -0       3.1604142             3.1604142
     0.60703669       4.9850872       0.2591795      0.96669626       3.0520924     -0.86462421      -0.3887148       3.4311445        3.4311445                      -0       3.1078855             3.1078855
     0.58786308       4.9820911       0.2536554       0.9679353       3.0947686     -0.91462582     -0.17216697       3.4311445        3.4311445                      -0       3.1018932             3.1018932
     0.57598675       4.9674092      0.25701041      0.97052274       3.0881613       -0.908425     -0.06305406       3.4311445        3.4311445                      -0       3.0725294             3.0725294
     0.57073814        4.941472      0.25678793      0.96840378       3.0866805      -0.9034719    -0.099155077       3.4311445        3.4311445                      -0       3.0206551             3.0206551
     0.56945731       4.9086274      0.25495088      0.96771142       3.0799405     -0.90627961     -0.26656437       3.4311445        3.4311445                      -0       2.9549658             2.9549658
     0.56408088       4.8830222      0.25875632      0.96767382       3.0700808     -0.88030077     -0.18772902       3.4311445        3.4311445                      -0       2.9037555             2.9037555
     0.53178767       4.8729827      0.25997637      0.96324155       3.0561162     -0.85185031     -0.34835328       3.4311445        3.4311445                      -0       2.8836765             2.8836765
     0.52457774       4.8527318      0.25711423      0.96756215       3.0871566     -0.89664693     -0.10380061       3.4311445        3.4311445                      -0       2.8431747             2.8431747
     0.52771577       4.8467676      0.26016518      0.96139909       3.0641605      -0.8668294     -0.23259782       3.4311445        3.4311445                      -0       2.8312463             2.8312463
     0.52439275       4.8179932      0.25192718      0.97473169       3.1016226     -0.93078295      -0.1454898       3.4311445        3.4311445                      -0       2.7736974             2.7736974
     0.52473844       4.7822429      0.25667096      0.96477226       3.0688372     -0.88436564     -0.34116234       3.4311445        3.4311445                      -0       2.7021968             2.7021968
     0.54669561       4.7412506      0.25765165      0.97119038       3.0767203     -0.89785682     -0.13602823       3.4311445        3.4311445                      -0       2.6202123             2.6202123
     0.55469858       4.6903503      0.25661297      0.96796114       3.0847147     -0.90134611     -0.12889902       3.4311445        3.4311445                      -0       2.5184116             2.5184116
     0.54336005       4.6746353      0.25438397      0.97208945       3.0828803     -0.90226419     -0.23822495       3.4311445        3.4311445                      -0       2.4869817             2.4869817
     0.52846465       4.6660639      0.26236206      0.96119383       3.0420027     -0.84363928     -0.37272608       3.4311445        3.4311445                      -0        2.469839              2.469839
      0.5215841       4.6428017      0.25102867      0.97347137        3.104657     -0.93234747     -0.15641349       3.4311445        3.4311445                      -0       2.4233144             2.4233144
     0.52558112          4.5988      0.25459549       0.9709356       3.0871197     -0.91242034     -0.19197702       3.4311445        3.4311445                      -0       2.3353111             2.3353111
     0.53974743       4.5722033      0.25834984        0.968952       3.0669885     -0.88941506     -0.21643948       3.4311445        3.4311445                      -0       2.2821176             2.2821176
     0.51130685       4.5522267       0.2596848      0.96058184       3.0633366     -0.86162391     -0.28493046       3.4311445        3.4311445                      -0       2.2421645             2.2421645
     0.51596689        4.543154      0.25288877      0.97337477       3.1016054     -0.92127089     -0.11338042       3.4311445        3.4311445                      -0       2.2240191             2.2240191
      0.5014367       4.5339789      0.26368338      0.96086172       3.0403951     -0.83896708     -0.33386642       3.4311445        3.4311445                      -0       2.2056689             2.2056689
     0.47758047       4.5086156      0.25917562      0.96370775        3.072571     -0.87639767     -0.18427727       3.4311445        3.4311445                      -0       2.1549424             2.1549424
     0.46268129       4.5039422      0.26015599      0.96499481       3.0682488     -0.87144622     -0.18010763       3.4311445        3.4311445                      -0       2.1455955             2.1455955
     0.44787225        4.500105      0.25651957      0.97031037       3.0780225     -0.90762961     -0.17664229       3.4311445        3.4311445                      -0        2.137921              2.137921
     0.44137578       4.4783487      0.26180329      0.96093774       3.0530664     -0.85518804      -0.2756371       3.4311445        3.4311445                      -0       2.0944086             2.0944086
     0.42865786       4.4712186      0.26091252        0.963195       3.0490293     -0.84805949     -0.36557575       3.4311445        3.4311445                      -0       2.0801484             2.0801484
     0.41530434       4.4664985      0.25633598      0.97375374       3.0754382     -0.90415116     -0.19726368       3.4311445        3.4311445                      -0        2.070708              2.070708
     0.40133476       4.4643465      0.26144393      0.95903716       3.0461002     -0.84479816     -0.39828653       3.4311445        3.4311445                      -0       2.0664041             2.0664041
     0.39338759       4.4479794      0.25560876      0.97143981       3.0791635     -0.89299476     -0.23391755       3.4311445        3.4311445                      -0       2.0336699             2.0336699
     0.39581606       4.4418252      0.25871662      0.97014179       3.0659714     -0.87828554     -0.22685924       3.4311445        3.4311445                      -0       2.0213615             2.0213615
     0.38977034       4.4194768      0.26078882       0.9618443       3.0574273     -0.86293984     -0.26751184       3.4311445        3.4311445                      -0       1.9766646             1.9766646
      0.3791412       4.4093854      0.26067353      0.96596569       3.0622591     -0.86428821     -0.21171565       3.4311445        3.4311445                      -0        1.956482              1.956482
     0.36667039       4.4050905      0.26154085      0.96122849       3.0453937      -0.8474794     -0.38933555       3.4311445        3.4311445                      -0        1.947892              1.947892
     0.38073007       4.3674631       0.2600807      0.96648758       3.0608803     -0.86736894     -0.25085915       3.4311445        3.4311445                      -0       1.8726374             1.8726374
     0.37518857       4.3429043      0.25421192      0.97117735       3.0879513     -0.91195091     -0.20323306       3.4311445        3.4311445                      -0       1.8235198             1.8235198
     0.36815286       4.3226141      0.25554213      0.96686771       3.0852102     -0.89695466     -0.19992088       3.4311445        3.4311445                      -0       1.7829394             1.7829394
     0.37524027       4.3035458      0.26078099      0.96288069       3.0548096     -0.85774306     -0.29489332       3.4311445        3.4311445                      -0       1.7448027             1.7448027
     0.38092005       4.2885229      0.25607227      0.97025312       3.0852294     -0.90292044     -0.15134487       3.4311445        3.4311445                      -0       1.7147568             1.7147568
      0.3827594       4.2837058      0.25474208      0.96916419       3.0867696     -0.90577349       -0.191109       3.4311445        3.4311445                      -0       1.7051226             1.7051226
     0.40886686       4.2177228      0.25861957      0.96696007       3.0662745     -0.87055594     -0.26407551       3.4311445        3.4311445                      -0       1.5731567             1.5731567
     0.41317363       4.2072444      0.25617601      0.96709226       3.0793622     -0.90031685     -0.20843939       3.4311445        3.4311445                      -0          1.5522                1.5522
     0.42195435       4.1862153      0.25729531      0.97172891       3.0718539     -0.89499817     -0.20426818       3.4311445        3.4311445                      -0       1.5101416             1.5101416
       0.427269       4.1736986      0.25524165       0.9720141       3.0795523     -0.90182469     -0.23893802       3.4311445        3.4311445                      -0       1.4851082             1.4851082
     0.45390157        4.113232      0.25903222      0.96719227       3.0613661     -0.86850365     -0.28739807       3.4311445        3.4311445                      -0       1.3641751             1.3641751
     0.45469718       4.1114807      0.25908888      0.96306833       3.0681898     -0.87465138     -0.23392226       3.4311445        3.4311445                      -0       1.3606725             1.3606725
     0.46588003       4.0871842      0.25644452      0.96775163       3.0693187     -0.88771286      -0.3147322       3.4311445        3.4311445                      -0       1.3120795             1.3120795
     0.48428802       4.0484326      0.25556096       0.9697472       3.0777847     -0.89197661     -0.26204324       3.4311445        3.4311445                      -0       1.2345762             1.2345762
     0.50451261       4.0075195      0.25674783      0.97052781       3.0810106     -0.90531281     -0.14165342       3.4311445        3.4311445                      -0       1.1527502             1.1527502
     0.51241679        3.991974      0.25295631      0.97584017       3.0910778     -0.92296204     -0.18445447       3.4311445        3.4311445                      -0       1.1216592             1.1216592
     0.51388561       3.9891117      0.26075698      0.96224416       3.0570187     -0.85614673     -0.28720296       3.4311445        3.4311445                      -0       1.1159345             1.1159345
     0.52646524       3.9649271      0.25370027      0.97171637       3.0973383     -0.92342721     -0.11036615       3.4311445        3.4311445                      -0       1.0675652             1.0675652
      0.5323283        3.953852      0.25733001       0.9683267       3.0774228     -0.89125448     -0.18684461       3.4311445        3.4311445                      -0        1.045415              1.045415
      0.5337973       3.9510962      0.25535379      0.97155347       3.0845264     -0.90192947     -0.18594597       3.4311445        3.4311445                      -0       1.0399035             1.0399035
     0.54310819       3.9338038      0.25635314      0.97017466       3.0823284      -0.9039373     -0.15850841       3.4311445        3.4311445                      -0       1.0053187             1.0053187
     0.57448734       3.8776343      0.25913498      0.96566774       3.0601989     -0.87457058     -0.29219644       3.4311445        3.4311445                      -0      0.89297971            0.89297971
     0.60579925       3.8245637      0.25492207      0.97236798        3.089052     -0.91824969      -0.1289204       3.4311445        3.4311445                      -0      0.78683851            0.78683851
     0.61513137       3.8092765      0.25614332      0.97185946       3.0805106     -0.89895402     -0.17766999       3.4311445        3.4311445                      -0      0.75626413            0.75626413
     0.62064037       3.8003606      0.26025193      0.96294384        3.057305     -0.86153072     -0.30255973       3.4311445        3.4311445                      -0      0.73843223            0.73843223
     0.63421951       3.7787173      0.25868068      0.96733944       3.0702228     -0.87930605     -0.20604608       3.4311445        3.4311445                      -0       0.6951456             0.6951456
     0.65615584       3.7447141      0.25640915      0.96860164       3.0789702     -0.89624037     -0.20883212       3.4311445        3.4311445                      -0       0.6271392             0.6271392
