#        weight    minuslogpost         omega_c             n_s            lnas              w0              wa   minuslogprior minuslogprior__0 minuslogprior__function            chi2 chi2__likelihood_CAMB
 8.5448653e-320       748.16157      0.23393234         0.96166       3.4040679      -1.3455941       1.2332235       3.4311445        3.4311445                      -0       1489.4608             1489.4608
  1.101674e-315       738.66637      0.27331571      0.98452469       3.2355718      -0.9087145      0.68091085       3.4311445        3.4311445                      -0       1470.4705             1470.4705
 8.5178771e-293       685.93339      0.26306873       1.0045076       2.9034638     -0.49044798      -3.3395629       3.4311445        3.4311445                      -0       1365.0045             1365.0045
 6.2656582e-290       679.30195      0.41861438      0.83809975       2.5385263      0.16261841      -2.0040409       3.4311445        3.4311445                      -0       1351.7416             1351.7416
 2.0134382e-288       675.80125      0.40494834      0.84656505       2.4942066      0.16438657      -2.3659746       3.4311445        3.4311445                      -0       1344.7402             1344.7402
 5.9649242e-278       651.65857      0.15660295       1.1571559       3.7056659      -1.8941528      0.52849278       3.4311445        3.4311445                      -0       1296.4549             1296.4549
 9.4358438e-276       646.56401      0.18643508       1.0226971       3.4261633      -1.1560014      -1.5424408       3.4311445        3.4311445                      -0       1286.2657             1286.2657
 3.3050613e-275       645.27971      0.17093004       1.0964087       3.6775056      -1.5214656        1.237587       3.4311445        3.4311445                      -0       1283.6971             1283.6971
  4.401634e-273       640.35725      0.15465591       1.1578861       3.7251729      -1.9232661      0.63553201       3.4311445        3.4311445                      -0       1273.8522             1273.8522
 5.0149414e-273       640.19603      0.43395059      0.84227633       2.4310083      0.38217046      -2.9181684       3.4311445        3.4311445                      -0       1273.5298             1273.5298
 7.2984919e-273       639.79002      0.33784848      0.81409128       2.7068427     -0.21915898      -3.0963764       3.4311445        3.4311445                      -0       1272.7177             1272.7177
 7.7733977e-273        639.6962      0.23345593        1.029315        3.390451      -1.1186708      0.87025681       3.4311445        3.4311445                      -0       1272.5301             1272.5301
 8.9695982e-273        639.5223       0.1530884       1.1606055       3.7298768      -1.9307742      0.61513452       3.4311445        3.4311445                      -0       1272.1823             1272.1823
 3.1732542e-268       629.01769      0.31825002       0.9104927       3.1540823      -0.5350148      0.14775085       3.4311445        3.4311445                      -0       1251.1731             1251.1731
 1.0511247e-264       620.88147      0.16185929       1.1465818        3.660089      -1.7922689      0.34440185       3.4311445        3.4311445                      -0       1234.9007             1234.9007
  2.674459e-252       592.28579      0.43412979      0.83767902       2.4043342      0.41428372      -3.0722609       3.4311445        3.4311445                      -0       1177.7093             1177.7093
 4.7634881e-249       584.77003      0.25126932      0.98990618       3.3157017      -1.1564616       1.0067994       3.4311445        3.4311445                      -0       1162.6778             1162.6778
 1.4806253e-248       583.60519      0.19038775       1.0576912       3.6037413      -1.4176263       1.1889629       3.4311445        3.4311445                      -0       1160.3481             1160.3481
  1.317249e-247       581.38875      0.41988714      0.85035584       2.4662722      0.29730694       -2.760244       3.4311445        3.4311445                      -0       1155.9152             1155.9152
 6.2322461e-246        577.5012      0.17789064       1.0800689        3.652656       -1.487343       1.2727699       3.4311445        3.4311445                      -0       1148.1401             1148.1401
  5.681674e-244       572.95775      0.42614086      0.80542031       2.5958276      0.34179376      -1.9041012       3.4311445        3.4311445                      -0       1139.0532             1139.0532
  9.886931e-234       549.34716      0.31136471      0.91458327       3.1778322     -0.60038099      0.25106874       3.4311445        3.4311445                      -0        1091.832              1091.832
 1.9679701e-231       544.02285      0.42635269      0.84428819       2.4482337      0.31386883      -2.8142891       3.4311445        3.4311445                      -0       1081.1834             1081.1834
  1.102142e-230       542.26924      0.23229174       1.0315635       3.4271763      -1.0780823      0.84561734       3.4311445        3.4311445                      -0       1077.6762             1077.6762
 1.0377753e-226        533.0883      0.43637599      0.80690951       2.4416697      0.36189824      -2.6952941       3.4311445        3.4311445                      -0       1059.3143             1059.3143
 1.7157505e-226       532.55476      0.24384875       1.0457163       3.0195601     -0.78859349      -2.8237034       3.4311445        3.4311445                      -0       1058.2472             1058.2472
 1.2030898e-224       528.27377      0.29057242       0.8671412       2.8623103     -0.47580771      -2.7054771       3.4311445        3.4311445                      -0       1049.6853             1049.6853
 2.9983085e-224       527.32985      0.22846462       1.0098325        3.141922     -0.76768376      -1.8497835       3.4311445        3.4311445                      -0       1047.7974             1047.7974
 2.0445202e-222       523.07679         0.22361       1.0391498       3.4381817      -1.1901342       1.0183382       3.4311445        3.4311445                      -0       1039.2913             1039.2913
 2.1721698e-220       518.38029      0.22511276        1.053471       3.1580964     -0.92583897      -1.8397064       3.4311445        3.4311445                      -0       1029.8983             1029.8983
 3.3859376e-219       517.15362      0.29966001      0.92526751       3.2349521      -0.7022772      0.43499272       3.4311445        3.4311445                      -0        1027.445              1027.445
 1.9570268e-212       501.42958      0.30175285      0.91972848        3.214013     -0.65522046       0.3286468       3.4311445        3.4311445                      -0       995.99687             995.99687
 2.5217654e-207       489.66312      0.29273206      0.92848624         3.25962     -0.73827913      0.48255006       3.4311445        3.4311445                      -0       972.46395             972.46395
  7.089255e-202       477.11658      0.32511895      0.91504196        3.107066      -0.4918679     0.085197278       3.4311445        3.4311445                      -0       947.37086             947.37086
 4.0879765e-193        456.7207      0.30181177      0.92361098       3.2149566      -0.6584946      0.33931563       3.4311445        3.4311445                      -0        906.5791              906.5791
 1.3535306e-161       383.45016       0.2917518       0.9330989       3.2664133     -0.75759579      0.50261659       3.4311445        3.4311445                      -0       760.03803             760.03803
 5.2861468e-150       356.62582      0.29070156      0.92842212       3.2675272     -0.74749798      0.48295527       3.4311445        3.4311445                      -0       706.38935             706.38935
 1.6164141e-145       346.16424      0.27435613      0.94294498       3.3398924     -0.89272796       0.6931721       3.4311445        3.4311445                      -0       685.46619             685.46619
 4.6898775e-145       344.96551      0.27899786      0.95907683       3.2170639     -0.89965552       0.6338939       3.4311445        3.4311445                      -0       683.06874             683.06874
 1.0027414e-144       344.07207      0.29496401      0.93591202       3.2279276     -0.72398009      0.43602293       3.4311445        3.4311445                      -0       681.28184             681.28184
 1.5069861e-137        327.5466      0.31429182      0.92812319       3.0796245     -0.50377203    0.0040257753       3.4311445        3.4311445                      -0        648.2309              648.2309
 2.5106612e-129       308.46133      0.31266975      0.93388847       3.0601176     -0.52504759     0.029368817       3.4311445        3.4311445                      -0       610.06037             610.06037
 4.5576557e-122       291.74697      0.27823702      0.94950137       3.2515488     -0.87189743      0.61540553       3.4311445        3.4311445                      -0       576.63166             576.63166
 2.5633674e-114       273.90178      0.31151268      0.93541225       3.0700015     -0.50929071    0.0018817603       3.4311445        3.4311445                      -0       540.94127             540.94127
 6.3379723e-105       252.27328      0.27723888      0.95125675       3.2361455     -0.86254259      0.58008095       3.4311445        3.4311445                      -0       497.68426             497.68426
  3.9560495e-97       234.32391      0.26385434      0.95321735       3.3381612     -0.94575182      0.73151223       3.4311445        3.4311445                      -0       461.78553             461.78553
  7.3649438e-85       205.37825       0.2742373      0.95982828       3.2638497      -0.8752798      0.62116349       3.4311445        3.4311445                      -0       403.89422             403.89422
  1.4615068e-81        197.4975       0.2740325      0.97801498       3.1664796     -0.91873583       0.5889051       3.4311445        3.4311445                      -0        388.1327              388.1327
  1.0400728e-79        193.2325      0.25481687      0.95625293       3.3638809     -0.97372712      0.75014955       3.4311445        3.4311445                      -0       379.60272             379.60272
  3.0108671e-64       157.22532         0.25959      0.96396895       3.3004003     -0.93292967      0.65277371       3.4311445        3.4311445                      -0       307.58836             307.58836
  4.6589953e-57       140.67066      0.25020371      0.96741238        3.332608      -1.0113525       0.7554489       3.4311445        3.4311445                      -0       274.47902             274.47902
