  0.988131291682493E-323  0.150645839078006E+004  0.207367467277071E+000  0.112070715499424E+001  0.335738363510711E+001 -0.146644627298106E+001  0.664325520089777E+000 -0.199605993274078E+001  0.000000000000000E+000 -0.751013102328387E+003
  0.494065645841247E-322  0.150297993259254E+004  0.202606880152603E+000  0.114416186864521E+001  0.331261109269556E+001 -0.148276333412973E+001 -0.804160573620925E+000 -0.199605993274078E+001  0.000000000000000E+000 -0.749273873234628E+003
  0.452382280200963E-308  0.143868871628943E+004  0.221445894712467E+000  0.111624273314569E+001  0.319746464984224E+001 -0.143849698917651E+001  0.194020297567436E+000 -0.199605993274078E+001  0.000000000000000E+000 -0.717128265083076E+003
  0.541091423544965E-306  0.142908924618550E+004  0.202194591490408E+000  0.115138980741954E+001  0.332513608975871E+001 -0.148304751181334E+001 -0.415022831032817E+000 -0.199605993274078E+001  0.000000000000000E+000 -0.712328530031108E+003
  0.985925861593156E-306  0.142785825200001E+004  0.339705804627040E+000  0.899961242525814E+000  0.274953438216907E+001 -0.503950984287433E+000 -0.801237901175309E+000 -0.199605993274078E+001  0.000000000000000E+000 -0.711713032938364E+003
  0.538416901731289E-303  0.141522162904965E+004  0.232001952191999E+000  0.109580128030778E+001  0.317890879940048E+001 -0.108903647491529E+001  0.205749552806360E+000 -0.199605993274078E+001  0.000000000000000E+000 -0.705394721463185E+003
  0.280194175026743E-300  0.140268141076920E+004  0.289561005175809E+000  0.995723895926917E+000  0.290669797675309E+001 -0.716838924087754E+000 -0.100611238973086E+001 -0.199605993274078E+001  0.000000000000000E+000 -0.699124612322962E+003
  0.162339323802903E-296  0.138532130987028E+004  0.205313807313109E+000  0.114669910209411E+001  0.328959793825882E+001 -0.148429966869602E+001 -0.402429202835089E+000 -0.199605993274078E+001  0.000000000000000E+000 -0.690444561873499E+003
  0.137235980670737E-292  0.136720559436388E+004  0.200282877199726E+000  0.115745377355927E+001  0.333161015145312E+001 -0.151573531715444E+001 -0.335232204820680E+000 -0.199605993274078E+001  0.000000000000000E+000 -0.681386704120300E+003
  0.805090690312942E-287  0.134061022906257E+004  0.191291176564788E+000  0.109493069980953E+001  0.356560099712110E+001 -0.158436323344386E+001  0.133472008305308E+001 -0.199605993274078E+001  0.000000000000000E+000 -0.668089021469644E+003
  0.428262909295911E-284  0.132802614542913E+004  0.206040783497032E+000  0.968457831838615E+000  0.340020836051992E+001 -0.134479637379548E+001 -0.819474784326559E-001 -0.199605993274078E+001  0.000000000000000E+000 -0.661796979652924E+003
  0.159955982609412E-282  0.132075447390879E+004  0.192181489883462E+000  0.111143297331168E+001  0.341232428506712E+001 -0.148629417132602E+001  0.431461844722943E+000 -0.199605993274078E+001  0.000000000000000E+000 -0.658161143892756E+003
  0.153907874008319E-271  0.127014368242187E+004  0.192441855695806E+000  0.115984620059893E+001  0.338087292578917E+001 -0.155236668836598E+001 -0.445198120652040E+000 -0.199605993274078E+001  0.000000000000000E+000 -0.632855748149295E+003
  0.331720922973382E-271  0.126857679441023E+004  0.235059317153693E+000  0.110194299031013E+001  0.315539159534812E+001 -0.138090812889638E+001  0.730024540465958E+000 -0.199605993274078E+001  0.000000000000000E+000 -0.632072304143476E+003
  0.441662639478319E-270  0.126336811123201E+004  0.256910425413291E+000  0.914895175929630E+000  0.309049938594033E+001 -0.633592584216489E+000 -0.152046000994621E+001 -0.199605993274078E+001  0.000000000000000E+000 -0.629467962554364E+003
  0.672254305324669E-269  0.125789175193709E+004  0.388846610120859E+000  0.806725156030616E+000  0.265950385500746E+001 -0.158222915824034E+000 -0.142179896016265E+001 -0.199605993274078E+001  0.000000000000000E+000 -0.626729782906903E+003
  0.289609568359738E-268  0.125493977937722E+004  0.232764064413417E+000  0.108730573363369E+001  0.318918071177022E+001 -0.146176590920942E+001  0.846213803516538E+000 -0.199605993274078E+001  0.000000000000000E+000 -0.625253796626970E+003
  0.634426960085869E-268  0.125334039407111E+004  0.178240218586797E+000  0.101936986768359E+001  0.356758424406571E+001 -0.136490803168832E+001 -0.105378315852758E+001 -0.199605993274078E+001  0.000000000000000E+000 -0.624454103973916E+003
  0.302255018239272E-267  0.125018711766026E+004  0.201915511565533E+000  0.990455165094174E+000  0.338144574106988E+001 -0.132071502064715E+001 -0.232685460340033E+000 -0.199605993274078E+001  0.000000000000000E+000 -0.622877465768487E+003
  0.110664733384070E-266  0.124756047086444E+004  0.193680395091187E+000  0.105048521107929E+001  0.344273126462935E+001 -0.126110570559343E+001  0.885077086534456E-001 -0.199605993274078E+001  0.000000000000000E+000 -0.621564142370582E+003
  0.186978064491443E-266  0.124648049029714E+004  0.191626423418165E+000  0.112068680237996E+001  0.338691572740306E+001 -0.138748917782959E+001 -0.565457269514764E+000 -0.199605993274078E+001  0.000000000000000E+000 -0.621024152086931E+003
  0.588329059617448E-261  0.122113104077658E+004  0.224577499290222E+000  0.960759850593862E+000  0.331994561098714E+001 -0.102392188178668E+001  0.175270136034374E+000 -0.199605993274078E+001  0.000000000000000E+000 -0.608349427326648E+003
  0.103944137872605E-259  0.121535655762668E+004  0.248312120843735E+000  0.107436929206505E+001  0.312348177403331E+001 -0.108275965861168E+001  0.480176109001408E+000 -0.199605993274078E+001  0.000000000000000E+000 -0.605462185751698E+003
  0.329094455864130E-259  0.121302056687269E+004  0.242483181947701E+000  0.108334389080158E+001  0.309901011293249E+001 -0.121840854927509E+001  0.297392307352101E+000 -0.199605993274078E+001  0.000000000000000E+000 -0.604294190374703E+003
  0.915903228047835E-255  0.119252174594885E+004  0.271704052741140E+000  0.105571756345744E+001  0.291873392026791E+001 -0.785572119860118E+000 -0.126438914681657E+001 -0.199605993274078E+001  0.000000000000000E+000 -0.594044779912785E+003
  0.111171513346432E-254  0.119210324046739E+004  0.346287507396960E+000  0.859113996414968E+000  0.270900208445521E+001 -0.413639631291329E+000 -0.179509464963416E+001 -0.199605993274078E+001  0.000000000000000E+000 -0.593835527172056E+003
  0.152058510314869E-253  0.118684067949033E+004  0.372018627214732E+000  0.808935567099351E+000  0.272641843389045E+001  0.485454458682408E-001 -0.188623269733498E+001 -0.199605993274078E+001  0.000000000000000E+000 -0.591204246683523E+003
  0.415816543587849E-251  0.117558737318740E+004  0.397659147627850E+000  0.823906447900361E+000  0.261001977205588E+001 -0.117289610242077E+000 -0.157146147244108E+001 -0.199605993274078E+001  0.000000000000000E+000 -0.585577593532057E+003
  0.967951989890382E-250  0.116926131797469E+004  0.187259790236523E+000  0.100677663081273E+001  0.350379696102679E+001 -0.134787349158351E+001 -0.887101333023134E+000 -0.199605993274078E+001  0.000000000000000E+000 -0.582414565925702E+003
  0.412088644061333E-244  0.114330717649995E+004  0.175152532529977E+000  0.102253790706257E+001  0.358989949826397E+001 -0.142562797236906E+001 -0.851759402020936E+000 -0.199605993274078E+001  0.000000000000000E+000 -0.569437495188332E+003
  0.936409423154950E-242  0.113242419912081E+004  0.253299851981219E+000  0.920660558743681E+000  0.313273618880493E+001 -0.938427483120729E+000 -0.724739032298007E+000 -0.199605993274078E+001  0.000000000000000E+000 -0.563996006498765E+003
  0.190368269477927E-240  0.112636903506011E+004  0.195060171300238E+000  0.114438845975607E+001  0.336481502167593E+001 -0.149830734496895E+001 -0.710178577467884E+000 -0.199605993274078E+001  0.000000000000000E+000 -0.560968424468412E+003
  0.178806829308273E-239  0.112185816529969E+004  0.172009888085364E+000  0.104937074567149E+001  0.360232419937110E+001 -0.137861465305512E+001 -0.737724991006016E+000 -0.199605993274078E+001  0.000000000000000E+000 -0.558712989588203E+003
  0.529779918404724E-238  0.111504967551109E+004  0.254138576281066E+000  0.963350801396461E+000  0.325845798350406E+001 -0.880879035915922E+000  0.427398581728236E+000 -0.199605993274078E+001  0.000000000000000E+000 -0.555308744693906E+003
  0.799723718400097E-238  0.111419505785001E+004  0.369600928454044E+000  0.840800195935553E+000  0.269424579947058E+001 -0.303585941626508E+000 -0.118238556137140E+001 -0.199605993274078E+001  0.000000000000000E+000 -0.554881435863363E+003
  0.162219710064249E-234  0.109893399806234E+004  0.235735939101771E+000  0.101174360121574E+001  0.318079606417569E+001 -0.105919789782275E+001  0.606870157076367E-001 -0.199605993274078E+001  0.000000000000000E+000 -0.547250905969531E+003
  0.381658924364812E-233  0.109258666812275E+004  0.394435470891578E+000  0.839185115110750E+000  0.261559998864593E+001 -0.135232900773021E+000 -0.156476304335678E+001 -0.199605993274078E+001  0.000000000000000E+000 -0.544077240999734E+003
  0.310529819392868E-231  0.108375781419401E+004  0.303377699666783E+000  0.944875633528241E+000  0.295289597246382E+001 -0.463217271913349E+000 -0.602105664293684E+000 -0.199605993274078E+001  0.000000000000000E+000 -0.539662814035363E+003
  0.309095320084192E-231  0.108373606627071E+004  0.169534564680169E+000  0.114799746242862E+001  0.365527430689058E+001 -0.166658382839754E+001  0.129168552017779E+001 -0.199605993274078E+001  0.000000000000000E+000 -0.539651940073717E+003
  0.201035218663937E-223  0.104772403560698E+004  0.191345449921688E+000  0.116029287576312E+001  0.340390438319663E+001 -0.149299433885242E+001 -0.174015856828171E+000 -0.199605993274078E+001  0.000000000000000E+000 -0.521645924741849E+003
  0.247105827346460E-222  0.104267518387648E+004  0.223264583427041E+000  0.109373451915409E+001  0.320675680999002E+001 -0.142800499315582E+001  0.275268184908750E+000 -0.199605993274078E+001  0.000000000000000E+000 -0.519121498876599E+003
  0.366762183439035E-218  0.102343370087782E+004  0.326025341181116E+000  0.868917096294316E+000  0.280246536567317E+001 -0.350418883891894E+000 -0.133321076328121E+001 -0.199605993274078E+001  0.000000000000000E+000 -0.509500757377269E+003
  0.835700584006281E-213  0.998729728056111E+003  0.217415708399835E+000  0.102494474669577E+001  0.322548191970334E+001 -0.948776389748871E+000 -0.172670908947669E+001 -0.199605993274078E+001  0.000000000000000E+000 -0.497148770966415E+003
  0.208927237496325E-212  0.996866118197916E+003  0.197676744380434E+000  0.972783843839028E+000  0.341397347808492E+001 -0.113916425994339E+001 -0.137655011203397E+001 -0.199605993274078E+001  0.000000000000000E+000 -0.496216966037317E+003
  0.419541989280498E-206  0.967809733570641E+003  0.255552816392221E+000  0.103455580162383E+001  0.305128604225047E+001 -0.102040253504591E+001 -0.672796850579083E+000 -0.199605993274078E+001  0.000000000000000E+000 -0.481688773723680E+003
  0.179083254978603E-205  0.964876180622006E+003  0.194276397690495E+000  0.102355381764091E+001  0.342312940825415E+001 -0.137504905987341E+001 -0.136706590194980E+001 -0.199605993274078E+001  0.000000000000000E+000 -0.480221997249362E+003
  0.705754231587255E-200  0.939076488811661E+003  0.241223516117554E+000  0.974692280461910E+000  0.315236981737854E+001 -0.885510567731258E+000 -0.520184206594460E+000 -0.199605993274078E+001  0.000000000000000E+000 -0.467322151344190E+003
  0.739238350182195E-198  0.929742433393311E+003  0.395659175568070E+000  0.825324447911246E+000  0.265195413555746E+001 -0.879574234777714E-001 -0.138893279332772E+001 -0.199605993274078E+001  0.000000000000000E+000 -0.462655123635015E+003
  0.300162790881803E-196  0.922303675520031E+003  0.210829462000220E+000  0.105378671483542E+001  0.336253024351154E+001 -0.134649870508742E+001  0.431393497954196E+000 -0.199605993274078E+001  0.000000000000000E+000 -0.458935744698375E+003
  0.841375822062718E-196  0.920211240203715E+003  0.236404118050433E+000  0.988295208576824E+000  0.317847083608432E+001 -0.874729356025103E+000 -0.975729555291317E+000 -0.199605993274078E+001  0.000000000000000E+000 -0.457889527040217E+003
  0.241244962247328E-195  0.918073512799160E+003  0.273628928499816E+000  0.920443453416650E+000  0.296093616419469E+001 -0.715102579859734E+000 -0.157154686763011E+001 -0.199605993274078E+001  0.000000000000000E+000 -0.456820663337940E+003
  0.308999491416854E-195  0.917547450880345E+003  0.247507259425155E+000  0.109141836705116E+001  0.312524163415480E+001 -0.111487727631486E+001  0.489650444887258E+000 -0.199605993274078E+001  0.000000000000000E+000 -0.456557632378532E+003
  0.146811270681806E-194  0.914399655805288E+003  0.240952959999455E+000  0.946361446607554E+000  0.322329617363281E+001 -0.897225169008742E+000 -0.113866327699689E+000 -0.199605993274078E+001  0.000000000000000E+000 -0.454983734841003E+003
  0.565834088937291E-193  0.907065171211925E+003  0.221030794235541E+000  0.100539035313673E+001  0.330026186076429E+001 -0.126575673159884E+001  0.651505178726652E-001 -0.199605993274078E+001  0.000000000000000E+000 -0.451316492544322E+003
  0.694029532648753E-192  0.902020565437457E+003  0.204027832231733E+000  0.108907249913257E+001  0.349933930954867E+001 -0.153656829511982E+001  0.136484214911655E+001 -0.199605993274078E+001  0.000000000000000E+000 -0.448794189657088E+003
  0.772469144659445E-186  0.874144380844586E+003  0.224935359030577E+000  0.957969010823329E+000  0.327953535678746E+001 -0.127544740600082E+001  0.220062011392973E+000 -0.199605993274078E+001  0.000000000000000E+000 -0.434856097360652E+003
  0.348173531702530E-181  0.852681303653534E+003  0.242934098280159E+000  0.101464688636899E+001  0.310808406980479E+001 -0.100001654240190E+001 -0.178928926233264E+001 -0.199605993274078E+001  0.000000000000000E+000 -0.424124558765126E+003
  0.256417981968220E-180  0.848656909403947E+003  0.263655862385868E+000  0.980257983734181E+000  0.301084441663679E+001 -0.101210120611538E+001 -0.543407775505616E+000 -0.199605993274078E+001  0.000000000000000E+000 -0.422112361640333E+003
  0.484498421661059E-177  0.833537779835729E+003  0.212695182090987E+000  0.104533741990849E+001  0.327299774612143E+001 -0.103761090428281E+001 -0.106422935691802E+001 -0.199605993274078E+001  0.000000000000000E+000 -0.414552796856224E+003
  0.171752384541101E-173  0.817160211436430E+003  0.255243933360815E+000  0.992080902124984E+000  0.307910483400362E+001 -0.115567567489270E+001  0.915247194285538E-001 -0.199605993274078E+001  0.000000000000000E+000 -0.406364012656575E+003
  0.189749279288802E-169  0.798509222712892E+003  0.195609334293595E+000  0.108388756206965E+001  0.336337208089254E+001 -0.123763854900860E+001 -0.147840222046447E+001 -0.199605993274078E+001  0.000000000000000E+000 -0.397038518294805E+003
  0.163206683666742E-166  0.784964076226900E+003  0.217629357279366E+000  0.107348825014239E+001  0.324631208677078E+001 -0.114194281054983E+001 -0.111701754505890E+001 -0.199605993274078E+001  0.000000000000000E+000 -0.390265945051810E+003
  0.180223643350528E-166  0.784734705559431E+003  0.189020166212357E+000  0.102657557409509E+001  0.351000657710024E+001 -0.148072657953362E+001  0.328441174786653E+000 -0.199605993274078E+001  0.000000000000000E+000 -0.390151259718075E+003
  0.338144446275922E-166  0.783445147951743E+003  0.225955474703147E+000  0.104981227635994E+001  0.330003173284953E+001 -0.128735497054890E+001  0.716938550593218E+000 -0.199605993274078E+001  0.000000000000000E+000 -0.389506480914231E+003
  0.981079355989876E-163  0.767468268642284E+003  0.214258111340766E+000  0.105475540188594E+001  0.324997519878198E+001 -0.124598198000967E+001 -0.132882014263050E+001 -0.199605993274078E+001  0.000000000000000E+000 -0.381518041259502E+003
  0.187162826504726E-162  0.766145438845802E+003  0.252228528448918E+000  0.917020672396581E+000  0.316062218815746E+001 -0.103547541304430E+001  0.287897413607170E-001 -0.199605993274078E+001  0.000000000000000E+000 -0.380856626361260E+003
  0.294768641858325E-161  0.760600836655151E+003  0.352285748276860E+000  0.874720541898664E+000  0.271404217683007E+001 -0.185225289434101E+000 -0.151421855745118E+001 -0.199605993274078E+001  0.000000000000000E+000 -0.378084325265935E+003
  0.337324202157608E-161  0.760300120865371E+003  0.300448001799730E+000  0.915904046298200E+000  0.289981171684674E+001 -0.774177113975649E+000 -0.534782885363817E+000 -0.199605993274078E+001  0.000000000000000E+000 -0.377933967371045E+003
  0.375166767535243E-160  0.755451290009448E+003  0.227636915801345E+000  0.107332944616035E+001  0.316750183745498E+001 -0.124854722925722E+001 -0.760953068351951E+000 -0.199605993274078E+001  0.000000000000000E+000 -0.375509551943083E+003
  0.967553621118508E-159  0.748920311040046E+003  0.306680185863477E+000  0.922643504277932E+000  0.297761262820595E+001 -0.606629072419132E+000 -0.244178230504252E+000 -0.199605993274078E+001  0.000000000000000E+000 -0.372244062458382E+003
  0.127588384949720E-158  0.748336055492956E+003  0.296963793197438E+000  0.892799995765567E+000  0.298115676910912E+001 -0.523918449018248E+000 -0.715186472195950E+000 -0.199605993274078E+001  0.000000000000000E+000 -0.371951934684838E+003
  0.326244329897651E-157  0.741822202455628E+003  0.301090731922111E+000  0.888108737309381E+000  0.298202200916713E+001 -0.488605091052980E+000 -0.608671112930612E+000 -0.199605993274078E+001  0.000000000000000E+000 -0.368695008166173E+003
  0.605969235163510E-156  0.735947658618844E+003  0.289813787493600E+000  0.879272245644022E+000  0.294183415439786E+001 -0.524060148036332E+000 -0.129377158050120E+001 -0.199605993274078E+001  0.000000000000000E+000 -0.365757736247782E+003
  0.327738538577287E-155  0.732540706191199E+003  0.254236792612161E+000  0.960860660925492E+000  0.308479327865480E+001 -0.911020805146015E+000 -0.132997260222922E+001 -0.199605993274078E+001  0.000000000000000E+000 -0.364054260033959E+003
  0.610787187352514E-155  0.731264632929570E+003  0.328545482234351E+000  0.918232229062805E+000  0.279051084763850E+001 -0.583061333103975E+000 -0.715937484851453E+000 -0.199605993274078E+001  0.000000000000000E+000 -0.363416223403144E+003
  0.220585704164971E-152  0.719455038590343E+003  0.200036043714380E+000  0.104918024680152E+001  0.335684883736402E+001 -0.129013849192497E+001 -0.745589652320637E+000 -0.199605993274078E+001  0.000000000000000E+000 -0.357511426233531E+003
  0.248718006619554E-150  0.709973622943751E+003  0.201307894487735E+000  0.100166064445523E+001  0.335983889295981E+001 -0.111860798271101E+001 -0.157818824041932E+001 -0.199605993274078E+001  0.000000000000000E+000 -0.352770718410235E+003
  0.693209543573462E-150  0.707892589422676E+003  0.184450038155159E+000  0.107493146069331E+001  0.348647277912715E+001 -0.128435956062551E+001 -0.134761907746776E+001 -0.199605993274078E+001  0.000000000000000E+000 -0.351730201649697E+003
  0.200159669130355E-148  0.701135674540572E+003  0.351006029214611E+000  0.886750306510583E+000  0.270325808080551E+001 -0.189952935551150E+000 -0.195980621248627E+001 -0.199605993274078E+001  0.000000000000000E+000 -0.348351744208646E+003
  0.406550495550785E-142  0.672056459555814E+003  0.239342147910912E+000  0.104431364577444E+001  0.310725663050882E+001 -0.955150393000614E+000 -0.186623110565750E+001 -0.199605993274078E+001  0.000000000000000E+000 -0.333812136716267E+003
  0.500347643087598E-141  0.667005090993899E+003  0.185045131148572E+000  0.113426554670422E+001  0.346077242716304E+001 -0.159994876295598E+001 -0.678838347539412E-001 -0.199605993274078E+001  0.000000000000000E+000 -0.331286452435309E+003
  0.252195680387667E-140  0.663739108129517E+003  0.267027494351541E+000  0.100174627027914E+001  0.302577213005271E+001 -0.107062653097340E+001 -0.607448646138486E-003 -0.199605993274078E+001  0.000000000000000E+000 -0.329653461003118E+003
  0.287474626229532E-140  0.663446241148264E+003  0.188075487120845E+000  0.111759063144117E+001  0.357278173761503E+001 -0.157023232818167E+001  0.132691793400702E+001 -0.199605993274078E+001  0.000000000000000E+000 -0.329507027512491E+003
  0.842629866146236E-138  0.652054106014432E+003  0.233625330503782E+000  0.106155628012830E+001  0.315185587742598E+001 -0.109765427121791E+001 -0.860031614441501E+000 -0.199605993274078E+001  0.000000000000000E+000 -0.323810959945575E+003
  0.145533132321901E-135  0.641719835123196E+003  0.293462226507528E+000  0.921712254267929E+000  0.295411058923073E+001 -0.516720772403871E+000 -0.825868216646103E+000 -0.199605993274078E+001  0.000000000000000E+000 -0.318643824499957E+003
  0.107807755433239E-133  0.633078594729267E+003  0.286771297861679E+000  0.980114563081859E+000  0.286625576317349E+001 -0.613957166991254E+000 -0.170947360686246E+001 -0.199605993274078E+001  0.000000000000000E+000 -0.314323204302993E+003
  0.268010612379740E-133  0.631226232397241E+003  0.196914470865369E+000  0.105715037024166E+001  0.336838934370674E+001 -0.124443688822460E+001 -0.145750117838709E+001 -0.199605993274078E+001  0.000000000000000E+000 -0.313397023136980E+003
  0.444701363669216E-133  0.630182471252478E+003  0.184315807834355E+000  0.103882632633240E+001  0.349134318441757E+001 -0.126123142172000E+001 -0.131771487779767E+001 -0.199605993274078E+001  0.000000000000000E+000 -0.312875142564598E+003
  0.783563998656797E-133  0.629018563324427E+003  0.293473297522807E+000  0.918498700958025E+000  0.289344228985795E+001 -0.666513625133349E+000 -0.184403550119529E+001 -0.199605993274078E+001  0.000000000000000E+000 -0.312293188600573E+003
  0.421833301045591E-132  0.625620869818803E+003  0.189708356791424E+000  0.102956374432994E+001  0.345612270165725E+001 -0.120492163038194E+001 -0.150147818504388E+001 -0.199605993274078E+001  0.000000000000000E+000 -0.310594341847761E+003
  0.147291800124905E-131  0.623089080381167E+003  0.281517037276486E+000  0.934185998779258E+000  0.300342924704395E+001 -0.895806468762517E+000 -0.523447549862879E-001 -0.199605993274078E+001  0.000000000000000E+000 -0.309328447128943E+003
  0.368733519340707E-131  0.621222754889539E+003  0.331752159950096E+000  0.854082722411802E+000  0.282118253852482E+001 -0.309141653114576E+000 -0.122027375327054E+001 -0.199605993274078E+001  0.000000000000000E+000 -0.308395284383129E+003
  0.157010015488584E-128  0.609083765192717E+003  0.254230906979957E+000  0.101185515318010E+001  0.311477078364881E+001 -0.116840806565014E+001  0.369000855398832E+000 -0.199605993274078E+001  0.000000000000000E+000 -0.302325789534718E+003
  0.266119301028686E-127  0.603392316409440E+003  0.188207755670586E+000  0.103578452895044E+001  0.346328528645621E+001 -0.120782164728827E+001 -0.157180261637304E+001 -0.199605993274078E+001  0.000000000000000E+000 -0.299480065143079E+003
  0.297103094058004E-127  0.603141039059831E+003  0.235154065711413E+000  0.984457414684061E+000  0.320312164003776E+001 -0.112857688978816E+001 -0.405759436084621E+000 -0.199605993274078E+001  0.000000000000000E+000 -0.299354426468275E+003
  0.768206218344334E-127  0.601210072658835E+003  0.250837573885392E+000  0.924939964649609E+000  0.313983226704842E+001 -0.866139680328302E+000 -0.732916932464318E+000 -0.199605993274078E+001  0.000000000000000E+000 -0.298388943267777E+003
  0.154809878843171E-126  0.599777614969051E+003  0.236762985584729E+000  0.958439888049162E+000  0.320965588754642E+001 -0.117892052852958E+001 -0.286852402294340E-001 -0.199605993274078E+001  0.000000000000000E+000 -0.297672714422885E+003
  0.134179215826831E-124  0.590822309100015E+003  0.188446589686148E+000  0.104731610702942E+001  0.344553479244052E+001 -0.130093433237250E+001 -0.123324828327539E+001 -0.199605993274078E+001  0.000000000000000E+000 -0.293195061488367E+003
  0.133231354658965E-124  0.590805479151317E+003  0.199029534647168E+000  0.108302737371841E+001  0.338470372604268E+001 -0.134980003856482E+001 -0.592951374841413E+000 -0.199605993274078E+001  0.000000000000000E+000 -0.293186646514018E+003
  0.277851210203876E-124  0.589304473519095E+003  0.193681086500813E+000  0.113563196853606E+001  0.352048150858643E+001 -0.155675887681723E+001  0.133799794235127E+001 -0.199605993274078E+001  0.000000000000000E+000 -0.292436143697907E+003
  0.368103916593863E-123  0.584105735909960E+003  0.203209457809673E+000  0.101197443362001E+001  0.336262004579546E+001 -0.132444796994954E+001 -0.695615392455940E+000 -0.199605993274078E+001  0.000000000000000E+000 -0.289836774893340E+003
  0.118242013292401E-122  0.581740820943164E+003  0.290783897050720E+000  0.895278284715901E+000  0.301335653118287E+001 -0.589178374465270E+000 -0.502026874851946E+000 -0.199605993274078E+001  0.000000000000000E+000 -0.288654317409941E+003
  0.344612328347046E-121  0.574965269154006E+003  0.178656014298995E+000  0.106731413792431E+001  0.354336801875577E+001 -0.141377664053474E+001 -0.901450034130517E+000 -0.199605993274078E+001  0.000000000000000E+000 -0.285266541515362E+003
  0.362495875100283E-121  0.574833074789086E+003  0.246783337150337E+000  0.932455891315439E+000  0.314929609646598E+001 -0.104378302129800E+001 -0.460348049508121E+000 -0.199605993274078E+001  0.000000000000000E+000 -0.285200444332902E+003
  0.121202626861164E-120  0.572387994926074E+003  0.249159876384660E+000  0.100820198166066E+001  0.307817292882899E+001 -0.907835520284063E+000 -0.156956048435469E+001 -0.199605993274078E+001  0.000000000000000E+000 -0.283977904401396E+003
  0.171200924880335E-120  0.571666238315284E+003  0.200842213652743E+000  0.108710493639258E+001  0.334471500878297E+001 -0.124864274264735E+001 -0.184207401509618E+001 -0.199605993274078E+001  0.000000000000000E+000 -0.283617026096001E+003
  0.355709438820822E-120  0.570172677245263E+003  0.185754232562030E+000  0.108762446628790E+001  0.347047472314953E+001 -0.132732433919969E+001 -0.146940310201672E+001 -0.199605993274078E+001  0.000000000000000E+000 -0.282870245560991E+003
  0.753321457526762E-118  0.559430572850969E+003  0.191042148983392E+000  0.109092294671767E+001  0.343607587598580E+001 -0.155761226154752E+001 -0.172823400337011E+000 -0.199605993274078E+001  0.000000000000000E+000 -0.277499193363844E+003
  0.162423196040791E-117  0.557862967869584E+003  0.242489063441927E+000  0.965677919404782E+000  0.310199776389829E+001 -0.870764703422999E+000 -0.174360095257776E+001 -0.199605993274078E+001  0.000000000000000E+000 -0.276715390873151E+003
  0.197143559064119E-115  0.548234165245999E+003  0.190699452148914E+000  0.109027541698299E+001  0.344079981779924E+001 -0.155812255581601E+001 -0.172380775404158E+000 -0.199605993274078E+001  0.000000000000000E+000 -0.271900989561359E+003
  0.565714103334751E-114  0.541489673400448E+003  0.340198194767166E+000  0.900849622416157E+000  0.270814487566551E+001 -0.219140060143417E+000 -0.192246462979996E+001 -0.199605993274078E+001  0.000000000000000E+000 -0.268528743638584E+003
  0.962104897738062E-114  0.540396595720929E+003  0.338455593496251E+000  0.867693106499471E+000  0.279090145108046E+001 -0.259698875622775E+000 -0.145472831421402E+001 -0.199605993274078E+001  0.000000000000000E+000 -0.267982204798824E+003
  0.147997838720301E-112  0.534899098607106E+003  0.215302899246475E+000  0.975624255380700E+000  0.333379475007365E+001 -0.126843874457340E+001  0.994825184012762E-001 -0.199605993274078E+001  0.000000000000000E+000 -0.265233456241912E+003
  0.772433712204892E-106  0.503454511329482E+003  0.178023156887350E+000  0.112123242154782E+001  0.361690260969230E+001 -0.162816646083290E+001  0.128418955527235E+001 -0.199605993274078E+001  0.000000000000000E+000 -0.251727255664741E+003
  0.368160467431059E-098  0.467124188809453E+003  0.183438915656625E+000  0.111918982114011E+001  0.359186773343037E+001 -0.158842484498744E+001  0.134207113404731E+001 -0.199605993274078E+001  0.000000000000000E+000 -0.233562094404726E+003
  0.673371961234456E-095  0.452101120306840E+003  0.189220528644731E+000  0.110815906034323E+001  0.356278844836800E+001 -0.153930015579710E+001  0.128336545555197E+001 -0.199605993274078E+001  0.000000000000000E+000 -0.226050560153420E+003
  0.176638187139100E-094  0.450172338857335E+003  0.179144595316340E+000  0.113046203780050E+001  0.363540274957493E+001 -0.165134942409300E+001  0.146361443469147E+001 -0.199605993274078E+001  0.000000000000000E+000 -0.225086169428667E+003
  0.705445810199385E-092  0.438001925210064E+003  0.193642433497866E+000  0.111500674912276E+001  0.350225315456313E+001 -0.166492765337387E+001  0.140649960880528E+001 -0.199605993274078E+001  0.000000000000000E+000 -0.219000962605032E+003
  0.178878765172954E-090  0.431535828180114E+003  0.192670701940325E+000  0.106035281889240E+001  0.352390839743760E+001 -0.158578334157822E+001  0.120662752162820E+001 -0.199605993274078E+001  0.000000000000000E+000 -0.215767914090057E+003
  0.957724163896344E-083  0.395733212805793E+003  0.206105710465055E+000  0.108574274182380E+001  0.342701502166547E+001 -0.145208718455087E+001  0.116411112789329E+001 -0.199605993274078E+001  0.000000000000000E+000 -0.197866606402897E+003
  0.122528693834145E-082  0.395240471758700E+003  0.185081657607066E+000  0.112522025286749E+001  0.358110007234185E+001 -0.160743203196990E+001  0.138830743199765E+001 -0.199605993274078E+001  0.000000000000000E+000 -0.197620235879350E+003
  0.332111960748531E-082  0.393010651876787E+003  0.209623341711715E+000  0.104154803841789E+001  0.341995237751173E+001 -0.142635941221468E+001  0.110880673664906E+001 -0.199605993274078E+001  0.000000000000000E+000 -0.196505325938393E+003
  0.859036101073779E-079  0.377294463709372E+003  0.185629689917662E+000  0.110586340923651E+001  0.355501293567429E+001 -0.163087631538196E+001  0.124308863516281E+001 -0.199605993274078E+001  0.000000000000000E+000 -0.188647231854686E+003
  0.937606730891114E-078  0.372514254224012E+003  0.198063017157273E+000  0.111703966141440E+001  0.349313937556205E+001 -0.163901939005632E+001  0.147514817325059E+001 -0.199605993274078E+001  0.000000000000000E+000 -0.186257127112006E+003
  0.242631605751778E-061  0.295908282475383E+003  0.209602807773658E+000  0.108834821237355E+001  0.343536117473911E+001 -0.148844453320335E+001  0.130502126360595E+001 -0.199605993274078E+001  0.000000000000000E+000 -0.147954141237692E+003
  0.268802551799624E-058  0.281887906248202E+003  0.185693803861775E+000  0.112317272006018E+001  0.356942048072658E+001 -0.166603622006566E+001  0.146249361329001E+001 -0.199605993274078E+001  0.000000000000000E+000 -0.140943953124101E+003
  0.124704751698359E-056  0.273978056094728E+003  0.191112008187454E+000  0.110469875086894E+001  0.355282295357815E+001 -0.156267962158152E+001  0.135188903527942E+001 -0.199605993274078E+001  0.000000000000000E+000 -0.136989028047364E+003
  0.149402650011811E-054  0.264406323616274E+003  0.199043841967072E+000  0.108264008771456E+001  0.347065467315417E+001 -0.155018953586570E+001  0.119936001998593E+001 -0.199605993274078E+001  0.000000000000000E+000 -0.132203161808137E+003
  0.936347546429045E-051  0.246653066857843E+003  0.190363267402014E+000  0.109511034410563E+001  0.356354661432442E+001 -0.163900213556403E+001  0.147940763373163E+001 -0.199605993274078E+001  0.000000000000000E+000 -0.123326533428922E+003
  0.103407408160729E-047  0.232639006339258E+003  0.190319241368475E+000  0.109997062789584E+001  0.354176904987479E+001 -0.160486035430377E+001  0.134393956142543E+001 -0.199605993274078E+001  0.000000000000000E+000 -0.116319503169629E+003
  0.897734943725596E-047  0.228316609825896E+003  0.215040146697680E+000  0.104196417431681E+001  0.342322670268113E+001 -0.134569140660251E+001  0.108023601696141E+001 -0.199605993274078E+001  0.000000000000000E+000 -0.114158304912948E+003
  0.110499498124275E-046  0.227901167405424E+003  0.191506813388913E+000  0.108494022996978E+001  0.356125683893894E+001 -0.161691132758101E+001  0.143983142884409E+001 -0.199605993274078E+001  0.000000000000000E+000 -0.113950583702712E+003
  0.500377065015459E-044  0.215223838000511E+003  0.207340651098520E+000  0.108584713228052E+001  0.346355953882663E+001 -0.151446795431579E+001  0.135013268220141E+001 -0.199605993274078E+001  0.000000000000000E+000 -0.107611919000256E+003
  0.544645599761446E-042  0.205397663799436E+003  0.202884333658934E+000  0.109004074604583E+001  0.348056682683230E+001 -0.152569395358489E+001  0.132721737445784E+001 -0.199605993274078E+001  0.000000000000000E+000 -0.102698831899718E+003
  0.105610345269335E-041  0.204073251562320E+003  0.222744986240712E+000  0.104484153672354E+001  0.336326622490524E+001 -0.135583864020470E+001  0.106719298672946E+001 -0.199605993274078E+001  0.000000000000000E+000 -0.102036625781160E+003
  0.147602683031437E-034  0.170592160602136E+003  0.212110200583627E+000  0.105365529474978E+001  0.345305195387403E+001 -0.139850073615242E+001  0.118443916396304E+001 -0.199605993274078E+001  0.000000000000000E+000 -0.852960803010682E+002
  0.481014929229023E-034  0.168229412166534E+003  0.215373825098124E+000  0.105390157102996E+001  0.342541732192636E+001 -0.137480950106166E+001  0.113534717106320E+001 -0.199605993274078E+001  0.000000000000000E+000 -0.841147060832669E+002
  0.390748639044609E-033  0.164039909622862E+003  0.206032962626191E+000  0.106756853317313E+001  0.339363666410215E+001 -0.146004935989085E+001  0.930681946572636E+000 -0.199605993274078E+001  0.000000000000000E+000 -0.820199548114308E+002
