  0.258813086370117E+000  0.968069370857173E+000  0.304854918566390E+001 -0.862709900322334E+000 -0.100347136959071E+001 -0.199605993274078E+001  0.000000000000000E+000 -0.385146402036779E+000 -0.385146402036779E+000
  0.259027074231809E+000  0.969030208203093E+000  0.305250459581266E+001 -0.873899794178829E+000 -0.838615659598055E+000 -0.199605993274078E+001  0.000000000000000E+000 -0.795723631106980E+000 -0.795723631106980E+000
  0.254329577259150E+000  0.974113054614377E+000  0.307043682773543E+001 -0.889891732062512E+000 -0.939457912573046E+000 -0.199605993274078E+001  0.000000000000000E+000 -0.777941375188640E+000 -0.777941375188640E+000
  0.255547432233840E+000  0.970623141358289E+000  0.306079196612879E+001 -0.866126362073963E+000 -0.109497223751361E+001 -0.199605993274078E+001  0.000000000000000E+000 -0.713522361412612E+000 -0.713522361412612E+000
  0.259035049100238E+000  0.972330656473756E+000  0.304780164427506E+001 -0.872680593313282E+000 -0.902916605984786E+000 -0.199605993274078E+001  0.000000000000000E+000 -0.708156982404199E+000 -0.708156982404199E+000
  0.256473108404275E+000  0.970105311831203E+000  0.305991307883290E+001 -0.877178170022605E+000 -0.973177670168145E+000 -0.199605993274078E+001  0.000000000000000E+000 -0.229828579591818E+000 -0.229828579591818E+000
  0.257116110905646E+000  0.969340957538526E+000  0.305960232503152E+001 -0.881811744825221E+000 -0.902525926111724E+000 -0.199605993274078E+001  0.000000000000000E+000 -0.445271330504072E+000 -0.445271330504071E+000
  0.258404113759251E+000  0.972249610603647E+000  0.305178971810653E+001 -0.881750517513593E+000 -0.884626350504193E+000 -0.199605993274078E+001  0.000000000000000E+000 -0.693821745016334E+000 -0.693821745016334E+000
  0.255199558652379E+000  0.975308867081765E+000  0.306552471754727E+001 -0.891141239939223E+000 -0.943696796790393E+000 -0.199605993274078E+001  0.000000000000000E+000 -0.785401931965938E+000 -0.785401931965938E+000
  0.257975667085503E+000  0.969273450555911E+000  0.305533999962508E+001 -0.879621446539368E+000 -0.893246606603225E+000 -0.199605993274078E+001  0.000000000000000E+000 -0.505497626939919E+000 -0.505497626939919E+000
  0.254917959287224E+000  0.974250151029791E+000  0.306477824457455E+001 -0.880143067431505E+000 -0.100972189808321E+001 -0.199605993274078E+001  0.000000000000000E+000 -0.695259378943287E+000 -0.695259378943287E+000
  0.254906501927588E+000  0.970432351114955E+000  0.306890941297493E+001 -0.887249723068559E+000 -0.955083493127181E+000 -0.199605993274078E+001  0.000000000000000E+000 -0.795505739258473E+000 -0.795505739258472E+000
  0.253253210134859E+000  0.974711834634318E+000  0.307308859331808E+001 -0.894821434776031E+000 -0.100785686679050E+001 -0.199605993274078E+001  0.000000000000000E+000 -0.639643629048207E+000 -0.639643629048207E+000
  0.256422370345562E+000  0.971991898942827E+000  0.306236013669722E+001 -0.883907461445940E+000 -0.893308815111720E+000 -0.199605993274078E+001  0.000000000000000E+000 -0.302805437122901E+000 -0.302805437122901E+000
  0.261313649583981E+000  0.963655660526046E+000  0.303694201082983E+001 -0.841883427042652E+000 -0.104091018807939E+001 -0.199605993274078E+001  0.000000000000000E+000 -0.573692656795331E+000 -0.573692656795331E+000
  0.261042192613787E+000  0.965152991646179E+000  0.303819299442541E+001 -0.848392707502200E+000 -0.100019451408693E+001 -0.199605993274078E+001  0.000000000000000E+000 -0.493426434470963E+000 -0.493426434470962E+000
  0.259408400752847E+000  0.966434373708237E+000  0.304711890941719E+001 -0.856965264369042E+000 -0.994550602600174E+000 -0.199605993274078E+001  0.000000000000000E+000 -0.565086983773462E+000 -0.565086983773462E+000
  0.257033604741719E+000  0.972535834900953E+000  0.306171411136200E+001 -0.888213036332079E+000 -0.834020416360062E+000 -0.199605993274078E+001  0.000000000000000E+000 -0.716245442617252E+000 -0.716245442617251E+000
  0.258112454827693E+000  0.967939497407503E+000  0.305140232994900E+001 -0.868817818673793E+000 -0.101049691222786E+001 -0.199605993274078E+001  0.000000000000000E+000 -0.774687737224486E+000 -0.774687737224485E+000
  0.261508048219962E+000  0.966058595440958E+000  0.303814170728928E+001 -0.853635158575582E+000 -0.931627903829811E+000 -0.199605993274078E+001  0.000000000000000E+000 -0.649327140560106E+000 -0.649327140560106E+000
  0.260505861178026E+000  0.967261390057741E+000  0.303798356154322E+001 -0.843838274491959E+000 -0.105962321392704E+001 -0.199605993274078E+001  0.000000000000000E+000 -0.193907260637403E+000 -0.193907260637402E+000
  0.259694822612635E+000  0.965899358626236E+000  0.304430693708343E+001 -0.854610462903412E+000 -0.100100356525000E+001 -0.199605993274078E+001  0.000000000000000E+000 -0.623434953879379E+000 -0.623434953879379E+000
  0.256998684997501E+000  0.973175781703754E+000  0.305924135938580E+001 -0.890698498622028E+000 -0.871852620981070E+000 -0.199605993274078E+001  0.000000000000000E+000 -0.405674942433604E+000 -0.405674942433604E+000
  0.259933879504468E+000  0.964460603793683E+000  0.304368313666743E+001 -0.845040906329321E+000 -0.102107150126866E+001 -0.199605993274078E+001  0.000000000000000E+000 -0.756483183943426E+000 -0.756483183943426E+000
  0.258978254181751E+000  0.969619352957046E+000  0.304691233642605E+001 -0.864111360276943E+000 -0.969812477301146E+000 -0.199605993274078E+001  0.000000000000000E+000 -0.420451499986751E+000 -0.420451499986750E+000
  0.260135026767082E+000  0.968688366014731E+000  0.304171784220356E+001 -0.852674309645658E+000 -0.982335292677483E+000 -0.199605993274078E+001  0.000000000000000E+000 -0.313735468069746E+000 -0.313735468069746E+000
  0.260643435754671E+000  0.964721357706618E+000  0.304137146236849E+001 -0.849191277103523E+000 -0.975946076567874E+000 -0.199605993274078E+001  0.000000000000000E+000 -0.606525079364196E+000 -0.606525079364196E+000
  0.258197282398852E+000  0.971126002316221E+000  0.305224433489240E+001 -0.880447288663805E+000 -0.909663433562315E+000 -0.199605993274078E+001  0.000000000000000E+000 -0.738201040072602E+000 -0.738201040072602E+000
  0.258180660509839E+000  0.972297498609417E+000  0.305699247255757E+001 -0.888298508204660E+000 -0.794464216617143E+000 -0.199605993274078E+001  0.000000000000000E+000 -0.723275119545612E+000 -0.723275119545611E+000
  0.255299250310757E+000  0.970660917546766E+000  0.306440459309577E+001 -0.876534658733617E+000 -0.101356430140155E+001 -0.199605993274078E+001  0.000000000000000E+000 -0.673795856555259E+000 -0.673795856555259E+000
  0.257550697538257E+000  0.971084411453659E+000  0.305169621865623E+001 -0.867003437127642E+000 -0.102746510287045E+001 -0.199605993274078E+001  0.000000000000000E+000 -0.222394807305016E+000 -0.222394807305016E+000
  0.259233867009649E+000  0.971093562421022E+000  0.304763207173501E+001 -0.866993913025417E+000 -0.904125764912205E+000 -0.199605993274078E+001  0.000000000000000E+000 -0.628618922401828E+000 -0.628618922401827E+000
  0.257901968653523E+000  0.970461595189207E+000  0.305546768015278E+001 -0.884594641011978E+000 -0.885068912183447E+000 -0.199605993274078E+001  0.000000000000000E+000 -0.718831464145466E+000 -0.718831464145466E+000
  0.259867230095672E+000  0.965205686932312E+000  0.304444744402226E+001 -0.849817040726477E+000 -0.997693149847731E+000 -0.199605993274078E+001  0.000000000000000E+000 -0.492003275238210E+000 -0.492003275238210E+000
  0.257269137389921E+000  0.973097872108947E+000  0.305248985897635E+001 -0.871417569983965E+000 -0.101848138408365E+001 -0.199605993274078E+001  0.000000000000000E+000 -0.482649979842249E+000 -0.482649979842249E+000
  0.256450403795181E+000  0.972338245898459E+000  0.305501871594147E+001 -0.869086000403752E+000 -0.109360517055090E+001 -0.199605993274078E+001  0.000000000000000E+000 -0.714532714743212E+000 -0.714532714743212E+000
  0.253786489541549E+000  0.974944849974771E+000  0.307054923766845E+001 -0.894922762275161E+000 -0.983946557220428E+000 -0.199605993274078E+001  0.000000000000000E+000 -0.571614615035839E+000 -0.571614615035839E+000
  0.257387115335166E+000  0.972955213712087E+000  0.305311609086072E+001 -0.869518194345105E+000 -0.989770656001610E+000 -0.199605993274078E+001  0.000000000000000E+000 -0.464341667366925E+000 -0.464341667366925E+000
  0.259015093308674E+000  0.970063178552235E+000  0.304712385282028E+001 -0.870094681464092E+000 -0.947994353973499E+000 -0.199605993274078E+001  0.000000000000000E+000 -0.753753331883443E+000 -0.753753331883442E+000
  0.257783672748629E+000  0.969969337653072E+000  0.305132719272331E+001 -0.862470221852075E+000 -0.102003913877978E+001 -0.199605993274078E+001  0.000000000000000E+000 -0.327622415004085E+000 -0.327622415004085E+000
  0.259877507308085E+000  0.966431677599407E+000  0.304453426431259E+001 -0.859447254672612E+000 -0.986901187160110E+000 -0.199605993274078E+001  0.000000000000000E+000 -0.759598503708664E+000 -0.759598503708664E+000
  0.255709437579003E+000  0.974451705887822E+000  0.306613047747901E+001 -0.897762446346330E+000 -0.844386550360692E+000 -0.199605993274078E+001  0.000000000000000E+000 -0.238032507169144E+000 -0.238032507169143E+000
  0.258963314630683E+000  0.971468340861586E+000  0.304907123070394E+001 -0.869720203367869E+000 -0.910435107221378E+000 -0.199605993274078E+001  0.000000000000000E+000 -0.472327313798837E+000 -0.472327313798836E+000
  0.259156484649989E+000  0.969620292042609E+000  0.304909768516989E+001 -0.865171110126713E+000 -0.922771648639028E+000 -0.199605993274078E+001  0.000000000000000E+000 -0.489115886129008E+000 -0.489115886129008E+000
  0.251681887096426E+000  0.978433996672763E+000  0.308290315018403E+001 -0.920312669499948E+000 -0.894985735796310E+000 -0.199605993274078E+001  0.000000000000000E+000 -0.753529191782486E+000 -0.753529191782486E+000
  0.257427582214349E+000  0.969737354592134E+000  0.305607296800422E+001 -0.873564483466036E+000 -0.971704833805738E+000 -0.199605993274078E+001  0.000000000000000E+000 -0.454865615306287E+000 -0.454865615306286E+000
