#        weight    minuslogpost         omega_c             n_s            lnas            m_nu   minuslogprior minuslogprior__0            chi2 chi2__likelihood_CAMB
 3.0138004e-322       747.17521      0.26105945       1.1537491        3.199246      0.68688567     -0.52966871      -0.52966871       1495.4097             1495.4097
 1.3272678e-313       727.23427      0.27224516       1.0718173       3.0072174      0.18162134     -0.52966871      -0.52966871       1455.5279             1455.5279
 5.6148658e-273        633.6578      0.24432836      0.89355558       3.2688946      0.18754084     -0.52966871      -0.52966871       1268.3749             1268.3749
 9.3161835e-272       630.81811      0.24310408       1.0448429        3.140779     0.041472566     -0.52966871      -0.52966871       1262.6956             1262.6956
 6.4458792e-269       624.24789      0.26602042       1.0930399       3.2078657      0.74840184     -0.52966871      -0.52966871       1249.5551             1249.5551
 4.5305418e-264       613.05679      0.24772755        1.098619        3.195918      0.38263872     -0.52966871      -0.52966871       1227.1729             1227.1729
 8.5915126e-262       607.78092      0.26674476       1.0663446       3.1411886      0.40228423     -0.52966871      -0.52966871       1216.6212             1216.6212
 6.7567492e-260       603.38521      0.22537975       1.0208661       3.4188744      0.44860582     -0.52966871      -0.52966871       1207.8298             1207.8298
  4.686357e-257       596.81257      0.26361863       1.0612784        3.231337       0.5792455     -0.52966871      -0.52966871       1194.6845             1194.6845
 1.4133731e-240       558.83653      0.26603557       1.0320141       3.2355008      0.68796353     -0.52966871      -0.52966871       1118.7324             1118.7324
 3.2291498e-238       553.37435      0.25909668       1.0607056       3.0152336     0.062427071     -0.52966871      -0.52966871        1107.808              1107.808
 5.1702614e-219       509.12375      0.24969459      0.94282851       3.2573433      0.25069317     -0.52966871      -0.52966871       1019.3068             1019.3068
  1.105108e-218       508.33338      0.27778981       1.0176852       2.9420137     0.063665648     -0.52966871      -0.52966871       1017.7261             1017.7261
 5.4617916e-211       490.58668      0.25689409       1.0148153       3.3341841      0.76235708     -0.52966871      -0.52966871       982.23269             982.23269
 3.0937557e-207       481.91396      0.25598383       1.0660789       3.1917081      0.46447802     -0.52966871      -0.52966871       964.88725             964.88725
 6.8243595e-203       471.88173      0.27378889      0.97676803       3.1147478      0.33320997     -0.52966871      -0.52966871        944.8228              944.8228
  1.415811e-202       471.12117      0.25863218      0.96942535       3.2668906      0.46504558     -0.52966871      -0.52966871       943.30168             943.30168
 1.2302715e-196       457.41536      0.26488193       1.0651269       3.0456495       0.1847082     -0.52966871      -0.52966871       915.89005             915.89005
 4.2145264e-195        453.8507       0.2557135       1.0718274       3.2873461      0.74874405     -0.52966871      -0.52966871       908.76073             908.76073
 1.6317778e-187       436.34811      0.22948231       1.0037992        3.455173      0.56642291     -0.52966871      -0.52966871       873.75556             873.75556
 3.2334779e-187       435.63345      0.25310413       1.1251407       3.2411955       0.6088232     -0.52966871      -0.52966871       872.32624             872.32624
 1.2050818e-183       427.37935      0.22903972       1.0274679       3.4893935      0.64088624     -0.52966871      -0.52966871       855.81804             855.81804
 3.4072416e-183       426.30922      0.23907978       1.0360445       3.1737885     0.065339137     -0.52966871      -0.52966871       853.67778             853.67778
 5.9193262e-183       425.72613      0.25388448       1.0737519       3.2613943      0.63603345     -0.52966871      -0.52966871        852.5116              852.5116
 1.3080837e-175       408.78434      0.25554979       0.9220743       3.1978781       0.2279741     -0.52966871      -0.52966871       818.62801             818.62801
 6.5191742e-173       402.54221      0.26229144       1.0900269       3.2204036       0.6081736     -0.52966871      -0.52966871       806.14376             806.14376
  8.210122e-172       399.97824      0.26294083        1.000414       3.2265733      0.46689549     -0.52966871      -0.52966871       801.01581             801.01581
 3.8820333e-170        396.0913      0.24996927       1.0844717       3.2582786      0.47824486     -0.52966871      -0.52966871       793.24194             793.24194
  3.527004e-166        386.9461          0.2262       1.0380823       3.3938167      0.40159704     -0.52966871      -0.52966871       774.95154             774.95154
 6.2098798e-151       351.81086       0.2533929       1.0078946       3.3408982      0.66342223     -0.52966871      -0.52966871       704.68106             704.68106
 1.2871391e-146       341.84088      0.24027936       1.0663607       3.4081919      0.78295223     -0.52966871      -0.52966871        684.7411              684.7411
 8.8851515e-144       335.27298      0.26267631       1.0414911       3.1392282      0.37449643     -0.52966871      -0.52966871        671.6053              671.6053
  2.426235e-143       334.23766      0.24251347        1.092196       3.2946895       0.4792163     -0.52966871      -0.52966871       669.53467             669.53467
 5.9624327e-138       321.79483      0.26348516       1.0951255       3.2002596      0.61971999     -0.52966871      -0.52966871         644.649               644.649
 1.0548459e-137       321.19356       0.2359358       1.0155063       3.3684982      0.49025661     -0.52966871      -0.52966871       643.44645             643.44645
 2.8411675e-137       320.17196      0.24775489       1.0353862       3.1915212      0.20528458     -0.52966871      -0.52966871       641.40327             641.40327
 8.0432326e-134       312.19282      0.23890628       1.0562159       3.2541549      0.26889337     -0.52966871      -0.52966871       625.44498             625.44498
 5.3669591e-130       303.35628      0.24477413      0.98354625       3.3291349      0.41597958     -0.52966871      -0.52966871        607.7719              607.7719
 1.4227114e-125       293.14028      0.23222452       1.0250948        3.421944      0.50932713     -0.52966871      -0.52966871        587.3399              587.3399
 2.4779011e-121       283.34432      0.27085721       1.0099937       3.0461686      0.16532428     -0.52966871      -0.52966871       567.74798             567.74798
 6.2823721e-120       280.08063        0.260749       1.0585197       3.2407695      0.64604901     -0.52966871      -0.52966871       561.22059             561.22059
 6.3497664e-120       280.03919      0.26916729       1.0155992       3.0835203      0.23784729     -0.52966871      -0.52966871       561.13771             561.13771
 8.5288464e-119       277.41079      0.26783533       1.0034513       3.0918257       0.2594165     -0.52966871      -0.52966871       555.88092             555.88092
 1.0525322e-118       277.16969      0.22855963       1.0629366       3.4360286      0.56756279     -0.52966871      -0.52966871       555.39872             555.39872
 2.3792204e-116       271.71817      0.25243173       1.0330161       3.3565852      0.76188862     -0.52966871      -0.52966871       544.49569             544.49569
 2.3177993e-116       271.71356      0.25850431       1.0482865       3.3149942      0.76875313     -0.52966871      -0.52966871       544.48645             544.48645
 3.1249339e-116       271.38399      0.24758569       1.0458063       3.2751736      0.50027302     -0.52966871      -0.52966871       543.82732             543.82732
  6.886128e-116       270.56312      0.25939409       1.0158765        3.048792     0.011506803     -0.52966871      -0.52966871       542.18559             542.18559
 6.8049845e-116       270.54421      0.26198566       1.0851029       3.2443905      0.68123151     -0.52966871      -0.52966871       542.14775             542.14775
 3.0832996e-114       266.69992      0.26524898       1.0314377       3.0177009     0.065948907     -0.52966871      -0.52966871       534.45918             534.45918
 5.9909941e-114       266.00489      0.25920958         1.05431       3.2812794      0.72647251     -0.52966871      -0.52966871       533.06912             533.06912
 1.8098644e-112       262.56595       0.2574228      0.98374724       3.1840967      0.31906487     -0.52966871      -0.52966871       526.19125             526.19125
 1.8772621e-112       262.49862      0.24077468      0.98936236       3.3335077      0.43603581     -0.52966871      -0.52966871       526.05658             526.05658
 3.4545788e-106       248.04245      0.25098766       1.0641103       3.3468531      0.79901221     -0.52966871      -0.52966871       497.14424             497.14424
  6.568842e-106       247.36904      0.25313059       1.0816057       3.3448756      0.79583194     -0.52966871      -0.52966871       495.79742             495.79742
 9.9076589e-106        246.9273      0.25203724      0.91713563       3.1613757     0.065800604     -0.52966871      -0.52966871       494.91394             494.91394
 1.8526354e-101        237.0603      0.24943013       1.0630911       3.2200938      0.40173286     -0.52966871      -0.52966871       475.17994             475.17994
 2.2063521e-101        236.8548      0.27021026      0.99927082        3.039991      0.15353395     -0.52966871      -0.52966871       474.76894             474.76894
 1.9438378e-100       234.64812      0.23656922      0.98672623       3.3350991      0.36438852     -0.52966871      -0.52966871       470.35558             470.35558
 4.8829598e-100       233.69626      0.25776719       1.0398554       3.0753039      0.11514576     -0.52966871      -0.52966871       468.45186             468.45186
  2.3864907e-96       225.17108      0.23728339       1.0568451       3.3618094      0.55453384     -0.52966871      -0.52966871       451.40149             451.40149
  9.0673313e-92       214.59511      0.23680596       1.0260042       3.4298588      0.64685204     -0.52966871      -0.52966871       430.24956             430.24956
  2.8826443e-91       213.40772      0.24477445       1.0943346       3.3015106      0.55820485     -0.52966871      -0.52966871       427.87478             427.87478
  1.3043322e-90       212.53068      0.23860366       1.0394389       3.3898517      0.55991182     -0.52966871      -0.52966871       426.12069             426.12069
  2.7725601e-89       209.41339      0.25718935       1.0373355       3.2919076      0.63734624     -0.52966871      -0.52966871       419.88611             419.88611
  1.8872841e-85       200.52705      0.24279429       1.0253129       3.3354171       0.5327342     -0.52966871      -0.52966871       402.11345             402.11345
   4.870893e-78       183.34304       0.2565713       1.0547255         3.24743      0.52257992     -0.52966871      -0.52966871       367.74541             367.74541
  9.5004458e-73       171.16205      0.24175427       1.0619785       3.3727975      0.61379473     -0.52966871      -0.52966871       343.38344             343.38344
  1.1584913e-71       168.60048      0.25270305       1.0539021       3.3442733      0.77130233     -0.52966871      -0.52966871       338.26029             338.26029
   5.664364e-69       162.29045      0.24344558       1.0585909       3.3998715      0.77774737     -0.52966871      -0.52966871       325.64023             325.64023
  4.2596705e-66       155.55647       0.2549644       1.0561668       3.3183946      0.73831464     -0.52966871      -0.52966871       312.17227             312.17227
  4.3204253e-65       153.23972      0.25451664       1.0802836       3.2528889      0.58514672     -0.52966871      -0.52966871       307.53878             307.53878
  1.6833241e-58       137.95298      0.23621858       1.0458304       3.3724342      0.49826988     -0.52966871      -0.52966871        276.9653              276.9653
  1.2134336e-57       135.97771      0.24722018       1.0740774        3.279998      0.50226273     -0.52966871      -0.52966871       273.01477             273.01477
  3.7498355e-57        134.7923      0.24545824       1.0318608       3.3604831       0.6414026     -0.52966871      -0.52966871       270.64393             270.64393
  8.5427464e-57       133.91177      0.25777646        1.056013        3.223169      0.51233621     -0.52966871      -0.52966871       268.88288             268.88288
  7.9655267e-56       131.56792      0.23713327       1.0742084       3.3911493      0.62747442     -0.52966871      -0.52966871       264.19517             264.19517
  1.4721525e-54       128.59708       0.2471963       1.0851692       3.3149502      0.64443526     -0.52966871      -0.52966871       258.25349             258.25349
  1.0330658e-53       126.59462      0.24653943        1.045185        3.374313      0.71045387     -0.52966871      -0.52966871       254.24858             254.24858
  2.1018456e-52       123.58175      0.24686099       1.0417284       3.3589662      0.64984254     -0.52966871      -0.52966871       248.22284             248.22284
  5.3903562e-51       120.28021      0.25699177        1.016942       3.2447786      0.47814076     -0.52966871      -0.52966871       241.61976             241.61976
  1.4530289e-47       112.32367       0.2374726       1.0514381       3.3707767      0.55127407     -0.52966871      -0.52966871       225.70669             225.70669
  2.4666185e-47       111.79448      0.24667081       1.0303116       3.3368928      0.59572031     -0.52966871      -0.52966871       224.64829             224.64829
  5.6526013e-47       110.96521      0.25339221       1.0822138       3.2985147        0.697695     -0.52966871      -0.52966871       222.98975             222.98975
  2.9464266e-46       109.31415      0.25242087       1.0692919       3.3316188      0.74583396     -0.52966871      -0.52966871       219.68763             219.68763
  1.0541498e-45       108.03942      0.24054706        1.065152       3.3448917      0.56238994     -0.52966871      -0.52966871       217.13818             217.13818
  3.6128566e-45       106.73355      0.25116417       1.0316706       3.3159164      0.59766022     -0.52966871      -0.52966871       214.52643             214.52643
  4.4243873e-45       106.45681        0.236862       1.0143086       3.3578757       0.4358246     -0.52966871      -0.52966871       213.97295             213.97295
  3.7958405e-44       104.30745      0.23849168       1.0393182        3.385166       0.5685123     -0.52966871      -0.52966871       209.67423             209.67423
  1.3693945e-38       91.223792       0.2541854       1.0330011       3.2473103       0.4844614     -0.52966871      -0.52966871       183.50692             183.50692
  1.6306051e-38       91.049209      0.25166999       1.0762986       3.3217733      0.71665106     -0.52966871      -0.52966871       183.15776             183.15776
  5.3011383e-38       89.801246      0.24282569       1.0788554       3.3548409       0.6477693     -0.52966871      -0.52966871       180.66183             180.66183
  1.9606428e-37       88.424317      0.23977963       1.0554804        3.355758      0.54071457     -0.52966871      -0.52966871       177.90797             177.90797
  2.3316314e-37       88.251021      0.23957102       1.0223379       3.3618744      0.50447449     -0.52966871      -0.52966871       177.56138             177.56138
  6.9344158e-37       87.161093       0.2508751       1.0546982       3.2589893      0.47179648     -0.52966871      -0.52966871       175.38152             175.38152
  3.0288954e-36       85.606764      0.24445781       1.0664273        3.325231      0.55976981     -0.52966871      -0.52966871       172.27286             172.27286
  3.6332769e-36       85.424827      0.24937503       1.0738454       3.3251099      0.68959767     -0.52966871      -0.52966871       171.90899             171.90899
  1.8517529e-35       83.796244      0.25049456       1.0451701       3.2831958      0.50680072     -0.52966871      -0.52966871       168.65183             168.65183
   1.383087e-32       76.917939      0.24692309       1.0672478       3.3076509      0.57631962     -0.52966871      -0.52966871       154.89522             154.89522
  1.4986003e-32       76.837726      0.24013718       1.0532482       3.3672377      0.57818843     -0.52966871      -0.52966871       154.73479             154.73479
  5.9688292e-32       75.455706      0.24208189       1.0358403       3.3599551      0.57433516     -0.52966871      -0.52966871       151.97075             151.97075
  2.3219133e-31        74.09728      0.24096163       1.0599109       3.3578607      0.58615861     -0.52966871      -0.52966871        149.2539              149.2539
  3.5030475e-31       73.580678      0.24884801       1.0710621       3.3396778      0.70611433     -0.52966871      -0.52966871       148.22069             148.22069
  1.8967335e-30       71.786233       0.2513299        1.049428       3.2500048      0.46578231     -0.52966871      -0.52966871        144.6318              144.6318
  2.2047921e-30       71.635733       0.2470001       1.0599165       3.3502616      0.68401459     -0.52966871      -0.52966871        144.3308              144.3308
  4.0335237e-28       66.426555      0.24383043       1.0502828       3.3017811      0.46228435     -0.52966871      -0.52966871       133.91245             133.91245
  8.3066853e-27        63.40155      0.25258985       1.0384515       3.2535954      0.47798319     -0.52966871      -0.52966871       127.86244             127.86244
  6.7761106e-26       61.148471      0.24961649        1.053491       3.2749955      0.49783929     -0.52966871      -0.52966871       123.35628             123.35628
  7.0388229e-20       47.140773      0.24546133       1.0512112       3.3248447        0.560497     -0.52966871      -0.52966871       95.340883             95.340883
  6.3894299e-18       42.478248      0.24638445       1.0434335       3.3115733      0.53058899     -0.52966871      -0.52966871       86.015833             86.015833
   9.130378e-18       42.121286      0.24746149       1.0350047       3.2915252      0.48577065     -0.52966871      -0.52966871       85.301909             85.301909
  3.5436271e-17       40.765157      0.24379217       1.0321031       3.2839062      0.39153104     -0.52966871      -0.52966871       82.589651             82.589651
  8.8944554e-16       37.542294      0.24431758       1.0257969       3.3112667      0.46087996     -0.52966871      -0.52966871       76.143926             76.143926
  1.4831545e-14       34.728381      0.24519644       1.0248407       3.3032771      0.45106753     -0.52966871      -0.52966871         70.5161               70.5161
  3.1985622e-12       28.661534      0.24877883       1.0275959        3.253392      0.39315357     -0.52966871      -0.52966871       58.382404             58.382404
  4.1169993e-12        28.40911      0.24767573       1.0299936       3.2647416      0.40325508     -0.52966871      -0.52966871       57.877558             57.877558
  2.4019083e-11       26.239921      0.24763244       1.0268897       3.2608753      0.38725594     -0.52966871      -0.52966871        53.53918              53.53918
  3.7503241e-11       25.794342      0.24732365       1.0263094        3.256374       0.3729882     -0.52966871      -0.52966871       52.648022             52.648022
  9.7629054e-11       24.144447      0.24743382       1.0239331       3.2640905      0.38728899     -0.52966871      -0.52966871       49.348232             49.348232
