#        weight    minuslogpost         omega_c             n_s            lnas            m_nu   minuslogprior minuslogprior__0            chi2 chi2__likelihood_CAMB
 1.3191553e-321       747.17521      0.26105945       1.1537491        3.199246      0.68688567     -0.52966871      -0.52966871       1495.4097             1495.4097
 5.8442572e-313       727.23427      0.27224516       1.0718173       3.0072174      0.18162134     -0.52966871      -0.52966871       1455.5279             1455.5279
 2.4723511e-272        633.6578      0.24432836      0.89355558       3.2688946      0.18754084     -0.52966871      -0.52966871       1268.3749             1268.3749
 4.1021241e-271       630.81811      0.24310408       1.0448429        3.140779     0.041472566     -0.52966871      -0.52966871       1262.6956             1262.6956
 2.8382649e-268       624.24789      0.26602042       1.0930399       3.2078657      0.74840184     -0.52966871      -0.52966871       1249.5551             1249.5551
 1.9948989e-263       613.05679      0.24772755        1.098619        3.195918      0.38263872     -0.52966871      -0.52966871       1227.1729             1227.1729
 3.7830353e-261       607.78092      0.26674476       1.0663446       3.1411886      0.40228423     -0.52966871      -0.52966871       1216.6212             1216.6212
 2.9751479e-259       603.38521      0.22537975       1.0208661       3.4188744      0.44860582     -0.52966871      -0.52966871       1207.8298             1207.8298
 2.0635079e-256       596.81257      0.26361863       1.0612784        3.231337       0.5792455     -0.52966871      -0.52966871       1194.6845             1194.6845
 6.2233983e-240       558.83653      0.26603557       1.0320141       3.2355008      0.68796353     -0.52966871      -0.52966871       1118.7324             1118.7324
 1.4218669e-237       553.37435      0.25909668       1.0607056       3.0152336     0.062427071     -0.52966871      -0.52966871        1107.808              1107.808
 2.2765818e-218       509.12375      0.24969459      0.94282851       3.2573433      0.25069317     -0.52966871      -0.52966871       1019.3068             1019.3068
 4.8660381e-218       508.33338      0.27778981       1.0176852       2.9420137     0.063665648     -0.52966871      -0.52966871       1017.7261             1017.7261
 2.4049491e-210       490.58668      0.25689409       1.0148153       3.3341841      0.76235708     -0.52966871      -0.52966871       982.23269             982.23269
 1.3622499e-206       481.91396      0.25598383       1.0660789       3.1917081      0.46447802     -0.52966871      -0.52966871       964.88725             964.88725
 3.0049183e-202       471.88173      0.27378889      0.97676803       3.1147478      0.33320997     -0.52966871      -0.52966871        944.8228              944.8228
 6.2341329e-202       471.12117      0.25863218      0.96942535       3.2668906      0.46504558     -0.52966871      -0.52966871       943.30168             943.30168
  5.417161e-196       457.41536      0.26488193       1.0651269       3.0456495       0.1847082     -0.52966871      -0.52966871       915.89005             915.89005
 1.8557503e-194        453.8507       0.2557135       1.0718274       3.2873461      0.74874405     -0.52966871      -0.52966871       908.76073             908.76073
 7.1850831e-187       436.34811      0.22948231       1.0037992        3.455173      0.56642291     -0.52966871      -0.52966871       873.75556             873.75556
 1.4237727e-186       435.63345      0.25310413       1.1251407       3.2411955       0.6088232     -0.52966871      -0.52966871       872.32624             872.32624
 5.3062449e-183       427.37935      0.22903972       1.0274679       3.4893935      0.64088624     -0.52966871      -0.52966871       855.81804             855.81804
 1.5002847e-182       426.30922      0.23907978       1.0360445       3.1737885     0.065339137     -0.52966871      -0.52966871       853.67778             853.67778
 2.6064118e-182       425.72613      0.25388448       1.0737519       3.2613943      0.63603345     -0.52966871      -0.52966871        852.5116              852.5116
 5.7597852e-175       408.78434      0.25554979       0.9220743       3.1978781       0.2279741     -0.52966871      -0.52966871       818.62801             818.62801
 2.8705383e-172       402.54221      0.26229144       1.0900269       3.2204036       0.6081736     -0.52966871      -0.52966871       806.14376             806.14376
 3.6151005e-171       399.97824      0.26294083        1.000414       3.2265733      0.46689549     -0.52966871      -0.52966871       801.01581             801.01581
 1.7093462e-169        396.0913      0.24996927       1.0844717       3.2582786      0.47824486     -0.52966871      -0.52966871       793.24194             793.24194
 1.5530188e-165        386.9461          0.2262       1.0380823       3.3938167      0.40159704     -0.52966871      -0.52966871       774.95154             774.95154
 2.7343491e-150       351.81086       0.2533929       1.0078946       3.3408982      0.66342223     -0.52966871      -0.52966871       704.68106             704.68106
 5.6675618e-146       341.84088      0.24027936       1.0663607       3.4081919      0.78295223     -0.52966871      -0.52966871        684.7411              684.7411
 3.9123311e-143       335.27298      0.26267631       1.0414911       3.1392282      0.37449643     -0.52966871      -0.52966871        671.6053              671.6053
 1.0683256e-142       334.23766      0.24251347        1.092196       3.2946895       0.4792163     -0.52966871      -0.52966871       669.53467             669.53467
 2.6253926e-137       321.79483      0.26348516       1.0951255       3.2002596      0.61971999     -0.52966871      -0.52966871         644.649               644.649
 4.6447225e-137       321.19356       0.2359358       1.0155063       3.3684982      0.49025661     -0.52966871      -0.52966871       643.44645             643.44645
 1.2510296e-136       320.17196      0.24775489       1.0353862       3.1915212      0.20528458     -0.52966871      -0.52966871       641.40327             641.40327
 3.5416153e-133       312.19282      0.23890628       1.0562159       3.2541549      0.26889337     -0.52966871      -0.52966871       625.44498             625.44498
 2.3631922e-129       303.35628      0.24477413      0.98354625       3.3291349      0.41597958     -0.52966871      -0.52966871        607.7719              607.7719
 6.2645169e-125       293.14028      0.23222452       1.0250948        3.421944      0.50932713     -0.52966871      -0.52966871        587.3399              587.3399
 1.0910753e-120       283.34432      0.27085721       1.0099937       3.0461686      0.16532428     -0.52966871      -0.52966871       567.74798             567.74798
 2.7662691e-119       280.08063        0.260749       1.0585197       3.2407695      0.64604901     -0.52966871      -0.52966871       561.22059             561.22059
 2.7959443e-119       280.03919      0.26916729       1.0155992       3.0835203      0.23784729     -0.52966871      -0.52966871       561.13771             561.13771
  3.755442e-118       277.41079      0.26783533       1.0034513       3.0918257       0.2594165     -0.52966871      -0.52966871       555.88092             555.88092
 4.6345349e-118       277.16969      0.22855963       1.0629366       3.4360286      0.56756279     -0.52966871      -0.52966871       555.39872             555.39872
  1.047624e-115       271.71817      0.25243173       1.0330161       3.3565852      0.76188862     -0.52966871      -0.52966871       544.49569             544.49569
 1.0205789e-115       271.71356      0.25850431       1.0482865       3.3149942      0.76875313     -0.52966871      -0.52966871       544.48645             544.48645
 1.3759784e-115       271.38399      0.24758569       1.0458063       3.2751736      0.50027302     -0.52966871      -0.52966871       543.82732             543.82732
 3.0321163e-115       270.56312      0.25939409       1.0158765        3.048792     0.011506803     -0.52966871      -0.52966871       542.18559             542.18559
  2.996387e-115       270.54421      0.26198566       1.0851029       3.2443905      0.68123151     -0.52966871      -0.52966871       542.14775             542.14775
 1.3576458e-113       266.69992      0.26524898       1.0314377       3.0177009     0.065948907     -0.52966871      -0.52966871       534.45918             534.45918
 2.6379688e-113       266.00489      0.25920958         1.05431       3.2812794      0.72647251     -0.52966871      -0.52966871       533.06912             533.06912
 7.9692382e-112       262.56595       0.2574228      0.98374724       3.1840967      0.31906487     -0.52966871      -0.52966871       526.19125             526.19125
 8.2660054e-112       262.49862      0.24077468      0.98936236       3.3335077      0.43603581     -0.52966871      -0.52966871       526.05658             526.05658
 1.5211284e-105       248.04245      0.25098766       1.0641103       3.3468531      0.79901221     -0.52966871      -0.52966871       497.14424             497.14424
 2.8924082e-105       247.36904      0.25313059       1.0816057       3.3448756      0.79583194     -0.52966871      -0.52966871       495.79742             495.79742
  4.362564e-105        246.9273      0.25203724      0.91713563       3.1613757     0.065800604     -0.52966871      -0.52966871       494.91394             494.91394
 8.1575684e-101        237.0603      0.24943013       1.0630911       3.2200938      0.40173286     -0.52966871      -0.52966871       475.17994             475.17994
 9.7150621e-101        236.8548      0.27021026      0.99927082        3.039991      0.15353395     -0.52966871      -0.52966871       474.76894             474.76894
 8.5591531e-100       234.64812      0.23656922      0.98672623       3.3350991      0.36438852     -0.52966871      -0.52966871       470.35558             470.35558
  2.1500765e-99       233.69626      0.25776719       1.0398554       3.0753039      0.11514576     -0.52966871      -0.52966871       468.45186             468.45186
  1.0508253e-95       225.17108      0.23728339       1.0568451       3.3618094      0.55453384     -0.52966871      -0.52966871       451.40149             451.40149
  3.9925489e-91       214.59511      0.23680596       1.0260042       3.4298588      0.64685204     -0.52966871      -0.52966871       430.24956             430.24956
  1.2692928e-90       213.40772      0.24477445       1.0943346       3.3015106      0.55820485     -0.52966871      -0.52966871       427.87478             427.87478
    7.69152e-90       212.18143      0.24289266       1.0276085        3.265763      0.29763146     -0.52966871      -0.52966871       425.42219             425.42219
  1.3747121e-86       204.69296      0.25309749       1.0208086       3.1460578      0.16232996     -0.52966871      -0.52966871       410.44526             410.44526
  1.2199036e-77       184.02854      0.24230524       1.0212602       3.2791651      0.37609167     -0.52966871      -0.52966871       369.11643             369.11643
  7.0896654e-70       166.08996       0.2471932       1.0284442       3.2224871      0.32338142     -0.52966871      -0.52966871       333.23925             333.23925
  6.6222348e-66       156.94782       0.2560352       1.0008227       3.1693985      0.22647995     -0.52966871      -0.52966871       314.95498             314.95498
  1.5367663e-64       153.73887      0.24186538      0.98919138       3.2806013      0.27001606     -0.52966871      -0.52966871       308.53707             308.53707
  5.6718658e-61       145.46073      0.25495659       0.9798225       3.2045552      0.31271683     -0.52966871      -0.52966871       291.98081             291.98081
    1.54346e-58       139.85447      0.24446786       1.0145505       3.2793329      0.39610861     -0.52966871      -0.52966871       280.76828             280.76828
  4.8698983e-55       131.66414      0.24713595      0.97864268       3.2628264      0.33523012     -0.52966871      -0.52966871       264.38761             264.38761
  3.1199681e-53       127.43968      0.24266062       1.0057902       3.1626221      0.07943894     -0.52966871      -0.52966871        255.9387              255.9387
  2.9458499e-49        118.1616      0.24116372       1.0440262       3.3074639      0.41048322     -0.52966871      -0.52966871       237.38254             237.38254
  2.3496477e-45       108.95425      0.24618937      0.95353258       3.2299181      0.19212997     -0.52966871      -0.52966871       218.96784             218.96784
  1.9944028e-43       104.41292      0.25537718      0.98650482       3.2015397      0.28372025     -0.52966871      -0.52966871       209.88517             209.88517
  2.2951351e-43       104.17716       0.2514367      0.98536993       3.1408055      0.13574302     -0.52966871      -0.52966871       209.41366             209.41366
  2.1951452e-42       101.91912      0.24351468      0.98333134       3.2898761      0.34454846     -0.52966871      -0.52966871       204.89757             204.89757
  5.2748149e-41       98.739837      0.24413319       1.0217646       3.2240552      0.22956283     -0.52966871      -0.52966871       198.53901             198.53901
  2.0755474e-38         92.7648      0.25968948      0.94789508       3.1003358     0.064049049     -0.52966871      -0.52966871       186.58894             186.58894
  2.0729522e-38       92.711984      0.24209277      0.97661414       3.2465861      0.22114544     -0.52966871      -0.52966871       186.48331             186.48331
  2.0955152e-35       85.639253      0.25633367       1.0305602       3.1874138      0.35464618     -0.52966871      -0.52966871       172.33784             172.33784
  2.3545818e-35       85.382927      0.25473201       1.0128774       3.0914612     0.074358995     -0.52966871      -0.52966871       171.82519             171.82519
   2.105672e-34       83.105059      0.25031375       1.0092489       3.2044311      0.29044269     -0.52966871      -0.52966871       167.26946             167.26946
  1.1643422e-33       81.352393       0.2527542      0.99764124       3.2246108      0.35006337     -0.52966871      -0.52966871       163.76412             163.76412
  3.7727455e-33       80.176746      0.26123231       0.9537598       3.0927085     0.079392092     -0.52966871      -0.52966871       161.41283             161.41283
   4.504315e-33       79.999513       0.2638857      0.98359785        3.070668      0.10858378     -0.52966871      -0.52966871       161.05836             161.05836
  1.4294939e-32       78.798123       0.2508164       1.0175947        3.130559      0.12385132     -0.52966871      -0.52966871       158.65558             158.65558
  4.4859629e-32       77.607971      0.24107689       1.0367225       3.3097472      0.40986124     -0.52966871      -0.52966871       156.27528             156.27528
  1.0353722e-31       76.680606      0.25343156       1.0303866        3.216739      0.38954317     -0.52966871      -0.52966871       154.42055             154.42055
  1.8947814e-30       73.645845      0.24507137       0.9694367       3.2493246      0.24030822     -0.52966871      -0.52966871       148.35103             148.35103
  2.5027911e-30       73.367542      0.25204795       1.0097406       3.1901793      0.24213526     -0.52966871      -0.52966871       147.79442             147.79442
  4.3859137e-30       72.763991      0.24187339      0.97697697       3.2688203      0.25209991     -0.52966871      -0.52966871       146.58732             146.58732
  2.9327062e-27       66.098365      0.24152377        1.016201       3.2671144      0.28628505     -0.52966871      -0.52966871       133.25607             133.25607
   5.306633e-26       63.165008      0.25201713       0.9967225       3.1719512       0.1826917     -0.52966871      -0.52966871       127.38935             127.38935
   5.367686e-26       63.115828      0.24573224      0.99752113       3.1524579     0.085703622     -0.52966871      -0.52966871       127.29099             127.29099
  7.7707787e-25       60.369162      0.25442557        1.019296       3.1530316      0.22767219     -0.52966871      -0.52966871       121.79766             121.79766
  1.5400431e-24       59.648769      0.26134144      0.98796407       3.0685884     0.087984303     -0.52966871      -0.52966871       120.35688             120.35688
  2.6010822e-24       59.088284      0.25214872      0.98643511       3.1320906       0.1206378     -0.52966871      -0.52966871       119.23591             119.23591
   1.130864e-22       55.279692      0.25329803      0.97064749       3.1388935     0.093485505     -0.52966871      -0.52966871       111.61872             111.61872
  7.8083681e-21       51.008525      0.25561705       1.0101009       3.1692568      0.27024238     -0.52966871      -0.52966871       103.07639             103.07639
  4.6822556e-20       49.180989      0.25122645       1.0082895       3.1616968      0.17213458     -0.52966871      -0.52966871       99.421314             99.421314
   6.451458e-20       48.824095      0.25190559      0.97366887       3.2027341      0.23720026     -0.52966871      -0.52966871       98.707527             98.707527
  2.4147318e-19       47.504228      0.24269113      0.99357003       3.2261082      0.19991245     -0.52966871      -0.52966871       96.067792             96.067792
  3.8872263e-19        46.99038      0.25406664       1.0154132       3.2002373      0.32896227     -0.52966871      -0.52966871       95.040096             95.040096
  7.2426101e-18       44.027768      0.25455498      0.99430593         3.18547       0.2708946     -0.52966871      -0.52966871       89.114874             89.114874
  6.0366008e-17       41.798125      0.24916975      0.98115585       3.1764854      0.13875321     -0.52966871      -0.52966871       84.655586             84.655586
   6.717115e-17       41.656216      0.24741596      0.97422005       3.1358222     0.023546322     -0.52966871      -0.52966871       84.371768             84.371768
  9.4704645e-17       41.277605       0.2449622       1.0064577        3.253155      0.31297173     -0.52966871      -0.52966871       83.614547             83.614547
  1.7502498e-16       40.594446      0.25701243      0.97017527       3.0901881     0.063507675     -0.52966871      -0.52966871        82.24823              82.24823
    3.89986e-16       39.759363      0.24548307      0.96946198       3.1872552      0.10942094     -0.52966871      -0.52966871       80.578063             80.578063
  3.8424299e-16       39.740297      0.25774596      0.95821351       3.1020821     0.075892122     -0.52966871      -0.52966871       80.539931             80.539931
  6.0574209e-16       39.251216      0.24830096      0.97248194       3.2061811      0.20300565     -0.52966871      -0.52966871        79.56177              79.56177
  2.2794459e-15       37.892081       0.2541025       1.0004236       3.0945495      0.06061259     -0.52966871      -0.52966871         76.8435               76.8435
  8.5286155e-15       36.505895      0.25890644      0.97377795        3.110111      0.11956179     -0.52966871      -0.52966871       74.071128             74.071128
  1.5639786e-14       35.866714      0.24930911       1.0053836       3.1829293      0.21275974     -0.52966871      -0.52966871       72.792766             72.792766
  1.7018993e-13        34.57823      0.25737705      0.97652723       3.1007279     0.073128879     -0.52966871      -0.52966871       70.215797             70.215797
  1.0791743e-10       27.925352      0.24901673      0.98020378       3.1242592     0.028224137     -0.52966871      -0.52966871       56.910042             56.910042
  2.7999082e-10       26.971962      0.25102496      0.95699546        3.134684     0.059355916     -0.52966871      -0.52966871       55.003261             55.003261
  2.8156644e-10       26.678668      0.25772752      0.98592475       3.0744049     0.051560006     -0.52966871      -0.52966871       54.416674             54.416674
   3.926382e-10       26.104986      0.25164209      0.95603038       3.1355638     0.064495893     -0.52966871      -0.52966871        53.26931              53.26931
   1.480665e-08       22.400935      0.25702256      0.96748725       3.0814936     0.035330806     -0.52966871      -0.52966871       45.861208             45.861208
   1.894534e-07       19.851868      0.25128038      0.97351444       3.1267752     0.051582707     -0.52966871      -0.52966871       40.763074             40.763074
  2.6098542e-07       19.451504      0.25451496      0.97066455       3.1326739      0.10527908     -0.52966871      -0.52966871       39.962346             39.962346
   3.656372e-07       19.034284      0.24995641      0.97130691        3.115961     0.018689582     -0.52966871      -0.52966871       39.127906             39.127906
   3.804438e-07       18.914545      0.25757061       0.9871373       3.0825908     0.064882979     -0.52966871      -0.52966871       38.888427             38.888427
  6.1392013e-07       18.281868      0.25225719      0.96526285       3.1461886       0.1022582     -0.52966871      -0.52966871       37.623073             37.623073
  6.2862242e-07       18.258202      0.25375466       0.9648633       3.1325802     0.089954643     -0.52966871      -0.52966871       37.575741             37.575741
  1.8219734e-06       17.194057       0.2487293      0.97354102       3.1466272     0.068120966     -0.52966871      -0.52966871       35.447452             35.447452
  2.2939782e-06       16.876678      0.25791764      0.97045984       3.0926289     0.070249554     -0.52966871      -0.52966871       34.812694             34.812694
  4.3530756e-06       16.069029      0.25708869      0.97856016       3.0671565     0.012457193     -0.52966871      -0.52966871       33.197396             33.197396
  3.1331731e-05       13.872137      0.25157752      0.97645779       3.1350252     0.096859258     -0.52966871      -0.52966871       28.803611             28.803611
  3.3043377e-05       13.749954      0.25246678      0.96152891       3.1241304     0.052017173     -0.52966871      -0.52966871       28.559246             28.559246
  4.0447174e-05       13.547779      0.24949726      0.98077855       3.1312173     0.062005759     -0.52966871      -0.52966871       28.154895             28.154895
  8.1251084e-05       12.642592      0.25149093      0.97051843        3.107859     0.021181022     -0.52966871      -0.52966871       26.344521             26.344521
   0.0007613935       10.117304      0.25574108      0.98310752       3.1121215     0.095447961     -0.52966871      -0.52966871       21.293945             21.293945
   0.0060586254       7.8521606      0.25364079      0.98420751       3.1170194     0.079288171     -0.52966871      -0.52966871       16.763659             16.763659
   0.0072712114       7.6252688      0.25424831      0.97041858       3.0917004   0.00051104661     -0.52966871      -0.52966871       16.309875             16.309875
   0.0072242905        7.587291      0.25597721      0.96259508       3.0889631     0.012814308     -0.52966871      -0.52966871       16.233919             16.233919
    0.007204011       7.5456503      0.25553194      0.98431318       3.1018248     0.076997438     -0.52966871      -0.52966871       16.150638             16.150638
   0.0083908764       7.3931432      0.25032806      0.97344905       3.1349622     0.065076018     -0.52966871      -0.52966871       15.845624             15.845624
    0.013910139       6.8876702      0.25206326      0.96972426       3.1364269     0.085522455     -0.52966871      -0.52966871       14.834678             14.834678
    0.017255705       6.6233552      0.25220394       0.9818804       3.1313772      0.10084914     -0.52966871      -0.52966871       14.306048             14.306048
    0.017050944       6.5865023       0.2547712      0.96748287       3.0947656     0.016754162     -0.52966871      -0.52966871       14.232342             14.232342
    0.018306188       6.4201586       0.2503954      0.97888586        3.135772     0.081430475     -0.52966871      -0.52966871       13.899655             13.899655
    0.020353226       6.2231865       0.2571823      0.97129644        3.077852     0.013742003     -0.52966871      -0.52966871        13.50571              13.50571
    0.024923219       5.9336147      0.25600709      0.96514745       3.0798168    0.0031501893     -0.52966871      -0.52966871       12.926567             12.926567
    0.052804439       5.8334069      0.25511167      0.97235569       3.0926888     0.023930224     -0.52966871      -0.52966871       12.726151             12.726151
     0.19104597         4.11217      0.25476216      0.97995873       3.0910625     0.030318117     -0.52966871      -0.52966871       9.2836774             9.2836774
     0.18564475       4.0802245       0.2574552      0.97411845       3.0784962     0.032345648     -0.52966871      -0.52966871       9.2197865             9.2197865
     0.19316418       3.9798943      0.25272502      0.97583224       3.1005108     0.022052087     -0.52966871      -0.52966871        9.019126              9.019126
     0.19161395       3.9273275      0.25230084      0.97473307       3.1056182     0.027774114     -0.52966871      -0.52966871       8.9139925             8.9139925
     0.19176297       3.8659255      0.25309677      0.97221184        3.099111     0.014627827     -0.52966871      -0.52966871       8.7911884             8.7911884
     0.22553384       3.5859323      0.25510301      0.96615696       3.0942328      0.02143955     -0.52966871      -0.52966871       8.2312021             8.2312021
     0.30864019       3.0609173      0.25409633      0.96865704       3.0917184     0.011291202     -0.52966871      -0.52966871       7.1811719             7.1811719
     0.32796635       2.9513923       0.2568605      0.96936017       3.0754911     0.011182202     -0.52966871      -0.52966871       6.9621219             6.9621219
     0.33079439       2.9428063      0.25457031      0.96479081       3.0922145     0.012312463     -0.52966871      -0.52966871         6.94495               6.94495
     0.31685923       2.9345524       0.2562717      0.96738441       3.0860262     0.019167062     -0.52966871      -0.52966871       6.9284422             6.9284422
     0.32178597       2.9191233      0.25634504      0.97333342       3.0833078     0.021741016     -0.52966871      -0.52966871       6.8975841             6.8975841
     0.34428883       2.7974618      0.25429749      0.96549736       3.0926725    0.0099210458     -0.52966871      -0.52966871       6.6542611             6.6542611
     0.31222254        2.789866      0.25714747      0.97014178       3.0777324     0.014025183     -0.52966871      -0.52966871       6.6390695             6.6390695
     0.32475978       2.6992032      0.25276034      0.97307942       3.1031893     0.024543308     -0.52966871      -0.52966871       6.4577438             6.4577438
      0.3387629       2.6056952      0.25532729      0.97798791       3.0877926     0.033415443     -0.52966871      -0.52966871       6.2707278             6.2707278
     0.32282752       2.6025842      0.25571784      0.97395248       3.0802728    0.0014463892     -0.52966871      -0.52966871       6.2645058             6.2645058
      0.3292275       2.5829534      0.25428276      0.97252716       3.0905277    0.0083145033     -0.52966871      -0.52966871       6.2252441             6.2252441
     0.35285192       2.4082934      0.25488243      0.96953392       3.0921759     0.027121865     -0.52966871      -0.52966871       5.8759242             5.8759242
     0.41403769       2.1970915      0.25659024      0.97649699       3.0731438    0.0050724221     -0.52966871      -0.52966871       5.4535205             5.4535205
     0.44463582       2.0744997      0.25614248      0.96815129       3.0860637     0.018944314     -0.52966871      -0.52966871       5.2083368             5.2083368
     0.44566655        1.881129      0.25578062      0.97208582       3.0906441     0.038354803     -0.52966871      -0.52966871       4.8215954             4.8215954
     0.45933919       1.7638997      0.25530027       0.9693736       3.0838308     0.009247489     -0.52966871      -0.52966871       4.5871369             4.5871369
     0.47898381       1.6386402      0.25373279      0.97021742       3.1059886      0.04450338     -0.52966871      -0.52966871       4.3366179             4.3366179
     0.46750453        1.622076      0.25656822      0.97126726       3.0785186      0.01719878     -0.52966871      -0.52966871       4.3034894             4.3034894
      0.5313777        1.494012      0.25460139      0.96819637       3.0882914    0.0063945291     -0.52966871      -0.52966871       4.0473614             4.0473614
      0.5676479       1.3854241      0.25405437      0.96774645       3.0992629     0.027262772     -0.52966871      -0.52966871       3.8301856             3.8301856
     0.54935107       1.3756281      0.25650615      0.96918274       3.0847237     0.025357347     -0.52966871      -0.52966871       3.8105936             3.8105936
     0.54587389       1.2985962      0.25733517      0.96830566       3.0753365     0.010364984     -0.52966871      -0.52966871       3.6565299             3.6565299
     0.52426449       1.2981659      0.25465218      0.96838474        3.095405     0.028377907     -0.52966871      -0.52966871       3.6556692             3.6556692
     0.50384785       1.2970659      0.25506689      0.97025203        3.084204    0.0066349502     -0.52966871      -0.52966871       3.6534692             3.6534692
     0.47715365       1.2714589      0.25557167      0.96534518         3.08604     0.010068468     -0.52966871      -0.52966871       3.6022553             3.6022553
     0.53289285       1.0476484      0.25594769      0.97522232       3.0779452    0.0092119251     -0.52966871      -0.52966871       3.1546343             3.1546343
     0.53945032       1.0354181      0.25432511      0.96813537       3.0975332     0.027592554     -0.52966871      -0.52966871       3.1301737             3.1301737
      0.5359295       1.0042259      0.25463566      0.96955305       3.0939503     0.026445153     -0.52966871      -0.52966871       3.0677892             3.0677892
     0.52536776      0.98638965       0.2570881      0.97346771       3.0723904     0.005054214     -0.52966871      -0.52966871       3.0321167             3.0321167
     0.51961166      0.95966612      0.25353135      0.97420437        3.099567     0.030222708     -0.52966871      -0.52966871       2.9786697             2.9786697
     0.50513871      0.95017445      0.25563759      0.97286113       3.0821215     0.015023022     -0.52966871      -0.52966871       2.9596863             2.9596863
     0.47736871      0.93261036      0.25380796      0.97183775       3.0957543     0.020711103     -0.52966871      -0.52966871       2.9245581             2.9245581
     0.47154081      0.90852623      0.25512298      0.97438455       3.0829814    0.0092157924     -0.52966871      -0.52966871       2.8763899             2.8763899
     0.46490145      0.85124747      0.25505212      0.97506419       3.0843515      0.01139538     -0.52966871      -0.52966871       2.7618324             2.7618324
     0.45018144       0.8483309      0.25414942      0.97121914       3.0949949     0.024153652     -0.52966871      -0.52966871       2.7559992             2.7559992
     0.45193664      0.84443962        0.255284      0.96589684       3.0863781    0.0058791587     -0.52966871      -0.52966871       2.7482167             2.7482167
     0.46259904      0.82112094      0.25510114      0.96621748       3.0879804    0.0082724914     -0.52966871      -0.52966871       2.7015793             2.7015793
      0.4546188      0.80078202      0.25561207      0.97299228       3.0859955     0.025259622     -0.52966871      -0.52966871       2.6609015             2.6609015
     0.45526825      0.79935448      0.25767615      0.96929925       3.0701992    0.0017690825     -0.52966871      -0.52966871       2.6580464             2.6580464
     0.45707151      0.75618072      0.25641528       0.9736256       3.0763812    0.0050219091     -0.52966871      -0.52966871       2.5716989             2.5716989
      0.4466098      0.74011456       0.2549608      0.96693619        3.087214     0.002584534     -0.52966871      -0.52966871       2.5395665             2.5395665
     0.45304611      0.64884491       0.2544938      0.96888397       3.0922033     0.017187778     -0.52966871      -0.52966871       2.3570272             2.3570272
     0.45912387      0.56141079      0.25461903      0.97098214        3.089034     0.014092306     -0.52966871      -0.52966871        2.182159              2.182159
     0.45067813      0.50851848      0.25386699       0.9701354       3.1031787     0.036178325     -0.52966871      -0.52966871       2.0763744             2.0763744
     0.45029246      0.47428327      0.25578887      0.96987099       3.0843393     0.011787425     -0.52966871      -0.52966871        2.007904              2.007904
     0.45410825      0.46584496      0.25677522      0.96892604       3.0761344    0.0071597294     -0.52966871      -0.52966871       1.9910273             1.9910273
     0.43800845      0.46557471      0.25520063       0.9715431       3.0855364    0.0084910174     -0.52966871      -0.52966871       1.9904868             1.9904868
     0.44093203      0.45892217      0.25567074      0.97306574       3.0791087     0.001955277     -0.52966871      -0.52966871       1.9771818             1.9771818
     0.44814648      0.44269277       0.2559695      0.97370223       3.0776028    0.0047204228     -0.52966871      -0.52966871        1.944723              1.944723
     0.44072514      0.42017078      0.25422451      0.97113619       3.0991953     0.035323867     -0.52966871      -0.52966871        1.899679              1.899679
     0.41324414       0.4075926      0.25474367      0.97230719       3.0898257     0.015730231     -0.52966871      -0.52966871       1.8745226             1.8745226
     0.39975308      0.40304377      0.25431307      0.96927847       3.0956522     0.021806511     -0.52966871      -0.52966871        1.865425              1.865425
     0.37001643      0.33724259      0.25580417      0.97011872       3.0794267     0.001163822     -0.52966871      -0.52966871       1.7338226             1.7338226
     0.35221581      0.31985454      0.25697951      0.97092061       3.0743252    0.0075593554     -0.52966871      -0.52966871       1.6990465             1.6990465
     0.34181704      0.31703317      0.25531953      0.96756836       3.0874159     0.010872555     -0.52966871      -0.52966871       1.6934038             1.6934038
     0.33164959         0.31444      0.25473101      0.97432547       3.0999261     0.047992143     -0.52966871      -0.52966871       1.6882174             1.6882174
     0.32038055      0.28447094      0.25574614       0.9728874       3.0896769     0.033327532     -0.52966871      -0.52966871       1.6282793             1.6282793
     0.33781777      0.19972514      0.25528978      0.97145806        3.091724     0.031831502     -0.52966871      -0.52966871       1.4587877             1.4587877
     0.33063789      0.18945926      0.25473783      0.97225487       3.0993051      0.04083589     -0.52966871      -0.52966871       1.4382559             1.4382559
     0.32223609      0.18344988      0.25664901      0.96653332       3.0776899    0.0019329399     -0.52966871      -0.52966871       1.4262372             1.4262372
     0.31243847       0.1825781      0.25408551      0.97406177       3.0970138     0.029260933     -0.52966871      -0.52966871       1.4244936             1.4244936
     0.29738347      0.16944284       0.2561322      0.97044085       3.0845144     0.021232517     -0.52966871      -0.52966871       1.3982231             1.3982231
     0.29012118      0.16339494      0.25429547      0.97471468       3.0947171     0.027966109     -0.52966871      -0.52966871       1.3861273             1.3861273
      0.2821194      0.16059159      0.25492258      0.97400018       3.0991906     0.046836908     -0.52966871      -0.52966871       1.3805206             1.3805206
     0.28220512      0.12951613      0.25618082      0.97160314       3.0777039    0.0065273019     -0.52966871      -0.52966871       1.3183697             1.3183697
     0.27713011      0.11689154      0.25428608      0.97200439       3.0956281     0.028053293     -0.52966871      -0.52966871       1.2931205             1.2931205
     0.27726506       0.1164047      0.25593961      0.97248478       3.0836644     0.018210519     -0.52966871      -0.52966871       1.2921468             1.2921468
     0.28502933     0.088786565      0.25479178      0.97449422       3.0897707     0.022018152     -0.52966871      -0.52966871       1.2369106             1.2369106
     0.28612978     0.084933159       0.2560002      0.96822987       3.0801051    0.0040190919     -0.52966871      -0.52966871       1.2292037             1.2292037
     0.29127512     0.067110395      0.25452101      0.97224865       3.0931117     0.025459551     -0.52966871      -0.52966871       1.1935582             1.1935582
     0.29133931     0.066890052      0.25504403      0.97515452       3.0927801     0.035052519     -0.52966871      -0.52966871       1.1931175             1.1931175
     0.29428341     0.056835391      0.25488313      0.97112978       3.0864573    0.0092341616     -0.52966871      -0.52966871       1.1730082             1.1730082
     0.29578759      0.05173706      0.25543126      0.96932563       3.0887452     0.019557819     -0.52966871      -0.52966871       1.1628115             1.1628115
     0.30127541     0.033353816      0.25587575      0.96967392       3.0813419     0.002858205     -0.52966871      -0.52966871       1.1260451             1.1260451
     0.30472966     0.021953644       0.2552595      0.97325085       3.0851147      0.01319276     -0.52966871      -0.52966871       1.1032447             1.1032447
      0.3136022   -0.0067466392      0.25423861      0.97098692       3.0979666     0.029514714     -0.52966871      -0.52966871       1.0458441             1.0458441
     0.31586822    -0.013946448      0.25514363      0.97451402       3.0881195     0.023533495     -0.52966871      -0.52966871       1.0314445             1.0314445
     0.31611729    -0.014734663       0.2552211      0.97273596       3.0925055     0.031608149     -0.52966871      -0.52966871       1.0298681             1.0298681
      0.3270119    -0.048617901      0.25549418      0.97126398       3.0891217     0.024562326     -0.52966871      -0.52966871      0.96210162            0.96210162
     0.33215788    -0.064231734      0.25624609      0.97097523       3.0809676     0.013140779     -0.52966871      -0.52966871      0.93087396            0.93087396
     0.33954917    -0.086240122      0.25660788      0.97189834       3.0748403    0.0023294004     -0.52966871      -0.52966871      0.88685718            0.88685718
     0.33965422    -0.086549453      0.25523155      0.96878133        3.086373    0.0085870786     -0.52966871      -0.52966871      0.88623852            0.88623852
      0.3404463    -0.088878738      0.25561284      0.97329479       3.0819203     0.011079726     -0.52966871      -0.52966871      0.88157995            0.88157995
     0.35943132     -0.14314445      0.25564796      0.97197166       3.0882687     0.027020723     -0.52966871      -0.52966871      0.77304851            0.77304851
     0.39129572     -0.22808493      0.25528786      0.96986348       3.0851614    0.0075601474     -0.52966871      -0.52966871      0.60316756            0.60316756
     0.39131109     -0.22812421      0.25606441      0.97180714       3.0816787     0.015819598     -0.52966871      -0.52966871        0.603089              0.603089
     0.39431582     -0.23577351      0.25455985      0.97087913       3.0946231     0.026172211     -0.52966871      -0.52966871       0.5877904             0.5877904
     0.40293789     -0.25740377      0.25676516        0.969689       3.0749492    0.0012871904     -0.52966871      -0.52966871      0.54452989            0.54452989
     0.40463558     -0.26160819      0.25528642      0.96955964        3.085581     0.010836941     -0.52966871      -0.52966871      0.53612105            0.53612105
     0.40992779     -0.27460235      0.25487393       0.9727217       3.0927464     0.027565346     -0.52966871      -0.52966871      0.51013272            0.51013272
     0.41794642     -0.29397459      0.25501005      0.97304587       3.0933741     0.032193622     -0.52966871      -0.52966871      0.47138825            0.47138825
     0.41994225     -0.29873854      0.25572537      0.97233285       3.0828058      0.01473244     -0.52966871      -0.52966871      0.46186035            0.46186035
     0.42645792     -0.31413505      0.25558262      0.96887999       3.0827449    0.0030733689     -0.52966871      -0.52966871      0.43106732            0.43106732
     0.44074865      -0.3470961      0.25517921       0.9703256       3.0865723     0.011701862     -0.52966871      -0.52966871      0.36514523            0.36514523
     0.44174687     -0.34935837      0.25625836      0.97105631        3.079303    0.0092058089     -0.52966871      -0.52966871      0.36062068            0.36062068
     0.48385492     -0.44040644      0.25607936       0.9700709       3.0800852    0.0057107793     -0.52966871      -0.52966871      0.17852453            0.17852453
     0.50146516     -0.47615548      0.25599529      0.97081976       3.0810434    0.0099612191     -0.52966871      -0.52966871      0.10702646            0.10702646
