  0.203297637885110E-317  0.147775345682469E+004  0.265651702630206E+000  0.103262239139829E+001  0.311910658225584E+001  0.259442938491740E+000  0.122281589212742E+001 -0.738078956280708E+003
  0.864144481407720E-313  0.145637709523107E+004  0.258737443128869E+000  0.891499966762096E+000  0.319911755886858E+001  0.227984038615385E+000  0.122281589212742E+001 -0.727390775483895E+003
  0.764879933636135E-311  0.144734925375506E+004  0.252833632141402E+000  0.106902686615261E+001  0.309742576665477E+001  0.199799511597464E+000  0.122281589212742E+001 -0.722876854745892E+003
  0.185966295056548E-307  0.143169533654196E+004  0.232165253945447E+000  0.970145484027565E+000  0.332231241565445E+001  0.283406706771805E+000  0.122281589212742E+001 -0.715049896139343E+003
  0.944469468416992E-291  0.135470095442314E+004  0.218502099946132E+000  0.989760107404467E+000  0.342127168261820E+001  0.282070901751908E+000  0.122281589212742E+001 -0.676552705079929E+003
  0.418086044506152E-290  0.135166411312245E+004  0.258148966342448E+000  0.106687132011832E+001  0.308033677419619E+001  0.228390541991630E+000  0.122281589212742E+001 -0.675034284429589E+003
  0.833961130319437E-287  0.133640606017616E+004  0.225538248322102E+000  0.101299585956139E+001  0.324237317843776E+001  0.212478001179282E-001  0.122281589212742E+001 -0.667405257956441E+003
  0.654470948180012E-286  0.133222406586960E+004  0.283245833561306E+000  0.983058194387576E+000  0.302719393159337E+001  0.264490629119725E+000  0.122281589212742E+001 -0.665314260803163E+003
  0.229916891249313E-271  0.126517718835311E+004  0.237299433829342E+000  0.102887998125987E+001  0.316081257336410E+001  0.706754088638869E-001  0.122281589212742E+001 -0.631790822044914E+003
  0.499513460333269E-270  0.125895864156156E+004  0.256267112997719E+000  0.110247863189879E+001  0.316446113182463E+001  0.385509457173205E+000  0.122281589212742E+001 -0.628681548649143E+003
  0.260463932954686E-268  0.125098909816602E+004  0.257165797140980E+000  0.988788668020345E+000  0.321579418668333E+001  0.304999541040357E+000  0.122281589212742E+001 -0.624696776951369E+003
  0.190542931588075E-257  0.120089585653604E+004  0.230698990243640E+000  0.944480100986717E+000  0.335182080235657E+001  0.211328913161540E+000  0.122281589212742E+001 -0.599650156136383E+003
  0.229607848756678E-249  0.116361996109781E+004  0.267127500354957E+000  0.982432581891088E+000  0.312715084972200E+001  0.333900567331478E+000  0.122281589212742E+001 -0.581012208417266E+003
  0.167386777427192E-233  0.109050782616726E+004  0.278657998873665E+000  0.101805799363843E+001  0.303300153400490E+001  0.284852916004961E+000  0.122281589212742E+001 -0.544456140951990E+003
  0.589726484414042E-232  0.108332240931068E+004  0.280299792184531E+000  0.997169675074043E+000  0.303198351962709E+001  0.259749936363839E+000  0.122281589212742E+001 -0.540863432523703E+003
  0.722415956655494E-231  0.107824981131420E+004  0.253584952235622E+000  0.891854767305955E+000  0.315204624911689E+001  0.792808561210928E-001  0.122281589212742E+001 -0.538327133525462E+003
  0.897459314544161E-231  0.107775433460267E+004  0.263621285459050E+000  0.946485402568833E+000  0.314343579737162E+001  0.266196368962465E+000  0.122281589212742E+001 -0.538079395169697E+003
  0.608596642173883E-207  0.967945530956021E+003  0.257166000523939E+000  0.934151969211004E+000  0.319267920401094E+001  0.199003319385075E+000  0.122281589212742E+001 -0.483174993346372E+003
  0.301433531621427E-199  0.932447838525296E+003  0.263905881136492E+000  0.946061231957655E+000  0.307081350886137E+001  0.125425099187919E-003  0.122281589212742E+001 -0.465426147131009E+003
  0.318093095973815E-198  0.927673535898624E+003  0.250574295439176E+000  0.101650836206853E+001  0.306046301651731E+001  0.714482145258612E-004  0.122281589212742E+001 -0.463038995817673E+003
  0.626948422324144E-198  0.926254952218025E+003  0.244117326832848E+000  0.106248283836041E+001  0.321697456613419E+001  0.255651628057265E+000  0.122281589212742E+001 -0.462329703977374E+003
  0.489041401494830E-197  0.922085072964061E+003  0.256161598094161E+000  0.105861604937353E+001  0.302619831512495E+001  0.175877565710391E-001  0.122281589212742E+001 -0.460244764350392E+003
  0.551560085850893E-195  0.912572582012551E+003  0.271651485032924E+000  0.103043259403342E+001  0.305775337039006E+001  0.282608665153059E+000  0.122281589212742E+001 -0.455488518874637E+003
  0.405169948890892E-191  0.894707246304557E+003  0.262276675407148E+000  0.887377578204286E+000  0.308655344847942E+001  0.150013211341652E-001  0.122281589212742E+001 -0.446555851020639E+003
  0.930681405250483E-191  0.892982482175829E+003  0.239475878134642E+000  0.102900787316247E+001  0.319930156013811E+001  0.106638183334352E+000  0.122281589212742E+001 -0.445693468956276E+003
  0.513316957276579E-183  0.857269624384300E+003  0.250143031891010E+000  0.996244831816724E+000  0.307631250810538E+001  0.117722002900536E-001  0.122281589212742E+001 -0.427837040060511E+003
  0.228814512003159E-182  0.854218874522458E+003  0.270920066404486E+000  0.102855619754846E+001  0.302592675120124E+001  0.137746171379086E+000  0.122281589212742E+001 -0.426311665129590E+003
  0.158564995925473E-172  0.808839123557022E+003  0.258786483223245E+000  0.104563506801157E+001  0.319688895867314E+001  0.389327915125535E+000  0.122281589212742E+001 -0.403621789646872E+003
  0.982685603528276E-154  0.722236267577596E+003  0.259910056161588E+000  0.104694652815618E+001  0.302422430722639E+001  0.353642945330598E-001  0.122281589212742E+001 -0.360320361657159E+003
  0.139714743416459E-150  0.707655416393079E+003  0.241212147383170E+000  0.103485339217077E+001  0.318176393577508E+001  0.110358145324798E+000  0.122281589212742E+001 -0.353029936064901E+003
  0.672670017156505E-149  0.699845398697401E+003  0.231380292736165E+000  0.105299025951030E+001  0.332515453672521E+001  0.321303507057866E+000  0.122281589212742E+001 -0.349124927217062E+003
  0.140256287554798E-147  0.693709082045474E+003  0.259425113305741E+000  0.987143870858916E+000  0.312574215140992E+001  0.140438584388494E+000  0.122281589212742E+001 -0.346056768891098E+003
  0.511740668873178E-147  0.691058845495807E+003  0.242505845877248E+000  0.961835589059364E+000  0.317021671750580E+001  0.734227675504774E-001  0.122281589212742E+001 -0.344731650616265E+003
  0.162729860543307E-143  0.674868074358371E+003  0.227128561033092E+000  0.997810276976223E+000  0.341621190024348E+001  0.399480109053555E+000  0.122281589212742E+001 -0.336636265047546E+003
  0.121400138164825E-138  0.652366679135036E+003  0.233588693885726E+000  0.100848048165411E+001  0.322679735694431E+001  0.808632566675641E-001  0.122281589212742E+001 -0.325385567435879E+003
  0.277564677411239E-136  0.641440871523604E+003  0.274982142286824E+000  0.990253789550020E+000  0.298054658408909E+001  0.228123897187630E-001  0.122281589212742E+001 -0.319922663630163E+003
  0.113977582465725E-133  0.629343922035830E+003  0.247003140638909E+000  0.102393931456758E+001  0.326483309010135E+001  0.342102769814041E+000  0.122281589212742E+001 -0.313874188886276E+003
  0.137019407213847E-132  0.624308966951966E+003  0.235204782801262E+000  0.102438611800513E+001  0.325465317153102E+001  0.218950534791295E+000  0.122281589212742E+001 -0.311356711344344E+003
  0.216670065171414E-132  0.623330917264204E+003  0.276698300570382E+000  0.951627542957634E+000  0.299365416030138E+001  0.289678852971356E-001  0.122281589212742E+001 -0.310867686500463E+003
  0.121213831439460E-124  0.587589651602153E+003  0.246768304552364E+000  0.922647474363678E+000  0.317580916526108E+001  0.779261508388932E-001  0.122281589212742E+001 -0.292997053669438E+003
  0.128432669560847E-124  0.587412411071193E+003  0.267214544741197E+000  0.932201622959504E+000  0.303129669511419E+001  0.225170923840852E-001  0.122281589212742E+001 -0.292908433403958E+003
  0.308687185609019E-122  0.576386680131685E+003  0.259534525553059E+000  0.968184756328813E+000  0.322326848314440E+001  0.383157517754296E+000  0.122281589212742E+001 -0.287395567934204E+003
  0.211088820312313E-120  0.567874895293525E+003  0.259150965251975E+000  0.948165897770122E+000  0.318662985939108E+001  0.249988142197552E+000  0.122281589212742E+001 -0.283139675515124E+003
  0.338864412169597E-119  0.562261539652158E+003  0.255480650695766E+000  0.105583139140333E+001  0.311822182625255E+001  0.207124513102192E+000  0.122281589212742E+001 -0.280332997694440E+003
  0.962798226379823E-118  0.555506338547862E+003  0.251747017281168E+000  0.104388971375483E+001  0.308659027818794E+001  0.804592127687082E-001  0.122281589212742E+001 -0.276955397142292E+003
  0.862981757589258E-116  0.546453355481084E+003  0.255323861383789E+000  0.104247610169899E+001  0.306112344136991E+001  0.695812191410120E-001  0.122281589212742E+001 -0.272428905608903E+003
  0.615900671772402E-111  0.524040576931978E+003  0.245835835516098E+000  0.103354845259418E+001  0.321271891859718E+001  0.298083384940787E+000  0.122281589212742E+001 -0.261222516334350E+003
  0.171574674704628E-109  0.517324827463775E+003  0.271029331945808E+000  0.100895926748286E+001  0.301218420968719E+001  0.116998648029669E+000  0.122281589212742E+001 -0.257864641600249E+003
  0.294004278852994E-105  0.497765451945892E+003  0.243066005964972E+000  0.105789331590190E+001  0.325642312170392E+001  0.386935203375826E+000  0.122281589212742E+001 -0.248084953841307E+003
  0.949727407102685E-105  0.495358747263812E+003  0.242893244650197E+000  0.985125908065101E+000  0.332096306812699E+001  0.373487719965880E+000  0.122281589212742E+001 -0.246881601500267E+003
  0.132951727764537E-103  0.490019241355156E+003  0.263421456009771E+000  0.965657606474808E+000  0.316468164589982E+001  0.295529274962388E+000  0.122281589212742E+001 -0.244211848545939E+003
  0.275827956835668E-101  0.479287775239130E+003  0.236906559771008E+000  0.945684630889994E+000  0.322434234656384E+001  0.538269900244771E-001  0.122281589212742E+001 -0.238846115487926E+003
  0.495778765321728E-101  0.478053526995789E+003  0.260937594097911E+000  0.996523611627105E+000  0.319316302182442E+001  0.351756031182253E+000  0.122281589212742E+001 -0.238228991366256E+003
  0.488210841448996E-097  0.459602067784238E+003  0.252973956799784E+000  0.970014068044174E+000  0.326667903095600E+001  0.394663885582741E+000  0.122281589212742E+001 -0.229003261760480E+003
  0.553905800794061E-091  0.431657008805123E+003  0.261680856258463E+000  0.957366154971871E+000  0.311936947500944E+001  0.182572965060643E+000  0.122281589212742E+001 -0.215030732270922E+003
  0.190486034055739E-090  0.429125126817373E+003  0.233894687830111E+000  0.103639028523028E+001  0.334793243783960E+001  0.381904643742635E+000  0.122281589212742E+001 -0.213764791277048E+003
  0.628029727135568E-090  0.426677566256609E+003  0.232909911073797E+000  0.979210840236659E+000  0.328390451928779E+001  0.175869262187130E+000  0.122281589212742E+001 -0.212541010996666E+003
  0.139607110423870E-088  0.420413193323803E+003  0.259366090950050E+000  0.961897664007631E+000  0.313495443196322E+001  0.197581285601498E+000  0.122281589212742E+001 -0.209408824530262E+003
  0.150246971943751E-083  0.397178902483608E+003  0.265924846025556E+000  0.988293549750015E+000  0.312637215112392E+001  0.263737806043517E+000  0.122281589212742E+001 -0.197791679110165E+003
  0.327164883575653E-077  0.367929970339998E+003  0.260112159358833E+000  0.104982947973491E+001  0.317311270468817E+001  0.391913692071084E+000  0.122281589212742E+001 -0.183167213038360E+003
  0.300784812746534E-075  0.358826224998033E+003  0.273072535602313E+000  0.973591343321078E+000  0.297810526163570E+001  0.479357915415567E-002  0.122281589212742E+001 -0.178615340367378E+003
  0.202894490437032E-074  0.354946929512470E+003  0.237454568105032E+000  0.981891448989644E+000  0.327017221252285E+001  0.185151283833401E+000  0.122281589212742E+001 -0.176675692624596E+003
  0.275258563090011E-074  0.354275336609209E+003  0.256237694182616E+000  0.104204964756731E+001  0.317781780165037E+001  0.367366120993949E+000  0.122281589212742E+001 -0.176339896172966E+003
  0.221522761474818E-073  0.350042994186951E+003  0.242974162266385E+000  0.951374777733354E+000  0.323240183706008E+001  0.177826532222561E+000  0.122281589212742E+001 -0.174223724961836E+003
  0.318827173997470E-072  0.344648033009919E+003  0.237607696774403E+000  0.102622557491954E+001  0.324724005238891E+001  0.218153550670208E+000  0.122281589212742E+001 -0.171526244373321E+003
  0.522301991292797E-070  0.334388955787986E+003  0.242300645676701E+000  0.972650116903318E+000  0.322611470104465E+001  0.139010611522812E+000  0.122281589212742E+001 -0.166396705762354E+003
  0.206092516781127E-065  0.313161403079559E+003  0.238194950670914E+000  0.960959473451689E+000  0.324535545806501E+001  0.145507702394364E+000  0.122281589212742E+001 -0.155782929408141E+003
  0.269021047928074E-065  0.312566930876087E+003  0.244983743454930E+000  0.101310919744413E+001  0.313546803426402E+001  0.467129389632687E-001  0.122281589212742E+001 -0.155485693306405E+003
  0.685564760263331E-063  0.301424140497804E+003  0.249063421186738E+000  0.929628818015078E+000  0.315277225052593E+001  0.281488173367304E-001  0.122281589212742E+001 -0.149914298117263E+003
  0.822716136345965E-061  0.291787520284979E+003  0.256201700070622E+000  0.101976464559979E+001  0.321691642267946E+001  0.379156334830312E+000  0.122281589212742E+001 -0.145095988010851E+003
  0.161137565341456E-060  0.290381512350859E+003  0.258403228647790E+000  0.981762151688952E+000  0.306991159543952E+001  0.689415033461980E-001  0.122281589212742E+001 -0.144392984043791E+003
  0.204934358549421E-060  0.289839106468736E+003  0.263819863431102E+000  0.987184782334727E+000  0.311961601904593E+001  0.215773989089797E+000  0.122281589212742E+001 -0.144121781102729E+003
  0.277198179601741E-060  0.289173477202331E+003  0.239335570848943E+000  0.978479791920212E+000  0.319800938414476E+001  0.853981102032559E-001  0.122281589212742E+001 -0.143788966469527E+003
  0.383138820368113E-060  0.288464604527841E+003  0.257583413108900E+000  0.103163862980303E+001  0.315437269051639E+001  0.274191695977369E+000  0.122281589212742E+001 -0.143434530132282E+003
  0.207602613061835E-056  0.271207923747682E+003  0.243515551413016E+000  0.981243170974974E+000  0.315828452854251E+001  0.647134066667909E-001  0.122281589212742E+001 -0.134806189742202E+003
  0.165214907662464E-055  0.266997967526586E+003  0.239007333464466E+000  0.100788631672488E+001  0.321774687716331E+001  0.152001881408356E+000  0.122281589212742E+001 -0.132701211631654E+003
  0.260121755670594E-054  0.261423448592585E+003  0.242220863025148E+000  0.995871506313373E+000  0.332393377904822E+001  0.399345048539559E+000  0.122281589212742E+001 -0.129913952164654E+003
  0.870285515160740E-054  0.258946562227825E+003  0.266352739454692E+000  0.962488134865688E+000  0.303130705509421E+001  0.417168223633462E-001  0.122281589212742E+001 -0.128675508982274E+003
  0.108913694704489E-053  0.258436379843026E+003  0.259097883669804E+000  0.999562051984214E+000  0.308596789410033E+001  0.131528310073583E+000  0.122281589212742E+001 -0.128420417789874E+003
  0.162432246028076E-053  0.257575426144874E+003  0.246976720169242E+000  0.102900978646845E+001  0.323364723317573E+001  0.296950562814790E+000  0.122281589212742E+001 -0.127989940940798E+003
  0.633151577032782E-052  0.250187814872827E+003  0.258455652716980E+000  0.955454795941101E+000  0.314987651916876E+001  0.190556699030906E+000  0.122281589212742E+001 -0.124296135304775E+003
  0.277856063573584E-050  0.242563144441493E+003  0.248531711487952E+000  0.967543613186900E+000  0.322823768448728E+001  0.225565520072778E+000  0.122281589212742E+001 -0.120483800089108E+003
  0.300512137904588E-050  0.242344831278475E+003  0.256938726998330E+000  0.102044958613957E+001  0.319888166511867E+001  0.351348360721074E+000  0.122281589212742E+001 -0.120374643507599E+003
  0.394634529744789E-050  0.241738344061285E+003  0.245185109116598E+000  0.941631463754122E+000  0.315805243525498E+001  0.142509565479799E-001  0.122281589212742E+001 -0.120071399899004E+003
  0.338312122906561E-043  0.209748591813081E+003  0.254135297526034E+000  0.946283641126428E+000  0.309236754562316E+001  0.214454969772332E-002  0.122281589212742E+001 -0.104076523774902E+003
  0.138532779339696E-042  0.206867602186497E+003  0.239692903862729E+000  0.987195663428266E+000  0.320862591032999E+001  0.115669828042094E+000  0.122281589212742E+001 -0.102636028961609E+003
  0.309892612521048E-041  0.200590650973805E+003  0.239595779783956E+000  0.101044946442480E+001  0.328101515479441E+001  0.310929949925204E+000  0.122281589212742E+001 -0.994975533552635E+002
  0.888045802328085E-041  0.198423512667236E+003  0.246422769311489E+000  0.993838879407788E+000  0.326327833922799E+001  0.309771115229321E+000  0.122281589212742E+001 -0.984139842019790E+002
  0.607919219881475E-040  0.194514761783430E+003  0.255594350460095E+000  0.101756647051944E+001  0.322415573339223E+001  0.393512853560675E+000  0.122281589212742E+001 -0.964596087600763E+002
  0.355240356945492E-039  0.190922543057932E+003  0.256429699112616E+000  0.101470476569251E+001  0.311466574773188E+001  0.147234024278761E+000  0.122281589212742E+001 -0.946634993973269E+002
  0.169829050640635E-037  0.183126663919715E+003  0.245357748224521E+000  0.972742784328169E+000  0.323195979224573E+001  0.200032311685202E+000  0.122281589212742E+001 -0.907655598282187E+002
  0.143558398493554E-036  0.178796051288566E+003  0.255564119603269E+000  0.101152745907973E+001  0.317847373574074E+001  0.270378235460796E+000  0.122281589212742E+001 -0.886002535126442E+002
  0.348631593151837E-036  0.176959960277064E+003  0.241355511368504E+000  0.100444953362760E+001  0.328354715874643E+001  0.335667422963023E+000  0.122281589212742E+001 -0.876822080068932E+002
  0.151558394205133E-035  0.173959336307058E+003  0.242057741345509E+000  0.100583404827795E+001  0.320627512195410E+001  0.168264351146518E+000  0.122281589212742E+001 -0.861818960218902E+002
  0.260706715868210E-035  0.172812942808666E+003  0.263294115294189E+000  0.999040267557016E+000  0.304435778774678E+001  0.631299922811703E-001  0.122281589212742E+001 -0.856086992726940E+002
  0.582002640385989E-034  0.166540071499438E+003  0.244715739982506E+000  0.967373483375669E+000  0.323546825466879E+001  0.219241870328817E+000  0.122281589212742E+001 -0.824722636180801E+002
  0.581072277056948E-034  0.166481727850547E+003  0.251344082167783E+000  0.100747230650677E+001  0.312521860832551E+001  0.936276125006755E-001  0.122281589212742E+001 -0.824430917936347E+002
  0.739070463093291E-034  0.165939148302406E+003  0.260297017229632E+000  0.977923348833170E+000  0.311912412556527E+001  0.178963675956347E+000  0.122281589212742E+001 -0.821718020195640E+002
  0.118615993476715E-033  0.164931438670941E+003  0.244124129121415E+000  0.101616253571986E+001  0.321529624061089E+001  0.208660436931096E+000  0.122281589212742E+001 -0.816679472038319E+002
  0.187848159987293E-032  0.159345239873351E+003  0.249902250700993E+000  0.987472605453954E+000  0.321990764012041E+001  0.251566350143744E+000  0.122281589212742E+001 -0.788748478050367E+002
  0.148113169346150E-030  0.150548670859138E+003  0.243930350415245E+000  0.993940679247541E+000  0.324118739493766E+001  0.262649355365278E+000  0.122281589212742E+001 -0.744765632979304E+002
  0.767053897780981E-029  0.142592796494832E+003  0.246305792115368E+000  0.102437917253830E+001  0.321469633668490E+001  0.250677766927615E+000  0.122281589212742E+001 -0.704986261157769E+002
  0.996836420231705E-029  0.142007193948064E+003  0.245920004988462E+000  0.103237948332997E+001  0.322383394029545E+001  0.287596823046793E+000  0.122281589212742E+001 -0.702058248423931E+002
  0.378527917032016E-028  0.139277074159420E+003  0.267152156666889E+000  0.972053183755231E+000  0.301736404903641E+001  0.107731144493962E-001  0.122281589212742E+001 -0.688407649480712E+002
  0.302419918995127E-027  0.135059307286795E+003  0.246809192646016E+000  0.981087103327201E+000  0.314422990801105E+001  0.712300152768734E-001  0.122281589212742E+001 -0.667318815117589E+002
  0.406601318544346E-027  0.134405730705034E+003  0.246479938612936E+000  0.100029169020041E+001  0.314177204124178E+001  0.748169240340114E-001  0.122281589212742E+001 -0.664050932208783E+002
  0.993717149859339E-027  0.132556948458433E+003  0.256185000599815E+000  0.998088354298658E+000  0.315067822948684E+001  0.228530739809688E+000  0.122281589212742E+001 -0.654807020975775E+002
  0.157350713822147E-026  0.131576185852415E+003  0.246276590451628E+000  0.103348786979804E+001  0.323429101436127E+001  0.325936034009446E+000  0.122281589212742E+001 -0.649903207945688E+002
  0.332708112474444E-026  0.130017065722172E+003  0.250458039591892E+000  0.959309566756868E+000  0.319456232537743E+001  0.181408608673285E+000  0.122281589212742E+001 -0.642107607294472E+002
  0.578495141298750E-026  0.128849193242185E+003  0.252761222376343E+000  0.100749764703381E+001  0.318747523721398E+001  0.247418069542882E+000  0.122281589212742E+001 -0.636268244894537E+002
  0.926649975354449E-026  0.127845358409170E+003  0.245074977999026E+000  0.969983261082993E+000  0.314662903988484E+001  0.226026764584403E-001  0.122281589212742E+001 -0.631249070729464E+002
  0.166500137123859E-025  0.126611804451169E+003  0.246198177911990E+000  0.100762825988080E+001  0.317764281950058E+001  0.164952781907902E+000  0.122281589212742E+001 -0.625081300939456E+002
  0.127961669274893E-023  0.117866451507267E+003  0.254817686423419E+000  0.985556121559683E+000  0.312774562828898E+001  0.145650865124519E+000  0.122281589212742E+001 -0.581354536219947E+002
  0.136080751676753E-023  0.117681872766783E+003  0.259788899515205E+000  0.978177860304026E+000  0.305133878204103E+001  0.242112910390858E-001  0.122281589212742E+001 -0.580431642517529E+002
  0.139092530808033E-022  0.112971377405329E+003  0.257393784260371E+000  0.100036949546214E+001  0.309367749749760E+001  0.957892895527256E-001  0.122281589212742E+001 -0.556879165710258E+002
  0.639436077640186E-021  0.105253769385367E+003  0.245636909430453E+000  0.983561923160741E+000  0.316927522754097E+001  0.880028788205752E-001  0.122281589212742E+001 -0.518291125610449E+002
  0.675012152227119E-021  0.105083937998503E+003  0.246406351626396E+000  0.987161457136332E+000  0.313724414529658E+001  0.461741639532796E-001  0.122281589212742E+001 -0.517441968676126E+002
  0.815929855833021E-021  0.104643199288629E+003  0.246069765861690E+000  0.964800554489275E+000  0.320878968181567E+001  0.161537172824981E+000  0.122281589212742E+001 -0.515238275126755E+002
  0.481643763668994E-020  0.101030733043324E+003  0.247324500795750E+000  0.972856879251391E+000  0.312642394518096E+001  0.132289841893063E-002  0.122281589212742E+001 -0.497175943900232E+002
  0.627936875063785E-020  0.100438719960531E+003  0.244246384143835E+000  0.102696187258693E+001  0.328229973484265E+001  0.381629538262326E+000  0.122281589212742E+001 -0.494215878486266E+002
  0.117738349672067E-019  0.991199561716372E+002  0.250439931478053E+000  0.103060339879571E+001  0.321994179497958E+001  0.335486819367509E+000  0.122281589212742E+001 -0.487622059541798E+002
  0.129804223485040E-019  0.988632877435867E+002  0.260669852959831E+000  0.965015750803924E+000  0.306085078266226E+001  0.367905898706536E-001  0.122281589212742E+001 -0.486338717401545E+002
  0.301505594823785E-019  0.971162219652964E+002  0.247879221575530E+000  0.989810823446544E+000  0.321419548890451E+001  0.248594416770108E+000  0.122281589212742E+001 -0.477603388510094E+002
  0.749572201837592E-019  0.952332505007282E+002  0.249680182979381E+000  0.981156243835104E+000  0.317906179609553E+001  0.152955416589652E+000  0.122281589212742E+001 -0.468188531187253E+002
  0.822375780961968E-019  0.949863175857828E+002  0.246945485038275E+000  0.100427833185725E+001  0.320128210988209E+001  0.198954676649095E+000  0.122281589212742E+001 -0.466953866612526E+002
  0.993431744670391E-019  0.945468384430653E+002  0.247958542909685E+000  0.999934727640701E+000  0.316405697765606E+001  0.149827815673742E+000  0.122281589212742E+001 -0.464756470898938E+002
  0.318489615006441E-018  0.920075693333284E+002  0.252764025758697E+000  0.102343514989625E+001  0.319195058928827E+001  0.302812556235337E+000  0.122281589212742E+001 -0.460037846666642E+002
  0.481998753184331E-018  0.911788660158137E+002  0.247722635166293E+000  0.100635662592329E+001  0.317951552854979E+001  0.187754245348486E+000  0.122281589212742E+001 -0.455894330079068E+002
  0.643878269349412E-018  0.904617439564494E+002  0.244534051877493E+000  0.992271033801223E+000  0.322040425722543E+001  0.194088669051463E+000  0.122281589212742E+001 -0.452308719782247E+002
  0.153485666840000E-016  0.839812228384106E+002  0.249319863392956E+000  0.998397062131240E+000  0.323208992635158E+001  0.318659004442466E+000  0.122281589212742E+001 -0.419906114192053E+002
  0.471122032420203E-016  0.816002171642111E+002  0.243545777984795E+000  0.100132337619901E+001  0.322848354406963E+001  0.228979942001929E+000  0.122281589212742E+001 -0.408001085821055E+002
  0.615832387862331E-016  0.810645018117370E+002  0.248935012085645E+000  0.101045953158417E+001  0.325276298234578E+001  0.355874051183313E+000  0.122281589212742E+001 -0.405322509058685E+002
  0.122841745041353E-015  0.796834874809554E+002  0.254983707807819E+000  0.975851292892742E+000  0.315170382988285E+001  0.179650834113796E+000  0.122281589212742E+001 -0.398417437404777E+002
  0.447949242273768E-015  0.770959214285129E+002  0.243769881605753E+000  0.981008911958283E+000  0.323024933096960E+001  0.199121013893064E+000  0.122281589212742E+001 -0.385479607142564E+002
  0.873828055728906E-015  0.757595140360622E+002  0.251001546931325E+000  0.992233721001289E+000  0.316793814327537E+001  0.190321051568141E+000  0.122281589212742E+001 -0.378797570180311E+002
  0.750114752824475E-014  0.714596587003402E+002  0.249111956151871E+000  0.100821695847563E+001  0.322436320018924E+001  0.287018399606646E+000  0.122281589212742E+001 -0.357298293501701E+002
  0.126262332411548E-012  0.658130472338438E+002  0.246028492096757E+000  0.101657484473156E+001  0.326613397358100E+001  0.355940926753607E+000  0.122281589212742E+001 -0.329065236169219E+002
  0.367318409064310E-012  0.636773125824732E+002  0.244908196710239E+000  0.998139718045337E+000  0.321267238042294E+001  0.194630988736083E+000  0.122281589212742E+001 -0.318386562912366E+002
  0.235038886948514E-011  0.599650985858986E+002  0.243808227821894E+000  0.996558037757145E+000  0.323432024531098E+001  0.235946728161668E+000  0.122281589212742E+001 -0.299825492929493E+002
  0.620118859653859E-011  0.580247782019920E+002  0.246213613411743E+000  0.100233259771021E+001  0.326438415187742E+001  0.337786598960506E+000  0.122281589212742E+001 -0.290123891009960E+002
  0.307346187010147E-010  0.548234808390580E+002  0.254761996490129E+000  0.100296812994977E+001  0.315378496322506E+001  0.211625534828528E+000  0.122281589212742E+001 -0.274117404195290E+002
  0.480210744260297E-010  0.534846931347648E+002  0.255227422286196E+000  0.100122741855702E+001  0.315064258974701E+001  0.203942375960641E+000  0.122281589212742E+001 -0.267423465673824E+002
  0.690560707975949E-009  0.477066781866293E+002  0.250441112707364E+000  0.101562169854111E+001  0.320286277886344E+001  0.277675566588946E+000  0.122281589212742E+001 -0.238533390933147E+002
  0.225933630276382E-006  0.356794057321372E+002  0.247283593200063E+000  0.995299209688777E+000  0.322389313599808E+001  0.260310595034974E+000  0.122281589212742E+001 -0.178397028660686E+002
  0.585921743953433E-006  0.333272287232711E+002  0.247204508128572E+000  0.997851161315351E+000  0.323445265518104E+001  0.277207259030478E+000  0.122281589212742E+001 -0.166636143616355E+002
  0.988905872898123E-006  0.322804028929520E+002  0.251545678638529E+000  0.996365592347243E+000  0.319616645332981E+001  0.256088783200739E+000  0.122281589212742E+001 -0.161402014464760E+002
  0.100481335318314E-003  0.230381466570912E+002  0.249409946688745E+000  0.990702884548101E+000  0.320492306418406E+001  0.231527273494309E+000  0.122281589212742E+001 -0.115190733285456E+002
  0.730005045250246E-003  0.176856933891820E+002  0.250025230215282E+000  0.996380888327897E+000  0.320007078141995E+001  0.240832454054306E+000  0.122281589212742E+001 -0.884284669459100E+001
  0.822004475396179E-003  0.174483046008980E+002  0.250374720592983E+000  0.998282319541550E+000  0.319104130847438E+001  0.225271180104806E+000  0.122281589212742E+001 -0.872415230044901E+001
  0.145428041569134E-002  0.163072632848059E+002  0.248734880240282E+000  0.995133812584192E+000  0.319825086258876E+001  0.214576467122353E+000  0.122281589212742E+001 -0.815363164240295E+001
