  0.212448227711736E-321  0.150137376355577E+004  0.268578201359416E+000  0.935171983218192E+000  0.306274303180731E+001  0.306525160253261E+000 -0.750478776103933E+003
  0.124204657114540E-302  0.141487487281699E+004  0.288243948622703E+000  0.961153216359177E+000  0.290350289064120E+001  0.306525160253261E+000 -0.707229330734544E+003
  0.230086812287288E-300  0.140436993709419E+004  0.251136812530310E+000  0.937529172959634E+000  0.310126919813348E+001  0.306525160253261E+000 -0.701976862873146E+003
  0.803789571984011E-299  0.139720146193867E+004  0.250788843035271E+000  0.908046838006225E+000  0.312333028268666E+001  0.306525160253261E+000 -0.698392625295386E+003
  0.497585033806135E-294  0.137507320978003E+004  0.252536700241362E+000  0.978359290081376E+000  0.306887860499479E+001  0.306525160253261E+000 -0.687328499216067E+003
  0.337548848501264E-284  0.132973607705897E+004  0.254013516273209E+000  0.102885067617858E+001  0.303468047033694E+001  0.306525160253261E+000 -0.664659932855537E+003
  0.719866911668644E-284  0.132815982151388E+004  0.278750832831251E+000  0.887631872296096E+000  0.300702372566050E+001  0.306525160253261E+000 -0.663871805082990E+003
  0.839704178348254E-273  0.127713343952836E+004  0.258956794042732E+000  0.915363775299616E+000  0.312196089042585E+001  0.306525160253261E+000 -0.638358614090230E+003
  0.155298133711285E-270  0.126663179154988E+004  0.253321879862800E+000  0.100016356746815E+001  0.310879910674238E+001  0.306525160253261E+000 -0.633107790100990E+003
  0.833674161620682E-267  0.124939374583509E+004  0.226219608139121E+000  0.967472051942337E+000  0.325500906753707E+001  0.306525160253261E+000 -0.624488767243593E+003
  0.472737034688728E-265  0.124125646884709E+004  0.282646047683433E+000  0.925088826169122E+000  0.298153917676864E+001  0.306525160253261E+000 -0.620420128749595E+003
  0.291196480369700E-264  0.123755883744828E+004  0.288265536753136E+000  0.962647509296777E+000  0.292798282523040E+001  0.306525160253261E+000 -0.618571313050188E+003
  0.379935032656823E-251  0.117709807762949E+004  0.287532740521334E+000  0.100921938124208E+001  0.289036655052702E+001  0.306525160253261E+000 -0.588340933140795E+003
  0.411282728775218E-248  0.116306246253189E+004  0.237511663290002E+000  0.101598537454000E+001  0.314822338984160E+001  0.306525160253261E+000 -0.581323125591996E+003
  0.381971033655377E-235  0.110328157900663E+004  0.280732684401980E+000  0.103054719865797E+001  0.291812769880512E+001  0.306525160253261E+000 -0.551432683829364E+003
  0.516063004767019E-228  0.107038207622201E+004  0.231447554525870E+000  0.102418364527390E+001  0.319780047920441E+001  0.306525160253261E+000 -0.534982932437053E+003
  0.773179599411367E-227  0.106490679771453E+004  0.279310516839933E+000  0.103594161450998E+001  0.291155641789222E+001  0.306525160253261E+000 -0.532245293183316E+003
  0.439419553795314E-221  0.103834434668583E+004  0.287483209610632E+000  0.979856639646442E+000  0.290819332755476E+001  0.306525160253261E+000 -0.518964067668963E+003
  0.558483723969510E-220  0.103319809155131E+004  0.275076018563826E+000  0.100985554225001E+001  0.293721109007858E+001  0.306525160253261E+000 -0.516390940101706E+003
  0.654437943654615E-210  0.986767743793535E+003  0.284224809039568E+000  0.100588483776535E+001  0.291422050580809E+001  0.306525160253261E+000 -0.493175766222818E+003
  0.229742952023586E-195  0.919722279050220E+003  0.266418528598059E+000  0.939580220463207E+000  0.302288531025733E+001  0.306525160253261E+000 -0.459653033851160E+003
  0.821961489044487E-189  0.889480249697753E+003  0.266603573320412E+000  0.104866369231473E+001  0.298118742096699E+001  0.306525160253261E+000 -0.444532019174927E+003
  0.127105269429675E-186  0.879336551637224E+003  0.261609529063823E+000  0.932075378184907E+000  0.309519025766095E+001  0.306525160253261E+000 -0.439460170144662E+003
  0.568683290620853E-178  0.839437030760172E+003  0.240994929875304E+000  0.991242540053570E+000  0.317842043385871E+001  0.306525160253261E+000 -0.419510409706136E+003
  0.618690233146289E-177  0.834601755168545E+003  0.255467428678244E+000  0.897539633232185E+000  0.313728596500304E+001  0.306525160253261E+000 -0.417092771910323E+003
  0.212879025669471E-176  0.832068802998352E+003  0.262622481538492E+000  0.996630927452583E+000  0.300935827464281E+001  0.306525160253261E+000 -0.415826295825226E+003
  0.701094206483858E-174  0.820413082875134E+003  0.271487603635594E+000  0.920130751437493E+000  0.304140715349478E+001  0.306525160253261E+000 -0.409998435763617E+003
  0.849205035093073E-173  0.815363052587176E+003  0.264800980431373E+000  0.976545898582498E+000  0.300936507686279E+001  0.306525160253261E+000 -0.407473420619638E+003
  0.485750733590444E-171  0.807208379018971E+003  0.280206951520659E+000  0.935472927215029E+000  0.298003758616029E+001  0.306525160253261E+000 -0.403396083835536E+003
  0.184531169963603E-159  0.753820547882530E+003  0.239545048769215E+000  0.919317459515670E+000  0.321494231715959E+001  0.306525160253261E+000 -0.376702168267316E+003
  0.414797898254944E-154  0.729113207600554E+003  0.260306084107050E+000  0.101267743661102E+001  0.305205750731015E+001  0.306525160253261E+000 -0.364348498126327E+003
  0.437687256053422E-148  0.701313216730077E+003  0.267903903370995E+000  0.905849488518084E+000  0.306080317544843E+001  0.306525160253261E+000 -0.350448502691089E+003
  0.935985957836969E-145  0.685915971162795E+003  0.280546414230662E+000  0.983068516014073E+000  0.294838661127961E+001  0.306525160253261E+000 -0.342749879907448E+003
  0.407163115024045E-144  0.682914030849244E+003  0.262476867469370E+000  0.974307323777956E+000  0.302495924651901E+001  0.306525160253261E+000 -0.341248909750672E+003
  0.159363670494884E-143  0.680123367451670E+003  0.236201281893034E+000  0.957456999420447E+000  0.319663074614376E+001  0.306525160253261E+000 -0.339853578051886E+003
  0.189557700253091E-143  0.679714814856928E+003  0.247541713638350E+000  0.904647280405799E+000  0.316220991366167E+001  0.306525160253261E+000 -0.339649301754514E+003
  0.310796399328784E-143  0.678664382403083E+003  0.246153472205223E+000  0.903872343661784E+000  0.317579788711425E+001  0.306525160253261E+000 -0.339124085527592E+003
  0.313810684709708E-137  0.650952514258042E+003  0.245933143920464E+000  0.100896487216029E+001  0.310414893978924E+001  0.306525160253261E+000 -0.325268151455071E+003
  0.444262660379428E-132  0.627169867859157E+003  0.240165879389908E+000  0.923462130204195E+000  0.319630206563243E+001  0.306525160253261E+000 -0.313376828255629E+003
  0.648542561367048E-125  0.594115509905639E+003  0.233548490208826E+000  0.973025226187254E+000  0.321809100216020E+001  0.306525160253261E+000 -0.296849649278870E+003
  0.260507113886898E-121  0.577457480769706E+003  0.241983491579557E+000  0.965100416172318E+000  0.315354863088907E+001  0.306525160253261E+000 -0.288520634710904E+003
  0.114900091368386E-117  0.560612391087128E+003  0.261383661543611E+000  0.928844024275557E+000  0.309186364928817E+001  0.306525160253261E+000 -0.280098089869615E+003
  0.155476202287416E-115  0.550735647998015E+003  0.268450976875083E+000  0.994709121355754E+000  0.301469942466971E+001  0.306525160253261E+000 -0.275159718325058E+003
  0.116946336843158E-108  0.519007468398433E+003  0.248537464238456E+000  0.937308602832702E+000  0.315943662362634E+001  0.306525160253261E+000 -0.259295628525267E+003
  0.389860886576078E-107  0.511932605286547E+003  0.248098651524579E+000  0.946755422538393E+000  0.315805982197013E+001  0.306525160253261E+000 -0.255758196969324E+003
  0.117094292733657E-101  0.486645661740055E+003  0.249973222284977E+000  0.934467333301956E+000  0.312483427812674E+001  0.306525160253261E+000 -0.243114725196078E+003
  0.995093929281298E-096  0.459278552286836E+003  0.248693744580638E+000  0.100232231320568E+001  0.309363050733810E+001  0.306525160253261E+000 -0.229431170469469E+003
  0.169947003885062E-092  0.444331029200340E+003  0.262984232164745E+000  0.989692125472703E+000  0.304846189857265E+001  0.306525160253261E+000 -0.221957408926220E+003
  0.989446775397635E-091  0.436140997041801E+003  0.271302249108916E+000  0.998336079049988E+000  0.299046849058514E+001  0.306525160253261E+000 -0.217862392846951E+003
  0.664403754263979E-090  0.432270795430227E+003  0.258576189946090E+000  0.912467320256739E+000  0.310472402930684E+001  0.306525160253261E+000 -0.215927292041164E+003
  0.148625361371825E-089  0.430599004410684E+003  0.268752717871234E+000  0.929554115804136E+000  0.303183622658321E+001  0.306525160253261E+000 -0.215091396531392E+003
  0.306731574194821E-088  0.424483202452321E+003  0.254909527367845E+000  0.943564867609601E+000  0.312006131005043E+001  0.306525160253261E+000 -0.212033495552211E+003
  0.117347311736293E-087  0.421738158949024E+003  0.253259870183888E+000  0.971825852277798E+000  0.308225517478876E+001  0.306525160253261E+000 -0.210660973800562E+003
  0.334328179976953E-084  0.405767134930932E+003  0.261231524051253E+000  0.966855037199596E+000  0.307237849999899E+001  0.306525160253261E+000 -0.202675461791516E+003
  0.395099736348007E-081  0.391556050766103E+003  0.274450713029439E+000  0.979580907275926E+000  0.297524613475523E+001  0.306525160253261E+000 -0.195569919709102E+003
  0.596350610381617E-081  0.390671126375888E+003  0.274619919892858E+000  0.980905486682627E+000  0.297621667017766E+001  0.306525160253261E+000 -0.195127457513995E+003
  0.321395695187371E-078  0.378030383915152E+003  0.239847014841484E+000  0.997448875160512E+000  0.316310273252789E+001  0.306525160253261E+000 -0.188807086283626E+003
  0.102081811138699E-077  0.375657467406805E+003  0.273373645688258E+000  0.960832505870201E+000  0.299044095511115E+001  0.306525160253261E+000 -0.187620628029453E+003
  0.168307801054317E-076  0.369990714122658E+003  0.248997249309003E+000  0.975263626693100E+000  0.310705268079515E+001  0.306525160253261E+000 -0.184787251387379E+003
  0.143117561602027E-073  0.356437916348520E+003  0.264144759364922E+000  0.992322094812213E+000  0.303757339404793E+001  0.306525160253261E+000 -0.178010852500310E+003
  0.188801446950883E-072  0.351217143813201E+003  0.254499361158623E+000  0.939545613751800E+000  0.312211510399799E+001  0.306525160253261E+000 -0.175400466232651E+003
  0.810482795606764E-071  0.343636561916990E+003  0.267182123843129E+000  0.932708614311060E+000  0.304866979596142E+001  0.306525160253261E+000 -0.171610175284545E+003
  0.119291736538331E-070  0.342801964520849E+003  0.261507650535353E+000  0.929902714618460E+000  0.308466060683206E+001  0.306525160253261E+000 -0.171192876586475E+003
  0.488523372993022E-070  0.339920790690873E+003  0.260540982952054E+000  0.980421385012826E+000  0.306671422079342E+001  0.306525160253261E+000 -0.169752289671487E+003
  0.691826284655328E-070  0.339163352226388E+003  0.255806800509660E+000  0.989671560625883E+000  0.308765967872760E+001  0.306525160253261E+000 -0.169373570439244E+003
  0.234494453932831E-068  0.332055274443814E+003  0.272020493190105E+000  0.985874885857922E+000  0.298301092161075E+001  0.306525160253261E+000 -0.165819531547957E+003
  0.537826831006604E-066  0.321123181362713E+003  0.266386237084303E+000  0.962279767359971E+000  0.304248634039590E+001  0.306525160253261E+000 -0.160353485007407E+003
  0.992298255619983E-066  0.319836663865166E+003  0.262761929971107E+000  0.100268296315864E+001  0.303642242250786E+001  0.306525160253261E+000 -0.159710226258633E+003
  0.143637590518053E-065  0.319035411018315E+003  0.258877371731004E+000  0.102005744366652E+001  0.303391436913805E+001  0.306525160253261E+000 -0.159309599835208E+003
  0.281942626895335E-065  0.317625047291490E+003  0.243760484363907E+000  0.100425910396960E+001  0.313213977404714E+001  0.306525160253261E+000 -0.158604417971795E+003
  0.140836057281368E-064  0.314346547988025E+003  0.270714861162369E+000  0.947414755527471E+000  0.301932559010121E+001  0.306525160253261E+000 -0.156965168320063E+003
  0.121219011619352E-063  0.309979829638114E+003  0.261933344391181E+000  0.928763261727447E+000  0.306854151098299E+001  0.306525160253261E+000 -0.154781809145108E+003
  0.160665842129741E-060  0.295539320221782E+003  0.254334644713415E+000  0.101601904556217E+001  0.306039882675439E+001  0.306525160253261E+000 -0.147561554436941E+003
  0.841205131033793E-060  0.292166759204303E+003  0.263049691497112E+000  0.981837752122091E+000  0.302585112104472E+001  0.306525160253261E+000 -0.145875273928202E+003
  0.952504526931573E-059  0.287251527068573E+003  0.244173633290067E+000  0.977142177890657E+000  0.313969964045714E+001  0.306525160253261E+000 -0.143417657860337E+003
  0.347926715561025E-057  0.279993849358352E+003  0.268227820786737E+000  0.950602277403620E+000  0.302196025642121E+001  0.306525160253261E+000 -0.139788819005226E+003
  0.213686316998866E-056  0.276302101332775E+003  0.259118623945022E+000  0.928214031451736E+000  0.309579393676959E+001  0.306525160253261E+000 -0.137942944992438E+003
  0.586266249410321E-055  0.269616858018126E+003  0.249945339644830E+000  0.101285913435867E+001  0.309705984459485E+001  0.306525160253261E+000 -0.134600323335114E+003
  0.673705609386012E-055  0.269277276306296E+003  0.255419518241672E+000  0.935353076042173E+000  0.309839442798324E+001  0.306525160253261E+000 -0.134430532479198E+003
  0.759548443291249E-054  0.264370701065038E+003  0.258645262162224E+000  0.929115208898241E+000  0.309792152596588E+001  0.306525160253261E+000 -0.131977244858570E+003
  0.808363987263563E-052  0.254974240709258E+003  0.265725506662279E+000  0.100603903894503E+001  0.300762157897593E+001  0.306525160253261E+000 -0.127279014680679E+003
  0.247924520987195E-048  0.238855792822751E+003  0.244547380627321E+000  0.945818843487553E+000  0.316115674492572E+001  0.306525160253261E+000 -0.119219790737426E+003
  0.356112150273670E-048  0.238070006783185E+003  0.245757742300443E+000  0.958838081665298E+000  0.314151114057831E+001  0.306525160253261E+000 -0.118826897717643E+003
  0.102929242351424E-047  0.235885701130667E+003  0.246502722093810E+000  0.942357772017866E+000  0.315903023715371E+001  0.306525160253261E+000 -0.117734744891384E+003
  0.144269235563544E-047  0.235148878892144E+003  0.258098081215248E+000  0.101411557058720E+001  0.304386008628662E+001  0.306525160253261E+000 -0.117366333772122E+003
  0.273517390000389E-047  0.233807967659349E+003  0.244937945360506E+000  0.944712664990897E+000  0.315968637182323E+001  0.306525160253261E+000 -0.116695878155725E+003
  0.354475566197729E-047  0.233227875910246E+003  0.260105198259780E+000  0.928940614284896E+000  0.308554999340674E+001  0.306525160253261E+000 -0.116405832281173E+003
  0.527328855151730E-047  0.232371962695735E+003  0.253938563597989E+000  0.980560122134714E+000  0.307787139416296E+001  0.306525160253261E+000 -0.115977875673918E+003
  0.694607512725606E-047  0.231759374201087E+003  0.268815931579120E+000  0.985028657586762E+000  0.300834294537290E+001  0.306525160253261E+000 -0.115671581426594E+003
  0.604570311120061E-046  0.227370318657783E+003  0.251248122815430E+000  0.953186054421489E+000  0.313130276317570E+001  0.306525160253261E+000 -0.113477053654942E+003
  0.701589539849943E-045  0.222405944042845E+003  0.253438190706891E+000  0.101323844487780E+001  0.307335576567366E+001  0.306525160253261E+000 -0.110994866347473E+003
  0.165006170109170E-043  0.216028791681837E+003  0.266359336624119E+000  0.990149113395358E+000  0.300900316538908E+001  0.306525160253261E+000 -0.107806290166969E+003
  0.122508204220692E-040  0.202747347540199E+003  0.269168777622069E+000  0.977103308456209E+000  0.300652297536603E+001  0.306525160253261E+000 -0.101165568096150E+003
  0.104225501390659E-039  0.198403876369999E+003  0.247976515197576E+000  0.973594450811322E+000  0.313762962737514E+001  0.306525160253261E+000 -0.989938325110497E+002
  0.883600381996556E-039  0.194067436913760E+003  0.250638023472706E+000  0.937324468712235E+000  0.312918935418676E+001  0.306525160253261E+000 -0.968256127829303E+002
  0.259932730062490E-038  0.191847887484147E+003  0.267788560398719E+000  0.982771090924329E+000  0.301474137615401E+001  0.306525160253261E+000 -0.957158380681237E+002
  0.964852487558346E-038  0.189163239446793E+003  0.260530803025295E+000  0.972986185047428E+000  0.306746308502941E+001  0.306525160253261E+000 -0.943735140494466E+002
  0.149642755908563E-037  0.188223974745042E+003  0.267034431027085E+000  0.970508818340231E+000  0.302860818578325E+001  0.306525160253261E+000 -0.939038816985716E+002
  0.578749719251893E-036  0.180852022653577E+003  0.265987995399757E+000  0.963716532822491E+000  0.302650320214952E+001  0.306525160253261E+000 -0.902179056528391E+002
  0.211764366457569E-035  0.178196101035774E+003  0.264735002835785E+000  0.950749987120157E+000  0.304192889459650E+001  0.306525160253261E+000 -0.888899448439372E+002
  0.337592614800806E-035  0.177201826299750E+003  0.244838900842930E+000  0.989523454847843E+000  0.313699820020984E+001  0.306525160253261E+000 -0.883928074759254E+002
  0.833400847938308E-035  0.175332933283337E+003  0.258483203421830E+000  0.988691688484630E+000  0.304999303756092E+001  0.306525160253261E+000 -0.874583609677187E+002
  0.842371959649970E-035  0.175249976090868E+003  0.252019780478783E+000  0.100657219163090E+001  0.308737879953967E+001  0.306525160253261E+000 -0.874168823714841E+002
  0.550712112349197E-034  0.171433281554573E+003  0.255730986985549E+000  0.983062400206439E+000  0.306809539063738E+001  0.306525160253261E+000 -0.855085351033369E+002
  0.197953189604573E-031  0.159602590887038E+003  0.256784921231242E+000  0.990418250379582E+000  0.305915320268428E+001  0.306525160253261E+000 -0.795931897695694E+002
  0.245703188539440E-030  0.154503690043304E+003  0.252719838730150E+000  0.961861481180710E+000  0.309829729778188E+001  0.306525160253261E+000 -0.770437393477025E+002
  0.334592095054190E-030  0.153824570913171E+003  0.245883322307075E+000  0.972048024124135E+000  0.314698941462104E+001  0.306525160253261E+000 -0.767041797826357E+002
  0.576180728266611E-030  0.152676009170592E+003  0.259169124809625E+000  0.981139956438586E+000  0.306900466017303E+001  0.306525160253261E+000 -0.761298989113465E+002
  0.217225233604255E-029  0.149960268902685E+003  0.245900712488411E+000  0.987802399633286E+000  0.313463199156280E+001  0.306525160253261E+000 -0.747720287773927E+002
  0.246198490765979E-029  0.149648318934370E+003  0.250951454366527E+000  0.990496664721496E+000  0.310839897863329E+001  0.306525160253261E+000 -0.746160537932351E+002
  0.384062033368266E-029  0.148697443614730E+003  0.250985501253416E+000  0.962743456523438E+000  0.310845562604776E+001  0.306525160253261E+000 -0.741406161334155E+002
  0.740364456694425E-029  0.147323223318934E+003  0.245683763987681E+000  0.987264342391357E+000  0.313319045566960E+001  0.306525160253261E+000 -0.734535059855174E+002
  0.402494149726487E-028  0.143875433839793E+003  0.244631073137125E+000  0.968230488262788E+000  0.315014218192614E+001  0.306525160253261E+000 -0.717296112459466E+002
  0.523007285107744E-027  0.138684890673438E+003  0.257148133334228E+000  0.100432198923690E+001  0.305602111787791E+001  0.306525160253261E+000 -0.691343396627695E+002
  0.602938542590842E-024  0.124523397040767E+003  0.261838256402982E+000  0.964779919270983E+000  0.306190814577509E+001  0.306525160253261E+000 -0.620535928464340E+002
  0.873852818482903E-023  0.119114490158536E+003  0.250559171981045E+000  0.944437426520806E+000  0.313066209502465E+001  0.306525160253261E+000 -0.593491394053185E+002
  0.529817623457644E-022  0.115448534897066E+003  0.249620261046732E+000  0.981750007603644E+000  0.310787168286409E+001  0.306525160253261E+000 -0.575161617745831E+002
  0.700472907807748E-022  0.114828545881975E+003  0.257407773487272E+000  0.993195349223441E+000  0.306839769896151E+001  0.306525160253261E+000 -0.572061672670378E+002
  0.597189612484856E-019  0.101270534042087E+003  0.263029118351219E+000  0.983163284786041E+000  0.303332521425889E+001  0.306525160253261E+000 -0.504271613470937E+002
  0.111544139431093E-018  0.999594491185975E+002  0.250193591675074E+000  0.966638106847693E+000  0.312592511555943E+001  0.306525160253261E+000 -0.497716188853491E+002
  0.126099963704546E-018  0.996525966547873E+002  0.246797952468851E+000  0.967203404172330E+000  0.313684180520581E+001  0.306525160253261E+000 -0.496181926534440E+002
  0.156681378516566E-018  0.991567746336299E+002  0.263172874036962E+000  0.975331516740620E+000  0.303642962532841E+001  0.306525160253261E+000 -0.493702816428653E+002
  0.339340974745345E-017  0.929444788902430E+002  0.253891288295808E+000  0.955821876832620E+000  0.309810998537845E+001  0.306525160253261E+000 -0.462641337711718E+002
  0.657719772053082E-017  0.915593885025297E+002  0.250654411537483E+000  0.959261460096458E+000  0.311556412800152E+001  0.306525160253261E+000 -0.455715885773152E+002
  0.706437218601286E-017  0.913549344385135E+002  0.257208769252748E+000  0.962410643146537E+000  0.307469476862794E+001  0.306525160253261E+000 -0.454693615453071E+002
  0.788868478974767E-017  0.910726605651391E+002  0.251699350999434E+000  0.948661926894492E+000  0.311821271587018E+001  0.306525160253261E+000 -0.453282246086199E+002
  0.118177545609864E-016  0.902027700541586E+002  0.255073712599374E+000  0.944110762354846E+000  0.310531245214501E+001  0.306525160253261E+000 -0.448932793531297E+002
  0.148499652094007E-016  0.896844377408794E+002  0.262916519537166E+000  0.963417814535119E+000  0.305367507077829E+001  0.306525160253261E+000 -0.446341131964900E+002
  0.218804507838405E-015  0.842425321226598E+002  0.250090715192017E+000  0.975034975200018E+000  0.310975904017198E+001  0.306525160253261E+000 -0.419131603873802E+002
  0.263032182202103E-015  0.838127933701434E+002  0.257385478649541E+000  0.964314152239636E+000  0.308681409544949E+001  0.306525160253261E+000 -0.416982910111220E+002
  0.501759324256849E-015  0.824595616918175E+002  0.262666038104071E+000  0.969701599741247E+000  0.304306270832813E+001  0.306525160253261E+000 -0.410216751719591E+002
  0.567664539883228E-015  0.821511982255310E+002  0.256232753513544E+000  0.990071182481245E+000  0.306616311207640E+001  0.306525160253261E+000 -0.408674934388158E+002
  0.144216098558106E-014  0.802249202949017E+002  0.261554115409004E+000  0.963603591041512E+000  0.306183215135662E+001  0.306525160253261E+000 -0.399043544735012E+002
  0.616377196258919E-014  0.772582844803312E+002  0.261722436233517E+000  0.985429502410924E+000  0.304581757154725E+001  0.306525160253261E+000 -0.384210365662159E+002
  0.837239307443953E-014  0.765842394973472E+002  0.255088347701170E+000  0.985970051946896E+000  0.308577349937788E+001  0.306525160253261E+000 -0.380840140747240E+002
  0.432086494909709E-013  0.732404942993220E+002  0.261896781668880E+000  0.984809478807106E+000  0.304039535860808E+001  0.306525160253261E+000 -0.364121414757113E+002
  0.717616007096150E-013  0.721643333239338E+002  0.250513858098537E+000  0.952886604976902E+000  0.312606021255419E+001  0.306525160253261E+000 -0.358740609880172E+002
  0.948406988626913E-013  0.715450917944091E+002  0.253926271853482E+000  0.970877620898763E+000  0.308894502162977E+001  0.306525160253261E+000 -0.355644402232549E+002
  0.148589292941545E-012  0.705855735835270E+002  0.252997404094269E+000  0.970389832125782E+000  0.310759053859384E+001  0.306525160253261E+000 -0.350846811178138E+002
  0.396388343913604E-012  0.685616136254748E+002  0.257720918559564E+000  0.972707961957566E+000  0.306662240266877E+001  0.306525160253261E+000 -0.340727011387877E+002
  0.446834088659289E-012  0.682604843836609E+002  0.250856639037121E+000  0.953506345419630E+000  0.312155041351881E+001  0.306525160253261E+000 -0.339221365178808E+002
  0.807036908719043E-012  0.670165769792645E+002  0.262223036342030E+000  0.983500336498375E+000  0.304120926956350E+001  0.306525160253261E+000 -0.333001828156826E+002
  0.408592533298989E-011  0.637111654651095E+002  0.255989448106945E+000  0.956149788609958E+000  0.309724146236694E+001  0.306525160253261E+000 -0.316474770586051E+002
  0.147372721413652E-010  0.610839589833075E+002  0.250287689678506E+000  0.963553525808417E+000  0.311702460656322E+001  0.306525160253261E+000 -0.303338738177041E+002
  0.580297620468458E-010  0.582812632398216E+002  0.262514317807496E+000  0.964467876394700E+000  0.305048221442294E+001  0.306525160253261E+000 -0.289325259459611E+002
  0.603653433757113E-010  0.581408016476516E+002  0.251853355386685E+000  0.969797717779799E+000  0.310292960744789E+001  0.306525160253261E+000 -0.288622951498761E+002
  0.693707776875537E-009  0.531959870384094E+002  0.249913678660129E+000  0.962533155158457E+000  0.312144853888016E+001  0.306525160253261E+000 -0.263898878452550E+002
  0.683388827192775E-009  0.531644173417841E+002  0.252144507049306E+000  0.973918853549609E+000  0.309908742353835E+001  0.306525160253261E+000 -0.263741029969424E+002
  0.110311676671547E-008  0.521452122528503E+002  0.258457388772320E+000  0.952499952210319E+000  0.307944487424950E+001  0.306525160253261E+000 -0.258645004524755E+002
  0.282112269303983E-008  0.502056782828962E+002  0.255864235074987E+000  0.951017484890948E+000  0.309694429481001E+001  0.306525160253261E+000 -0.248947334674984E+002
  0.752863723987790E-008  0.481809767172181E+002  0.256937460858733E+000  0.952800230641486E+000  0.308694100014743E+001  0.306525160253261E+000 -0.238823826846594E+002
  0.745428716205771E-008  0.481392828461251E+002  0.251254734656223E+000  0.956630705378528E+000  0.311883168581035E+001  0.306525160253261E+000 -0.238615357491129E+002
  0.828051389591662E-008  0.478675081161473E+002  0.259123904521022E+000  0.963390977448964E+000  0.307486253711325E+001  0.306525160253261E+000 -0.237256483841240E+002
  0.876929393980212E-008  0.476912622720674E+002  0.256797316907886E+000  0.952080922014120E+000  0.309146163677018E+001  0.306525160253261E+000 -0.236375254620840E+002
  0.569306840688883E-007  0.438885626261596E+002  0.255726829452278E+000  0.981505811413267E+000  0.307468801836274E+001  0.306525160253261E+000 -0.217361756391301E+002
  0.815588317946186E-007  0.431080389818576E+002  0.256478061170931E+000  0.988801798736726E+000  0.306895636435489E+001  0.306525160253261E+000 -0.213459138169791E+002
  0.856023024902457E-007  0.429497205471312E+002  0.257420006941532E+000  0.984613677741555E+000  0.307100276611977E+001  0.306525160253261E+000 -0.212667545996160E+002
  0.962917198614620E-007  0.426528369271500E+002  0.258028275531557E+000  0.987531252327538E+000  0.306111991434803E+001  0.306525160253261E+000 -0.211183127896253E+002
  0.130190531111605E-006  0.419880602717122E+002  0.259214803259779E+000  0.980955185004374E+000  0.306296967691486E+001  0.306525160253261E+000 -0.207859244619064E+002
  0.170570648435446E-006  0.413862158147532E+002  0.255901201426577E+000  0.957601008269246E+000  0.309557777641020E+001  0.306525160253261E+000 -0.204850022334269E+002
  0.703377531996451E-006  0.384911840848129E+002  0.255587059385885E+000  0.987542012001514E+000  0.307817361979469E+001  0.306525160253261E+000 -0.190374863684568E+002
  0.926451794603924E-006  0.378787042929319E+002  0.253713803676141E+000  0.983778080556083E+000  0.309230563329194E+001  0.306525160253261E+000 -0.187312464725163E+002
  0.904681169010174E-006  0.378647198408199E+002  0.251321508239370E+000  0.964886481159186E+000  0.311125926614175E+001  0.306525160253261E+000 -0.187242542464603E+002
  0.133859405136133E-005  0.370195914344073E+002  0.253413870266875E+000  0.955220943778762E+000  0.310799490594048E+001  0.306525160253261E+000 -0.183016900432540E+002
  0.138242183416436E-005  0.368936139859066E+002  0.259374553869147E+000  0.962498535674483E+000  0.306692154282910E+001  0.306525160253261E+000 -0.182387013190036E+002
  0.147379401458518E-005  0.367040644189781E+002  0.253189368742512E+000  0.955856388304849E+000  0.310932180080611E+001  0.306525160253261E+000 -0.181439265355394E+002
  0.146922760046810E-005  0.366487275362264E+002  0.252331062901996E+000  0.958793385835315E+000  0.310978544748875E+001  0.306525160253261E+000 -0.181162580941635E+002
  0.150678071991012E-005  0.365367070578386E+002  0.259538897618125E+000  0.969991683399538E+000  0.306094672675030E+001  0.306525160253261E+000 -0.180602478549696E+002
  0.177082978709139E-005  0.361522180572444E+002  0.253807485025581E+000  0.969393758897456E+000  0.310172056015645E+001  0.306525160253261E+000 -0.178680033546725E+002
  0.423546325894297E-005  0.343465858053009E+002  0.258831159505876E+000  0.974470813131680E+000  0.306951589722301E+001  0.306525160253261E+000 -0.169651872287008E+002
  0.434683256207344E-005  0.342331330421243E+002  0.260137775213194E+000  0.961225203583743E+000  0.306654622623348E+001  0.306525160253261E+000 -0.169084608471125E+002
  0.751573883864057E-005  0.330764859241160E+002  0.260687973236670E+000  0.974971543144030E+000  0.305639832247564E+001  0.306525160253261E+000 -0.163301372881083E+002
  0.111058179455453E-004  0.322340030534166E+002  0.251982849174716E+000  0.981114243817265E+000  0.309908382729136E+001  0.306525160253261E+000 -0.159088958527587E+002
  0.134396815668750E-004  0.317909746728234E+002  0.251584187923660E+000  0.967246480660032E+000  0.310847118851570E+001  0.306525160253261E+000 -0.156873816624620E+002
  0.235967448089565E-004  0.306036370978484E+002  0.252279362177539E+000  0.961120821831193E+000  0.310878252092524E+001  0.306525160253261E+000 -0.150937128749745E+002
  0.239719254262066E-004  0.305105445784626E+002  0.251756805500051E+000  0.968409363677679E+000  0.311231544210277E+001  0.306525160253261E+000 -0.150471666152816E+002
  0.242484013181591E-004  0.304260666241979E+002  0.253860686470226E+000  0.975838484020096E+000  0.309707127601883E+001  0.306525160253261E+000 -0.150049276381493E+002
  0.364633717260116E-004  0.295486082024864E+002  0.254386273965850E+000  0.956812868718053E+000  0.310240568961028E+001  0.306525160253261E+000 -0.145661984272935E+002
  0.593010804809737E-004  0.285144263170479E+002  0.257809548309650E+000  0.983838515758524E+000  0.306735257702668E+001  0.306525160253261E+000 -0.140491074845743E+002
  0.577955947004795E-004  0.285043129395312E+002  0.251578152604090E+000  0.965590318674303E+000  0.311406328808821E+001  0.306525160253261E+000 -0.140440507958159E+002
  0.133391602568319E-003  0.267700163707615E+002  0.255891946020990E+000  0.960125822055120E+000  0.308785916350534E+001  0.306525160253261E+000 -0.131769025114311E+002
  0.211735834170950E-003  0.257843725529906E+002  0.256198680436046E+000  0.984922622676452E+000  0.307339745485316E+001  0.306525160253261E+000 -0.126840806025456E+002
  0.270726789618680E-003  0.252312877886496E+002  0.256294523522829E+000  0.973375261976443E+000  0.308465313725177E+001  0.306525160253261E+000 -0.124075382203751E+002
  0.286786771949715E-003  0.250544868137296E+002  0.254369436557761E+000  0.968532763529152E+000  0.309825846459643E+001  0.306525160253261E+000 -0.123191377329151E+002
  0.333383444033993E-003  0.246918348436672E+002  0.252944108329701E+000  0.962112937675923E+000  0.310829984929769E+001  0.306525160253261E+000 -0.121378117478840E+002
  0.389879864052780E-003  0.243172008470102E+002  0.251188324450237E+000  0.972143405773349E+000  0.310966104035598E+001  0.306525160253261E+000 -0.119504947495554E+002
  0.399519429779107E-003  0.242068100327038E+002  0.253086861631120E+000  0.972267066247125E+000  0.310290189364401E+001  0.306525160253261E+000 -0.118952993424022E+002
  0.443765692099331E-003  0.239351981086178E+002  0.258297090330108E+000  0.961385655851842E+000  0.307816247237701E+001  0.306525160253261E+000 -0.117594933803592E+002
  0.443223614368666E-003  0.238760993655049E+002  0.252686949773631E+000  0.960917326280841E+000  0.310923159825009E+001  0.306525160253261E+000 -0.117299440088028E+002
  0.524562245731570E-003  0.234775766849979E+002  0.253988156567711E+000  0.959908339651969E+000  0.310335686537458E+001  0.306525160253261E+000 -0.115306826685493E+002
  0.147975003253863E-002  0.213419046507805E+002  0.252808526479076E+000  0.978602763529407E+000  0.309570934603047E+001  0.306525160253261E+000 -0.104628466514406E+002
  0.155366032661885E-002  0.211828803905749E+002  0.255179843098945E+000  0.982217509578096E+000  0.308372210061426E+001  0.306525160253261E+000 -0.103833345213378E+002
  0.189997648524254E-002  0.207188813494541E+002  0.252269205430706E+000  0.964960185046164E+000  0.310714033664802E+001  0.306525160253261E+000 -0.101513350007774E+002
  0.240541622793312E-002  0.201855751392742E+002  0.257365172391127E+000  0.963230970574204E+000  0.307813609799662E+001  0.306525160253261E+000 -0.988468189568742E+001
  0.253065980466938E-002  0.200225176124055E+002  0.258124087632804E+000  0.976115642787203E+000  0.306630653487218E+001  0.306525160253261E+000 -0.980315313225311E+001
  0.371476844875779E-002  0.191933017222801E+002  0.255495422875091E+000  0.960003663912599E+000  0.309459747802079E+001  0.306525160253261E+000 -0.938854518719036E+001
  0.603006645796614E-002  0.181628750361355E+002  0.256788272262823E+000  0.976067526127485E+000  0.307341619318495E+001  0.306525160253261E+000 -0.887333184411811E+001
  0.593269364532268E-002  0.181338910821386E+002  0.257030305487612E+000  0.982296676301706E+000  0.307102858517781E+001  0.306525160253261E+000 -0.885883986711963E+001
  0.853702384025442E-002  0.173444795640601E+002  0.259342495666757E+000  0.971353641657518E+000  0.306378091681782E+001  0.306525160253261E+000 -0.846413410808040E+001
  0.856133259384457E-002  0.172772494381584E+002  0.254740231026547E+000  0.960706875864657E+000  0.309824733928051E+001  0.306525160253261E+000 -0.843051904512952E+001
  0.905605078366426E-002  0.171033515722376E+002  0.252166915829183E+000  0.966402143214910E+000  0.310775586523813E+001  0.306525160253261E+000 -0.834357011216916E+001
  0.117694186351075E-001  0.165176654607407E+002  0.256289434527618E+000  0.960868162370500E+000  0.308944061312782E+001  0.306525160253261E+000 -0.805072705642067E+001
  0.138491134608663E-001  0.161306887548567E+002  0.253809170580991E+000  0.962265748866266E+000  0.309996946828110E+001  0.306525160253261E+000 -0.785723870347867E+001
  0.140129521116913E-001  0.160456237730767E+002  0.254105703378824E+000  0.979590865863794E+000  0.309118408740537E+001  0.306525160253261E+000 -0.781470621258870E+001
  0.147344477623066E-001  0.158836682862063E+002  0.253400048781533E+000  0.980110820524828E+000  0.309326042999779E+001  0.306525160253261E+000 -0.773372846915349E+001
  0.145493336851322E-001  0.158474108484687E+002  0.252626668707080E+000  0.976476188728303E+000  0.309875543668149E+001  0.306525160253261E+000 -0.771559975028466E+001
  0.189958746723742E-001  0.152525142604297E+002  0.253163868104716E+000  0.963040755269201E+000  0.310475771217151E+001  0.306525160253261E+000 -0.741815145626520E+001
  0.201765100603090E-001  0.150703764903676E+002  0.255951021814954E+000  0.967261282226043E+000  0.308332608671425E+001  0.306525160253261E+000 -0.732708257123411E+001
  0.314231752081726E-001  0.141227799226664E+002  0.255887808865913E+000  0.960980329664537E+000  0.309117042977373E+001  0.306525160253261E+000 -0.685328428738352E+001
  0.337164483103125E-001  0.139203563771788E+002  0.254453230549479E+000  0.961516379277769E+000  0.309878548712661E+001  0.306525160253261E+000 -0.675207251463975E+001
  0.344255093060207E-001  0.138171889789445E+002  0.254799072905812E+000  0.966310158416436E+000  0.309584556562977E+001  0.306525160253261E+000 -0.670048881552258E+001
  0.346322726547615E-001  0.137436693738873E+002  0.258875160356028E+000  0.972799644524185E+000  0.306568231471644E+001  0.306525160253261E+000 -0.666372901299396E+001
  0.460670405751799E-001  0.131115025439690E+002  0.257456557333490E+000  0.979070023583943E+000  0.307163690836367E+001  0.306525160253261E+000 -0.634764559803485E+001
  0.458015162370300E-001  0.130615203128975E+002  0.253528114751305E+000  0.975543523672852E+000  0.309707021367211E+001  0.306525160253261E+000 -0.632265448249908E+001
  0.445595537946391E-001  0.130549582239651E+002  0.254422247442738E+000  0.970617788395145E+000  0.309027435358355E+001  0.306525160253261E+000 -0.631937343803291E+001
  0.591291379667398E-001  0.124276204083676E+002  0.252381716901843E+000  0.970126321675720E+000  0.310499447100146E+001  0.306525160253261E+000 -0.600570453023414E+001
  0.601226198840315E-001  0.123327524702373E+002  0.258211791858749E+000  0.972399222820215E+000  0.306884468907448E+001  0.306525160253261E+000 -0.595827056116900E+001
  0.632426648544802E-001  0.121700231355271E+002  0.257405354033629E+000  0.974343672480398E+000  0.307177163274377E+001  0.306525160253261E+000 -0.587690589381388E+001
  0.621892064086564E-001  0.121420752100392E+002  0.254254792460550E+000  0.964254933211344E+000  0.309918909579175E+001  0.306525160253261E+000 -0.586293193106995E+001
  0.645698773730433E-001  0.120053987862558E+002  0.258330726616486E+000  0.967465890054562E+000  0.307159407901309E+001  0.306525160253261E+000 -0.579459371917821E+001
  0.742663701371373E-001  0.116640350307121E+002  0.256042631161601E+000  0.962347975016705E+000  0.308740271528873E+001  0.306525160253261E+000 -0.562391184140639E+001
  0.957377467790880E-001  0.110945828688054E+002  0.258417203096806E+000  0.968269055245525E+000  0.307261333834266E+001  0.306525160253261E+000 -0.533918576045304E+001
  0.107525319395649E+000  0.108008121510705E+002  0.256458591143176E+000  0.963392084516657E+000  0.308428901334816E+001  0.306525160253261E+000 -0.519230040158557E+001
  0.124899681289183E+000  0.104396998011301E+002  0.258175545330814E+000  0.968596956345794E+000  0.307176968035002E+001  0.306525160253261E+000 -0.501174422661537E+001
  0.130225687138637E+000  0.102946402142639E+002  0.253292608912681E+000  0.976263670520572E+000  0.309556163070349E+001  0.306525160253261E+000 -0.493921443318230E+001
  0.144529537439223E+000  0.100246671012489E+002  0.255373980344024E+000  0.976381560570264E+000  0.308617278581219E+001  0.306525160253261E+000 -0.480422787667478E+001
  0.168161614384159E+000  0.966024056519237E+001  0.254417376842495E+000  0.963191568658547E+000  0.309701318912751E+001  0.306525160253261E+000 -0.462201460864652E+001
  0.169888851329268E+000  0.957825944757801E+001  0.254999762698711E+000  0.979346312853466E+000  0.308408472490924E+001  0.306525160253261E+000 -0.458102404983934E+001
  0.191225946067641E+000  0.928009356006062E+001  0.256250832554321E+000  0.975818546810307E+000  0.307762167170461E+001  0.306525160253261E+000 -0.443194110608064E+001
  0.206051087300012E+000  0.906921335863873E+001  0.253782548280002E+000  0.976567686100023E+000  0.309227937850227E+001  0.306525160253261E+000 -0.432650100536970E+001
  0.203342025787713E+000  0.903413947587397E+001  0.253437132364696E+000  0.966684600659398E+000  0.310160284334518E+001  0.306525160253261E+000 -0.430896406398732E+001
  0.251472610542033E+000  0.854770683485505E+001  0.256649840438018E+000  0.968445500764891E+000  0.308359859310671E+001  0.306525160253261E+000 -0.406574774347786E+001
  0.294183209051030E+000  0.817242620934401E+001  0.254668079477925E+000  0.965380546085574E+000  0.309593951874084E+001  0.306525160253261E+000 -0.387810743072234E+001
  0.290768625121648E+000  0.813423266212581E+001  0.258202234536210E+000  0.972161649657387E+000  0.307092371079952E+001  0.306525160253261E+000 -0.385901065711324E+001
  0.285866728218962E+000  0.810669360732902E+001  0.257057029399717E+000  0.965092934914665E+000  0.308212848153295E+001  0.306525160253261E+000 -0.384524112971484E+001
  0.305214386952350E+000  0.791417284848121E+001  0.254606640817784E+000  0.963913894752684E+000  0.309545982436050E+001  0.306525160253261E+000 -0.374898075029094E+001
  0.308399599917858E+000  0.783186571778497E+001  0.256205038074290E+000  0.963396819398221E+000  0.308714242626825E+001  0.306525160253261E+000 -0.370782718494282E+001
  0.302395081487879E+000  0.780964633075757E+001  0.256654461126150E+000  0.964594395598815E+000  0.308289942446837E+001  0.306525160253261E+000 -0.369671749142912E+001
  0.301052363200648E+000  0.775700334444694E+001  0.256934412647484E+000  0.976222190014037E+000  0.307426651363561E+001  0.306525160253261E+000 -0.367039599827381E+001
  0.318963649178133E+000  0.757987416685043E+001  0.255817337982555E+000  0.973537018536629E+000  0.308536822173412E+001  0.306525160253261E+000 -0.358183140947555E+001
  0.358572341680296E+000  0.712643639314981E+001  0.256832400499529E+000  0.970979006169698E+000  0.307719790795051E+001  0.306525160253261E+000 -0.356321819657490E+001
  0.373243077958753E+000  0.697605483084765E+001  0.257357310634771E+000  0.971892382886193E+000  0.307408778532534E+001  0.306525160253261E+000 -0.348802741542382E+001
  0.397366242647710E+000  0.678061521111080E+001  0.257943482085649E+000  0.970013006311795E+000  0.307404453690331E+001  0.306525160253261E+000 -0.339030760555540E+001
  0.402679177663759E+000  0.675405165367479E+001  0.255811770100868E+000  0.970206335278858E+000  0.308322522752916E+001  0.306525160253261E+000 -0.337702582683740E+001
  0.478105408859670E+000  0.626775158749793E+001  0.257735136916373E+000  0.969310490673251E+000  0.307575918686311E+001  0.306525160253261E+000 -0.313387579374896E+001
  0.523760847862686E+000  0.601516103962691E+001  0.257388484540271E+000  0.971530755969870E+000  0.307436654335158E+001  0.306525160253261E+000 -0.300758051981346E+001
  0.521099605199873E+000  0.595516635729432E+001  0.256235680003724E+000  0.977760487986082E+000  0.307851901080770E+001  0.306525160253261E+000 -0.297758317864716E+001
  0.557804700522351E+000  0.574884832213796E+001  0.256553074324161E+000  0.972043764517291E+000  0.308178225173512E+001  0.306525160253261E+000 -0.287442416106898E+001
  0.602399942730581E+000  0.539145757479114E+001  0.256611444382862E+000  0.975323664245285E+000  0.307664380907065E+001  0.306525160253261E+000 -0.269572878739557E+001
  0.620156261044355E+000  0.526777813152615E+001  0.254475029541595E+000  0.971368677057777E+000  0.309065302887515E+001  0.306525160253261E+000 -0.263388906576308E+001
  0.667572797985041E+000  0.505484455637408E+001  0.257497215066354E+000  0.973990491354597E+000  0.307357440168333E+001  0.306525160253261E+000 -0.252742227818704E+001
  0.677394595032359E+000  0.496005387796282E+001  0.257600629684186E+000  0.970628611167267E+000  0.307437575518933E+001  0.306525160253261E+000 -0.248002693898141E+001
  0.664431433114044E+000  0.493311878074728E+001  0.257660236402757E+000  0.971963064921109E+000  0.307416131136455E+001  0.306525160253261E+000 -0.246655939037364E+001
  0.659636710341501E+000  0.488202402020135E+001  0.256194441516049E+000  0.968346509951561E+000  0.308576425589038E+001  0.306525160253261E+000 -0.244101201010067E+001
  0.734179519690951E+000  0.460231571185708E+001  0.256763143176184E+000  0.969837756741247E+000  0.307875615755308E+001  0.306525160253261E+000 -0.230115785592854E+001
  0.734948164286837E+000  0.453464327421104E+001  0.257067635680681E+000  0.974992109607805E+000  0.307501951660538E+001  0.306525160253261E+000 -0.226732163710552E+001
  0.781613854608272E+000  0.422090120543680E+001  0.256394410018259E+000  0.974058771525868E+000  0.308101335029477E+001  0.306525160253261E+000 -0.211045060271840E+001
  0.774644479097185E+000  0.417727116625554E+001  0.257221263917119E+000  0.971338040644062E+000  0.307577791957934E+001  0.306525160253261E+000 -0.208863558312777E+001
  0.762705909588004E+000  0.414679118905305E+001  0.255932185929885E+000  0.976520891124853E+000  0.308045481839619E+001  0.306525160253261E+000 -0.207339559452653E+001
  0.767393913691167E+000  0.407299241308603E+001  0.256523338023734E+000  0.973275150856208E+000  0.308077261765838E+001  0.306525160253261E+000 -0.203649620654302E+001
  0.761528518961638E+000  0.402679434382653E+001  0.254066717228057E+000  0.972462719426072E+000  0.309308962925756E+001  0.306525160253261E+000 -0.201339717191326E+001
  0.782810987317010E+000  0.391012372914307E+001  0.255845195484920E+000  0.970401201941333E+000  0.308657734238362E+001  0.306525160253261E+000 -0.195506186457153E+001
  0.912439631595915E+000  0.354211910226742E+001  0.255621579837855E+000  0.971862067044053E+000  0.308392086273399E+001  0.306525160253261E+000 -0.177105955113371E+001
  0.929357514967041E+000  0.344383263059376E+001  0.256306612338596E+000  0.972916267900243E+000  0.307966139556265E+001  0.306525160253261E+000 -0.172191631529688E+001
  0.921078337778866E+000  0.340018613993805E+001  0.255393447392343E+000  0.973890945189217E+000  0.308676528766931E+001  0.306525160253261E+000 -0.170009306996902E+001
  0.912071937331234E+000  0.335829527126042E+001  0.257245948073115E+000  0.972414914421667E+000  0.307563702600748E+001  0.306525160253261E+000 -0.167914763563021E+001
  0.902990048367805E+000  0.331676661971421E+001  0.255973554720770E+000  0.970974953882300E+000  0.308537944273823E+001  0.306525160253261E+000 -0.165838330985710E+001
  0.898063257992076E+000  0.326616534978690E+001  0.255590902816985E+000  0.975993408442723E+000  0.308358389313234E+001  0.306525160253261E+000 -0.163308267489345E+001
  0.901968659728297E+000  0.319594350219903E+001  0.254588893597654E+000  0.968226407292854E+000  0.309258035077317E+001  0.306525160253261E+000 -0.159797175109951E+001
  0.910864313829614E+000  0.311477184484330E+001  0.254355435507022E+000  0.968116017019683E+000  0.309518537757849E+001  0.306525160253261E+000 -0.155738592242165E+001
  0.902596245747975E+000  0.307146575980721E+001  0.254411044657678E+000  0.971921235746080E+000  0.309319506081788E+001  0.306525160253261E+000 -0.153573287990361E+001
  0.875478880929105E+000  0.307093104021566E+001  0.254437249044212E+000  0.972424800096395E+000  0.309092093402392E+001  0.306525160253261E+000 -0.153546552010783E+001
  0.901145934305806E+000  0.295159535364725E+001  0.256758363873513E+000  0.972703832727223E+000  0.307935463626926E+001  0.306525160253261E+000 -0.147579767682363E+001
  0.926669723006328E+000  0.283419203138606E+001  0.256912170237823E+000  0.968620676839156E+000  0.308042524393442E+001  0.306525160253261E+000 -0.141709601569303E+001
  0.908083696229574E+000  0.281317004485617E+001  0.254188870169544E+000  0.972447354366788E+000  0.309282628473430E+001  0.306525160253261E+000 -0.140658502242809E+001
  0.925374499549999E+000  0.271390278924718E+001  0.257165110405068E+000  0.971120699386935E+000  0.307703903875919E+001  0.306525160253261E+000 -0.135695139462359E+001
  0.931511275882160E+000  0.263913992172729E+001  0.254663601888917E+000  0.974451606354102E+000  0.308900641822850E+001  0.306525160253261E+000 -0.131956996086365E+001
  0.903832633541311E+000  0.263792478776335E+001  0.254472196305832E+000  0.972354138146484E+000  0.309088657871025E+001  0.306525160253261E+000 -0.131896239388168E+001
  0.891862820830087E+000  0.260304521226474E+001  0.255829802120210E+000  0.971745737197793E+000  0.308557809125583E+001  0.306525160253261E+000 -0.130152260613237E+001
  0.881935758735093E+000  0.256388812491808E+001  0.256297388319558E+000  0.968197378309037E+000  0.308289398166301E+001  0.306525160253261E+000 -0.128194406245904E+001
  0.923825106425007E+000  0.240953769255956E+001  0.256102360772447E+000  0.975144389540542E+000  0.308058930342057E+001  0.306525160253261E+000 -0.120476884627978E+001
  0.902712373555159E+000  0.239423196619088E+001  0.256352700530089E+000  0.972390546200534E+000  0.308197508448840E+001  0.306525160253261E+000 -0.119711598309544E+001
  0.883647427392766E+000  0.237538031724389E+001  0.256354120512761E+000  0.974168353118933E+000  0.308051508470837E+001  0.306525160253261E+000 -0.118769015862194E+001
  0.864496618384831E+000  0.235765850354394E+001  0.255029626430686E+000  0.974052277931612E+000  0.308824709873052E+001  0.306525160253261E+000 -0.117882925177197E+001
  0.853190751101724E+000  0.232244368057232E+001  0.255634769502840E+000  0.968781831198533E+000  0.308818611222105E+001  0.306525160253261E+000 -0.116122184028616E+001
  0.846189665536484E+000  0.227737960498146E+001  0.256453070866135E+000  0.974452148243067E+000  0.307934302511148E+001  0.306525160253261E+000 -0.113868980249073E+001
  0.862662008958264E+000  0.217727740300966E+001  0.255666196974539E+000  0.971590634328839E+000  0.308415100734779E+001  0.306525160253261E+000 -0.108863870150483E+001
  0.840378554164924E+000  0.216807512107393E+001  0.255898216674332E+000  0.972017086062088E+000  0.308263949709045E+001  0.306525160253261E+000 -0.108403756053697E+001
  0.821398401202267E+000  0.215222019364144E+001  0.255389267473867E+000  0.974109510706557E+000  0.308465293315068E+001  0.306525160253261E+000 -0.107611009682072E+001
  0.796681109843136E+000  0.215178441528210E+001  0.256043835254573E+000  0.972497350810415E+000  0.308369881542648E+001  0.306525160253261E+000 -0.107589220764105E+001
  0.794775667863087E+000  0.209503027706356E+001  0.256475568212212E+000  0.973774374646011E+000  0.307901639942641E+001  0.306525160253261E+000 -0.104751513853178E+001
  0.771146217117429E+000  0.209385074852274E+001  0.255882994239341E+000  0.971160432762039E+000  0.308548845928626E+001  0.306525160253261E+000 -0.104692537426137E+001
  0.771801579809150E+000  0.203060844245497E+001  0.254980222763985E+000  0.971058430690134E+000  0.308852366479251E+001  0.306525160253261E+000 -0.101530422122749E+001
  0.750597896263925E+000  0.202477994923920E+001  0.254516472196549E+000  0.970343822997324E+000  0.309196962645469E+001  0.306525160253261E+000 -0.101238997461960E+001
  0.732081542739343E+000  0.201319298993719E+001  0.254634553060041E+000  0.973165466833841E+000  0.309075365469551E+001  0.306525160253261E+000 -0.100659649496860E+001
  0.713645789909141E+000  0.200265998912623E+001  0.255210629563307E+000  0.974280986862155E+000  0.308576366652210E+001  0.306525160253261E+000 -0.100132999456312E+001
  0.693464111641459E+000  0.199849118755407E+001  0.254586978281069E+000  0.972202219126277E+000  0.309046686242694E+001  0.306525160253261E+000 -0.999245593777036E+000
  0.679133434807540E+000  0.197871159801056E+001  0.254539464232292E+000  0.969107766632340E+000  0.309281830071953E+001  0.306525160253261E+000 -0.989355799005282E+000
  0.664801587381222E+000  0.195982626789528E+001  0.255985313213302E+000  0.973464940468777E+000  0.308325473535742E+001  0.306525160253261E+000 -0.979913133947639E+000
  0.651541582028955E+000  0.193857777397006E+001  0.254773667978843E+000  0.970581662064842E+000  0.309182245825640E+001  0.306525160253261E+000 -0.969288886985028E+000
  0.637731747071597E+000  0.191988142423687E+001  0.255369964523673E+000  0.971679370204447E+000  0.308587837208202E+001  0.306525160253261E+000 -0.959940712118436E+000
  0.649684054660597E+000  0.182120122855352E+001  0.254662317976760E+000  0.973390657897405E+000  0.309024312106020E+001  0.306525160253261E+000 -0.910600614276758E+000
  0.676698948565255E+000  0.167817728221500E+001  0.255929310175859E+000  0.971635361259397E+000  0.308479872628410E+001  0.306525160253261E+000 -0.839088641107499E+000
  0.659769785533915E+000  0.166730501506944E+001  0.256316191786791E+000  0.973946660119575E+000  0.308009654490491E+001  0.306525160253261E+000 -0.833652507534722E+000
  0.667220898806866E+000  0.158330127907460E+001  0.255027656800245E+000  0.968199308882416E+000  0.309056710363232E+001  0.306525160253261E+000 -0.791650639537299E+000
  0.652643687490958E+000  0.156593765781632E+001  0.255619873853163E+000  0.968002095377537E+000  0.308713869686432E+001  0.306525160253261E+000 -0.782968828908158E+000
  0.636134533411206E+000  0.155563684883617E+001  0.255733267058371E+000  0.967616595530482E+000  0.308698239732980E+001  0.306525160253261E+000 -0.777818424418083E+000
  0.625464923184896E+000  0.152792317389998E+001  0.256284426830918E+000  0.969445859059250E+000  0.308239752308153E+001  0.306525160253261E+000 -0.763961586949988E+000
  0.613578891676213E+000  0.150475265980630E+001  0.255525504574558E+000  0.969053791366621E+000  0.308840458774494E+001  0.306525160253261E+000 -0.752376329903149E+000
  0.603223018531805E+000  0.147725308649534E+001  0.256133902663572E+000  0.974059555237360E+000  0.308110821152508E+001  0.306525160253261E+000 -0.738626543247672E+000
  0.587007646840199E+000  0.147020802902854E+001  0.254550459233482E+000  0.970503564617550E+000  0.309200972471540E+001  0.306525160253261E+000 -0.735104014514272E+000
  0.571188402105521E+000  0.146330219238729E+001  0.256638789597159E+000  0.972466958237981E+000  0.307926005229890E+001  0.306525160253261E+000 -0.731651096193647E+000
  0.564530979337272E+000  0.142520656514793E+001  0.254762417779540E+000  0.969687519104973E+000  0.309108336489203E+001  0.306525160253261E+000 -0.712603282573965E+000
  0.552319608516607E+000  0.140740001117130E+001  0.254783536175598E+000  0.972062914096363E+000  0.309061972935542E+001  0.306525160253261E+000 -0.703700005585652E+000
  0.538589704584142E+000  0.139620232304681E+001  0.256332575190467E+000  0.973157975369783E+000  0.308024881860561E+001  0.306525160253261E+000 -0.698101161523406E+000
  0.527311645896511E+000  0.137698367142697E+001  0.255552439769975E+000  0.967852259267389E+000  0.308785233089130E+001  0.306525160253261E+000 -0.688491835713486E+000
  0.513469759753207E+000  0.136864154411779E+001  0.255894872639451E+000  0.974012656848626E+000  0.308294679258640E+001  0.306525160253261E+000 -0.684320772058895E+000
  0.498848024926583E+000  0.136487752095336E+001  0.255915145777781E+000  0.972598181261688E+000  0.308410991968367E+001  0.306525160253261E+000 -0.682438760476681E+000
  0.486100353626561E+000  0.135510700076072E+001  0.256276921729520E+000  0.972184431501243E+000  0.308086136132364E+001  0.306525160253261E+000 -0.677553500380362E+000
  0.479511964936695E+000  0.132085617257092E+001  0.255205711385842E+000  0.972667186432274E+000  0.308659883354339E+001  0.306525160253261E+000 -0.660428086285462E+000
  0.470350472283240E+000  0.129789434409461E+001  0.255070165268172E+000  0.968308095799951E+000  0.309047313291555E+001  0.306525160253261E+000 -0.648947172047307E+000
  0.457740011279941E+000  0.129070450787070E+001  0.255880640972922E+000  0.968573040448683E+000  0.308641626792756E+001  0.306525160253261E+000 -0.645352253935352E+000
  0.456822281909622E+000  0.123317504365659E+001  0.256133769232555E+000  0.973288049469157E+000  0.308211326944616E+001  0.306525160253261E+000 -0.616587521828297E+000
  0.450419428037986E+000  0.119986217520814E+001  0.256416120508900E+000  0.969310554271062E+000  0.308267936442338E+001  0.306525160253261E+000 -0.599931087604069E+000
  0.437444194382760E+000  0.119677899588552E+001  0.255310277286445E+000  0.968145760741693E+000  0.308953188993257E+001  0.306525160253261E+000 -0.598389497942759E+000
  0.426920082375593E+000  0.118394029248446E+001  0.254605641205047E+000  0.970900717287936E+000  0.309171878178097E+001  0.306525160253261E+000 -0.591970146242230E+000
  0.416307090936088E+000  0.117274427056545E+001  0.256541669872248E+000  0.972194677690180E+000  0.307993016795931E+001  0.306525160253261E+000 -0.586372135282726E+000
  0.405906397429624E+000  0.116180215817837E+001  0.254856956954669E+000  0.972032217881599E+000  0.308917638463592E+001  0.306525160253261E+000 -0.580901079089185E+000
  0.410213030427462E+000  0.107915078814485E+001  0.255027977265219E+000  0.970626903933163E+000  0.309015541091931E+001  0.306525160253261E+000 -0.539575394072424E+000
  0.399441314428914E+000  0.107082697941603E+001  0.256103575803551E+000  0.973419265214852E+000  0.308200180109780E+001  0.306525160253261E+000 -0.535413489708013E+000
  0.395174020160172E+000  0.103076492531138E+001  0.255474078395703E+000  0.973086287410319E+000  0.308499338361895E+001  0.306525160253261E+000 -0.515382462655692E+000
  0.389784457148682E+000  0.996686233750564E+000  0.256500971057286E+000  0.970610762260540E+000  0.308095809144613E+001  0.306525160253261E+000 -0.498343116875282E+000
  0.378818449743232E+000  0.992216609369079E+000  0.256484660656062E+000  0.970106616963812E+000  0.308144209067530E+001  0.306525160253261E+000 -0.496108304684540E+000
  0.370542984479831E+000  0.974848512822230E+000  0.255894540953723E+000  0.973655095830098E+000  0.308292882187056E+001  0.306525160253261E+000 -0.487424256411115E+000
  0.371595220153498E+000  0.969177135862012E+000  0.256202984020101E+000  0.969170260127306E+000  0.308400681795256E+001  0.306525160253261E+000 -0.484588567931006E+000
  0.375049384288086E+000  0.950672006344837E+000  0.256353423263710E+000  0.972413286329934E+000  0.308117505572717E+001  0.306525160253261E+000 -0.475336003172419E+000
  0.383234605870938E+000  0.907492724583114E+000  0.255006834998708E+000  0.969101321850386E+000  0.309046419681312E+001  0.306525160253261E+000 -0.453746362291557E+000
  0.386442443483553E+000  0.890821544434429E+000  0.256166620246481E+000  0.971560257584509E+000  0.308307457202186E+001  0.306525160253261E+000 -0.445410772217215E+000
  0.386908514705044E+000  0.888410885868710E+000  0.256111012580253E+000  0.969609522072011E+000  0.308348536048081E+001  0.306525160253261E+000 -0.444205442934355E+000
  0.387792879776709E+000  0.883844659644679E+000  0.256258877164355E+000  0.969274340222412E+000  0.308345944815314E+001  0.306525160253261E+000 -0.441922329822340E+000
  0.390884007414692E+000  0.867965704322755E+000  0.254939165189718E+000  0.969553620752930E+000  0.309082191240628E+001  0.306525160253261E+000 -0.433982852161378E+000
  0.392733398592387E+000  0.858525410642777E+000  0.255190219585718E+000  0.972299424944540E+000  0.308814487398300E+001  0.306525160253261E+000 -0.429262705321388E+000
  0.393089311489250E+000  0.856713740317477E+000  0.254774569637614E+000  0.971456106623759E+000  0.309039288856264E+001  0.306525160253261E+000 -0.428356870158739E+000
  0.393948354810982E+000  0.852347780721615E+000  0.255337127872429E+000  0.969395159038026E+000  0.308795040167096E+001  0.306525160253261E+000 -0.426173890360808E+000
  0.417102101792522E+000  0.738125343311080E+000  0.255077267238492E+000  0.971359534563293E+000  0.308929389492423E+001  0.306525160253261E+000 -0.369062671655540E+000
  0.417490661230752E+000  0.736263072352028E+000  0.255429362404731E+000  0.969552163802454E+000  0.308836789969149E+001  0.306525160253261E+000 -0.368131536176014E+000
  0.419711680603177E+000  0.725651422231567E+000  0.255148808081234E+000  0.969111572086705E+000  0.308972169268234E+001  0.306525160253261E+000 -0.362825711115784E+000
  0.420274427962261E+000  0.722971628184782E+000  0.255819383777569E+000  0.970920234379018E+000  0.308420023097566E+001  0.306525160253261E+000 -0.361485814092391E+000
  0.424779302543079E+000  0.701647931986934E+000  0.255128047031985E+000  0.972636020092933E+000  0.308801752568068E+001  0.306525160253261E+000 -0.350823965993467E+000
  0.427999015322157E+000  0.686545633954381E+000  0.254958953124230E+000  0.970061477268426E+000  0.309041531776269E+001  0.306525160253261E+000 -0.343272816977190E+000
  0.428329218446308E+000  0.685003220064491E+000  0.255730691285193E+000  0.968781299983450E+000  0.308674139966831E+001  0.306525160253261E+000 -0.342501610032246E+000
  0.428452025300773E+000  0.684429879524172E+000  0.255643248699454E+000  0.973168871358155E+000  0.308428766465802E+001  0.306525160253261E+000 -0.342214939762086E+000
  0.434572101188031E+000  0.656063680748975E+000  0.255188530716715E+000  0.969398896294125E+000  0.308906012345782E+001  0.306525160253261E+000 -0.328031840374488E+000
  0.464785028690052E+000  0.521637434215138E+000  0.255661527797394E+000  0.969267689070600E+000  0.308697839201271E+001  0.306525160253261E+000 -0.260818717107569E+000
  0.472399637974002E+000  0.489136787878081E+000  0.255401881219745E+000  0.972826968794023E+000  0.308620229130950E+001  0.306525160253261E+000 -0.244568393939041E+000
  0.489007250218000E+000  0.420032791841070E+000  0.255103544855806E+000  0.970315397151494E+000  0.308940009296674E+001  0.306525160253261E+000 -0.210016395920535E+000
  0.495096676755093E+000  0.395281323664767E+000  0.255825499855561E+000  0.972582136504806E+000  0.308395617193721E+001  0.306525160253261E+000 -0.197640661832384E+000
  0.511514544321294E+000  0.330035384548027E+000  0.256122400698029E+000  0.970955722771324E+000  0.308319808405695E+001  0.306525160253261E+000 -0.165017692274014E+000
  0.512207861924086E+000  0.327326377869795E+000  0.256113074026155E+000  0.970945862601295E+000  0.308306241279801E+001  0.306525160253261E+000 -0.163663188934898E+000
  0.522272597513429E+000  0.288408085747887E+000  0.255963224991075E+000  0.971985640956638E+000  0.308334485858509E+001  0.306525160253261E+000 -0.144204042873943E+000
  0.529723894590583E+000  0.260075589414307E+000  0.255511395776557E+000  0.972330759900289E+000  0.308584953882167E+001  0.306525160253261E+000 -0.130037794707154E+000
  0.538058702742041E+000  0.228852089588693E+000  0.255841068927614E+000  0.971817842664242E+000  0.308440646524764E+001  0.306525160253261E+000 -0.114426044794347E+000
  0.542534687414659E+000  0.212283377203548E+000  0.255276432850997E+000  0.971160564360998E+000  0.308796593738141E+001  0.306525160253261E+000 -0.106141688601774E+000
  0.570330346032288E+000  0.112355929025566E+000  0.255681640676522E+000  0.970388753101136E+000  0.308606943778143E+001  0.306525160253261E+000 -0.561779645127833E-001
  0.580391028063912E+000  0.773832984222405E-001  0.255488220099709E+000  0.971143928946982E+000  0.308646886474051E+001  0.306525160253261E+000 -0.386916492111204E-001
