  0.684887241178283E-001  0.171051321049653E+002  0.255495422875091E+000  0.960003663912599E+000  0.309459747802079E+001  0.306525160253261E+000 -0.938854518719036E+001
  0.684887241178283E-001  0.549170454953566E+001  0.255817337982555E+000  0.973537018536629E+000  0.308536822173412E+001  0.306525160253261E+000 -0.358183140947555E+001
  0.684887241178283E-001  0.572147671344280E+001  0.256654461126150E+000  0.964594395598815E+000  0.308289942446837E+001  0.306525160253261E+000 -0.369671749142912E+001
  0.684887241178283E-001  0.102445828529226E+002  0.258211791858749E+000  0.972399222820215E+000  0.306884468907448E+001  0.306525160253261E+000 -0.595827056116900E+001
  0.684887241178283E-001  0.601852399001425E+001  0.257057029399717E+000  0.965092934914665E+000  0.308212848153295E+001  0.306525160253261E+000 -0.384524112971484E+001
  0.684887241178283E-001  0.694596985855920E+001  0.253437132364696E+000  0.966684600659398E+000  0.310160284334518E+001  0.306525160253261E+000 -0.430896406398732E+001
  0.684887241178283E-001  0.713441802415112E+001  0.254542770669693E+000  0.966377056912761E+000  0.309328279195096E+001  0.306525160253261E+000 -0.356720901207556E+001
  0.684887241178283E-001  0.560505426232968E+001  0.257540216947532E+000  0.967534036246419E+000  0.307728378830663E+001  0.306525160253261E+000 -0.280252713116484E+001
  0.684887241178283E-001  0.452633462770555E+001  0.255061123104386E+000  0.965237447612557E+000  0.309220594541230E+001  0.306525160253261E+000 -0.226316731385278E+001
  0.684887241178283E-001  0.426994998060110E+001  0.255388353910703E+000  0.966507522498171E+000  0.309090571065402E+001  0.306525160253261E+000 -0.213497499030055E+001
