  0.254958953124230E+000  0.970061477268426E+000  0.309041531776269E+001  0.306525160253261E+000 -0.343272816977190E+000 -0.343272816977190E+000
  0.255077267238492E+000  0.971359534563293E+000  0.308929389492423E+001  0.306525160253261E+000 -0.369062671655540E+000 -0.369062671655540E+000
  0.256353423263710E+000  0.972413286329934E+000  0.308117505572717E+001  0.306525160253261E+000 -0.475336003172419E+000 -0.475336003172418E+000
  0.255190219585718E+000  0.972299424944540E+000  0.308814487398300E+001  0.306525160253261E+000 -0.429262705321388E+000 -0.429262705321388E+000
  0.256500971057286E+000  0.970610762260540E+000  0.308095809144613E+001  0.306525160253261E+000 -0.498343116875282E+000 -0.498343116875282E+000
  0.255276432850997E+000  0.971160564360998E+000  0.308796593738141E+001  0.306525160253261E+000 -0.106141688601774E+000 -0.106141688601774E+000
  0.255681640676522E+000  0.970388753101136E+000  0.308606943778143E+001  0.306525160253261E+000 -0.561779645127833E-001 -0.561779645127831E-001
  0.255488220099709E+000  0.971143928946982E+000  0.308646886474051E+001  0.306525160253261E+000 -0.386916492111204E-001 -0.386916492111202E-001
  0.256202984020101E+000  0.969170260127306E+000  0.308400681795256E+001  0.306525160253261E+000 -0.484588567931006E+000 -0.484588567931006E+000
  0.255730691285193E+000  0.968781299983450E+000  0.308674139966831E+001  0.306525160253261E+000 -0.342501610032246E+000 -0.342501610032246E+000
  0.255643248699454E+000  0.973168871358155E+000  0.308428766465802E+001  0.306525160253261E+000 -0.342214939762086E+000 -0.342214939762086E+000
  0.255894540953723E+000  0.973655095830098E+000  0.308292882187056E+001  0.306525160253261E+000 -0.487424256411115E+000 -0.487424256411115E+000
  0.255429362404731E+000  0.969552163802454E+000  0.308836789969149E+001  0.306525160253261E+000 -0.368131536176014E+000 -0.368131536176014E+000
  0.254774569637614E+000  0.971456106623759E+000  0.309039288856264E+001  0.306525160253261E+000 -0.428356870158739E+000 -0.428356870158738E+000
  0.255103544855806E+000  0.970315397151494E+000  0.308940009296674E+001  0.306525160253261E+000 -0.210016395920535E+000 -0.210016395920535E+000
  0.255963224991075E+000  0.971985640956638E+000  0.308334485858509E+001  0.306525160253261E+000 -0.144204042873943E+000 -0.144204042873943E+000
  0.255825499855561E+000  0.972582136504806E+000  0.308395617193721E+001  0.306525160253261E+000 -0.197640661832384E+000 -0.197640661832383E+000
  0.255511395776557E+000  0.972330759900289E+000  0.308584953882167E+001  0.306525160253261E+000 -0.130037794707154E+000 -0.130037794707154E+000
  0.255661527797394E+000  0.969267689070600E+000  0.308697839201271E+001  0.306525160253261E+000 -0.260818717107569E+000 -0.260818717107569E+000
  0.255148808081234E+000  0.969111572086705E+000  0.308972169268234E+001  0.306525160253261E+000 -0.362825711115784E+000 -0.362825711115783E+000
  0.256122400698029E+000  0.970955722771324E+000  0.308319808405695E+001  0.306525160253261E+000 -0.165017692274014E+000 -0.165017692274014E+000
  0.254939165189718E+000  0.969553620752930E+000  0.309082191240628E+001  0.306525160253261E+000 -0.433982852161378E+000 -0.433982852161377E+000
  0.256484660656062E+000  0.970106616963812E+000  0.308144209067530E+001  0.306525160253261E+000 -0.496108304684540E+000 -0.496108304684540E+000
  0.255841068927614E+000  0.971817842664242E+000  0.308440646524764E+001  0.306525160253261E+000 -0.114426044794347E+000 -0.114426044794347E+000
  0.255819383777569E+000  0.970920234379018E+000  0.308420023097566E+001  0.306525160253261E+000 -0.361485814092391E+000 -0.361485814092391E+000
  0.256111012580253E+000  0.969609522072011E+000  0.308348536048081E+001  0.306525160253261E+000 -0.444205442934355E+000 -0.444205442934355E+000
  0.256166620246481E+000  0.971560257584509E+000  0.308307457202186E+001  0.306525160253261E+000 -0.445410772217215E+000 -0.445410772217215E+000
  0.256113074026155E+000  0.970945862601295E+000  0.308306241279801E+001  0.306525160253261E+000 -0.163663188934898E+000 -0.163663188934898E+000
  0.256258877164355E+000  0.969274340222412E+000  0.308345944815314E+001  0.306525160253261E+000 -0.441922329822340E+000 -0.441922329822339E+000
  0.255188530716715E+000  0.969398896294125E+000  0.308906012345782E+001  0.306525160253261E+000 -0.328031840374488E+000 -0.328031840374487E+000
  0.255401881219745E+000  0.972826968794023E+000  0.308620229130950E+001  0.306525160253261E+000 -0.244568393939041E+000 -0.244568393939041E+000
  0.255006834998708E+000  0.969101321850386E+000  0.309046419681312E+001  0.306525160253261E+000 -0.453746362291557E+000 -0.453746362291557E+000
