#        weight    minuslogpost         omega_c             n_s            lnas            m_nu   minuslogprior minuslogprior__0            chi2 chi2__likelihood_CAMB
 2.1243341e-319       740.06102      0.26937086       1.1198364       3.1280237      0.58241963     -0.52966871      -0.52966871       1481.1814             1481.1814
 3.3547281e-306       709.63973      0.26812948       1.1196209       3.1005196      0.52344605     -0.52966871      -0.52966871       1420.3388             1420.3388
  2.339758e-296       686.94343      0.26124184       1.1234036       3.1345605      0.49421417     -0.52966871      -0.52966871       1374.9462             1374.9462
 7.2108498e-295       683.48454       0.2697952      0.96974478       3.1532085      0.45081158     -0.52966871      -0.52966871       1368.0284             1368.0284
 4.3019392e-293       679.36512       0.2614567      0.89416238       3.1655071      0.19333345     -0.52966871      -0.52966871       1359.7896             1359.7896
 6.3399202e-288       667.43362      0.23819581      0.90537644       3.3126938       0.2397129     -0.52966871      -0.52966871       1335.9266             1335.9266
 4.9592024e-285       660.74071      0.26370608       0.9488703        3.221646      0.42714557     -0.52966871      -0.52966871       1322.5408             1322.5408
 1.9524828e-277       643.22141      0.26073353      0.99311639       3.2245382      0.42873806     -0.52966871      -0.52966871       1287.5021             1287.5021
 1.6411679e-261       606.52297      0.22046119       1.0186568       3.3977036      0.32293792     -0.52966871      -0.52966871       1214.1053             1214.1053
 3.7379274e-253       587.24839      0.25591248       1.0287304       3.2949915      0.74270001     -0.52966871      -0.52966871       1175.5561             1175.5561
 9.6092955e-253       586.27342      0.22941227       1.1039675       3.3805528      0.54266506     -0.52966871      -0.52966871       1173.6062             1173.6062
 3.9660784e-246        571.0095      0.23311028       1.0238806        3.374483      0.52796807     -0.52966871      -0.52966871       1143.0783             1143.0783
 5.7881864e-242       561.39035      0.22587676       1.0684001       3.4241311      0.57339078     -0.52966871      -0.52966871         1123.84               1123.84
 6.8347383e-234        542.7727      0.24189667      0.94154875       3.1961172      0.13796542     -0.52966871      -0.52966871       1086.6047             1086.6047
 6.3646757e-215       499.06407      0.25657563      0.97986106       3.2885222      0.54207093     -0.52966871      -0.52966871       999.18747             999.18747
 4.1799157e-213        494.8486      0.28641505      0.93039666       2.9300204     0.017641136     -0.52966871      -0.52966871       990.75653             990.75653
  2.246112e-207        481.6234      0.27843571      0.92837336       3.0008477      0.10813708     -0.52966871      -0.52966871       964.30615             964.30615
 4.8623361e-202       469.30739       0.2708564       1.0596514       3.1478078      0.53365099     -0.52966871      -0.52966871       939.67412             939.67412
 5.9240126e-193       448.35586       0.2680766      0.99658948       3.1869694      0.48306093     -0.52966871      -0.52966871       897.77105             897.77105
 1.2369881e-192       447.58883      0.24987864       1.1139382       3.2411357      0.60388805     -0.52966871      -0.52966871       896.23701             896.23701
 7.9977315e-189       438.78383      0.25538878       1.1078791       3.1858987      0.50420853     -0.52966871      -0.52966871         878.627               878.627
 3.7057946e-184       428.00939      0.23382404         1.04502       3.4698999      0.75189908     -0.52966871      -0.52966871       857.07812             857.07812
 1.1185053e-169       394.63775      0.26026669       1.0556396       3.0321489      0.12700021     -0.52966871      -0.52966871       790.33484             790.33484
 5.2552773e-167       388.45457      0.24182654       1.0632882        3.195568       0.2386545     -0.52966871      -0.52966871       777.96847             777.96847
 2.5484938e-164       382.23977      0.27079677       1.0602704       3.1758893      0.67201658     -0.52966871      -0.52966871       765.53888             765.53888
 6.3085223e-164        381.3026      0.23072321       1.0925277        3.447309      0.77752508     -0.52966871      -0.52966871       763.66454             763.66454
 5.4899466e-159       369.89789      0.26534905       1.1026176       3.1734221       0.6443544     -0.52966871      -0.52966871       740.85511             740.85511
 5.2689774e-155       360.69786      0.25510614       1.0190319       3.3298921      0.76293184     -0.52966871      -0.52966871       722.45505             722.45505
 1.7653384e-152       354.85282      0.26688344       1.0508698       3.0754835      0.28227106     -0.52966871      -0.52966871       710.76498             710.76498
 3.1904829e-148       345.01988      0.23914868       0.9495126       3.3281996      0.34272984     -0.52966871      -0.52966871        691.0991              691.0991
 6.1687287e-147        342.0272      0.22682968       1.0288033        3.424484      0.49077126     -0.52966871      -0.52966871       685.11375             685.11375
 1.0159479e-143       334.58976       0.2485749      0.92711755       3.2014527      0.19609322     -0.52966871      -0.52966871       670.23886             670.23886
 2.7367478e-141       328.96287      0.24927498       1.0639613       3.1925793      0.32145914     -0.52966871      -0.52966871       658.98508             658.98508
 2.9624071e-140       326.55028      0.25410423       1.0310471       3.2266737      0.50460371     -0.52966871      -0.52966871       654.15991             654.15991
 3.3323073e-138       321.79668      0.24739559       1.1128557       3.3023604      0.73819905     -0.52966871      -0.52966871        644.6527              644.6527
  8.573801e-137       318.51828      0.26000791       1.0690015       3.1199615      0.35249824     -0.52966871      -0.52966871       638.09589             638.09589
 2.0781616e-135       315.29956      0.23566598       1.0462004       3.4455239      0.78424578     -0.52966871      -0.52966871       631.65846             631.65846
 4.4647703e-129       300.68855      0.26199146       1.0823087       3.1672914      0.50675122     -0.52966871      -0.52966871       602.43643             602.43643
 3.5099349e-127       296.29322      0.26828839       1.0328976       3.1740456      0.56152812     -0.52966871      -0.52966871       593.64579             593.64579
 1.6353473e-126       294.72361      0.23915229       1.0185335        3.412443       0.6952034     -0.52966871      -0.52966871       590.50656             590.50656
 2.5231619e-121       282.74625      0.26812297      0.93101323        3.081538      0.15083856     -0.52966871      -0.52966871       566.55185             566.55185
 6.9891287e-118       274.78888      0.24713891       1.1145848       3.3366505      0.77061393     -0.52966871      -0.52966871       550.63711             550.63711
  2.029935e-114       266.78412       0.2461625        1.022265       3.3248944      0.60912942     -0.52966871      -0.52966871       534.62759             534.62759
 3.1020298e-114        266.3293      0.24204607       1.0331786       3.2223587      0.29493868     -0.52966871      -0.52966871       533.71794             533.71794
 2.3056956e-113       264.29262       0.2517871       1.0978972       3.3010983      0.71478437     -0.52966871      -0.52966871       529.64457             529.64457
 8.8223074e-111       258.31478      0.25614639       1.0062823       3.2908722      0.61418899     -0.52966871      -0.52966871       517.68889             517.68889
 3.6029622e-108       252.27178      0.26464983      0.95369316       3.0936261      0.19373865     -0.52966871      -0.52966871       505.60289             505.60289
 6.9544012e-108       251.58339      0.27163887      0.94920597       3.0443024      0.12349355     -0.52966871      -0.52966871       504.22611             504.22611
 4.2077284e-107       249.75248      0.27356939      0.98741161       2.9604845     0.042600808     -0.52966871      -0.52966871        500.5643              500.5643
 1.2819142e-106       248.60769      0.24794892       1.0654428       3.2224254      0.42918858     -0.52966871      -0.52966871       498.27472             498.27472
 1.9975114e-105       245.83079        0.235289       1.0273037       3.3788789      0.49768006     -0.52966871      -0.52966871       492.72091             492.72091
 8.8017463e-105       244.31697      0.25469252       1.0384604       3.2634234      0.61862384     -0.52966871      -0.52966871       489.69327             489.69327
 1.5482441e-103       241.41885      0.25799906       1.0514515       3.2502784      0.58623896     -0.52966871      -0.52966871       483.89705             483.89705
 1.7508089e-100       234.35737      0.26407952      0.91200439       3.0616228     0.014776205     -0.52966871      -0.52966871       469.77408             469.77408
 6.4231766e-100       233.02676       0.2572531       1.0400524       3.2482429      0.54486692     -0.52966871      -0.52966871       467.11287             467.11287
  4.5279666e-96       224.13529      0.26430056       1.0392967       3.2168097      0.60734752     -0.52966871      -0.52966871       449.32992             449.32992
  1.3611009e-88       206.88582      0.24473236       1.0257244       3.2127147      0.30078216     -0.52966871      -0.52966871       414.83098             414.83098
  6.4182218e-88        205.3042      0.25450114       1.0863896       3.2390493      0.57932744     -0.52966871      -0.52966871       411.66774             411.66774
   1.765709e-87       204.26143      0.24791361      0.99496893       3.2895008      0.48671416     -0.52966871      -0.52966871        409.5822              409.5822
  3.0429886e-85        199.0812      0.24822289        1.052371       3.1934399      0.33360785     -0.52966871      -0.52966871       399.22174             399.22174
   1.016861e-78       184.02846      0.24492824       1.0409546       3.3702845      0.73385671     -0.52966871      -0.52966871       369.11625             369.11625
  4.6712818e-75       175.56522      0.26218302      0.95384449       3.0597691     0.090234221     -0.52966871      -0.52966871       352.18977             352.18977
  4.5404553e-73       170.95768      0.25961151       1.0041321       3.1213745      0.26458406     -0.52966871      -0.52966871        342.9747              342.9747
  6.4961122e-72       168.26615      0.23740044       1.0173441        3.376024      0.52729384     -0.52966871      -0.52966871       337.59163             337.59163
  6.5881951e-72        168.2213      0.24416612       1.0088044       3.2900712      0.45096976     -0.52966871      -0.52966871       337.50194             337.50194
  4.2569387e-67       157.11433      0.26499454       1.0070534       3.1410808      0.36545284     -0.52966871      -0.52966871         315.288               315.288
  5.8251403e-67       156.76993      0.24608983      0.96437785       3.1371068     0.016545469     -0.52966871      -0.52966871       314.59919             314.59919
  1.0695324e-66       156.13153      0.25658915       1.0419312       3.2013599       0.4732899     -0.52966871      -0.52966871        313.3224              313.3224
  1.7053315e-66       155.63422      0.25110118       1.0083288        3.258245      0.47920839     -0.52966871      -0.52966871       312.32778             312.32778
  2.5333587e-63       148.29991      0.23733296      0.98781871       3.2307248      0.15455594     -0.52966871      -0.52966871       297.65915             297.65915
  2.2219462e-60       141.49254      0.24370923       1.0341589       3.2961391      0.44007259     -0.52966871      -0.52966871       284.04442             284.04442
  5.2673683e-59       138.29604      0.24709783       1.0217159       3.2852118      0.44604536     -0.52966871      -0.52966871       277.65142             277.65142
  3.5163808e-56       131.76161      0.24552855        1.054934       3.2417271      0.40200499     -0.52966871      -0.52966871       264.58256             264.58256
  2.4708161e-55       129.78114      0.25012101      0.96145644       3.2198716      0.25801065     -0.52966871      -0.52966871       260.62161             260.62161
  3.8507044e-54       127.00407      0.24570483      0.94757631       3.1932471      0.15187396     -0.52966871      -0.52966871       255.06749             255.06749
  1.4735034e-53       125.63133      0.24668199       1.0754695       3.3583034      0.75502436     -0.52966871      -0.52966871         252.322               252.322
  7.1443144e-53       124.02188      0.23699373       0.9987165       3.2862374      0.28142305     -0.52966871      -0.52966871       249.10311             249.10311
  6.9415976e-53        124.0199      0.27001988      0.97879592       3.0054316     0.073612413     -0.52966871      -0.52966871       249.09913             249.09913
  1.4820768e-50       118.62546      0.24544104       1.0665004       3.3201255      0.59858505     -0.52966871      -0.52966871       238.31025             238.31025
  5.5148829e-50       117.28068       0.2412887       1.0087935        3.344041      0.50636362     -0.52966871      -0.52966871        235.6207              235.6207
  7.9371184e-50       116.88581      0.24597303      0.96477139       3.2508762      0.28242999     -0.52966871      -0.52966871       234.83096             234.83096
  1.1578394e-49       116.47745      0.24636124       1.0842638       3.3296198      0.72107929     -0.52966871      -0.52966871       234.01423             234.01423
   1.453883e-48       113.91641      0.25997668      0.93907249        3.089169     0.065046003     -0.52966871      -0.52966871       228.89215             228.89215
  2.1338018e-46        108.8968      0.26417729       1.0026146       3.0849966      0.21693129     -0.52966871      -0.52966871       218.85294             218.85294
  1.7414187e-44       104.46406      0.24839869      0.94340486       3.1462097     0.054441133     -0.52966871      -0.52966871       209.98746             209.98746
  1.9235716e-43       102.03122      0.25685854       1.0296556       3.2419573      0.54816475     -0.52966871      -0.52966871       205.12178             205.12178
  5.9866328e-43       100.86511      0.24740281       1.0120168       3.1645448      0.16649211     -0.52966871      -0.52966871       202.78955             202.78955
  6.9759826e-43       100.68139       0.2562187       1.0218631       3.1718877      0.31504368     -0.52966871      -0.52966871       202.42212             202.42212
  7.8325059e-42       98.232223      0.25591711       1.0030209       3.2286466      0.45002407     -0.52966871      -0.52966871       197.52378             197.52378
  3.3960299e-41       96.734542      0.25869786      0.98874701        3.029888     0.012376935     -0.52966871      -0.52966871       194.52842             194.52842
  2.4182243e-39       92.438174      0.25130683       1.0883627       3.3207613      0.78208345     -0.52966871      -0.52966871       185.93568             185.93568
  4.7822935e-39       91.725515      0.26136774      0.94672691       3.0720478     0.052273945     -0.52966871      -0.52966871       184.51037             184.51037
  7.3778694e-38       88.958594      0.24232225       1.0375172       3.3219953      0.53379525     -0.52966871      -0.52966871       178.97653             178.97653
  7.7869416e-38       88.873859      0.24411991      0.98352023        3.219537      0.20247775     -0.52966871      -0.52966871       178.80706             178.80706
  9.4666695e-38       88.647758      0.24097932         1.00888       3.3273131      0.46186209     -0.52966871      -0.52966871       178.35485             178.35485
  2.7470478e-35       82.946482      0.25633943      0.96016478       3.0617939     0.020599447     -0.52966871      -0.52966871        166.9523              166.9523
  1.1077475e-34       81.521323      0.26717564      0.95911635       3.0034326      0.00981195     -0.52966871      -0.52966871       164.10198             164.10198
   1.758244e-34       81.028565      0.25368586       1.0379244       3.1783309      0.34034831     -0.52966871      -0.52966871       163.11647             163.11647
  2.2368652e-34       80.757033      0.25320113      0.99517979       3.1234171      0.12432237     -0.52966871      -0.52966871        162.5734              162.5734
  2.1884048e-34       80.748164      0.26455176      0.97785357       3.0264354     0.062608891     -0.52966871      -0.52966871       162.55567             162.55567
  3.2892209e-34       80.309914      0.25768033       1.0067099        3.162882      0.29397035     -0.52966871      -0.52966871       161.67917             161.67917
  5.8718305e-34       79.699627      0.24259403       1.0357349        3.350668       0.5957163     -0.52966871      -0.52966871       160.45859             160.45859
  6.8707135e-34       79.511754      0.25694787       1.0359613        3.221655      0.48919056     -0.52966871      -0.52966871       160.08285             160.08285
  4.4710101e-33       77.608051      0.24765472       1.0798782       3.3234261      0.69826819     -0.52966871      -0.52966871       156.27544             156.27544
  1.2571738e-32       76.543442      0.25280653       0.9849754       3.1780981      0.22610518     -0.52966871      -0.52966871       154.14622             154.14622
  3.6375132e-32       75.450236      0.25600529       1.0382711       3.1947893      0.40939187     -0.52966871      -0.52966871       151.95981             151.95981
  3.9919093e-32       75.326495      0.24455165      0.98218826       3.2703521      0.33892191     -0.52966871      -0.52966871       151.71233             151.71233
  4.7298727e-32       75.126095      0.25719934        1.027315       3.1527194       0.3100468     -0.52966871      -0.52966871       151.31153             151.31153
   4.855937e-32        75.06902      0.25737021       0.9876441       3.1870435      0.33585808     -0.52966871      -0.52966871       151.19738             151.19738
  7.9945134e-31       72.237109        0.253513       1.0022482       3.0923296      0.10286545     -0.52966871      -0.52966871       145.53356             145.53356
  1.4037663e-30       71.643349      0.24626498       1.0224466       3.3059981       0.5037454     -0.52966871      -0.52966871       144.34604             144.34604
  1.8366011e-30        71.34382      0.25564683      0.98252026       3.1959765      0.31933374     -0.52966871      -0.52966871       143.74698             143.74698
  2.0701643e-30       71.193337      0.26245579      0.99609984       3.0925203      0.19261632     -0.52966871      -0.52966871       143.44601             143.44601
  4.1112474e-29       68.173882      0.24289576       1.0473177        3.329441      0.55538186     -0.52966871      -0.52966871        137.4071              137.4071
  5.6034073e-29       67.833462      0.24893884       1.0716072        3.319902       0.6942374     -0.52966871      -0.52966871       136.72626             136.72626
  2.5665096e-28       66.280933      0.24987879       1.0554799       3.3147591      0.67376419     -0.52966871      -0.52966871        133.6212              133.6212
  8.7850903e-28       65.019652      0.26466511      0.97054025       3.0321672     0.035728362     -0.52966871      -0.52966871       131.09864             131.09864
  1.0752926e-27       64.786758      0.24406284        0.998447       3.2842545      0.39637308     -0.52966871      -0.52966871       130.63285             130.63285
  3.2448052e-27       63.651524       0.2463926       1.0036235       3.2839619       0.4223634     -0.52966871      -0.52966871       128.36239             128.36239
  4.0508023e-27       63.398893      0.24364061      0.98015476       3.2360371      0.23625684     -0.52966871      -0.52966871       127.85712             127.85712
   5.960072e-27       62.981954      0.24493215       1.0609115       3.3214943      0.60866933     -0.52966871      -0.52966871       127.02324             127.02324
  1.6899311e-26       61.908992       0.2569152      0.97828644       3.0967349     0.091091029     -0.52966871      -0.52966871       124.87732             124.87732
  9.4407992e-26       60.157867      0.24846206       0.9832091       3.2381384      0.31187453     -0.52966871      -0.52966871       121.37507             121.37507
  1.0575351e-24       57.711025      0.24733656         1.04103       3.2450407      0.41379562     -0.52966871      -0.52966871       116.48139             116.48139
  1.1379786e-24       57.606941      0.24337705       1.0321028       3.3039264      0.48871641     -0.52966871      -0.52966871       116.27322             116.27322
  1.6433715e-24       57.208673      0.26651763      0.97769932       3.0033049     0.020301196     -0.52966871      -0.52966871       115.47668             115.47668
  7.4783258e-24       55.662642      0.24783978       1.0547653       3.3049515      0.59211923     -0.52966871      -0.52966871       112.38462             112.38462
  1.0664823e-23       55.276929      0.26057688      0.99000684       3.1177819      0.22398052     -0.52966871      -0.52966871       111.61319             111.61319
  1.6908541e-23       54.785289       0.2581537      0.98402852       3.1547657      0.25852893     -0.52966871      -0.52966871       110.62992             110.62992
  1.1586265e-22       52.829931      0.25182727      0.98936018       3.2298948      0.36039794     -0.52966871      -0.52966871        106.7192              106.7192
  2.5670881e-22       52.003622      0.26188415      0.94385417       3.0560378     0.027162614     -0.52966871      -0.52966871       105.06658             105.06658
  2.6322733e-22       51.947775      0.25218881       1.0252397       3.1728434      0.28442285     -0.52966871      -0.52966871       104.95489             104.95489
  5.1642133e-22       51.243098      0.24508307       1.0461072       3.3213109      0.58310119     -0.52966871      -0.52966871       103.54553             103.54553
  5.6517166e-22        51.12212      0.25805327      0.96085467       3.0484636    0.0014335358     -0.52966871      -0.52966871       103.30358             103.30358
  6.2422027e-22       50.991974      0.25583326       1.0225282       3.2083308      0.41793979     -0.52966871      -0.52966871       103.04329             103.04329
  7.0977538e-22       50.832758      0.25350126       1.0049269       3.1861859      0.31885411     -0.52966871      -0.52966871       102.72485             102.72485
  2.0355998e-21       49.748389       0.2537586      0.98960003       3.2097397        0.336274     -0.52966871      -0.52966871       100.55611             100.55611
  2.6287271e-21       49.461908      0.25440359       1.0083165       3.1078592      0.14468767     -0.52966871      -0.52966871       99.983153             99.983153
  4.3065049e-21       48.937509      0.26193939      0.98773045       3.0609133     0.099456737     -0.52966871      -0.52966871       98.934356             98.934356
  5.7506337e-21       48.617554      0.24595272       1.0490932       3.2966285      0.53032091     -0.52966871      -0.52966871       98.294446             98.294446
  9.6197721e-21       48.072272      0.26114863      0.94331518       3.0508344     0.018031178     -0.52966871      -0.52966871       97.203881             97.203881
  2.3622658e-20       47.143115      0.25579604       1.0038761       3.1796026      0.30823189     -0.52966871      -0.52966871       95.345567             95.345567
  2.9691276e-20       46.883696      0.25059896      0.95957619       3.1061882     0.011266839     -0.52966871      -0.52966871       94.826729             94.826729
  7.4479153e-20       45.933258      0.24545499      0.99817607       3.2149246      0.25929291     -0.52966871      -0.52966871       92.925854             92.925854
  3.2621482e-19        44.42545      0.24370294       1.0202416       3.2592401      0.35989779     -0.52966871      -0.52966871       89.910237             89.910237
  8.3057601e-17       39.643402      0.25321624       0.9467355       3.1148358     0.063362549     -0.52966871      -0.52966871       80.346141             80.346141
  1.8783075e-15       36.391279      0.26186286      0.95431099       3.0449479    0.0018942719     -0.52966871      -0.52966871       73.841895             73.841895
  3.6503238e-15       35.662295      0.26175398       0.9777821       3.0689194       0.1117446     -0.52966871      -0.52966871       72.383928             72.383928
   3.643325e-15       35.599676      0.25664212      0.94744923       3.0918422     0.059905764     -0.52966871      -0.52966871       72.258689             72.258689
  4.5302631e-15       35.381793      0.25685337      0.96247232       3.1128854      0.11450999     -0.52966871      -0.52966871       71.822923             71.822923
  4.6206415e-15       35.362039      0.25576752      0.98939276       3.0740013      0.07057945     -0.52966871      -0.52966871       71.783416             71.783416
  4.5027019e-15       35.313787      0.26134189      0.97994235       3.0789211      0.12806687     -0.52966871      -0.52966871       71.686911             71.686911
  1.3943515e-14        34.18345      0.25625865      0.98962333        3.093091      0.12078695     -0.52966871      -0.52966871       69.426238             69.426238
  3.0159689e-14       33.257808      0.26004741      0.94530045       3.0597187     0.012603867     -0.52966871      -0.52966871       67.574953             67.574953
  5.4530989e-13        30.15532      0.25436635      0.95028222       3.0963931     0.032315581     -0.52966871      -0.52966871       61.369978             61.369978
  1.1585312e-12       29.337228      0.25850344       0.9561228       3.0898309     0.089504864     -0.52966871      -0.52966871       59.733793             59.733793
  1.6388399e-12       28.990392      0.25972498      0.96578053       3.0419437     0.014336736     -0.52966871      -0.52966871       59.040122             59.040122
  2.7041118e-12       28.489607      0.25725484      0.99035786          3.0908      0.10928437     -0.52966871      -0.52966871       58.038552             58.038552
  1.2809335e-11       26.791106       0.2569596       0.9632498       3.0935282     0.094355092     -0.52966871      -0.52966871       54.641549             54.641549
  1.3295652e-10       24.382265      0.25511123      0.95045346       3.0936538     0.047559152     -0.52966871      -0.52966871       49.823867             49.823867
  1.4254211e-10        24.31265      0.25758364       0.9848531       3.0986062      0.12283207     -0.52966871      -0.52966871       49.684637             49.684637
  5.1851086e-10       23.021326      0.25990564      0.97255383       3.0833849      0.10620706     -0.52966871      -0.52966871        47.10199              47.10199
  9.9959614e-10       22.364936      0.25465249      0.98512876       3.1235725      0.13894638     -0.52966871      -0.52966871       45.789209             45.789209
  8.3094643e-09       20.080083      0.25537878      0.95062573       3.0794077     0.015771139     -0.52966871      -0.52966871       41.219503             41.219503
  1.2835954e-08       19.645228      0.25504818       0.9518794       3.0870869     0.023577412     -0.52966871      -0.52966871       40.349793             40.349793
  3.4461226e-08       18.570632      0.25947229      0.97013173        3.052277     0.040380582     -0.52966871      -0.52966871       38.200601             38.200601
  1.8366959e-07       16.587173       0.2525921       0.9644294       3.1018851     0.056190395     -0.52966871      -0.52966871       34.233683             34.233683
  2.1294546e-07       16.439275      0.25178578      0.98058903       3.1019129     0.064639844     -0.52966871      -0.52966871       33.937888             33.937888
  2.9084423e-07       16.127524      0.25799366        0.967354       3.0576729   0.00055866229     -0.52966871      -0.52966871       33.314385             33.314385
  3.3474942e-07       15.986929      0.25781126      0.96719422       3.0587547   0.00059159043     -0.52966871      -0.52966871       33.033196             33.033196
  9.5495309e-07       14.851638      0.24911273      0.97664035       3.1412278      0.10472794     -0.52966871      -0.52966871       30.762613             30.762613
  9.7838903e-07       14.660339      0.25511118      0.98331357       3.1013287      0.09618787     -0.52966871      -0.52966871       30.380015             30.380015
  8.8822953e-07       14.602865      0.25668454      0.96928147       3.0710369     0.025265874     -0.52966871      -0.52966871       30.265068             30.265068
  1.4114856e-06       14.065589      0.25752763      0.96153435       3.0925279     0.088277705     -0.52966871      -0.52966871       29.190516             29.190516
  2.8723625e-06       13.211996      0.25302529      0.96573353       3.0829763    0.0074019451     -0.52966871      -0.52966871        27.48333              27.48333
  3.9246179e-06       12.899862      0.25498319      0.98528105        3.086379     0.067921457     -0.52966871      -0.52966871       26.859062             26.859062
  1.1772625e-05       11.593715      0.25301721      0.96207062       3.1013957     0.045006014     -0.52966871      -0.52966871       24.246767             24.246767
  1.5087904e-05       11.345598      0.25421756      0.96108091       3.1058647     0.069126313     -0.52966871      -0.52966871       23.750534             23.750534
  1.6622431e-05       11.179746       0.2570161       0.9786063       3.0904151      0.10433755     -0.52966871      -0.52966871       23.418829             23.418829
  2.5038123e-05       10.701107      0.25382695      0.98642926        3.108392       0.1027497     -0.52966871      -0.52966871        22.46155              22.46155
  3.1167775e-05       10.482121      0.25576395      0.97592835       3.0675566     0.017604289     -0.52966871      -0.52966871        22.02358              22.02358
  5.3944862e-05       9.7904428      0.25288904      0.97672177       3.1215046      0.11945993     -0.52966871      -0.52966871       20.640223             20.640223
  5.8693244e-05       9.6370877      0.25728199       0.9763742       3.0864976     0.083459422     -0.52966871      -0.52966871       20.333513             20.333513
  6.5344956e-05       9.5297321      0.25746956      0.95882332       3.0652493     0.024296213     -0.52966871      -0.52966871       20.118802             20.118802
  7.4772133e-05       9.2518663       0.2567224      0.98435074       3.0802557     0.080386967     -0.52966871      -0.52966871        19.56307              19.56307
  0.00014506422       8.5201421      0.25487107       0.9619647       3.0928617       0.0593253     -0.52966871      -0.52966871       18.099622             18.099622
  0.00015277826       8.3993382       0.2563322      0.97628787       3.1047042      0.11247029     -0.52966871      -0.52966871       17.858014             17.858014
  0.00073713527       7.6728522      0.25947464      0.96744291        3.063629     0.054980804     -0.52966871      -0.52966871       16.405042             16.405042
   0.0013478517       6.7328841      0.25485775      0.97849703       3.0803744     0.051358761     -0.52966871      -0.52966871       14.525106             14.525106
      0.0018924       6.2393996      0.25289503      0.96530853       3.1017227      0.05426226     -0.52966871      -0.52966871       13.538137             13.538137
   0.0050755649       5.0986569      0.25547494      0.96390495       3.0996134     0.080486148     -0.52966871      -0.52966871       11.256651             11.256651
   0.0051393714       4.9320133      0.25400736      0.96682409       3.0920422     0.051635609     -0.52966871      -0.52966871       10.923364             10.923364
   0.0045384031       4.7686868      0.25389773      0.96346356       3.0953872     0.048156097     -0.52966871      -0.52966871       10.596711             10.596711
   0.0067022254        4.245291      0.25729776      0.97352973       3.0773615     0.061132192     -0.52966871      -0.52966871       9.5499194             9.5499194
   0.0095056466       3.7623132      0.25659176      0.97193428       3.0963935     0.098615692     -0.52966871      -0.52966871       8.5839639             8.5839639
    0.011151935       3.6025862      0.25289286      0.96802685       3.1147327     0.085859506     -0.52966871      -0.52966871       8.2645099             8.2645099
     0.01419214        3.361511      0.25206034      0.97248476       3.1200573     0.092967072     -0.52966871      -0.52966871       7.7823594             7.7823594
    0.016714309        3.197934      0.25760172      0.96635273       3.0781476     0.061665707     -0.52966871      -0.52966871       7.4552055             7.4552055
    0.022191508       2.9144896      0.25508021      0.97734627       3.0869434     0.066963506     -0.52966871      -0.52966871       6.8883165             6.8883165
    0.054601696       2.0141343      0.25474066      0.97729128       3.0884215     0.062513287     -0.52966871      -0.52966871        5.087606              5.087606
    0.079494622       1.2330448       0.2553803      0.96646877       3.0915048     0.062105515     -0.52966871      -0.52966871       3.5254269             3.5254269
    0.087692269       1.1349004      0.25513134      0.96948691       3.0842563     0.044834964     -0.52966871      -0.52966871       3.3291382             3.3291382
