#        weight    minuslogpost         omega_c             n_s            lnas            m_nu   minuslogprior minuslogprior__0            chi2 chi2__likelihood_CAMB
 1.9127257e-319       740.06102      0.26937086       1.1198364       3.1280237      0.58241963     -0.52966871      -0.52966871       1481.1814             1481.1814
 3.0205619e-306       709.63973      0.26812948       1.1196209       3.1005196      0.52344605     -0.52966871      -0.52966871       1420.3388             1420.3388
 2.1066935e-296       686.94343      0.26124184       1.1234036       3.1345605      0.49421417     -0.52966871      -0.52966871       1374.9462             1374.9462
 6.4925734e-295       683.48454       0.2697952      0.96974478       3.1532085      0.45081158     -0.52966871      -0.52966871       1368.0284             1368.0284
 3.8734209e-293       679.36512       0.2614567      0.89416238       3.1655071      0.19333345     -0.52966871      -0.52966871       1359.7896             1359.7896
 5.7083975e-288       667.43362      0.23819581      0.90537644       3.3126938       0.2397129     -0.52966871      -0.52966871       1335.9266             1335.9266
 4.4652138e-285       660.74071      0.26370608       0.9488703        3.221646      0.42714557     -0.52966871      -0.52966871       1322.5408             1322.5408
  1.757995e-277       643.22141      0.26073353      0.99311639       3.2245382      0.42873806     -0.52966871      -0.52966871       1287.5021             1287.5021
 1.4776904e-261       606.52297      0.22046119       1.0186568       3.3977036      0.32293792     -0.52966871      -0.52966871       1214.1053             1214.1053
 3.3655906e-253       587.24839      0.25591248       1.0287304       3.2949915      0.74270001     -0.52966871      -0.52966871       1175.5561             1175.5561
 8.6521088e-253       586.27342      0.22941227       1.1039675       3.3805528      0.54266506     -0.52966871      -0.52966871       1173.6062             1173.6062
 3.5710154e-246        571.0095      0.23311028       1.0238806        3.374483      0.52796807     -0.52966871      -0.52966871       1143.0783             1143.0783
 5.2116222e-242       561.39035      0.22587676       1.0684001       3.4241311      0.57339078     -0.52966871      -0.52966871         1123.84               1123.84
 6.1539266e-234        542.7727      0.24189667      0.94154875       3.1961172      0.13796542     -0.52966871      -0.52966871       1086.6047             1086.6047
 5.7306872e-215       499.06407      0.25657563      0.97986106       3.2885222      0.54207093     -0.52966871      -0.52966871       999.18747             999.18747
 3.7635522e-213        494.8486      0.28641505      0.93039666       2.9300204     0.017641136     -0.52966871      -0.52966871       990.75653             990.75653
 2.0223756e-207        481.6234      0.27843571      0.92837336       3.0008477      0.10813708     -0.52966871      -0.52966871       964.30615             964.30615
 4.3779964e-202       469.30739       0.2708564       1.0596514       3.1478078      0.53365099     -0.52966871      -0.52966871       939.67412             939.67412
 5.3339187e-193       448.35586       0.2680766      0.99658948       3.1869694      0.48306093     -0.52966871      -0.52966871       897.77105             897.77105
 1.1137711e-192       447.58883      0.24987864       1.1139382       3.2411357      0.60388805     -0.52966871      -0.52966871       896.23701             896.23701
 7.2010735e-189       438.78383      0.25538878       1.1078791       3.1858987      0.50420853     -0.52966871      -0.52966871         878.627               878.627
 3.3366586e-184       428.00939      0.23382404         1.04502       3.4698999      0.75189908     -0.52966871      -0.52966871       857.07812             857.07812
 1.0070904e-169       394.63775      0.26026669       1.0556396       3.0321489      0.12700021     -0.52966871      -0.52966871       790.33484             790.33484
 4.7317965e-167       388.45457      0.24182654       1.0632882        3.195568       0.2386545     -0.52966871      -0.52966871       777.96847             777.96847
  2.294637e-164       382.23977      0.27079677       1.0602704       3.1758893      0.67201658     -0.52966871      -0.52966871       765.53888             765.53888
 5.6801272e-164        381.3026      0.23072321       1.0925277        3.447309      0.77752508     -0.52966871      -0.52966871       763.66454             763.66454
 4.9430903e-159       369.89789      0.26534905       1.1026176       3.1734221       0.6443544     -0.52966871      -0.52966871       740.85511             740.85511
 4.7441319e-155       360.69786      0.25510614       1.0190319       3.3298921      0.76293184     -0.52966871      -0.52966871       722.45505             722.45505
 1.5894921e-152       354.85282      0.26688344       1.0508698       3.0754835      0.28227106     -0.52966871      -0.52966871       710.76498             710.76498
 2.8726773e-148       345.01988      0.23914868       0.9495126       3.3281996      0.34272984     -0.52966871      -0.52966871        691.0991              691.0991
 5.5542585e-147        342.0272      0.22682968       1.0288033        3.424484      0.49077126     -0.52966871      -0.52966871       685.11375             685.11375
 9.1474878e-144       334.58976       0.2485749      0.92711755       3.2014527      0.19609322     -0.52966871      -0.52966871       670.23886             670.23886
  2.464139e-141       328.96287      0.24927498       1.0639613       3.1925793      0.32145914     -0.52966871      -0.52966871       658.98508             658.98508
 2.6673203e-140       326.55028      0.25410423       1.0310471       3.2266737      0.50460371     -0.52966871      -0.52966871       654.15991             654.15991
 3.0003745e-138       321.79668      0.24739559       1.1128557       3.3023604      0.73819905     -0.52966871      -0.52966871        644.6527              644.6527
 7.7197604e-137       318.51828      0.26000791       1.0690015       3.1199615      0.35249824     -0.52966871      -0.52966871       638.09589             638.09589
 1.8711549e-135       315.29956      0.23566598       1.0462004       3.4455239      0.78424578     -0.52966871      -0.52966871       631.65846             631.65846
 4.0200323e-129       300.68855      0.26199146       1.0823087       3.1672914      0.50675122     -0.52966871      -0.52966871       602.43643             602.43643
 3.1603085e-127       296.29322      0.26828839       1.0328976       3.1740456      0.56152812     -0.52966871      -0.52966871       593.64579             593.64579
 1.4724496e-126       294.72361      0.23915229       1.0185335        3.412443       0.6952034     -0.52966871      -0.52966871       590.50656             590.50656
 2.2718285e-121       282.74625      0.26812297      0.93101323        3.081538      0.15083856     -0.52966871      -0.52966871       566.55185             566.55185
 6.2929381e-118       274.78888      0.24713891       1.1145848       3.3366505      0.77061393     -0.52966871      -0.52966871       550.63711             550.63711
 1.8277322e-114       266.78412       0.2461625        1.022265       3.3248944      0.60912942     -0.52966871      -0.52966871       534.62759             534.62759
  2.793035e-114        266.3293      0.24204607       1.0331786       3.2223587      0.29493868     -0.52966871      -0.52966871       533.71794             533.71794
 2.0760241e-113       264.29262       0.2517871       1.0978972       3.3010983      0.71478437     -0.52966871      -0.52966871       529.64457             529.64457
 7.9435129e-111       258.31478      0.25614639       1.0062823       3.2908722      0.61418899     -0.52966871      -0.52966871       517.68889             517.68889
 3.2440694e-108       252.27178      0.26464983      0.95369316       3.0936261      0.19373865     -0.52966871      -0.52966871       505.60289             505.60289
 6.2616698e-108       251.58339      0.27163887      0.94920597       3.0443024      0.12349355     -0.52966871      -0.52966871       504.22611             504.22611
 3.7885944e-107       249.75248      0.27356939      0.98741161       2.9604845     0.042600808     -0.52966871      -0.52966871        500.5643              500.5643
 1.1542221e-106       248.60769      0.24794892       1.0654428       3.2224254      0.42918858     -0.52966871      -0.52966871       498.27472             498.27472
 1.7985382e-105       245.83079        0.235289       1.0273037       3.3788789      0.49768006     -0.52966871      -0.52966871       492.72091             492.72091
 7.9249999e-105       244.31697      0.25469252       1.0384604       3.2634234      0.61862384     -0.52966871      -0.52966871       489.69327             489.69327
 1.3940228e-103       241.41885      0.25799906       1.0514515       3.2502784      0.58623896     -0.52966871      -0.52966871       483.89705             483.89705
 1.5764099e-100       234.35737      0.26407952      0.91200439       3.0616228     0.014776205     -0.52966871      -0.52966871       469.77408             469.77408
 5.7833607e-100       233.02676       0.2572531       1.0400524       3.2482429      0.54486692     -0.52966871      -0.52966871       467.11287             467.11287
  4.0769336e-96       224.13529      0.26430056       1.0392967       3.2168097      0.60734752     -0.52966871      -0.52966871       449.32992             449.32992
  1.2255209e-88       206.88582      0.24473236       1.0257244       3.2127147      0.30078216     -0.52966871      -0.52966871       414.83098             414.83098
  5.7788995e-88        205.3042      0.25450114       1.0863896       3.2390493      0.57932744     -0.52966871      -0.52966871       411.66774             411.66774
  1.5898258e-87       204.26143      0.24791361      0.99496893       3.2895008      0.48671416     -0.52966871      -0.52966871        409.5822              409.5822
   2.739875e-85        199.0812      0.24822289        1.052371       3.1934399      0.33360785     -0.52966871      -0.52966871       399.22174             399.22174
  9.1557099e-79       184.02846      0.24492824       1.0409546       3.3702845      0.73385671     -0.52966871      -0.52966871       369.11625             369.11625
  4.2059731e-75       175.56522      0.26218302      0.95384449       3.0597691     0.090234221     -0.52966871      -0.52966871       352.18977             352.18977
  4.0881783e-73       170.95768      0.25961151       1.0041321       3.1213745      0.26458406     -0.52966871      -0.52966871        342.9747              342.9747
  5.8490312e-72       168.26615      0.23740044       1.0173441        3.376024      0.52729384     -0.52966871      -0.52966871       337.59163             337.59163
  5.9319417e-72        168.2213      0.24416612       1.0088044       3.2900712      0.45096976     -0.52966871      -0.52966871       337.50194             337.50194
  3.8329029e-67       157.11433      0.26499454       1.0070534       3.1410808      0.36545284     -0.52966871      -0.52966871         315.288               315.288
  5.2448951e-67       156.76993      0.24608983      0.96437785       3.1371068     0.016545469     -0.52966871      -0.52966871       314.59919             314.59919
  9.6299578e-67       156.13153      0.25658915       1.0419312       3.2013599       0.4732899     -0.52966871      -0.52966871        313.3224              313.3224
  1.5354626e-66       155.63422      0.25110118       1.0083288        3.258245      0.47920839     -0.52966871      -0.52966871       312.32778             312.32778
  2.2810096e-63       148.29991      0.23733296      0.98781871       3.2307248      0.15455594     -0.52966871      -0.52966871       297.65915             297.65915
  2.0006171e-60       141.49254      0.24370923       1.0341589       3.2961391      0.44007259     -0.52966871      -0.52966871       284.04442             284.04442
  4.7426831e-59       138.29604      0.24709783       1.0217159       3.2852118      0.44604536     -0.52966871      -0.52966871       277.65142             277.65142
  3.1661123e-56       131.76161      0.24552855        1.054934       3.2417271      0.40200499     -0.52966871      -0.52966871       264.58256             264.58256
  2.2246968e-55       129.78114      0.25012101      0.96145644       3.2198716      0.25801065     -0.52966871      -0.52966871       260.62161             260.62161
  3.4671338e-54       127.00407      0.24570483      0.94757631       3.1932471      0.15187396     -0.52966871      -0.52966871       255.06749             255.06749
  1.3267269e-53       125.63133      0.24668199       1.0754695       3.3583034      0.75502436     -0.52966871      -0.52966871         252.322               252.322
  6.4326657e-53       124.02188      0.23699373       0.9987165       3.2862374      0.28142305     -0.52966871      -0.52966871       249.10311             249.10311
  6.2501416e-53        124.0199      0.27001988      0.97879592       3.0054316     0.073612413     -0.52966871      -0.52966871       249.09913             249.09913
  1.3344464e-50       118.62546      0.24544104       1.0665004       3.3201255      0.59858505     -0.52966871      -0.52966871       238.31025             238.31025
  4.9655426e-50       117.28068       0.2412887       1.0087935        3.344041      0.50636362     -0.52966871      -0.52966871        235.6207              235.6207
   7.146498e-50       116.88581      0.24597303      0.96477139       3.2508762      0.28242999     -0.52966871      -0.52966871       234.83096             234.83096
  1.0425065e-49       116.47745      0.24636124       1.0842638       3.3296198      0.72107929     -0.52966871      -0.52966871       234.01423             234.01423
  1.3090609e-48       113.91641      0.25997668      0.93907249        3.089169     0.065046003     -0.52966871      -0.52966871       228.89215             228.89215
  1.9212527e-46        108.8968      0.26417729       1.0026146       3.0849966      0.21693129     -0.52966871      -0.52966871       218.85294             218.85294
  1.5679551e-44       104.46406      0.24839869      0.94340486       3.1462097     0.054441133     -0.52966871      -0.52966871       209.98746             209.98746
  1.7319637e-43       102.03122      0.25685854       1.0296556       3.2419573      0.54816475     -0.52966871      -0.52966871       205.12178             205.12178
  5.3903013e-43       100.86511      0.24740281       1.0120168       3.1645448      0.16649211     -0.52966871      -0.52966871       202.78955             202.78955
  6.2811015e-43       100.68139       0.2562187       1.0218631       3.1718877      0.31504368     -0.52966871      -0.52966871       202.42212             202.42212
   7.052306e-42       98.232223      0.25591711       1.0030209       3.2286466      0.45002407     -0.52966871      -0.52966871       197.52378             197.52378
  3.0577496e-41       96.734542      0.25869786      0.98874701        3.029888     0.012376935     -0.52966871      -0.52966871       194.52842             194.52842
  2.1773438e-39       92.438174      0.25130683       1.0883627       3.3207613      0.78208345     -0.52966871      -0.52966871       185.93568             185.93568
  4.3059269e-39       91.725515      0.26136774      0.94672691       3.0720478     0.052273945     -0.52966871      -0.52966871       184.51037             184.51037
  6.6429562e-38       88.958594      0.24232225       1.0375172       3.3219953      0.53379525     -0.52966871      -0.52966871       178.97653             178.97653
  7.0112805e-38       88.873859      0.24411991      0.98352023        3.219537      0.20247775     -0.52966871      -0.52966871       178.80706             178.80706
  8.5236898e-38       88.647758      0.24097932         1.00888       3.3273131      0.46186209     -0.52966871      -0.52966871       178.35485             178.35485
   2.473413e-35       82.946482      0.25633943      0.96016478       3.0617939     0.020599447     -0.52966871      -0.52966871        166.9523              166.9523
  9.9740418e-35       81.521323      0.26717564      0.95911635       3.0034326      0.00981195     -0.52966871      -0.52966871       164.10198             164.10198
  1.5831044e-34       81.028565      0.25368586       1.0379244       3.1783309      0.34034831     -0.52966871      -0.52966871       163.11647             163.11647
  2.0140499e-34       80.757033      0.25320113      0.99517979       3.1234171      0.12432237     -0.52966871      -0.52966871        162.5734              162.5734
  1.9704167e-34       80.748164      0.26455176      0.97785357       3.0264354     0.062608891     -0.52966871      -0.52966871       162.55567             162.55567
  2.9615799e-34       80.309914      0.25768033       1.0067099        3.162882      0.29397035     -0.52966871      -0.52966871       161.67917             161.67917
  5.2869346e-34       79.699627      0.24259403       1.0357349        3.350668       0.5957163     -0.52966871      -0.52966871       160.45859             160.45859
  6.1863183e-34       79.511754      0.25694787       1.0359613        3.221655      0.48919056     -0.52966871      -0.52966871       160.08285             160.08285
  4.0256505e-33       77.608051      0.24765472       1.0798782       3.3234261      0.69826819     -0.52966871      -0.52966871       156.27544             156.27544
  1.1319461e-32       76.543442      0.25280653       0.9849754       3.1780981      0.22610518     -0.52966871      -0.52966871       154.14622             154.14622
  3.2751787e-32       75.450236      0.25600529       1.0382711       3.1947893      0.40939187     -0.52966871      -0.52966871       151.95981             151.95981
  3.5942732e-32       75.326495      0.24455165      0.98218826       3.2703521      0.33892191     -0.52966871      -0.52966871       151.71233             151.71233
  4.2587277e-32       75.126095      0.25719934        1.027315       3.1527194       0.3100468     -0.52966871      -0.52966871       151.31153             151.31153
  4.3722347e-32        75.06902      0.25737021       0.9876441       3.1870435      0.33585808     -0.52966871      -0.52966871       151.19738             151.19738
  7.1981759e-31       72.237109        0.253513       1.0022482       3.0923296      0.10286545     -0.52966871      -0.52966871       145.53356             145.53356
  1.2639364e-30       71.643349      0.24626498       1.0224466       3.3059981       0.5037454     -0.52966871      -0.52966871       144.34604             144.34604
  1.6536563e-30        71.34382      0.25564683      0.98252026       3.1959765      0.31933374     -0.52966871      -0.52966871       143.74698             143.74698
  1.8639542e-30       71.193337      0.26245579      0.99609984       3.0925203      0.19261632     -0.52966871      -0.52966871       143.44601             143.44601
   3.701724e-29       68.173882      0.24289576       1.0473177        3.329441      0.55538186     -0.52966871      -0.52966871        137.4071              137.4071
  5.0452491e-29       67.833462      0.24893884       1.0716072        3.319902       0.6942374     -0.52966871      -0.52966871       136.72626             136.72626
  2.3108583e-28       66.280933      0.24987879       1.0554799       3.3147591      0.67376419     -0.52966871      -0.52966871        133.6212              133.6212
   7.910003e-28       65.019652      0.26466511      0.97054025       3.0321672     0.035728362     -0.52966871      -0.52966871       131.09864             131.09864
  9.6818219e-28       64.786758      0.24406284        0.998447       3.2842545      0.39637308     -0.52966871      -0.52966871       130.63285             130.63285
  2.9215886e-27       63.651524       0.2463926       1.0036235       3.2839619       0.4223634     -0.52966871      -0.52966871       128.36239             128.36239
  3.6472998e-27       63.398893      0.24364061      0.98015476       3.2360371      0.23625684     -0.52966871      -0.52966871       127.85712             127.85712
  5.3663862e-27       62.981954      0.24493215       1.0609115       3.3214943      0.60866933     -0.52966871      -0.52966871       127.02324             127.02324
  1.5215962e-26       61.908992       0.2569152      0.97828644       3.0967349     0.091091029     -0.52966871      -0.52966871       124.87732             124.87732
  8.5003964e-26       60.157867      0.24846206       0.9832091       3.2381384      0.31187453     -0.52966871      -0.52966871       121.37507             121.37507
  9.5219347e-25       57.711025      0.24733656         1.04103       3.2450407      0.41379562     -0.52966871      -0.52966871       116.48139             116.48139
   1.024624e-24       57.606941      0.24337705       1.0321028       3.3039264      0.48871641     -0.52966871      -0.52966871       116.27322             116.27322
  1.4796745e-24       57.208673      0.26651763      0.97769932       3.0033049     0.020301196     -0.52966871      -0.52966871       115.47668             115.47668
   6.733406e-24       55.662642      0.24783978       1.0547653       3.3049515      0.59211923     -0.52966871      -0.52966871       112.38462             112.38462
  9.6024948e-24       55.276929      0.26057688      0.99000684       3.1177819      0.22398052     -0.52966871      -0.52966871       111.61319             111.61319
  1.5224273e-23       54.785289       0.2581537      0.98402852       3.1547657      0.25852893     -0.52966871      -0.52966871       110.62992             110.62992
  1.0432151e-22       52.829931      0.25182727      0.98936018       3.2298948      0.36039794     -0.52966871      -0.52966871        106.7192              106.7192
  2.3113792e-22       52.003622      0.26188415      0.94385417       3.0560378     0.027162614     -0.52966871      -0.52966871       105.06658             105.06658
  2.3700712e-22       51.947775      0.25218881       1.0252397       3.1728434      0.28442285     -0.52966871      -0.52966871       104.95489             104.95489
  4.6498034e-22       51.243098      0.24508307       1.0461072       3.3213109      0.58310119     -0.52966871      -0.52966871       103.54553             103.54553
  5.0887463e-22        51.12212      0.25805327      0.96085467       3.0484636    0.0014335358     -0.52966871      -0.52966871       103.30358             103.30358
  5.6204138e-22       50.991974      0.25583326       1.0225282       3.2083308      0.41793979     -0.52966871      -0.52966871       103.04329             103.04329
   6.390743e-22       50.832758      0.25350126       1.0049269       3.1861859      0.31885411     -0.52966871      -0.52966871       102.72485             102.72485
  1.8328327e-21       49.748389       0.2537586      0.98960003       3.2097397        0.336274     -0.52966871      -0.52966871       100.55611             100.55611
  2.3668783e-21       49.461908      0.25440359       1.0083165       3.1078592      0.14468767     -0.52966871      -0.52966871       99.983153             99.983153
  3.8775318e-21       48.937509      0.26193939      0.98773045       3.0609133     0.099456737     -0.52966871      -0.52966871       98.934356             98.934356
  5.1778102e-21       48.617554      0.24595272       1.0490932       3.2966285      0.53032091     -0.52966871      -0.52966871       98.294446             98.294446
  8.6615418e-21       48.072272      0.26114863      0.94331518       3.0508344     0.018031178     -0.52966871      -0.52966871       97.203881             97.203881
  2.1269594e-20       47.143115      0.25579604       1.0038761       3.1796026      0.30823189     -0.52966871      -0.52966871       95.345567             95.345567
  2.6733713e-20       46.883696      0.25059896      0.95957619       3.1061882     0.011266839     -0.52966871      -0.52966871       94.826729             94.826729
  6.7060248e-20       45.933258      0.24545499      0.99817607       3.2149246      0.25929291     -0.52966871      -0.52966871       92.925854             92.925854
   2.937204e-19        44.42545      0.24370294       1.0202416       3.2592401      0.35989779     -0.52966871      -0.52966871       89.910237             89.910237
  7.4784192e-17       39.643402      0.25321624       0.9467355       3.1148358     0.063362549     -0.52966871      -0.52966871       80.346141             80.346141
  1.6912084e-15       36.391279      0.26186286      0.95431099       3.0449479    0.0018942719     -0.52966871      -0.52966871       73.841895             73.841895
  3.2867133e-15       35.662295      0.26175398       0.9777821       3.0689194       0.1117446     -0.52966871      -0.52966871       72.383928             72.383928
  3.2804116e-15       35.599676      0.25664212      0.94744923       3.0918422     0.059905764     -0.52966871      -0.52966871       72.258689             72.258689
  4.0790013e-15       35.381793      0.25685337      0.96247232       3.1128854      0.11450999     -0.52966871      -0.52966871       71.822923             71.822923
  4.1603771e-15       35.362039      0.25576752      0.98939276       3.0740013      0.07057945     -0.52966871      -0.52966871       71.783416             71.783416
  4.0541855e-15       35.313787      0.26134189      0.97994235       3.0789211      0.12806687     -0.52966871      -0.52966871       71.686911             71.686911
  1.2554595e-14        34.18345      0.25625865      0.98962333        3.093091      0.12078695     -0.52966871      -0.52966871       69.426238             69.426238
  2.7155467e-14       33.257808      0.26004741      0.94530045       3.0597187     0.012603867     -0.52966871      -0.52966871       67.574953             67.574953
   4.909913e-13        30.15532      0.25436635      0.95028222       3.0963931     0.032315581     -0.52966871      -0.52966871       61.369978             61.369978
  1.0431293e-12       29.337228      0.25850344       0.9561228       3.0898309     0.089504864     -0.52966871      -0.52966871       59.733793             59.733793
  1.4755942e-12       28.990392      0.25972498      0.96578053       3.0419437     0.014336736     -0.52966871      -0.52966871       59.040122             59.040122
  2.4347539e-12       28.489607      0.25725484      0.99035786          3.0908      0.10928437     -0.52966871      -0.52966871       58.038552             58.038552
  1.1533391e-11       26.791106       0.2569596       0.9632498       3.0935282     0.094355092     -0.52966871      -0.52966871       54.641549             54.641549
  1.1971266e-10       24.382265      0.25511123      0.95045346       3.0936538     0.047559152     -0.52966871      -0.52966871       49.823867             49.823867
  1.2834342e-10        24.31265      0.25758364       0.9848531       3.0986062      0.12283207     -0.52966871      -0.52966871       49.684637             49.684637
  4.6686174e-10       23.021326      0.25990564      0.97255383       3.0833849      0.10620706     -0.52966871      -0.52966871        47.10199              47.10199
  9.0002587e-10       22.364936      0.25465249      0.98512876       3.1235725      0.13894638     -0.52966871      -0.52966871       45.789209             45.789209
  7.4817544e-09       20.080083      0.25537878      0.95062573       3.0794077     0.015771139     -0.52966871      -0.52966871       41.219503             41.219503
  1.1557358e-08       19.645228      0.25504818       0.9518794       3.0870869     0.023577412     -0.52966871      -0.52966871       40.349793             40.349793
  3.1028526e-08       18.570632      0.25947229      0.97013173        3.052277     0.040380582     -0.52966871      -0.52966871       38.200601             38.200601
  1.6537417e-07       16.587173       0.2525921       0.9644294       3.1018851     0.056190395     -0.52966871      -0.52966871       34.233683             34.233683
  1.9173386e-07       16.439275      0.25178578      0.98058903       3.1019129     0.064639844     -0.52966871      -0.52966871       33.937888             33.937888
  2.6187309e-07       16.127524      0.25799366        0.967354       3.0576729   0.00055866229     -0.52966871      -0.52966871       33.314385             33.314385
  3.0140487e-07       15.986929      0.25781126      0.96719422       3.0587547   0.00059159043     -0.52966871      -0.52966871       33.033196             33.033196
  8.5982974e-07       14.851638      0.24911273      0.97664035       3.1412278      0.10472794     -0.52966871      -0.52966871       30.762613             30.762613
  8.8093121e-07       14.660339      0.25511118      0.98331357       3.1013287      0.09618787     -0.52966871      -0.52966871       30.380015             30.380015
  7.9975254e-07       14.602865      0.25668454      0.96928147       3.0710369     0.025265874     -0.52966871      -0.52966871       30.265068             30.265068
  1.2708868e-06       14.065589      0.25752763      0.96153435       3.0925279     0.088277705     -0.52966871      -0.52966871       29.190516             29.190516
   2.586245e-06       13.211996      0.25302529      0.96573353       3.0829763    0.0074019451     -0.52966871      -0.52966871        27.48333              27.48333
  3.5336847e-06       12.899862      0.25498319      0.98528105        3.086379     0.067921457     -0.52966871      -0.52966871       26.859062             26.859062
  1.0599948e-05       11.593715      0.25301721      0.96207062       3.1013957     0.045006014     -0.52966871      -0.52966871       24.246767             24.246767
   1.358499e-05       11.345598      0.25421756      0.96108091       3.1058647     0.069126313     -0.52966871      -0.52966871       23.750534             23.750534
  1.4966662e-05       11.179746       0.2570161       0.9786063       3.0904151      0.10433755     -0.52966871      -0.52966871       23.418829             23.418829
  2.2544063e-05       10.701107      0.25382695      0.98642926        3.108392       0.1027497     -0.52966871      -0.52966871        22.46155              22.46155
  2.8063138e-05       10.482121      0.25576395      0.97592835       3.0675566     0.017604289     -0.52966871      -0.52966871        22.02358              22.02358
  4.8571388e-05       9.7904428      0.25288904      0.97672177       3.1215046      0.11945993     -0.52966871      -0.52966871       20.640223             20.640223
  5.2846781e-05       9.6370877      0.25728199       0.9763742       3.0864976     0.083459422     -0.52966871      -0.52966871       20.333513             20.333513
  5.8835912e-05       9.5297321      0.25746956      0.95882332       3.0652493     0.024296213     -0.52966871      -0.52966871       20.118802             20.118802
  6.7324044e-05       9.2518663       0.2567224      0.98435074       3.0802557     0.080386967     -0.52966871      -0.52966871        19.56307              19.56307
   0.0001306143       8.5201421      0.25487107       0.9619647       3.0928617       0.0593253     -0.52966871      -0.52966871       18.099622             18.099622
  0.00013755994       8.3993382       0.2563322      0.97628787       3.1047042      0.11247029     -0.52966871      -0.52966871       17.858014             17.858014
   0.0046991196       5.5614147      0.25582264      0.97916709       3.1008093      0.10208937     -0.52966871      -0.52966871       12.182167             12.182167
   0.0085517891       4.8084987      0.25134704       0.9764389        3.126375      0.10426222     -0.52966871      -0.52966871       10.676335             10.676335
    0.010863536       4.5692273      0.25733728       0.9773591       3.0833655      0.08597084     -0.52966871      -0.52966871       10.197792             10.197792
    0.055314183       1.4600053      0.25358646      0.97818406       3.1146465      0.10497222     -0.52966871      -0.52966871        3.979348              3.979348
    0.055850049       1.4503642      0.25534501      0.97838031       3.1021309      0.10389743     -0.52966871      -0.52966871       3.9600659             3.9600659
    0.058326592       1.3581864      0.25287816      0.97978509       3.1242791      0.11997983     -0.52966871      -0.52966871       3.7757101             3.7757101
    0.057440521       1.3247043      0.25272363      0.97679575       3.1320233      0.13373296     -0.52966871      -0.52966871        3.708746              3.708746
    0.061648006       1.1142515      0.25336497      0.97803292       3.1212534      0.12126332     -0.52966871      -0.52966871       3.2878404             3.2878404
    0.060815048       1.0834033      0.25287676      0.97385449        3.120581      0.10608209     -0.52966871      -0.52966871       3.2261441             3.2261441
    0.060253886       1.0482218      0.25403378      0.96970981       3.1057137     0.083691631     -0.52966871      -0.52966871       3.1557809             3.1557809
    0.059364554       1.0186398      0.25401905      0.97604608       3.1185623      0.11688249     -0.52966871      -0.52966871       3.0966169             3.0966169
     0.05744905       1.0069868      0.25418383      0.97479204       3.1185412      0.11830944     -0.52966871      -0.52966871       3.0733111             3.0733111
    0.057467315        1.006669      0.25271892      0.97857286       3.1221712      0.11331574     -0.52966871      -0.52966871       3.0726753             3.0726753
     0.05628691      0.98090329      0.25424908      0.97868414         3.10335     0.092713248     -0.52966871      -0.52966871        3.021144              3.021144
    0.057008528      0.96816441      0.25403737      0.97861258       3.1229668      0.13263104     -0.52966871      -0.52966871       2.9956663             2.9956663
     0.12085693      0.90990504      0.25303292      0.98082178       3.1250595      0.12742912     -0.52966871      -0.52966871       2.8791475             2.8791475
     0.10950334      0.80788669      0.25377868      0.97477452       3.1199644      0.11817314     -0.52966871      -0.52966871       2.6751108             2.6751108
     0.10055696       0.7978073      0.25268458      0.97880754       3.1294527      0.12897731     -0.52966871      -0.52966871        2.654952              2.654952
     0.10154039      0.78807495      0.25315292      0.97909461       3.1300589      0.13742825     -0.52966871      -0.52966871       2.6354873             2.6354873
     0.10680384      0.73753773      0.25487025      0.97636059       3.1102086      0.11235549     -0.52966871      -0.52966871       2.5344129             2.5344129
     0.10748754      0.73115663      0.25429487      0.97853071       3.1145148      0.11797478     -0.52966871      -0.52966871       2.5216507             2.5216507
     0.10937756      0.71372588       0.2530811      0.97778089       3.1274918      0.12785426     -0.52966871      -0.52966871       2.4867892             2.4867892
     0.10991806      0.55464578      0.25319538      0.97928845       3.1226417      0.12209438     -0.52966871      -0.52966871        2.168629              2.168629
    0.097726786      0.51805455      0.25347866      0.97741964       3.1237641      0.12577096     -0.52966871      -0.52966871       2.0954465             2.0954465
    0.083821622      0.51738857      0.25410593      0.97852249       3.1172569      0.11957133     -0.52966871      -0.52966871       2.0941146             2.0941146
     0.08566014      0.49569195      0.25333914      0.97956632       3.1231032      0.12488713     -0.52966871      -0.52966871       2.0507213             2.0507213
    0.086563845      0.48519732      0.25315172      0.97651354       3.1199324      0.11076287     -0.52966871      -0.52966871       2.0297321             2.0297321
    0.074556926      0.41137306      0.25381739      0.97697499       3.1177986      0.11460029     -0.52966871      -0.52966871       1.8820835             1.8820835
    0.075583636       0.3976962       0.2536619      0.97803243       3.1198149       0.1205283     -0.52966871      -0.52966871       1.8547298             1.8547298
    0.077906285      0.36742938       0.2537328      0.97679316        3.117303      0.11463187     -0.52966871      -0.52966871       1.7941962             1.7941962
    0.086234643      0.26586402      0.25342857      0.97780245       3.1196775      0.11632114     -0.52966871      -0.52966871       1.5910655             1.5910655
