#        weight    minuslogpost         omega_c             n_s            lnas            m_nu   minuslogprior minuslogprior__0            chi2 chi2__likelihood_CAMB
 6.1105545e-319       740.06102      0.26937086       1.1198364       3.1280237      0.58241963     -0.52966871      -0.52966871       1481.1814             1481.1814
 9.6496513e-306       709.63973      0.26812948       1.1196209       3.1005196      0.52344605     -0.52966871      -0.52966871       1420.3388             1420.3388
 6.7301576e-296       686.94343      0.26124184       1.1234036       3.1345605      0.49421417     -0.52966871      -0.52966871       1374.9462             1374.9462
 2.0741528e-294       683.48454       0.2697952      0.96974478       3.1532085      0.45081158     -0.52966871      -0.52966871       1368.0284             1368.0284
 1.2374241e-292       679.36512       0.2614567      0.89416238       3.1655071      0.19333345     -0.52966871      -0.52966871       1359.7896             1359.7896
 1.8236357e-287       667.43362      0.23819581      0.90537644       3.3126938       0.2397129     -0.52966871      -0.52966871       1335.9266             1335.9266
 1.4264815e-284       660.74071      0.26370608       0.9488703        3.221646      0.42714557     -0.52966871      -0.52966871       1322.5408             1322.5408
 5.6161864e-277       643.22141      0.26073353      0.99311639       3.2245382      0.42873806     -0.52966871      -0.52966871       1287.5021             1287.5021
 4.7207099e-261       606.52297      0.22046119       1.0186568       3.3977036      0.32293792     -0.52966871      -0.52966871       1214.1053             1214.1053
 1.0751899e-252       587.24839      0.25591248       1.0287304       3.2949915      0.74270001     -0.52966871      -0.52966871       1175.5561             1175.5561
 2.7640497e-252       586.27342      0.22941227       1.1039675       3.3805528      0.54266506     -0.52966871      -0.52966871       1173.6062             1173.6062
  1.140816e-245        571.0095      0.23311028       1.0238806        3.374483      0.52796807     -0.52966871      -0.52966871       1143.0783             1143.0783
 1.6649332e-241       561.39035      0.22587676       1.0684001       3.4241311      0.57339078     -0.52966871      -0.52966871         1123.84               1123.84
 1.9659668e-233        542.7727      0.24189667      0.94154875       3.1961172      0.13796542     -0.52966871      -0.52966871       1086.6047             1086.6047
 1.8307565e-214       499.06407      0.25657563      0.97986106       3.2885222      0.54207093     -0.52966871      -0.52966871       999.18747             999.18747
 1.2023248e-212        494.8486      0.28641505      0.93039666       2.9300204     0.017641136     -0.52966871      -0.52966871       990.75653             990.75653
 6.4607911e-207        481.6234      0.27843571      0.92837336       3.0008477      0.10813708     -0.52966871      -0.52966871       964.30615             964.30615
 1.3986185e-201       469.30739       0.2708564       1.0596514       3.1478078      0.53365099     -0.52966871      -0.52966871       939.67412             939.67412
 1.7040027e-192       448.35586       0.2680766      0.99658948       3.1869694      0.48306093     -0.52966871      -0.52966871       897.77105             897.77105
 3.5581136e-192       447.58883      0.24987864       1.1139382       3.2411357      0.60388805     -0.52966871      -0.52966871       896.23701             896.23701
 2.3004941e-188       438.78383      0.25538878       1.1078791       3.1858987      0.50420853     -0.52966871      -0.52966871         878.627               878.627
 1.0659471e-183       428.00939      0.23382404         1.04502       3.4698999      0.75189908     -0.52966871      -0.52966871       857.07812             857.07812
 3.2173057e-169       394.63775      0.26026669       1.0556396       3.0321489      0.12700021     -0.52966871      -0.52966871       790.33484             790.33484
 1.5116454e-166       388.45457      0.24182654       1.0632882        3.195568       0.2386545     -0.52966871      -0.52966871       777.96847             777.96847
 7.3305722e-164       382.23977      0.27079677       1.0602704       3.1758893      0.67201658     -0.52966871      -0.52966871       765.53888             765.53888
 1.8146043e-163        381.3026      0.23072321       1.0925277        3.447309      0.77752508     -0.52966871      -0.52966871       763.66454             763.66454
 1.5791465e-158       369.89789      0.26534905       1.1026176       3.1734221       0.6443544     -0.52966871      -0.52966871       740.85511             740.85511
 1.5155862e-154       360.69786      0.25510614       1.0190319       3.3298921      0.76293184     -0.52966871      -0.52966871       722.45505             722.45505
  5.077878e-152       354.85282      0.26688344       1.0508698       3.0754835      0.28227106     -0.52966871      -0.52966871       710.76498             710.76498
 9.1772111e-148       345.01988      0.23914868       0.9495126       3.3281996      0.34272984     -0.52966871      -0.52966871        691.0991              691.0991
 1.7743936e-146        342.0272      0.22682968       1.0288033        3.424484      0.49077126     -0.52966871      -0.52966871       685.11375             685.11375
 2.9223062e-143       334.58976       0.2485749      0.92711755       3.2014527      0.19609322     -0.52966871      -0.52966871       670.23886             670.23886
 7.8720724e-141       328.96287      0.24927498       1.0639613       3.1925793      0.32145914     -0.52966871      -0.52966871       658.98508             658.98508
 8.5211663e-140       326.55028      0.25410423       1.0310471       3.2266737      0.50460371     -0.52966871      -0.52966871       654.15991             654.15991
 9.5851594e-138       321.79668      0.24739559       1.1128557       3.3023604      0.73819905     -0.52966871      -0.52966871        644.6527              644.6527
 2.4661966e-136       318.51828      0.26000791       1.0690015       3.1199615      0.35249824     -0.52966871      -0.52966871       638.09589             638.09589
 5.9776931e-135       315.29956      0.23566598       1.0462004       3.4455239      0.78424578     -0.52966871      -0.52966871       631.65846             631.65846
 1.2842614e-128       300.68855      0.26199146       1.0823087       3.1672914      0.50675122     -0.52966871      -0.52966871       602.43643             602.43643
 1.0096093e-126       296.29322      0.26828839       1.0328976       3.1740456      0.56152812     -0.52966871      -0.52966871       593.64579             593.64579
 4.7039674e-126       294.72361      0.23915229       1.0185335        3.412443       0.6952034     -0.52966871      -0.52966871       590.50656             590.50656
 7.2577067e-121       282.74625      0.26812297      0.93101323        3.081538      0.15083856     -0.52966871      -0.52966871       566.55185             566.55185
 2.0103762e-117       274.78888      0.24713891       1.1145848       3.3366505      0.77061393     -0.52966871      -0.52966871       550.63711             550.63711
 5.8389725e-114       266.78412       0.2461625        1.022265       3.3248944      0.60912942     -0.52966871      -0.52966871       534.62759             534.62759
 8.9227815e-114        266.3293      0.24204607       1.0331786       3.2223587      0.29493868     -0.52966871      -0.52966871       533.71794             533.71794
 6.6321794e-113       264.29262       0.2517871       1.0978972       3.3010983      0.71478437     -0.52966871      -0.52966871       529.64457             529.64457
 2.5376778e-110       258.31478      0.25614639       1.0062823       3.2908722      0.61418899     -0.52966871      -0.52966871       517.68889             517.68889
  1.036368e-107       252.27178      0.26464983      0.95369316       3.0936261      0.19373865     -0.52966871      -0.52966871       505.60289             505.60289
 2.0003871e-107       251.58339      0.27163887      0.94920597       3.0443024      0.12349355     -0.52966871      -0.52966871       504.22611             504.22611
  1.210325e-106       249.75248      0.27356939      0.98741161       2.9604845     0.042600808     -0.52966871      -0.52966871        500.5643              500.5643
 3.6873407e-106       248.60769      0.24794892       1.0654428       3.2224254      0.42918858     -0.52966871      -0.52966871       498.27472             498.27472
  5.745708e-105       245.83079        0.235289       1.0273037       3.3788789      0.49768006     -0.52966871      -0.52966871       492.72091             492.72091
 2.5317635e-104       244.31697      0.25469252       1.0384604       3.2634234      0.61862384     -0.52966871      -0.52966871       489.69327             489.69327
 4.4534209e-103       241.41885      0.25799906       1.0514515       3.2502784      0.58623896     -0.52966871      -0.52966871       483.89705             483.89705
 5.0360848e-100       234.35737      0.26407952      0.91200439       3.0616228     0.014776205     -0.52966871      -0.52966871       469.77408             469.77408
  1.8475839e-99       233.02676       0.2572531       1.0400524       3.2482429      0.54486692     -0.52966871      -0.52966871       467.11287             467.11287
  1.3024394e-95       224.13529      0.26430056       1.0392967       3.2168097      0.60734752     -0.52966871      -0.52966871       449.32992             449.32992
  3.9151158e-88       206.88582      0.24473236       1.0257244       3.2127147      0.30078216     -0.52966871      -0.52966871       414.83098             414.83098
  1.8461586e-87        205.3042      0.25450114       1.0863896       3.2390493      0.57932744     -0.52966871      -0.52966871       411.66774             411.66774
  5.0789439e-87       204.26143      0.24791361      0.99496893       3.2895008      0.48671416     -0.52966871      -0.52966871        409.5822              409.5822
  8.7529536e-85        199.0812      0.24822289        1.052371       3.1934399      0.33360785     -0.52966871      -0.52966871       399.22174             399.22174
  2.9249328e-78       184.02846      0.24492824       1.0409546       3.3702845      0.73385671     -0.52966871      -0.52966871       369.11625             369.11625
   1.343663e-74       175.56522      0.26218302      0.95384449       3.0597691     0.090234221     -0.52966871      -0.52966871       352.18977             352.18977
  1.3060317e-72       170.95768      0.25961151       1.0041321       3.1213745      0.26458406     -0.52966871      -0.52966871        342.9747              342.9747
  1.8685633e-71       168.26615      0.23740044       1.0173441        3.376024      0.52729384     -0.52966871      -0.52966871       337.59163             337.59163
  1.8950503e-71        168.2213      0.24416612       1.0088044       3.2900712      0.45096976     -0.52966871      -0.52966871       337.50194             337.50194
    1.22448e-66       157.11433      0.26499454       1.0070534       3.1410808      0.36545284     -0.52966871      -0.52966871         315.288               315.288
  1.6755627e-66       156.76993      0.24608983      0.96437785       3.1371068     0.016545469     -0.52966871      -0.52966871       314.59919             314.59919
  3.0764386e-66       156.13153      0.25658915       1.0419312       3.2013599       0.4732899     -0.52966871      -0.52966871        313.3224              313.3224
  4.9052722e-66       155.63422      0.25110118       1.0083288        3.258245      0.47920839     -0.52966871      -0.52966871       312.32778             312.32778
  7.2870372e-63       148.29991      0.23733296      0.98781871       3.2307248      0.15455594     -0.52966871      -0.52966871       297.65915             297.65915
    6.39128e-60       141.49254      0.24370923       1.0341589       3.2961391      0.44007259     -0.52966871      -0.52966871       284.04442             284.04442
  1.5151233e-58       138.29604      0.24709783       1.0217159       3.2852118      0.44604536     -0.52966871      -0.52966871       277.65142             277.65142
  1.0114635e-55       131.76161      0.24552855        1.054934       3.2417271      0.40200499     -0.52966871      -0.52966871       264.58256             264.58256
  7.1071374e-55       129.78114      0.25012101      0.96145644       3.2198716      0.25801065     -0.52966871      -0.52966871       260.62161             260.62161
  1.1076294e-53       127.00407      0.24570483      0.94757631       3.1932471      0.15187396     -0.52966871      -0.52966871       255.06749             255.06749
   4.238434e-53       125.63133      0.24668199       1.0754695       3.3583034      0.75502436     -0.52966871      -0.52966871         252.322               252.322
  2.0550143e-52       124.02188      0.23699373       0.9987165       3.2862374      0.28142305     -0.52966871      -0.52966871       249.10311             249.10311
  1.9967042e-52        124.0199      0.27001988      0.97879592       3.0054316     0.073612413     -0.52966871      -0.52966871       249.09913             249.09913
  4.2630951e-50       118.62546      0.24544104       1.0665004       3.3201255      0.59858505     -0.52966871      -0.52966871       238.31025             238.31025
  1.5863192e-49       117.28068       0.2412887       1.0087935        3.344041      0.50636362     -0.52966871      -0.52966871        235.6207              235.6207
  2.2830591e-49       116.88581      0.24597303      0.96477139       3.2508762      0.28242999     -0.52966871      -0.52966871       234.83096             234.83096
  3.3304478e-49       116.47745      0.24636124       1.0842638       3.3296198      0.72107929     -0.52966871      -0.52966871       234.01423             234.01423
  4.1819972e-48       113.91641      0.25997668      0.93907249        3.089169     0.065046003     -0.52966871      -0.52966871       228.89215             228.89215
  6.1377383e-46        108.8968      0.26417729       1.0026146       3.0849966      0.21693129     -0.52966871      -0.52966871       218.85294             218.85294
  5.0090745e-44       104.46406      0.24839869      0.94340486       3.1462097     0.054441133     -0.52966871      -0.52966871       209.98746             209.98746
  5.5330253e-43       102.03122      0.25685854       1.0296556       3.2419573      0.54816475     -0.52966871      -0.52966871       205.12178             205.12178
   1.722015e-42       100.86511      0.24740281       1.0120168       3.1645448      0.16649211     -0.52966871      -0.52966871       202.78955             202.78955
  2.0065948e-42       100.68139       0.2562187       1.0218631       3.1718877      0.31504368     -0.52966871      -0.52966871       202.42212             202.42212
   2.252968e-41       98.232223      0.25591711       1.0030209       3.2286466      0.45002407     -0.52966871      -0.52966871       197.52378             197.52378
  9.7684532e-41       96.734542      0.25869786      0.98874701        3.029888     0.012376935     -0.52966871      -0.52966871       194.52842             194.52842
  6.9558608e-39       92.438174      0.25130683       1.0883627       3.3207613      0.78208345     -0.52966871      -0.52966871       185.93568             185.93568
  1.3755948e-38       91.725515      0.26136774      0.94672691       3.0720478     0.052273945     -0.52966871      -0.52966871       184.51037             184.51037
  2.1221949e-37       88.958594      0.24232225       1.0375172       3.3219953      0.53379525     -0.52966871      -0.52966871       178.97653             178.97653
  2.2398618e-37       88.873859      0.24411991      0.98352023        3.219537      0.20247775     -0.52966871      -0.52966871       178.80706             178.80706
  2.7230243e-37       88.647758      0.24097932         1.00888       3.3273131      0.46186209     -0.52966871      -0.52966871       178.35485             178.35485
  7.9016995e-35       82.946482      0.25633943      0.96016478       3.0617939     0.020599447     -0.52966871      -0.52966871        166.9523              166.9523
  3.1863616e-34       81.521323      0.26717564      0.95911635       3.0034326      0.00981195     -0.52966871      -0.52966871       164.10198             164.10198
  5.0574713e-34       81.028565      0.25368586       1.0379244       3.1783309      0.34034831     -0.52966871      -0.52966871       163.11647             163.11647
  6.4341933e-34       80.757033      0.25320113      0.99517979       3.1234171      0.12432237     -0.52966871      -0.52966871        162.5734              162.5734
  6.2948002e-34       80.748164      0.26455176      0.97785357       3.0264354     0.062608891     -0.52966871      -0.52966871       162.55567             162.55567
  9.4612243e-34       80.309914      0.25768033       1.0067099        3.162882      0.29397035     -0.52966871      -0.52966871       161.67917             161.67917
  1.6889928e-33       79.699627      0.24259403       1.0357349        3.350668       0.5957163     -0.52966871      -0.52966871       160.45859             160.45859
  1.9763149e-33       79.511754      0.25694787       1.0359613        3.221655      0.48919056     -0.52966871      -0.52966871       160.08285             160.08285
  1.2860562e-32       77.608051      0.24765472       1.0798782       3.3234261      0.69826819     -0.52966871      -0.52966871       156.27544             156.27544
  3.6161765e-32       76.543442      0.25280653       0.9849754       3.1780981      0.22610518     -0.52966871      -0.52966871       154.14622             154.14622
  1.0463064e-31       75.450236      0.25600529       1.0382711       3.1947893      0.40939187     -0.52966871      -0.52966871       151.95981             151.95981
  1.1482461e-31       75.326495      0.24455165      0.98218826       3.2703521      0.33892191     -0.52966871      -0.52966871       151.71233             151.71233
  1.3605163e-31       75.126095      0.25719934        1.027315       3.1527194       0.3100468     -0.52966871      -0.52966871       151.31153             151.31153
  1.3967779e-31        75.06902      0.25737021       0.9876441       3.1870435      0.33585808     -0.52966871      -0.52966871       151.19738             151.19738
  2.2995684e-30       72.237109        0.253513       1.0022482       3.0923296      0.10286545     -0.52966871      -0.52966871       145.53356             145.53356
  4.0378401e-30       71.643349      0.24626498       1.0224466       3.3059981       0.5037454     -0.52966871      -0.52966871       144.34604             144.34604
  5.2828603e-30        71.34382      0.25564683      0.98252026       3.1959765      0.31933374     -0.52966871      -0.52966871       143.74698             143.74698
  5.9546894e-30       71.193337      0.26245579      0.99609984       3.0925203      0.19261632     -0.52966871      -0.52966871       143.44601             143.44601
  1.1825729e-28       68.173882      0.24289576       1.0473177        3.329441      0.55538186     -0.52966871      -0.52966871        137.4071              137.4071
  1.6117827e-28       67.833462      0.24893884       1.0716072        3.319902       0.6942374     -0.52966871      -0.52966871       136.72626             136.72626
  7.3823935e-28       66.280933      0.24987879       1.0554799       3.3147591      0.67376419     -0.52966871      -0.52966871        133.6212              133.6212
  2.5269726e-27       65.019652      0.26466511      0.97054025       3.0321672     0.035728362     -0.52966871      -0.52966871       131.09864             131.09864
  3.0930074e-27       64.786758      0.24406284        0.998447       3.2842545      0.39637308     -0.52966871      -0.52966871       130.63285             130.63285
  9.3334656e-27       63.651524       0.2463926       1.0036235       3.2839619       0.4223634     -0.52966871      -0.52966871       128.36239             128.36239
  1.1651862e-26       63.398893      0.24364061      0.98015476       3.2360371      0.23625684     -0.52966871      -0.52966871       127.85712             127.85712
  1.7143749e-26       62.981954      0.24493215       1.0609115       3.3214943      0.60866933     -0.52966871      -0.52966871       127.02324             127.02324
   4.860974e-26       61.908992       0.2569152      0.97828644       3.0967349     0.091091029     -0.52966871      -0.52966871       124.87732             124.87732
  2.7155828e-25       60.157867      0.24846206       0.9832091       3.2381384      0.31187453     -0.52966871      -0.52966871       121.37507             121.37507
   3.041929e-24       57.711025      0.24733656         1.04103       3.2450407      0.41379562     -0.52966871      -0.52966871       116.48139             116.48139
  3.2733194e-24       57.606941      0.24337705       1.0321028       3.3039264      0.48871641     -0.52966871      -0.52966871       116.27322             116.27322
  4.7270484e-24       57.208673      0.26651763      0.97769932       3.0033049     0.020301196     -0.52966871      -0.52966871       115.47668             115.47668
  2.1510905e-23       55.662642      0.24783978       1.0547653       3.3049515      0.59211923     -0.52966871      -0.52966871       112.38462             112.38462
  3.0676652e-23       55.276929      0.26057688      0.99000684       3.1177819      0.22398052     -0.52966871      -0.52966871       111.61319             111.61319
   4.863629e-23       54.785289       0.2581537      0.98402852       3.1547657      0.25852893     -0.52966871      -0.52966871       110.62992             110.62992
  3.3327116e-22       52.829931      0.25182727      0.98936018       3.2298948      0.36039794     -0.52966871      -0.52966871        106.7192              106.7192
  7.3840576e-22       52.003622      0.26188415      0.94385417       3.0560378     0.027162614     -0.52966871      -0.52966871       105.06658             105.06658
  7.5715583e-22       51.947775      0.25218881       1.0252397       3.1728434      0.28442285     -0.52966871      -0.52966871       104.95489             104.95489
  1.4854515e-21       51.243098      0.24508307       1.0461072       3.3213109      0.58310119     -0.52966871      -0.52966871       103.54553             103.54553
  1.6256785e-21        51.12212      0.25805327      0.96085467       3.0484636    0.0014335358     -0.52966871      -0.52966871       103.30358             103.30358
  1.7955279e-21       50.991974      0.25583326       1.0225282       3.2083308      0.41793979     -0.52966871      -0.52966871       103.04329             103.04329
  2.0416215e-21       50.832758      0.25350126       1.0049269       3.1861859      0.31885411     -0.52966871      -0.52966871       102.72485             102.72485
  5.8552669e-21       49.748389       0.2537586      0.98960003       3.2097397        0.336274     -0.52966871      -0.52966871       100.55611             100.55611
   7.561358e-21       49.461908      0.25440359       1.0083165       3.1078592      0.14468767     -0.52966871      -0.52966871       99.983153             99.983153
  1.2387374e-20       48.937509      0.26193939      0.98773045       3.0609133     0.099456737     -0.52966871      -0.52966871       98.934356             98.934356
  1.6541314e-20       48.617554      0.24595272       1.0490932       3.2966285      0.53032091     -0.52966871      -0.52966871       98.294446             98.294446
  2.7670632e-20       48.072272      0.26114863      0.94331518       3.0508344     0.018031178     -0.52966871      -0.52966871       97.203881             97.203881
     6.7949e-20       47.143115      0.25579604       1.0038761       3.1796026      0.30823189     -0.52966871      -0.52966871       95.345567             95.345567
  8.5404973e-20       46.883696      0.25059896      0.95957619       3.1061882     0.011266839     -0.52966871      -0.52966871       94.826729             94.826729
  2.1423431e-19       45.933258      0.24545499      0.99817607       3.2149246      0.25929291     -0.52966871      -0.52966871       92.925854             92.925854
  9.3833516e-19        44.42545      0.24370294       1.0202416       3.2592401      0.35989779     -0.52966871      -0.52966871       89.910237             89.910237
  2.3890964e-16       39.643402      0.25321624       0.9467355       3.1148358     0.063362549     -0.52966871      -0.52966871       80.346141             80.346141
  5.4028262e-15       36.391279      0.26186286      0.95431099       3.0449479    0.0018942719     -0.52966871      -0.52966871       73.841895             73.841895
  1.0499913e-14       35.662295      0.26175398       0.9777821       3.0689194       0.1117446     -0.52966871      -0.52966871       72.383928             72.383928
  1.0479781e-14       35.599676      0.25664212      0.94744923       3.0918422     0.059905764     -0.52966871      -0.52966871       72.258689             72.258689
  1.3030999e-14       35.381793      0.25685337      0.96247232       3.1128854      0.11450999     -0.52966871      -0.52966871       71.822923             71.822923
  1.3290967e-14       35.362039      0.25576752      0.98939276       3.0740013      0.07057945     -0.52966871      -0.52966871       71.783416             71.783416
  1.2951721e-14       35.313787      0.26134189      0.97994235       3.0789211      0.12806687     -0.52966871      -0.52966871       71.686911             71.686911
   4.010759e-14        34.18345      0.25625865      0.98962333        3.093091      0.12078695     -0.52966871      -0.52966871       69.426238             69.426238
  8.6752331e-14       33.257808      0.26004741      0.94530045       3.0597187     0.012603867     -0.52966871      -0.52966871       67.574953             67.574953
  1.5685475e-12        30.15532      0.25436635      0.95028222       3.0963931     0.032315581     -0.52966871      -0.52966871       61.369978             61.369978
  3.3324376e-12       29.337228      0.25850344       0.9561228       3.0898309     0.089504864     -0.52966871      -0.52966871       59.733793             59.733793
  4.7140135e-12       28.990392      0.25972498      0.96578053       3.0419437     0.014336736     -0.52966871      -0.52966871       59.040122             59.040122
   7.778197e-12       28.489607      0.25725484      0.99035786          3.0908      0.10928437     -0.52966871      -0.52966871       58.038552             58.038552
  3.6845197e-11       26.791106       0.2569596       0.9632498       3.0935282     0.094355092     -0.52966871      -0.52966871       54.641549             54.641549
  3.8244056e-10       24.382265      0.25511123      0.95045346       3.0936538     0.047559152     -0.52966871      -0.52966871       49.823867             49.823867
  4.1001287e-10        24.31265      0.25758364       0.9848531       3.0986062      0.12283207     -0.52966871      -0.52966871       49.684637             49.684637
  1.4914619e-09       23.021326      0.25990564      0.97255383       3.0833849      0.10620706     -0.52966871      -0.52966871        47.10199              47.10199
  2.8752716e-09       22.364936      0.25465249      0.98512876       3.1235725      0.13894638     -0.52966871      -0.52966871       45.789209             45.789209
  2.3901619e-08       20.080083      0.25537878      0.95062573       3.0794077     0.015771139     -0.52966871      -0.52966871       41.219503             41.219503
  3.6921764e-08       19.645228      0.25504818       0.9518794       3.0870869     0.023577412     -0.52966871      -0.52966871       40.349793             40.349793
  9.9125414e-08       18.570632      0.25947229      0.97013173        3.052277     0.040380582     -0.52966871      -0.52966871       38.200601             38.200601
   5.283133e-07       16.587173       0.2525921       0.9644294       3.1018851     0.056190395     -0.52966871      -0.52966871       34.233683             34.233683
  6.1252341e-07       16.439275      0.25178578      0.98058903       3.1019129     0.064639844     -0.52966871      -0.52966871       33.937888             33.937888
  8.3659402e-07       16.127524      0.25799366        0.967354       3.0576729   0.00055866229     -0.52966871      -0.52966871       33.314385             33.314385
  9.6288437e-07       15.986929      0.25781126      0.96719422       3.0587547   0.00059159043     -0.52966871      -0.52966871       33.033196             33.033196
  2.7468588e-06       14.851638      0.24911273      0.97664035       3.1412278      0.10472794     -0.52966871      -0.52966871       30.762613             30.762613
  2.8142707e-06       14.660339      0.25511118      0.98331357       3.1013287      0.09618787     -0.52966871      -0.52966871       30.380015             30.380015
  2.5549329e-06       14.602865      0.25668454      0.96928147       3.0710369     0.025265874     -0.52966871      -0.52966871       30.265068             30.265068
  4.0600441e-06       14.065589      0.25752763      0.96153435       3.0925279     0.088277705     -0.52966871      -0.52966871       29.190516             29.190516
  8.2621588e-06       13.211996      0.25302529      0.96573353       3.0829763    0.0074019451     -0.52966871      -0.52966871        27.48333              27.48333
  1.1288901e-05       12.899862      0.25498319      0.98528105        3.086379     0.067921457     -0.52966871      -0.52966871       26.859062             26.859062
  3.3863169e-05       11.593715      0.25301721      0.96207062       3.1013957     0.045006014     -0.52966871      -0.52966871       24.246767             24.246767
  4.3399349e-05       11.345598      0.25421756      0.96108091       3.1058647     0.069126313     -0.52966871      -0.52966871       23.750534             23.750534
  4.7813312e-05       11.179746       0.2570161       0.9786063       3.0904151      0.10433755     -0.52966871      -0.52966871       23.418829             23.418829
  7.2020489e-05       10.701107      0.25382695      0.98642926        3.108392       0.1027497     -0.52966871      -0.52966871        22.46155              22.46155
  8.9652025e-05       10.482121      0.25576395      0.97592835       3.0675566     0.017604289     -0.52966871      -0.52966871        22.02358              22.02358
  0.00015516879       9.7904428      0.25288904      0.97672177       3.1215046      0.11945993     -0.52966871      -0.52966871       20.640223             20.640223
   0.0001688272       9.6370877      0.25728199       0.9763742       3.0864976     0.083459422     -0.52966871      -0.52966871       20.333513             20.333513
   0.0001879604       9.5297321      0.25746956      0.95882332       3.0652493     0.024296213     -0.52966871      -0.52966871       20.118802             20.118802
  0.00021507705       9.2518663       0.2567224      0.98435074       3.0802557     0.080386967     -0.52966871      -0.52966871        19.56307              19.56307
  0.00041726755       8.5201421      0.25487107       0.9619647       3.0928617       0.0593253     -0.52966871      -0.52966871       18.099622             18.099622
  0.00043945647       8.3993382       0.2563322      0.97628787       3.1047042      0.11247029     -0.52966871      -0.52966871       17.858014             17.858014
    0.015012063       5.5614147      0.25582264      0.97916709       3.1008093      0.10208937     -0.52966871      -0.52966871       12.182167             12.182167
     0.02732001       4.8084987      0.25134704       0.9764389        3.126375      0.10426222     -0.52966871      -0.52966871       10.676335             10.676335
    0.034705244       4.5692273      0.25733728       0.9773591       3.0833655      0.08597084     -0.52966871      -0.52966871       10.197792             10.197792
      0.1767097       1.4600053      0.25358646      0.97818406       3.1146465      0.10497222     -0.52966871      -0.52966871        3.979348              3.979348
      0.1784216       1.4503642      0.25534501      0.97838031       3.1021309      0.10389743     -0.52966871      -0.52966871       3.9600659             3.9600659
      0.1863333       1.3581864      0.25287816      0.97978509       3.1242791      0.11997983     -0.52966871      -0.52966871       3.7757101             3.7757101
     0.18350261       1.3247043      0.25272363      0.97679575       3.1320233      0.13373296     -0.52966871      -0.52966871        3.708746              3.708746
     0.19694407       1.1142515      0.25336497      0.97803292       3.1212534      0.12126332     -0.52966871      -0.52966871       3.2878404             3.2878404
     0.19428306       1.0834033      0.25287676      0.97385449        3.120581      0.10608209     -0.52966871      -0.52966871       3.2261441             3.2261441
     0.19249034       1.0482218      0.25403378      0.96970981       3.1057137     0.083691631     -0.52966871      -0.52966871       3.1557809             3.1557809
     0.18964923       1.0186398      0.25401905      0.97604608       3.1185623      0.11688249     -0.52966871      -0.52966871       3.0966169             3.0966169
     0.18352986       1.0069868      0.25418383      0.97479204       3.1185412      0.11830944     -0.52966871      -0.52966871       3.0733111             3.0733111
     0.18358821        1.006669      0.25271892      0.97857286       3.1221712      0.11331574     -0.52966871      -0.52966871       3.0726753             3.0726753
     0.17981722      0.98090329      0.25424908      0.97868414         3.10335     0.092713248     -0.52966871      -0.52966871        3.021144              3.021144
     0.18212254      0.96816441      0.25403737      0.97861258       3.1229668      0.13263104     -0.52966871      -0.52966871       2.9956663             2.9956663
     0.24802093      0.94701312      0.25452758      0.97717855       3.0990488     0.082168669     -0.52966871      -0.52966871       2.9533637             2.9533637
     0.27275719      0.71841289      0.25332652      0.97299947        3.115393     0.099592839     -0.52966871      -0.52966871       2.4961632             2.4961632
     0.28610362       0.6706408      0.25458477      0.97608006       3.1016113     0.086656705     -0.52966871      -0.52966871        2.400619              2.400619
     0.26946349       0.6615691      0.25443866      0.97818215        3.102052     0.090457605     -0.52966871      -0.52966871       2.3824756             2.3824756
     0.27836677      0.56006957      0.25503597      0.97322242       3.0925812     0.068123061     -0.52966871      -0.52966871       2.1794766             2.1794766
     0.25369187       0.5193573       0.2559231      0.97415214       3.0832835      0.06385991     -0.52966871      -0.52966871        2.098052              2.098052
     0.25688268      0.50685824      0.25613577      0.97244948       3.0866698     0.068318919     -0.52966871      -0.52966871       2.0730539             2.0730539
     0.25898684      0.49870048      0.25372952      0.97539911       3.1109994     0.099493787     -0.52966871      -0.52966871       2.0567384             2.0567384
     0.22802265      0.41839342      0.25357683      0.97762508       3.1117768      0.10029391     -0.52966871      -0.52966871       1.8961243             1.8961243
     0.21563633      0.29192347      0.25477034      0.97615255       3.1083811      0.10642906     -0.52966871      -0.52966871       1.6431844             1.6431844
     0.19936826      0.25913752      0.25370535      0.97599789       3.1139972      0.10364942     -0.52966871      -0.52966871       1.5776125             1.5776125
     0.19068641      0.24959371      0.25580472      0.97342897       3.0839561     0.062854969     -0.52966871      -0.52966871       1.5585248             1.5585248
     0.18429599      0.22961365      0.25411021      0.97761268       3.1112258      0.10678857     -0.52966871      -0.52966871       1.5185647             1.5185647
     0.18097622      0.19372385      0.25608118      0.97205756       3.0869971      0.07106526     -0.52966871      -0.52966871       1.4467851             1.4467851
     0.17377215      0.18027731      0.25446109      0.97607787       3.1088971      0.10214888     -0.52966871      -0.52966871        1.419892              1.419892
     0.17610885      0.16692004      0.25421723      0.97544697       3.1004076     0.080765065     -0.52966871      -0.52966871       1.3931775             1.3931775
     0.16124155      0.14389309      0.25401522      0.97650134       3.1127219      0.10754077     -0.52966871      -0.52966871       1.3471236             1.3471236
     0.16359942      0.12937578      0.25435892      0.97281245       3.1038738     0.088046603     -0.52966871      -0.52966871        1.318089              1.318089
      0.1553302      0.12408505      0.25514425      0.97452772       3.1012168     0.093659853     -0.52966871      -0.52966871       1.3075075             1.3075075
     0.14748845      0.11872999      0.25505013      0.97408313       3.0882536     0.061978705     -0.52966871      -0.52966871       1.2967974             1.2967974
     0.14038837      0.11090873      0.25409504      0.97343971        3.110885       0.0997164     -0.52966871      -0.52966871       1.2811549             1.2811549
     0.12969899     0.078879508      0.25642463      0.96834662       3.0816348      0.05699323     -0.52966871      -0.52966871       1.2170964             1.2170964
      0.1238018     0.071346621      0.25520145      0.97099612        3.097901     0.081055872     -0.52966871      -0.52966871       1.2020307             1.2020307
     0.12459058     0.064995564       0.2565123      0.97151742       3.0808399     0.059653832     -0.52966871      -0.52966871       1.1893286             1.1893286
     0.12733259     0.043226102       0.2549055      0.97466519       3.1038177     0.096462421     -0.52966871      -0.52966871       1.1457896             1.1457896
      0.1280906     0.037290696      0.25449987      0.97683182       3.1058434     0.098116875     -0.52966871      -0.52966871       1.1339188             1.1339188
     0.12915235     0.029035859      0.25387538      0.97406632       3.1078271     0.091407615     -0.52966871      -0.52966871       1.1174091             1.1174091
     0.14071833    -0.056731692       0.2547901       0.9748909       3.0971187     0.080798696     -0.52966871      -0.52966871      0.94587404            0.94587404
     0.14704443     -0.10070623      0.25436602      0.97390438       3.1045105     0.090521394     -0.52966871      -0.52966871      0.85792496            0.85792496
     0.15183012     -0.13273368      0.25577377      0.97086165        3.090112     0.070717879     -0.52966871      -0.52966871      0.79387007            0.79387007
      0.1642132     -0.21113703      0.25619511      0.97189216       3.0821656     0.060648384     -0.52966871      -0.52966871      0.63706336            0.63706336
      0.1645658     -0.21328192       0.2545461      0.97501373       3.1021032     0.088345313     -0.52966871      -0.52966871      0.63277359            0.63277359
      0.1646959      -0.2140722      0.25543458        0.974035       3.0906862     0.072821239     -0.52966871      -0.52966871      0.63119302            0.63119302
     0.16535703     -0.21807837      0.25455753      0.97470648       3.1045062     0.092810767     -0.52966871      -0.52966871      0.62318068            0.62318068
      0.1722868     -0.25913198      0.25441881      0.97441951       3.1035996     0.088792948     -0.52966871      -0.52966871      0.54107346            0.54107346
     0.18110416     -0.30904376      0.25479251      0.97403131       3.0990724     0.083478634     -0.52966871      -0.52966871       0.4412499             0.4412499
     0.18533273     -0.33212418      0.25593001      0.96927295       3.0827636     0.053452079     -0.52966871      -0.52966871      0.39508907            0.39508907
      0.1933837     -0.37464774      0.25571715      0.96991152       3.0854285     0.057821265     -0.52966871      -0.52966871      0.31004194            0.31004194
     0.19721319     -0.39425679       0.2551596      0.97216992       3.0914219      0.06879705     -0.52966871      -0.52966871      0.27082385            0.27082385
     0.21375772     -0.47481469      0.25573517      0.97090078        3.081757     0.051655265     -0.52966871      -0.52966871      0.10970805            0.10970805
