#        weight    minuslogpost         omega_c             n_s            lnas   minuslogprior minuslogprior__0            chi2 chi2__likelihood_CAMB
 1.6464338e-309       721.57136      0.24364435      0.87625194       3.1940466     -0.30652516      -0.30652516       1443.7558             1443.7558
 6.5792344e-306       713.24752      0.21734359      0.99048812       3.3112766     -0.30652516      -0.30652516       1427.1081             1427.1081
 2.1944562e-302       705.10439      0.26635827       1.0620363        2.978437     -0.30652516      -0.30652516       1410.8218             1410.8218
 2.2822292e-300       700.42923      0.26823726       1.0697799       2.9557985     -0.30652516      -0.30652516       1401.4715             1401.4715
 1.5373872e-294       686.97802      0.26519712      0.90043026       3.0852217     -0.30652516      -0.30652516       1374.5691             1374.5691
 2.3453123e-293       684.22233      0.22576682      0.96671103       3.2466773     -0.30652516      -0.30652516       1369.0577             1369.0577
 3.3558095e-292        681.5307      0.27093178      0.89865409       3.0281792     -0.30652516      -0.30652516       1363.6744             1363.6744
   1.50915e-288       673.08873      0.27120913       1.0076326       2.9963385     -0.30652516      -0.30652516       1346.7905             1346.7905
 8.6287485e-285       664.40665      0.27331023      0.99858776       2.9899705     -0.30652516      -0.30652516       1329.4264             1329.4264
 1.5866884e-274        640.7409      0.27670886      0.99634389       2.9330127     -0.30652516      -0.30652516       1282.0948             1282.0948
 5.9437786e-273       637.08684       0.2548898      0.90659836       3.1418007     -0.30652516      -0.30652516       1274.7867             1274.7867
 1.4315472e-271       633.87449      0.24620573      0.92485466        3.137758     -0.30652516      -0.30652516        1268.362              1268.362
 2.0309923e-250       585.13966      0.26270219        1.045886       3.0130056     -0.30652516      -0.30652516       1170.8924             1170.8924
 2.9475727e-246       575.52609      0.22628265      0.95845325       3.2518151     -0.30652516      -0.30652516       1151.6652             1151.6652
 5.6200399e-235       549.52153      0.22967829      0.93468872       3.2710348     -0.30652516      -0.30652516       1099.6561             1099.6561
 5.5339634e-232       542.59844      0.27832835       1.0267134       2.9216215     -0.30652516      -0.30652516       1085.8099             1085.8099
 2.0988471e-230       538.93201      0.23865771       1.0205475       3.1325501     -0.30652516      -0.30652516       1078.4771             1078.4771
 1.4200939e-226       530.08156      0.27084468      0.90611767       3.0383872     -0.30652516      -0.30652516       1060.7762             1060.7762
 1.3970097e-225        527.7646      0.22898856       1.0144214       3.2333392     -0.30652516      -0.30652516       1056.1422             1056.1422
 1.5428288e-223       523.02937      0.27646835      0.93946964       2.9778921     -0.30652516      -0.30652516       1046.6718             1046.6718
 1.8609034e-223       522.81115      0.25082475      0.92376503       3.1566822     -0.30652516      -0.30652516       1046.2354             1046.2354
 1.5038563e-214       502.27015      0.23967244       1.0476107       3.1440079     -0.30652516      -0.30652516       1005.1533             1005.1533
 2.9801148e-211       494.64769      0.26682004      0.91707497       3.0379703     -0.30652516      -0.30652516       989.90843             989.90843
 9.6132061e-208       486.53799      0.26542704       1.0436575       2.9692602     -0.30652516      -0.30652516       973.68902             973.68902
 3.0175738e-203       476.15297      0.27019786      0.91220513        3.031833     -0.30652516      -0.30652516         952.919               952.919
 8.7000154e-203       475.06333      0.25092576       1.0477019       3.0778292     -0.30652516      -0.30652516       950.73971             950.73971
 8.5393207e-200       468.14345      0.25685294      0.90759604       3.1240075     -0.30652516      -0.30652516       936.89995             936.89995
  7.568635e-190       445.20749      0.27826941      0.96514089       2.9683894     -0.30652516      -0.30652516       891.02804             891.02804
 2.1261486e-189       444.14384      0.23195818       1.0391921       3.1866591     -0.30652516      -0.30652516       888.90073             888.90073
  1.681837e-183       430.53198      0.22735953      0.99649707         3.22944     -0.30652516      -0.30652516       861.67701             861.67701
 2.5480154e-180       423.17803      0.24085049       1.0466483       3.1342375     -0.30652516      -0.30652516        846.9691              846.9691
 1.5389426e-173       407.53338       0.2300906       1.0029268       3.2306496     -0.30652516      -0.30652516       815.67981             815.67981
 2.9691005e-171       402.24027      0.25191527       1.0096575       3.0593713     -0.30652516      -0.30652516        805.0936              805.0936
 5.7078258e-169       396.95075      0.26623443       1.0434338       2.9815749     -0.30652516      -0.30652516       794.51455             794.51455
 1.4615418e-168       395.97974      0.27230651       1.0255562       2.9598492     -0.30652516      -0.30652516       792.57253             792.57253
 1.5101707e-161       379.79814      0.26181155      0.96101899       3.0339672     -0.30652516      -0.30652516       760.20934             760.20934
 5.1420574e-154       362.42405      0.27610318      0.97701736         2.96407     -0.30652516      -0.30652516       725.46114             725.46114
 3.9989408e-146       344.22402      0.26594316       1.0295478       2.9970868     -0.30652516      -0.30652516       689.06108             689.06108
 2.1490208e-143       337.90651      0.23501834       1.0327454       3.1728835     -0.30652516      -0.30652516       676.42606             676.42606
 4.8665899e-143       337.05835      0.25266238      0.91883874       3.1403903     -0.30652516      -0.30652516       674.72976             674.72976
 7.2196015e-143       336.63318      0.25950711       0.9845081       3.0329715     -0.30652516      -0.30652516        673.8794              673.8794
 1.5322104e-142       335.84991      0.25727835       1.0499241       3.0221611     -0.30652516      -0.30652516       672.31287             672.31287
 2.5425434e-141        333.0101      0.23550376      0.93710635       3.2302091     -0.30652516      -0.30652516       666.63325             666.63325
 1.2362094e-138       326.79269      0.26023915      0.94138787       3.0892423     -0.30652516      -0.30652516       654.19842             654.19842
 3.2619679e-131       309.67354      0.25622126      0.95836364       3.1049241     -0.30652516      -0.30652516       619.96013             619.96013
 1.1596447e-127       301.46664      0.25970839      0.94141692       3.0913333     -0.30652516      -0.30652516       603.54633             603.54633
 5.1038841e-127       299.95398      0.26820008       1.0235758       2.9764377     -0.30652516      -0.30652516       600.52102             600.52102
 1.3960213e-123       292.00925      0.24919784       0.9156906       3.1573564     -0.30652516      -0.30652516       584.63154             584.63154
 1.3176968e-122       289.73363      0.24068776       1.0331391       3.1415316     -0.30652516      -0.30652516       580.08031             580.08031
 3.4100764e-122       288.75201      0.26542665      0.97399057       3.0406833     -0.30652516      -0.30652516       578.11707             578.11707
  2.943839e-121       286.56567       0.2336793      0.96620172       3.2043185     -0.30652516      -0.30652516        573.7444              573.7444
 2.5520197e-118       280.22196      0.25044561       1.0244047       3.0942679     -0.30652516      -0.30652516       561.05697             561.05697
 5.1855382e-116       274.85901      0.24251974       1.0286775       3.1354992     -0.30652516      -0.30652516       550.33107             550.33107
  5.937853e-113       267.81578      0.24472785        1.041527       3.1052989     -0.30652516      -0.30652516       536.24461             536.24461
 1.2247875e-106       253.22497      0.23965394       1.0063374       3.1429329     -0.30652516      -0.30652516         507.063               507.063
  5.5130989e-98       233.19985       0.2411239      0.98022298       3.1469575     -0.30652516      -0.30652516       467.01275             467.01275
  1.0838954e-94       225.52076      0.25223281        1.032462        3.056861     -0.30652516      -0.30652516       451.65458             451.65458
  5.4243684e-94        223.8639       0.2607711       1.0199187       3.0324501     -0.30652516      -0.30652516       448.34086             448.34086
  2.3694941e-89       213.13268      0.25187565        1.012263        3.093023     -0.30652516      -0.30652516       426.87842             426.87842
  1.4828844e-83       199.73934      0.24503012      0.99355057       3.1162739     -0.30652516      -0.30652516       400.09173             400.09173
  3.1465962e-77       185.12498      0.23476271       1.0000653       3.1938919     -0.30652516      -0.30652516       370.86301             370.86301
   1.545883e-71       171.88666      0.23593128      0.97261335       3.2059735     -0.30652516      -0.30652516       344.38637             344.38637
  1.0108308e-70        170.0089      0.23624503      0.99535754       3.1773342     -0.30652516      -0.30652516       340.63085             340.63085
  4.2549055e-68       163.87942      0.24361146      0.99760649       3.1495195     -0.30652516      -0.30652516       328.37189             328.37189
   2.738892e-65       157.36962      0.26400367       1.0045392       3.0193902     -0.30652516      -0.30652516        315.3523              315.3523
  2.4980415e-61       148.25133      0.23897908      0.99165318        3.160167     -0.30652516      -0.30652516       297.11571             297.11571
   5.258159e-61        147.4626      0.24596913       1.0189552       3.1035689     -0.30652516      -0.30652516       295.53826             295.53826
  4.5021891e-60       145.27078      0.26372592      0.99758785       3.0266751     -0.30652516      -0.30652516       291.15462             291.15462
  1.4327428e-59       144.06872      0.25634044       1.0214795       3.0517305     -0.30652516      -0.30652516       288.75049             288.75049
  9.0993453e-59       142.17566      0.24786934      0.99606005       3.1002774     -0.30652516      -0.30652516       284.96436             284.96436
   6.902988e-58       140.10487       0.2643819      0.99611491       3.0223265     -0.30652516      -0.30652516       280.82278             280.82278
  8.7878495e-57       137.47385      0.23792403       1.0053951       3.1671957     -0.30652516      -0.30652516       275.56076             275.56076
  1.7596336e-53        129.7884      0.25874314      0.98992675       3.0432754     -0.30652516      -0.30652516       260.18984             260.18984
  4.3308918e-53       128.88773      0.23808154       1.0035163       3.1680261     -0.30652516      -0.30652516       258.38851             258.38851
  5.8247374e-53       128.59139      0.24492399      0.96674259       3.1356007     -0.30652516      -0.30652516       257.79583             257.79583
  9.4839751e-50       121.15169      0.23792995      0.99826629       3.1692377     -0.30652516      -0.30652516       242.91644             242.91644
  2.2499554e-49        120.2878      0.24953674       1.0123089       3.1012092     -0.30652516      -0.30652516       241.18865             241.18865
  1.3745209e-46       113.73932      0.25296682       1.0194933       3.0716417     -0.30652516      -0.30652516       228.09169             228.09169
  1.7974772e-44       108.82331      0.24393816       1.0122587       3.1224063     -0.30652516      -0.30652516       218.25967             218.25967
  1.0087984e-42       104.79576      0.25371887       1.0177159       3.0677445     -0.30652516      -0.30652516       210.20458             210.20458
   1.945431e-38       94.884248      0.24355172       1.0041624       3.1279307     -0.30652516      -0.30652516       190.38155             190.38155
  2.5571874e-38       94.610824      0.24659622       1.0158613       3.1087294     -0.30652516      -0.30652516        189.8347              189.8347
  6.7371941e-36       88.903387      0.24805397       1.0155819       3.1010904     -0.30652516      -0.30652516       178.41982             178.41982
  1.3010276e-35       88.202731      0.24799107       1.0146296        3.103319     -0.30652516      -0.30652516       177.01851             177.01851
  1.1111666e-34       85.974509      0.25255355       1.0133202       3.0714524     -0.30652516      -0.30652516       172.56207             172.56207
  7.0170753e-34        84.05153      0.25906974      0.99103542       3.0575425     -0.30652516      -0.30652516       168.71611             168.71611
  1.0776086e-32       81.280741      0.25591565       1.0086517        3.061552     -0.30652516      -0.30652516       163.17453             163.17453
  5.0264541e-31       77.361224      0.24498016       1.0090038       3.1243047     -0.30652516      -0.30652516        155.3355              155.3355
  1.8702856e-30       76.009523      0.25188453      0.99587267       3.0808234     -0.30652516      -0.30652516        152.6321              152.6321
  6.7836888e-29       72.380767      0.24332578      0.97500279       3.1446752     -0.30652516      -0.30652516       145.37459             145.37459
  1.7949441e-28       71.407729      0.24564601      0.98166969       3.1257548     -0.30652516      -0.30652516       143.42851             143.42851
  2.0398805e-24       61.956143      0.24101769      0.99141286       3.1561186     -0.30652516      -0.30652516       124.52534             124.52534
  8.5045162e-24       60.456978      0.24969959      0.99925829       3.1067633     -0.30652516      -0.30652516       121.52701             121.52701
  3.4517333e-23       58.987121      0.25979908      0.98585338       3.0526443     -0.30652516      -0.30652516       118.58729             118.58729
  7.7414108e-23       58.145512      0.24306996      0.96133178         3.15802     -0.30652516      -0.30652516       116.90407             116.90407
  1.7430018e-22       57.267211       0.2489478       1.0058096       3.0970043     -0.30652516      -0.30652516       115.14747             115.14747
  7.5546955e-22       55.736112      0.24150408      0.98980135       3.1562201     -0.30652516      -0.30652516       112.08527             112.08527
  1.6388399e-21       54.929958      0.24279392      0.98898058       3.1517212     -0.30652516      -0.30652516       110.47297             110.47297
  6.8391453e-21       53.469536      0.25345507      0.99848653       3.0732196     -0.30652516      -0.30652516       107.55212             107.55212
  3.6895028e-20       51.752373       0.2509845      0.98060282       3.0954925     -0.30652516      -0.30652516        104.1178              104.1178
  4.3245306e-20       51.561812      0.24434986      0.99961442       3.1297955     -0.30652516      -0.30652516       103.73667             103.73667
  4.3569008e-20       51.522606      0.25759274      0.99704801        3.055417     -0.30652516      -0.30652516       103.65826             103.65826
  5.1257002e-20         51.3601        0.243492      0.97386367       3.1571399     -0.30652516      -0.30652516       103.33325             103.33325
  1.1524131e-19       50.517134      0.24987509       1.0055179        3.092711     -0.30652516      -0.30652516       101.64732             101.64732
  4.6503098e-19       49.089269      0.25322252       1.0040338       3.0790122     -0.30652516      -0.30652516       98.791587             98.791587
  4.7201142e-19        49.04158      0.24334602      0.96410904       3.1550795     -0.30652516      -0.30652516       98.696209             98.696209
  8.3478837e-19       48.438615      0.25088187      0.96568816       3.1057764     -0.30652516      -0.30652516        97.49028              97.49028
  1.0897276e-17       45.836735      0.24343723      0.98409526       3.1508379     -0.30652516      -0.30652516        92.28652              92.28652
  3.2869335e-17       44.699918      0.24579739      0.98046486       3.1407359     -0.30652516      -0.30652516       90.012886             90.012886
  6.7141046e-17       43.952873      0.24178981      0.98124998       3.1572294     -0.30652516      -0.30652516       88.518796             88.518796
  7.9264863e-17       43.754083      0.25564993      0.99808413       3.0641258     -0.30652516      -0.30652516       88.121217             88.121217
  3.4758389e-15       39.940497      0.24902139       1.0006089       3.0999759     -0.30652516      -0.30652516       80.494045             80.494045
  4.5079102e-15        39.64771      0.24952019      0.99846654       3.1060478     -0.30652516      -0.30652516        79.90847              79.90847
  5.0712793e-15       39.497161      0.24697734      0.98648062       3.1299108     -0.30652516      -0.30652516       79.607371             79.607371
  6.0869024e-15       39.281824      0.24307208      0.97418777        3.157101     -0.30652516      -0.30652516       79.176699             79.176699
   6.140316e-15       39.240298      0.24810982      0.98966963       3.1091018     -0.30652516      -0.30652516       79.093646             79.093646
  1.2863518e-14       38.467989      0.24761641      0.99797537       3.1169605     -0.30652516      -0.30652516       77.549028             77.549028
  5.5080089e-14       36.949057      0.24461103       0.9951003        3.133849     -0.30652516      -0.30652516       74.511165             74.511165
  6.5594379e-14       36.742607      0.25089492      0.96279127       3.1091188     -0.30652516      -0.30652516       74.098264             74.098264
  1.0531467e-13       36.237395      0.25424413      0.99746994        3.077353     -0.30652516      -0.30652516       73.087841             73.087841
  1.9599658e-13       35.584502      0.25651758       0.9867498       3.0716676     -0.30652516      -0.30652516       71.782055             71.782055
  4.2627008e-13       34.775778      0.25548712      0.99077165       3.0681049     -0.30652516      -0.30652516       70.164606             70.164606
  2.9936705e-12       32.794847      0.24296658      0.97566191       3.1544267     -0.30652516      -0.30652516       66.202744             66.202744
  5.5880463e-11       29.836383      0.25295543      0.97028038       3.0929581     -0.30652516      -0.30652516       60.285817             60.285817
  1.5363475e-10       28.793271      0.24453189       0.9862322       3.1358482     -0.30652516      -0.30652516       58.199593             58.199593
  9.9974634e-10       26.888599      0.24892108      0.99885319       3.1047835     -0.30652516      -0.30652516       54.390249             54.390249
  1.0813264e-09       26.778408      0.24987725      0.99627233       3.0978856     -0.30652516      -0.30652516       54.169867             54.169867
  1.8074395e-09       26.232937      0.24460856      0.96859309       3.1470903     -0.30652516      -0.30652516       53.078924             53.078924
  4.8883728e-09        25.20624       0.2479718      0.99287052       3.1176017     -0.30652516      -0.30652516        51.02553              51.02553
  5.6467526e-09        25.03027      0.24382502       0.9790174       3.1472259     -0.30652516      -0.30652516        50.67359              50.67359
  1.0901661e-08       24.340687      0.24465479      0.96977392       3.1462889     -0.30652516      -0.30652516       49.294424             49.294424
   1.111359e-08       24.289685      0.24766758      0.99605017       3.1152509     -0.30652516      -0.30652516        49.19242              49.19242
  1.1374648e-08       24.234718      0.25145729      0.99522789       3.0950922     -0.30652516      -0.30652516       49.082485             49.082485
  3.3133227e-08       23.133819      0.24794528      0.99155951       3.1185456     -0.30652516      -0.30652516       46.880689             46.880689
  7.6240665e-08       22.268712      0.25361825      0.98889134       3.0869925     -0.30652516      -0.30652516       45.150475             45.150475
   1.408913e-07        21.62287      0.24699975      0.98865799       3.1257553     -0.30652516      -0.30652516        43.85879              43.85879
  2.1789492e-07       21.155097      0.25381173      0.99097986       3.0788672     -0.30652516      -0.30652516       42.923244             42.923244
  5.5133325e-07       20.195022      0.24487822      0.97213661       3.1440562     -0.30652516      -0.30652516       41.003094             41.003094
  8.3269307e-07       19.750947      0.24659505      0.96514785       3.1374545     -0.30652516      -0.30652516       40.114945             40.114945
  8.9636489e-07       19.645516      0.24593483      0.97403835       3.1401394     -0.30652516      -0.30652516       39.904083             39.904083
  1.6438209e-06       19.007336      0.24874585      0.97162638       3.1175651     -0.30652516      -0.30652516       38.627723             38.627723
  1.6019513e-06       19.001389       0.2501675      0.99335455       3.0983562     -0.30652516      -0.30652516       38.615827             38.615827
  1.6362217e-06       18.948473      0.24659303      0.97215346       3.1310169     -0.30652516      -0.30652516       38.509995             38.509995
  2.4273929e-06       18.522296      0.24893733      0.96230821        3.124803     -0.30652516      -0.30652516       37.657642             37.657642
  3.7345883e-06       18.059727      0.25438908      0.98583205       3.0784467     -0.30652516      -0.30652516       36.732505             36.732505
  3.9633762e-06        17.96852      0.24705273      0.97121119       3.1288122     -0.30652516      -0.30652516        36.55009              36.55009
  4.9062448e-06       17.723359      0.25244094      0.96394715       3.1031731     -0.30652516      -0.30652516       36.059768             36.059768
  6.4192655e-06       17.454564      0.24732896       0.9909575       3.1209122     -0.30652516      -0.30652516       35.522178             35.522178
  1.4313113e-05       16.619902      0.24659571      0.96694559       3.1375677     -0.30652516      -0.30652516       33.852854             33.852854
  2.4853925e-05       16.035272      0.25113205        0.984476       3.0964196     -0.30652516      -0.30652516       32.683595             32.683595
  2.7944877e-05       15.885264      0.25252237      0.98798155       3.0935033     -0.30652516      -0.30652516       32.383579             32.383579
   3.446938e-05       15.642637      0.25298651       0.9694894        3.101446     -0.30652516      -0.30652516       31.898324             31.898324
  3.4600605e-05       15.606047      0.25327016      0.99054173       3.0858695     -0.30652516      -0.30652516       31.825145             31.825145
   4.025983e-05       15.421774      0.25201887      0.99271278       3.0894071     -0.30652516      -0.30652516       31.456599             31.456599
   4.037189e-05       15.386205       0.2543597      0.98119297       3.0864467     -0.30652516      -0.30652516        31.38546              31.38546
  4.6106602e-05       15.220593      0.24926729      0.98806221       3.1127307     -0.30652516      -0.30652516       31.054236             31.054236
  5.0457286e-05       15.097632      0.24713554      0.98855718       3.1235651     -0.30652516      -0.30652516       30.808314             30.808314
  5.0789901e-05       15.058272      0.25077423      0.99379197       3.0977097     -0.30652516      -0.30652516       30.729594             30.729594
  7.3801334e-05       14.651803      0.24945469      0.98324837       3.1070143     -0.30652516      -0.30652516       29.916656             29.916656
  7.1806385e-05       14.646416      0.24732622      0.96876759       3.1339912     -0.30652516      -0.30652516       29.905883             29.905883
  7.0497602e-05       14.632021       0.2508536      0.98147929       3.0997159     -0.30652516      -0.30652516       29.877093             29.877093
  6.8438486e-05       14.628875      0.24805371      0.98067987       3.1169694     -0.30652516      -0.30652516         29.8708               29.8708
  7.3417536e-05       14.525857      0.25468865       0.9855563       3.0794798     -0.30652516      -0.30652516       29.664765             29.664765
  7.5802821e-05       14.461095      0.24710729      0.98226959        3.122343     -0.30652516      -0.30652516        29.53524              29.53524
  8.8947392e-05       14.268395      0.25073072      0.99058408       3.1018268     -0.30652516      -0.30652516       29.149841             29.149841
  0.00010163704       14.102243       0.2517514      0.98695535       3.0987746     -0.30652516      -0.30652516       28.817536             28.817536
  0.00010018406       14.083852      0.24922829       0.9924484       3.1057555     -0.30652516      -0.30652516       28.780754             28.780754
  0.00010886895       13.967926      0.25232479      0.96937662       3.1053126     -0.30652516      -0.30652516       28.548903             28.548903
  0.00019456901       13.322746      0.25183589      0.96929705       3.1023399     -0.30652516      -0.30652516       27.258542             27.258542
  0.00019413426       13.293234      0.24825689      0.98959597       3.1124066     -0.30652516      -0.30652516       27.199518             27.199518
  0.00019463617       13.258903       0.2509949      0.97059404       3.1059809     -0.30652516      -0.30652516       27.130857             27.130857
  0.00028909591       12.831528      0.24904598      0.96552515       3.1249965     -0.30652516      -0.30652516       26.276106             26.276106
  0.00034612623       12.619734      0.24984137       0.9904956       3.1024595     -0.30652516      -0.30652516       25.852519             25.852519
  0.00050267477       12.214846      0.24620201      0.97285342       3.1357004     -0.30652516      -0.30652516       25.042742             25.042742
  0.00061510446       11.981248      0.24882934      0.98090687       3.1197397     -0.30652516      -0.30652516       24.575547             24.575547
  0.00095779017       11.538412      0.24919187      0.97606267       3.1204292     -0.30652516      -0.30652516       23.689874             23.689874
   0.0013530728       11.160117       0.2463297      0.97370602       3.1343334     -0.30652516      -0.30652516       22.933285             22.933285
   0.0013095663       11.160009      0.25233168      0.97092721       3.1040791     -0.30652516      -0.30652516       22.933069             22.933069
   0.0017564544       10.833618       0.2511381       0.9663279       3.1123107     -0.30652516      -0.30652516       22.280287             22.280287
   0.0022008411       10.575286      0.25400683      0.98293274       3.0860558     -0.30652516      -0.30652516       21.763623             21.763623
    0.002232544       10.528194       0.2476609      0.98111411       3.1200953     -0.30652516      -0.30652516       21.669439             21.669439
   0.0026227826        10.33431      0.24778129      0.97548414       3.1281538     -0.30652516      -0.30652516       21.281671             21.281671
   0.0027444267       10.256184      0.25069989      0.98113734        3.108548     -0.30652516      -0.30652516       21.125419             21.125419
   0.0035166953       9.9754448      0.25203265      0.97947539       3.1014806     -0.30652516      -0.30652516        20.56394              20.56394
   0.0048522755       9.6207289      0.25027463      0.99014137       3.1033705     -0.30652516      -0.30652516       19.854508             19.854508
   0.0062154042       9.3403561       0.2527658      0.98417379       3.0891443     -0.30652516      -0.30652516       19.293763             19.293763
    0.009713837       8.8610457      0.25128755       0.9839584       3.0971327     -0.30652516      -0.30652516       18.335142             18.335142
    0.011547415       8.6553456      0.24722834      0.97217964       3.1313252     -0.30652516      -0.30652516       17.923742             17.923742
    0.012171699       8.5699039      0.25176629      0.96871487       3.1046984     -0.30652516      -0.30652516       17.752858             17.752858
    0.013394461       8.4413863      0.24781376      0.97755833       3.1264534     -0.30652516      -0.30652516       17.495823             17.495823
    0.019518026       8.0320993      0.24706014       0.9801644       3.1255334     -0.30652516      -0.30652516       16.677249             16.677249
    0.023544541       7.7800053       0.2508619      0.98799283       3.0985632     -0.30652516      -0.30652516       16.173061             16.173061
    0.027763466       7.7169609      0.25012671      0.98845042       3.1054102     -0.30652516      -0.30652516       16.046972             16.046972
    0.028543043       7.6178097      0.24934893        0.983963       3.1087244     -0.30652516      -0.30652516        15.84867              15.84867
    0.041369217       7.2115946      0.25272675      0.98186504       3.0909647     -0.30652516      -0.30652516       15.036239             15.036239
    0.041009442        7.185238      0.25081495      0.98721965       3.1024394     -0.30652516      -0.30652516       14.983526             14.983526
     0.04875538       6.9771334      0.25213308       0.9778709       3.1011122     -0.30652516      -0.30652516       14.567317             14.567317
    0.052382005       6.8702946      0.24842054      0.98702741       3.1153358     -0.30652516      -0.30652516       14.353639             14.353639
        0.05773       6.7379894      0.25320057      0.98284343       3.0888797     -0.30652516      -0.30652516       14.089029             14.089029
    0.070443914       6.4699566      0.24704824      0.97933973       3.1278229     -0.30652516      -0.30652516       13.552964             13.552964
    0.090542647       6.1205124      0.25050574      0.98305951       3.1026138     -0.30652516      -0.30652516       12.854075             12.854075
     0.10696722       5.9220622      0.25067506       0.9838719       3.1058032     -0.30652516      -0.30652516       12.457175             12.457175
     0.12759072       5.7140084      0.25135278      0.98264658       3.1025608     -0.30652516      -0.30652516       12.041067             12.041067
     0.13374993       5.6351155      0.25134798      0.97597049       3.1018856     -0.30652516      -0.30652516       11.883281             11.883281
     0.15761504        5.439183      0.25144944       0.9863508       3.0984728     -0.30652516      -0.30652516       11.491416             11.491416
     0.18573487       5.2432697      0.25298834      0.98038254       3.0914085     -0.30652516      -0.30652516        11.09959              11.09959
     0.18200531       5.2318054       0.2503695      0.97998179       3.1051229     -0.30652516      -0.30652516       11.076661             11.076661
     0.19499592       5.1311139      0.24865509      0.98155368       3.1148552     -0.30652516      -0.30652516       10.875278             10.875278
      0.1964433         5.09197      0.25043754      0.98645334       3.1045369     -0.30652516      -0.30652516        10.79699              10.79699
      0.1937048       5.0742598      0.24997472      0.98451976        3.109105     -0.30652516      -0.30652516        10.76157              10.76157
     0.21283853       4.9483126      0.25273748      0.98106362       3.0942894     -0.30652516      -0.30652516       10.509676             10.509676
     0.30390889       4.5295981      0.25229477      0.98084702       3.0973874     -0.30652516      -0.30652516       9.6722465             9.6722465
     0.29653141       4.5234013      0.25099056      0.98135432       3.1053459     -0.30652516      -0.30652516       9.6598528             9.6598528
     0.33973068       4.3566296      0.25052178      0.98552045       3.1046556     -0.30652516      -0.30652516       9.3263095             9.3263095
     0.35145313       4.2919348      0.24832571      0.97327411       3.1229904     -0.30652516      -0.30652516       9.1969198             9.1969198
     0.40657528       4.1154703      0.24914313       0.9793204       3.1171883     -0.30652516      -0.30652516        8.843991              8.843991
     0.45721975       3.9673037      0.24857257      0.97944597       3.1168572     -0.30652516      -0.30652516       8.5476576             8.5476576
     0.45187183       3.9482975      0.25073786       0.9769557       3.1093659     -0.30652516      -0.30652516       8.5096454             8.5096454
     0.45185792       3.9175567      0.24987351      0.97350521       3.1126134     -0.30652516      -0.30652516       8.4481636             8.4481636
     0.44449204       3.9032207       0.2504829      0.98608503        3.103171     -0.30652516      -0.30652516       8.4194916             8.4194916
     0.43941322       3.8839409      0.24860923      0.98102893       3.1158784     -0.30652516      -0.30652516       8.3809321             8.3809321
     0.48231051       3.7600214      0.25023801      0.98529659        3.104397     -0.30652516      -0.30652516        8.133093              8.133093
     0.47174668       3.7513957      0.24848633      0.97905353       3.1206448     -0.30652516      -0.30652516       8.1158417             8.1158417
     0.47517085       3.7133917      0.25264419      0.97895229       3.0945272     -0.30652516      -0.30652516       8.0398338             8.0398338
      0.5246339       3.5835938      0.25047535      0.98570889       3.1039807     -0.30652516      -0.30652516        7.780238              7.780238
     0.55614522       3.4944934      0.25012766       0.9793724       3.1073617     -0.30652516      -0.30652516       7.6020371             7.6020371
      0.5817855       3.4186494      0.25016437       0.9731297       3.1114111     -0.30652516      -0.30652516       7.4503491             7.4503491
     0.56763208       3.4125061       0.2521162      0.98246164        3.095535     -0.30652516      -0.30652516       7.4380625             7.4380625
     0.55927172       3.3965724      0.25220491      0.97870753        3.098867     -0.30652516      -0.30652516       7.4061952             7.4061952
     0.56952155       3.3476396      0.25056275       0.9739366       3.1084622     -0.30652516      -0.30652516       7.3083295             7.3083295
     0.60709266       3.2529831      0.25096926       0.9843375       3.1007255     -0.30652516      -0.30652516       7.1190166             7.1190166
     0.61884525       3.2030377      0.25013488      0.98531744       3.1056572     -0.30652516      -0.30652516       7.0191256             7.0191256
     0.62969123       3.1548917      0.25214086      0.98221445       3.0961431     -0.30652516      -0.30652516       6.9228336             6.9228336
     0.61487648       3.1479282      0.25028992       0.9726394       3.1112811     -0.30652516      -0.30652516       6.9089067             6.9089067
     0.63055285       3.0919809      0.24827679      0.97627803       3.1214903     -0.30652516      -0.30652516       6.7970122             6.7970122
     0.62022383       3.0777258      0.24987098      0.97611838       3.1110057     -0.30652516      -0.30652516        6.768502              6.768502
     0.64648432       3.0054857       0.2518409      0.98113391       3.0994921     -0.30652516      -0.30652516       6.6240216             6.6240216
     0.78513533       2.7804069      0.25068169       0.9818718       3.1032225     -0.30652516      -0.30652516        6.173864              6.173864
     0.79527904       2.7367982      0.25119149      0.97858761       3.1052854     -0.30652516      -0.30652516       6.0866468             6.0866468
     0.81111929       2.6863045      0.25017626      0.97622215        3.109269     -0.30652516      -0.30652516       5.9856593             5.9856593
     0.83139598       2.6308418      0.25038824      0.98439915       3.1054549     -0.30652516      -0.30652516       5.8747339             5.8747339
     0.82258006       2.6107305      0.25152034       0.9791127       3.1028235     -0.30652516      -0.30652516       5.8345113             5.8345113
     0.80180038        2.605545      0.24904564      0.98302777       3.1131041     -0.30652516      -0.30652516       5.8241403             5.8241403
     0.81799582       2.5547758       0.2487194      0.97540326       3.1192787     -0.30652516      -0.30652516       5.7226019             5.7226019
     0.79824477       2.5484461      0.24884869       0.9791185       3.1158376     -0.30652516      -0.30652516       5.7099424             5.7099424
     0.86157348       2.4413293      0.24846838      0.97905457        3.119891     -0.30652516      -0.30652516        5.495709              5.495709
     0.84123768       2.4344438      0.25219155      0.97848992        3.098221     -0.30652516      -0.30652516       5.4819379             5.4819379
     0.85088622       2.3922679      0.24837053      0.97855413       3.1199736     -0.30652516      -0.30652516       5.3975862             5.3975862
     0.91792702       2.2856568      0.24841752      0.97909726       3.1196052     -0.30652516      -0.30652516        5.184364              5.184364
     0.90831144       2.2654157      0.25112933      0.98072107       3.1040755     -0.30652516      -0.30652516       5.1438818             5.1438818
     0.88692697       2.2584687      0.24934954      0.97458469       3.1158227     -0.30652516      -0.30652516       5.1299878             5.1299878
     0.87213991       2.2445099      0.24852667      0.98033234       3.1181949     -0.30652516      -0.30652516       5.1020701             5.1020701
     0.95200988       2.1261127      0.25007254      0.97923653       3.1113407     -0.30652516      -0.30652516       4.8652756             4.8652756
     0.96736274       2.0793429      0.25065538      0.97383896       3.1103044     -0.30652516      -0.30652516       4.7717361             4.7717361
     0.94398106       2.0730386      0.25083718      0.97381103        3.107808     -0.30652516      -0.30652516       4.7591276             4.7591276
      0.9790719        2.005768       0.2487661      0.97581951       3.1194592     -0.30652516      -0.30652516       4.6245863             4.6245863
     0.96164955       1.9929513      0.25091856      0.97380981       3.1085436     -0.30652516      -0.30652516        4.598953              4.598953
     0.94996008       1.9744098        0.248919       0.9768903       3.1187125     -0.30652516      -0.30652516       4.5618699             4.5618699
     0.94003168       1.9541445      0.25002565      0.97999835       3.1110419     -0.30652516      -0.30652516       4.5213394             4.5213394
     0.94033772       1.9230474      0.25067704      0.97754493       3.1086739     -0.30652516      -0.30652516       4.4591451             4.4591451
     0.91344436       1.9212923      0.25041446      0.98012783       3.1058984     -0.30652516      -0.30652516        4.455635              4.455635
     0.89791216       1.9076709      0.25046897      0.98090803       3.1052365     -0.30652516      -0.30652516       4.4283921             4.4283921
     0.94594146       1.8247908      0.25095983      0.97627108        3.107512     -0.30652516      -0.30652516       4.2626319             4.2626319
     0.92279459       1.8187932       0.2504197      0.97391743        3.111494     -0.30652516      -0.30652516       4.2506366             4.2506366
     0.92481824       1.7858309      0.25176941      0.97720985       3.1015762     -0.30652516      -0.30652516       4.1847122             4.1847122
     0.90138908       1.7807195      0.24961666      0.98089858       3.1104098     -0.30652516      -0.30652516       4.1744893             4.1744893
     0.96353758       1.6832734      0.25176151      0.97733272        3.100754     -0.30652516      -0.30652516        3.979597              3.979597
     0.95056138       1.6660605      0.25090831      0.97400217       3.1079277     -0.30652516      -0.30652516       3.9451712             3.9451712
     0.93065441       1.6564535      0.24892332      0.97934408       3.1170834     -0.30652516      -0.30652516       3.9259574             3.9259574
     0.92048845       1.6366654      0.25150302      0.97740209       3.1033203     -0.30652516      -0.30652516       3.8863812             3.8863812
     0.90661234       1.6210833       0.2509086      0.97663332        3.107555     -0.30652516      -0.30652516       3.8552168             3.8552168
     0.90468742       1.5924371      0.25014959      0.97402928       3.1119104     -0.30652516      -0.30652516       3.7979245             3.7979245
     0.89046718       1.5775087      0.24911957      0.97712448       3.1173531     -0.30652516      -0.30652516       3.7680676             3.7680676
     0.86458664       1.5762317      0.25005154      0.97383381       3.1129393     -0.30652516      -0.30652516       3.7655138             3.7655138
     0.85952338       1.5513335      0.24932947      0.97994865       3.1146497     -0.30652516      -0.30652516       3.7157174             3.7157174
     0.83770216       1.5462773      0.24919973      0.97700129        3.115389     -0.30652516      -0.30652516       3.7056049             3.7056049
     0.83112084       1.5233931      0.25128914       0.9751535       3.1053169     -0.30652516      -0.30652516       3.6598364             3.6598364
     0.81605539       1.5109144      0.25026483      0.98297006       3.1065104     -0.30652516      -0.30652516       3.6348791             3.6348791
     0.83409047       1.4582831      0.25108631      0.97485377       3.1067237     -0.30652516      -0.30652516       3.5296165             3.5296165
     0.82728317       1.4357062      0.25073573      0.98249046       3.1042967     -0.30652516      -0.30652516       3.4844628             3.4844628
     0.81710139       1.4173184      0.24897379       0.9777151       3.1175474     -0.30652516      -0.30652516       3.4476872             3.4476872
     0.82021941       1.3827381      0.24938052      0.98112735       3.1132956     -0.30652516      -0.30652516       3.3785265             3.3785265
      0.8471659       1.3196418      0.25147104      0.98037875       3.1009311     -0.30652516      -0.30652516       3.2523338             3.2523338
     0.84267222       1.2941886      0.24920515      0.97899419       3.1156998     -0.30652516      -0.30652516       3.2014275             3.2014275
     0.82091751       1.2895724      0.25022777       0.9790298       3.1101693     -0.30652516      -0.30652516        3.192195              3.192195
     0.81102126       1.2709291      0.25139761      0.97633977       3.1039866     -0.30652516      -0.30652516       3.1549085             3.1549085
     0.79819178       1.2561028      0.25062871      0.97505627       3.1095427     -0.30652516      -0.30652516       3.1252559             3.1252559
     0.77416633       1.2558933      0.25064862      0.98223821       3.1049082     -0.30652516      -0.30652516       3.1248369             3.1248369
     0.75094283       1.2555788      0.24903116      0.97726498       3.1168676     -0.30652516      -0.30652516        3.124208              3.124208
     0.72881882       1.2547115      0.25135064      0.98074976       3.1014899     -0.30652516      -0.30652516       3.1224734             3.1224734
     0.75418852       1.1897227      0.24915674      0.97718657       3.1167272     -0.30652516      -0.30652516       2.9924957             2.9924957
     0.73238319       1.1882895      0.25143914      0.97682602       3.1033258     -0.30652516      -0.30652516       2.9896294             2.9896294
     0.72842972       1.1629306      0.25022915      0.98218611       3.1069212     -0.30652516      -0.30652516       2.9389115             2.9389115
     0.71060582       1.1569322      0.25012602      0.97587216       3.1106297     -0.30652516      -0.30652516       2.9269147             2.9269147
     0.70628293       1.1322625      0.25038141      0.97825937       3.1074986     -0.30652516      -0.30652516       2.8775753             2.8775753
      0.6906416       1.1238857      0.24955966      0.97841844       3.1141397     -0.30652516      -0.30652516       2.8608218             2.8608218
     0.67381169       1.1177844      0.25058607      0.98107447       3.1050336     -0.30652516      -0.30652516       2.8486191             2.8486191
     0.67533994       1.0847473      0.25147485      0.97846805       3.1020461     -0.30652516      -0.30652516       2.7825448             2.7825448
     0.65997958       1.0769829      0.25039201      0.98203741       3.1064796     -0.30652516      -0.30652516       2.7670161             2.7670161
      0.6471297       1.0658734      0.25114321      0.98060243       3.1024403     -0.30652516      -0.30652516       2.7447971             2.7447971
     0.63747944       1.0501264      0.25031919      0.97658181       3.1107805     -0.30652516      -0.30652516       2.7133032             2.7133032
     0.63990195       1.0155618      0.25077939      0.97913395        3.104868     -0.30652516      -0.30652516        2.644174              2.644174
     0.62081175       1.0150772      0.24986933      0.97640984       3.1133627     -0.30652516      -0.30652516       2.6432048             2.6432048
     0.61568114      0.99260427       0.2499964      0.97560995       3.1128683     -0.30652516      -0.30652516       2.5982589             2.5982589
     0.60585258      0.97792514      0.25074937      0.97774542       3.1058603     -0.30652516      -0.30652516       2.5689006             2.5689006
     0.59210769      0.97010164      0.25041569      0.98168028       3.1066635     -0.30652516      -0.30652516       2.5532536             2.5532536
     0.57932659      0.96115212      0.25028249      0.97990178       3.1073222     -0.30652516      -0.30652516       2.5353546             2.5353546
     0.58171422      0.92626755      0.25058696      0.97549616       3.1093263     -0.30652516      -0.30652516       2.4655854             2.4655854
     0.56780113      0.91970395      0.25085796      0.97991882       3.1041692     -0.30652516      -0.30652516       2.4524582             2.4524582
      0.5544518      0.91272365      0.24986165      0.98092036       3.1095625     -0.30652516      -0.30652516       2.4384976             2.4384976
     0.55945823        0.872963      0.25058761      0.98055074       3.1054212     -0.30652516      -0.30652516       2.3589763             2.3589763
     0.55215146      0.85533782      0.24938819      0.97885613       3.1144473     -0.30652516      -0.30652516        2.323726              2.323726
      0.5375918      0.85128901      0.25003621      0.98132034       3.1090814     -0.30652516      -0.30652516       2.3156283             2.3156283
     0.52196167      0.85002274      0.24992735      0.97560192       3.1129816     -0.30652516      -0.30652516       2.3130958             2.3130958
     0.50872641      0.84493487      0.25047955      0.97805638        3.107256     -0.30652516      -0.30652516       2.3029201             2.3029201
     0.49447229      0.84258245      0.24984878      0.97668223       3.1132115     -0.30652516      -0.30652516       2.2982152             2.2982152
     0.49351355      0.81375161      0.24977709      0.98050464       3.1103357     -0.30652516      -0.30652516       2.2405535             2.2405535
     0.48200621      0.80657326      0.24942535      0.97988731        3.113323     -0.30652516      -0.30652516       2.2261968             2.2261968
     0.46836791      0.80450447      0.25024997      0.97580599       3.1111736     -0.30652516      -0.30652516       2.2220593             2.2220593
     0.46010815      0.79152538      0.25057438      0.97929671       3.1060815     -0.30652516      -0.30652516       2.1961011             2.1961011
     0.45160921      0.77939805      0.24933859       0.9783034       3.1147904     -0.30652516      -0.30652516       2.1718464             2.1718464
     0.44110272      0.77216584      0.25059007      0.97569441       3.1089579     -0.30652516      -0.30652516        2.157382              2.157382
     0.43782818      0.74884541      0.25055844      0.97830271       3.1067434     -0.30652516      -0.30652516       2.1107411             2.1107411
     0.43334927      0.72835628      0.25073051      0.98031797       3.1049168     -0.30652516      -0.30652516       2.0697629             2.0697629
     0.42115844      0.72611954      0.25053604      0.97686121       3.1078626     -0.30652516      -0.30652516       2.0652894             2.0652894
     0.40891417      0.72485172      0.25093285      0.97660477       3.1061344     -0.30652516      -0.30652516       2.0627538             2.0627538
     0.41892539      0.70066415      0.24980794      0.97613148        3.113106     -0.30652516      -0.30652516       2.0143786             2.0143786
     0.42471654      0.68693501      0.24941452      0.97871144       3.1138863     -0.30652516      -0.30652516       1.9869203             1.9869203
     0.42916941      0.67650524      0.25011531      0.97785139       3.1096389     -0.30652516      -0.30652516       1.9660608             1.9660608
     0.43160603      0.67084378      0.25107667       0.9793108       3.1039192     -0.30652516      -0.30652516       1.9547379             1.9547379
     0.43946376      0.65280172      0.25044618      0.98082351       3.1069135     -0.30652516      -0.30652516       1.9186538             1.9186538
     0.44013205      0.65128219      0.25007746      0.97922949       3.1091108     -0.30652516      -0.30652516       1.9156147             1.9156147
     0.44844395      0.63257328      0.25015329      0.97914094       3.1087165     -0.30652516      -0.30652516       1.8781969             1.8781969
     0.45042544      0.62816442      0.25025716      0.98077373       3.1080696     -0.30652516      -0.30652516       1.8693792             1.8693792
     0.45603766      0.61578159      0.24949129      0.97802614       3.1138905     -0.30652516      -0.30652516       1.8446135             1.8446135
     0.45677635       0.6141631      0.24985085      0.98014468       3.1102427     -0.30652516      -0.30652516       1.8413765             1.8413765
      0.4630859      0.60044442      0.25090112      0.97952312       3.1045602     -0.30652516      -0.30652516       1.8139392             1.8139392
     0.46408516      0.59828891      0.25042192       0.9760806       3.1096314     -0.30652516      -0.30652516       1.8096281             1.8096281
     0.46588073      0.59442733      0.25029963      0.97611164        3.110129     -0.30652516      -0.30652516        1.801905              1.801905
     0.47201141      0.58135383      0.25031267      0.97610804       3.1102866     -0.30652516      -0.30652516        1.775758              1.775758
     0.48687475      0.55035009      0.25079214      0.97809769       3.1066949     -0.30652516      -0.30652516       1.7137505             1.7137505
     0.49620511      0.53136762      0.25072978      0.97786738       3.1071974     -0.30652516      -0.30652516       1.6757856             1.6757856
     0.51222778      0.49958758      0.25004568        0.979307       3.1094428     -0.30652516      -0.30652516       1.6122255             1.6122255
     0.51287431      0.49832619      0.24992723      0.97773002        3.111964     -0.30652516      -0.30652516       1.6097027             1.6097027
     0.51659922      0.49108962      0.25069581      0.97724121       3.1075905     -0.30652516      -0.30652516       1.5952296             1.5952296
      0.5187245      0.48698408      0.25006675      0.97881163       3.1105988     -0.30652516      -0.30652516       1.5870185             1.5870185
     0.53669216      0.45293231      0.25075696      0.97917353       3.1056462     -0.30652516      -0.30652516       1.5189149             1.5189149
     0.53863418      0.44932036      0.24988199      0.97827689       3.1118485     -0.30652516      -0.30652516        1.511691              1.511691
     0.54169985      0.44364493      0.25039227      0.97969923       3.1073336     -0.30652516      -0.30652516       1.5003402             1.5003402
     0.55145024      0.42580538      0.24998317      0.97705302        3.111464     -0.30652516      -0.30652516       1.4646611             1.4646611
      0.5612701      0.40815474      0.25073208      0.97911512        3.106119     -0.30652516      -0.30652516       1.4293598             1.4293598
     0.57311371      0.38727284      0.25016855      0.97702324       3.1106462     -0.30652516      -0.30652516        1.387596              1.387596
     0.57649497      0.38139037      0.25026529      0.97910417       3.1091242     -0.30652516      -0.30652516       1.3758311             1.3758311
     0.57678332      0.38089032      0.24988578      0.97779756       3.1118853     -0.30652516      -0.30652516        1.374831              1.374831
      0.6171086      0.31331196      0.25012526      0.97850095       3.1101795     -0.30652516      -0.30652516       1.2396742             1.2396742
     0.62697511      0.29745015      0.25049988      0.97796741       3.1079595     -0.30652516      -0.30652516       1.2079506             1.2079506
     0.65290366       0.2569274      0.25033008      0.97811275       3.1089679     -0.30652516      -0.30652516       1.1269051             1.1269051
