  0.100000000000000E+001  0.263751332644166E+001  0.252781148020253E+000  0.973914222382443E+000  0.307824741856549E+001 -0.904482789664252E+000 -0.944160493179059E+000  0.435023273408335E+001  0.000000000000000E+000 -0.915709665641593E+000
  0.100000000000000E+001  0.308066882605454E+001  0.259941252556749E+000  0.967900374974245E+000  0.306046631961163E+001 -0.904904663601517E+000 -0.580301006124867E+000  0.952531244284815E+001  0.000000000000000E+000 -0.631236712421284E+001
  0.100000000000000E+001  0.346171478905121E+001  0.256980517345470E+000  0.962574676028367E+000  0.306428751439522E+001 -0.870348240187781E+000 -0.902645435632563E+000  0.849741826384153E+001  0.000000000000000E+000 -0.547499592670455E+001
  0.100000000000000E+001 -0.852004118712790E+000  0.262562620135862E+000  0.960728329380787E+000  0.303003113485280E+001 -0.810947374416233E+000 -0.112969159019488E+001  0.708968992809546E+001  0.000000000000000E+000 -0.191040813707648E+001
  0.100000000000000E+001 -0.642257821057454E+000  0.260951984118159E+000  0.963235099760767E+000  0.305119981544561E+001 -0.879299189708405E+000 -0.723637085889545E+000  0.974021028985959E+001  0.000000000000000E+000 -0.466580164766828E+001
  0.100000000000000E+001  0.703082077590447E+001  0.261504256852971E+000  0.959336580023737E+000  0.302511648418063E+001 -0.796440709522708E+000 -0.142117977430527E+001  0.485432687484745E+001  0.000000000000000E+000 -0.361645753113711E+001
  0.100000000000000E+001 -0.325148061887965E+001  0.257776417977495E+000  0.972635268647880E+000  0.305921485720143E+001 -0.886758554452034E+000 -0.778964385574943E+000  0.769824761198080E+001  0.000000000000000E+000 -0.131922757087839E+001
  0.100000000000000E+001 -0.552490955124382E+000  0.261000269584941E+000  0.958716316896299E+000  0.303900752232075E+001 -0.829065964593536E+000 -0.111853557151184E+001  0.713067857571797E+001  0.000000000000000E+000 -0.210115336649320E+001
  0.100000000000000E+001 -0.499084718209108E+000  0.260882395381928E+000  0.965523138277612E+000  0.305386167360968E+001 -0.880701459969377E+000 -0.645931332425267E+000  0.993545601435997E+001  0.000000000000000E+000 -0.493263392359284E+001
  0.100000000000000E+001 -0.495698379719732E+000  0.260696694161487E+000  0.969671777203820E+000  0.304109674005501E+001 -0.862963039120586E+000 -0.944523312084528E+000  0.853353368784236E+001  0.000000000000000E+000 -0.353240476631991E+001
  0.100000000000000E+001  0.386205663858846E+001  0.255742947428758E+000  0.976360859551231E+000  0.306153468119282E+001 -0.895594660479666E+000 -0.949980919117459E+000  0.484960355099030E+001  0.000000000000000E+000 -0.202735213862194E+001
  0.100000000000000E+001  0.425645772585373E+001  0.261954663412305E+000  0.967276540616596E+000  0.303539312120001E+001 -0.869502679962311E+000 -0.913411211511126E+000  0.886900496201100E+001  0.000000000000000E+000 -0.624395409327528E+001
  0.100000000000000E+001  0.534739765027011E+001  0.258958431689421E+000  0.961845365473553E+000  0.305541683384069E+001 -0.847273863408342E+000 -0.921053773759948E+000  0.882672225831749E+001  0.000000000000000E+000 -0.674714135178996E+001
  0.100000000000000E+001  0.447130500224854E+001  0.259673907070666E+000  0.968218676002890E+000  0.304985542243387E+001 -0.851912052745190E+000 -0.914332529412884E+000  0.902478216276204E+001  0.000000000000000E+000 -0.650715493222373E+001
  0.100000000000000E+001  0.513043631793155E+001  0.264852304183274E+000  0.970117670514167E+000  0.302724103251087E+001 -0.851751651340789E+000 -0.761107853101475E+000  0.777919176227983E+001  0.000000000000000E+000 -0.559113018958302E+001
  0.100000000000000E+001  0.473409337786950E+001  0.256788439448961E+000  0.977290036230755E+000  0.306038801203018E+001 -0.907335030800927E+000 -0.800457963281970E+000  0.473289579890880E+001  0.000000000000000E+000 -0.234666275618097E+001
  0.100000000000000E+001  0.453362634626849E+001  0.259269673904711E+000  0.975461276545984E+000  0.305452217227683E+001 -0.906201351507559E+000 -0.668205511268270E+000  0.662385992882923E+001  0.000000000000000E+000 -0.413739337030089E+001
  0.100000000000000E+001 -0.430990708687435E+000  0.259960331531690E+000  0.966604088936218E+000  0.303809056767897E+001 -0.825859364468951E+000 -0.120923441210308E+001  0.793925302332078E+001  0.000000000000000E+000 -0.297047793731448E+001
  0.100000000000000E+001 -0.407518760232279E+000  0.256327955454000E+000  0.966905054754818E+000  0.306342685349847E+001 -0.880995534390470E+000 -0.987257870330128E+000  0.839333155973111E+001  0.000000000000000E+000 -0.343629244795238E+001
  0.100000000000000E+001 -0.406798382425128E+000  0.260368249637913E+000  0.972212164132838E+000  0.304889500975372E+001 -0.873200470374505E+000 -0.754410600281045E+000  0.824605597773667E+001  0.000000000000000E+000 -0.328937705486152E+001
  0.100000000000000E+001  0.190864225240728E+001  0.259478286411616E+000  0.971655652692905E+000  0.303771537603843E+001 -0.844272562740592E+000 -0.110337396723475E+001  0.719391071446303E+001  0.000000000000000E+000 -0.339495210900409E+001
  0.100000000000000E+001 -0.324962332843353E+001  0.262324668079232E+000  0.967853247728907E+000  0.303926808317113E+001 -0.857912866191732E+000 -0.813274569111779E+000  0.919175141569016E+001  0.000000000000000E+000 -0.281366001981082E+001
  0.100000000000000E+001  0.184895858653465E+001  0.263550060454635E+000  0.963659908942401E+000  0.302636990617566E+001 -0.845821886785946E+000 -0.979558088296061E+000  0.787957825960328E+001  0.000000000000000E+000 -0.405077782120802E+001
  0.100000000000000E+001  0.183202828469349E+001  0.261874419896345E+000  0.969629351123386E+000  0.304083996236776E+001 -0.856893216307308E+000 -0.824824558647117E+000  0.882311129568168E+001  0.000000000000000E+000 -0.498584570636585E+001
  0.100000000000000E+001  0.181261650193943E+001  0.257131657468478E+000  0.973686978317470E+000  0.306831694245143E+001 -0.902914289564307E+000 -0.659381259968467E+000  0.665483119871042E+001  0.000000000000000E+000 -0.280785971801756E+001
  0.100000000000000E+001  0.179311348361714E+001  0.257132844136680E+000  0.965685388860746E+000  0.305033267531215E+001 -0.834837397451510E+000 -0.131028867293681E+001  0.774112504464717E+001  0.000000000000000E+000 -0.388440205479316E+001
  0.100000000000000E+001  0.177730552012267E+001  0.259998320822736E+000  0.970363256616665E+000  0.305485866842337E+001 -0.873930734062965E+000 -0.688790233921173E+000  0.896107945520652E+001  0.000000000000000E+000 -0.509645248360527E+001
  0.100000000000000E+001  0.168458723265962E+001  0.258084078034895E+000  0.968422013793163E+000  0.305748493726086E+001 -0.887332976976464E+000 -0.791823207564128E+000  0.921667572725928E+001  0.000000000000000E+000 -0.530568961192651E+001
  0.100000000000000E+001 -0.380176193851431E+000  0.255295237504358E+000  0.967520159560920E+000  0.306070348627913E+001 -0.856918606149445E+000 -0.116150188709231E+001  0.783542419586767E+001  0.000000000000000E+000 -0.289205636727937E+001
  0.100000000000000E+001  0.136957677355728E+001  0.262388476078265E+000  0.958390146593377E+000  0.302988697488410E+001 -0.806470979147905E+000 -0.120452693215704E+001  0.594711613896821E+001  0.000000000000000E+000 -0.187862479408426E+001
  0.100000000000000E+001  0.123526096461250E+001  0.260772681941190E+000  0.970330475068070E+000  0.303374024288974E+001 -0.839820631544287E+000 -0.112594367980360E+001  0.728299990201610E+001  0.000000000000000E+000 -0.314735065265977E+001
  0.100000000000000E+001  0.104008276008845E+001  0.260314898612850E+000  0.966932913999293E+000  0.304216966908312E+001 -0.837517545199413E+000 -0.972370611745319E+000  0.900279068644605E+001  0.000000000000000E+000 -0.476955233482769E+001
  0.100000000000000E+001  0.946012810475233E+000  0.265099035515131E+000  0.961146484725968E+000  0.301793226185847E+001 -0.805606228837420E+000 -0.107557827220236E+001  0.583663967247556E+001  0.000000000000000E+000 -0.155636634605060E+001
  0.100000000000000E+001 -0.377815691858386E+000  0.263705556954089E+000  0.964643814226458E+000  0.303523737169696E+001 -0.865426699929277E+000 -0.752177380650467E+000  0.932655102453467E+001  0.000000000000000E+000 -0.438436344694290E+001
  0.100000000000000E+001  0.852573098667825E+000  0.261933596342449E+000  0.962780710970315E+000  0.303357510771744E+001 -0.841819959900228E+000 -0.996062466264342E+000  0.843126211930661E+001  0.000000000000000E+000 -0.410426893697794E+001
  0.100000000000000E+001  0.818559114791283E+000  0.261714206244717E+000  0.959478449899969E+000  0.303092762299839E+001 -0.815047207873219E+000 -0.119310028644252E+001  0.658595359514482E+001  0.000000000000000E+000 -0.224195342087787E+001
  0.100000000000000E+001  0.712958455352345E+000  0.260845370977289E+000  0.964727368317252E+000  0.303562569566155E+001 -0.815161251170090E+000 -0.115335871039799E+001  0.807814261880439E+001  0.000000000000000E+000 -0.368134211481798E+001
  0.100000000000000E+001  0.636550357670481E+000  0.260505452882374E+000  0.971589297785484E+000  0.303857871118065E+001 -0.843676851201033E+000 -0.987849289827015E+000  0.762666617145094E+001  0.000000000000000E+000 -0.319166161862359E+001
  0.100000000000000E+001  0.634189986671634E+000  0.256079425709021E+000  0.973935954926631E+000  0.305828099400257E+001 -0.888910345007207E+000 -0.100489233430597E+001  0.640915621178744E+001  0.000000000000000E+000 -0.197297147346068E+001
  0.100000000000000E+001  0.633803958101231E+000  0.264485245707615E+000  0.965303453437455E+000  0.303114765456706E+001 -0.853488183124577E+000 -0.784410990199475E+000  0.887452721921051E+001  0.000000000000000E+000 -0.443814946659854E+001
  0.100000000000000E+001  0.612410753548861E+000  0.258742378630591E+000  0.968366229843757E+000  0.304804519073412E+001 -0.842234961340451E+000 -0.101842957721366E+001  0.870708285994050E+001  0.000000000000000E+000 -0.426000850505235E+001
  0.100000000000000E+001  0.471195324599696E+000  0.260846009525648E+000  0.966984574771162E+000  0.302904044939213E+001 -0.825468126061035E+000 -0.127062922654244E+001  0.701738220411369E+001  0.000000000000000E+000 -0.249970013475096E+001
  0.100000000000000E+001  0.378745140677534E+000  0.262807204048619E+000  0.961640612353250E+000  0.303048098725319E+001 -0.817491325454099E+000 -0.103370963466716E+001  0.773656510354981E+001  0.000000000000000E+000 -0.317265794222599E+001
  0.100000000000000E+001  0.364437957976731E+000  0.256992254134746E+000  0.963558878022197E+000  0.305426761856924E+001 -0.838695081905150E+000 -0.117565133327873E+001  0.821059486099531E+001  0.000000000000000E+000 -0.363953410832109E+001
  0.100000000000000E+001  0.309487485235044E+000  0.258617835142891E+000  0.964245456766225E+000  0.305423166350280E+001 -0.849992397454445E+000 -0.943040257057880E+000  0.913790818572745E+001  0.000000000000000E+000 -0.453937219668239E+001
  0.100000000000000E+001 -0.303220018642014E+000  0.263152490041565E+000  0.968020314675743E+000  0.304000931255323E+001 -0.861343658616552E+000 -0.705211458431995E+000  0.940566282124043E+001  0.000000000000000E+000 -0.450077308025684E+001
  0.100000000000000E+001  0.226206449907190E+000  0.260802088936075E+000  0.964116328640688E+000  0.303617043908554E+001 -0.829330981016404E+000 -0.108003234348456E+001  0.843878421399702E+001  0.000000000000000E+000 -0.379860770728804E+001
  0.100000000000000E+001  0.189279936561679E+000  0.259960141043651E+000  0.963732159574645E+000  0.304813325676401E+001 -0.840603853166001E+000 -0.955942985597725E+000  0.913911660311990E+001  0.000000000000000E+000 -0.448047683973816E+001
  0.100000000000000E+001 -0.322756034512095E+001  0.256187264090186E+000  0.966153557647713E+000  0.306180545944570E+001 -0.865691507403810E+000 -0.106039661780593E+001  0.830690240248246E+001  0.000000000000000E+000 -0.193984249825940E+001
  0.100000000000000E+001 -0.100627118525608E+000  0.259120195285980E+000  0.970259144071417E+000  0.304990940741204E+001 -0.889585197906530E+000 -0.829690518991262E+000  0.888394812390242E+001  0.000000000000000E+000 -0.408035483297703E+001
  0.100000000000000E+001 -0.120428894658215E+000  0.261297121924008E+000  0.960314195644005E+000  0.304460434109235E+001 -0.845817973725474E+000 -0.885719046719206E+000  0.867148735555845E+001  0.000000000000000E+000 -0.385799317656676E+001
  0.100000000000000E+001 -0.858213273979530E+000  0.260881424191688E+000  0.966862306704619E+000  0.302974480655861E+001 -0.824463938933166E+000 -0.122450324819481E+001  0.730895511838398E+001  0.000000000000000E+000 -0.212656874973163E+001
  0.100000000000000E+001 -0.902629225835001E+000  0.259199147267230E+000  0.970678438470167E+000  0.305050924899166E+001 -0.891554018767164E+000 -0.806181786718585E+000  0.879370710056830E+001  0.000000000000000E+000 -0.358911275598822E+001
  0.100000000000000E+001 -0.912169715064730E+000  0.255715091207169E+000  0.972054917332341E+000  0.306365769869605E+001 -0.880213014189181E+000 -0.929350852649469E+000  0.718619384424247E+001  0.000000000000000E+000 -0.197682925504752E+001
  0.100000000000000E+001 -0.933664114926152E+000  0.264390731668433E+000  0.964502007893361E+000  0.303125517974134E+001 -0.855783951288020E+000 -0.781691783679839E+000  0.890254730030751E+001  0.000000000000000E+000 -0.368243551118185E+001
  0.100000000000000E+001 -0.977424174009530E+000  0.258367875619539E+000  0.967129493620433E+000  0.304906468045631E+001 -0.868478457821559E+000 -0.998121155095804E+000  0.905191153058140E+001  0.000000000000000E+000 -0.380991971191406E+001
  0.100000000000000E+001 -0.105838009513471E+001  0.262778791512703E+000  0.966499912280052E+000  0.303960226071866E+001 -0.864019106152134E+000 -0.720012287120407E+000  0.962206544237248E+001  0.000000000000000E+000 -0.433959566314254E+001
  0.100000000000000E+001 -0.111182402327053E+001  0.256365851615657E+000  0.970267353775492E+000  0.305834496023688E+001 -0.878145582904899E+000 -0.105981509106956E+001  0.777425299691191E+001  0.000000000000000E+000 -0.246506125361406E+001
  0.100000000000000E+001 -0.116794509604774E+001  0.263972815042034E+000  0.968214493824613E+000  0.303199114588037E+001 -0.853072582248051E+000 -0.768281985287508E+000  0.873031811762763E+001  0.000000000000000E+000 -0.339306583794118E+001
  0.100000000000000E+001 -0.119506197543383E+001  0.264179138090979E+000  0.962526615850892E+000  0.302373048463549E+001 -0.814088830593346E+000 -0.104718800459472E+001  0.706802374816116E+001  0.000000000000000E+000 -0.171721302878166E+001
  0.100000000000000E+001 -0.131909516217531E+001  0.261698123990474E+000  0.969324760476033E+000  0.303436857662160E+001 -0.837826494462366E+000 -0.968988856208155E+000  0.816840486273708E+001  0.000000000000000E+000 -0.275557754998684E+001
  0.100000000000000E+001 -0.137862910703783E+001  0.258656735264312E+000  0.971486697107248E+000  0.304123095723758E+001 -0.841455699854259E+000 -0.117099616184762E+001  0.710647701027940E+001  0.000000000000000E+000 -0.166388272509790E+001
  0.100000000000000E+001 -0.312668690432072E+001  0.257149644628854E+000  0.964534329193100E+000  0.305698185495972E+001 -0.865343257246231E+000 -0.106466301666116E+001  0.863772250172412E+001  0.000000000000000E+000 -0.232109931790118E+001
  0.100000000000000E+001 -0.148979559149462E+001  0.258939143147407E+000  0.966135291317653E+000  0.305236768543492E+001 -0.879424683250061E+000 -0.912824699109049E+000  0.933205272742292E+001  0.000000000000000E+000 -0.383387520001303E+001
  0.100000000000000E+001 -0.153825700332828E+001  0.260226505073257E+000  0.963335128307531E+000  0.304402209689284E+001 -0.863768277167436E+000 -0.974945494794468E+000  0.908408596820657E+001  0.000000000000000E+000 -0.356167773487984E+001
  0.100000000000000E+001 -0.157586102022533E+001  0.254863268761365E+000  0.972624101891041E+000  0.306770329550163E+001 -0.889970988354556E+000 -0.975289479592408E+000  0.636011491442208E+001  0.000000000000000E+000 -0.818904672646835E+000
  0.100000000000000E+001 -0.166281725111288E+001  0.261093275523381E+000  0.961150849053600E+000  0.303775226524097E+001 -0.828108816833159E+000 -0.106618029900869E+001  0.808224818428234E+001  0.000000000000000E+000 -0.249755982706331E+001
  0.100000000000000E+001 -0.168714169085909E+001  0.259694929179561E+000  0.965462821457960E+000  0.305186348820152E+001 -0.854911152599078E+000 -0.870464981210990E+000  0.943099600248825E+001  0.000000000000000E+000 -0.383414542539612E+001
  0.100000000000000E+001 -0.176969389491212E+001  0.256213967578871E+000  0.971972003046078E+000  0.306660359028113E+001 -0.889267144115336E+000 -0.839291004709083E+000  0.720535068153580E+001  0.000000000000000E+000 -0.156722400241716E+001
  0.100000000000000E+001 -0.177232667840016E+001  0.261930903153644E+000  0.959859464773851E+000  0.303140027718769E+001 -0.823133698246534E+000 -0.115498972607132E+001  0.691346779634921E+001  0.000000000000000E+000 -0.127402472548655E+001
  0.100000000000000E+001 -0.185020846694310E+001  0.261995306168185E+000  0.967162575228773E+000  0.304798852818642E+001 -0.879238698619419E+000 -0.648942295996009E+000  0.986831861954182E+001  0.000000000000000E+000 -0.418993465440769E+001
  0.100000000000000E+001 -0.190841385506839E+001  0.262528381249766E+000  0.962344338087814E+000  0.302546698541400E+001 -0.818517726304245E+000 -0.119367936452079E+001  0.678363951525383E+001  0.000000000000000E+000 -0.107615285605705E+001
  0.100000000000000E+001 -0.306802086563812E+001  0.258924481275445E+000  0.965616924198357E+000  0.305618256480455E+001 -0.886334047461552E+000 -0.797318924570890E+000  0.956580910440325E+001  0.000000000000000E+000 -0.327851893992161E+001
  0.100000000000000E+001 -0.196044569405215E+001  0.261237129843991E+000  0.966226042090325E+000  0.303250185361744E+001 -0.830337986960400E+000 -0.116702302394051E+001  0.779834963942544E+001  0.000000000000000E+000 -0.206484706073679E+001
  0.100000000000000E+001 -0.201662034323110E+001  0.259581077111316E+000  0.963883913048678E+000  0.303891604520631E+001 -0.820377780313587E+000 -0.128017412586656E+001  0.767697260184111E+001  0.000000000000000E+000 -0.191538269856297E+001
  0.100000000000000E+001 -0.206282570391840E+001  0.262839688079554E+000  0.964539876508259E+000  0.304126923825322E+001 -0.868594181248612E+000 -0.732274033500479E+000  0.967944824394641E+001  0.000000000000000E+000 -0.389475566032462E+001
  0.100000000000000E+001 -0.215495162397028E+001  0.257754590146257E+000  0.965367894045173E+000  0.305877544881275E+001 -0.883171335647626E+000 -0.874630679898224E+000  0.923015020512329E+001  0.000000000000000E+000 -0.339939466147557E+001
  0.100000000000000E+001 -0.306487621511597E+001  0.257702940391410E+000  0.966528857374348E+000  0.304734333071970E+001 -0.843518815938268E+000 -0.119400854098778E+001  0.831217293614162E+001  0.000000000000000E+000 -0.202645509692105E+001
  0.100000000000000E+001 -0.222597755073634E+001  0.263257157820540E+000  0.962040619719784E+000  0.302720501055812E+001 -0.814353023790249E+000 -0.108258504543948E+001  0.729028738212538E+001  0.000000000000000E+000 -0.142401887509463E+001
  0.100000000000000E+001 -0.230449517974556E+001  0.259211962637625E+000  0.968731222915292E+000  0.304449083782333E+001 -0.839403754766369E+000 -0.105896932777903E+001  0.845166097053438E+001  0.000000000000000E+000 -0.254613364899901E+001
  0.100000000000000E+001 -0.233026659054233E+001  0.263505797976520E+000  0.963755940806511E+000  0.303631016029515E+001 -0.853924062156458E+000 -0.763217064753381E+000  0.930296124769243E+001  0.000000000000000E+000 -0.338454822075868E+001
  0.100000000000000E+001 -0.236929157149836E+001  0.257746494398694E+000  0.972675906836654E+000  0.305174998717163E+001 -0.872086317518366E+000 -0.947376848435580E+000  0.751731424673142E+001  0.000000000000000E+000 -0.157938872931966E+001
  0.100000000000000E+001 -0.236968904887596E+001  0.262804118833280E+000  0.963975064280437E+000  0.302702369347739E+001 -0.819126033537627E+000 -0.113102724877893E+001  0.736981242832236E+001  0.000000000000000E+000 -0.143168817222180E+001
  0.100000000000000E+001 -0.248443910282962E+001  0.260492830941221E+000  0.970661690095041E+000  0.304885091776689E+001 -0.869929235560731E+000 -0.750641316822700E+000  0.886460341109016E+001  0.000000000000000E+000 -0.286910412801277E+001
  0.100000000000000E+001 -0.250076644450803E+001  0.264224087710493E+000  0.961046217630431E+000  0.302795603128419E+001 -0.827969026127994E+000 -0.932192590755679E+000  0.763858442445651E+001  0.000000000000000E+000 -0.163492147053991E+001
  0.100000000000000E+001 -0.250099503892303E+001  0.261080805447841E+000  0.966100233752056E+000  0.303506955493395E+001 -0.842713472098112E+000 -0.110444316130444E+001  0.826552683734638E+001  0.000000000000000E+000 -0.226174958622229E+001
  0.100000000000000E+001 -0.257810502957376E+001  0.258389772405355E+000  0.966834402736199E+000  0.304227626371704E+001 -0.826454704491714E+000 -0.126401490491883E+001  0.787028849812087E+001  0.000000000000000E+000 -0.182795625167141E+001
  0.100000000000000E+001 -0.258018022531318E+001  0.256083409655577E+000  0.969726619533963E+000  0.307013029360811E+001 -0.898538690282105E+000 -0.775686409298122E+000  0.781217601831871E+001  0.000000000000000E+000 -0.176880617399953E+001
  0.100000000000000E+001 -0.258024855225664E+001  0.257013284529420E+000  0.966464253155312E+000  0.306555885738586E+001 -0.888257866918789E+000 -0.828790080923498E+000  0.875599573740992E+001  0.000000000000000E+000 -0.271259172961902E+001
  0.100000000000000E+001 -0.261557004490777E+001  0.256851258607113E+000  0.966250640686878E+000  0.305682436225552E+001 -0.851506431134313E+000 -0.107800062907216E+001  0.854795515446847E+001  0.000000000000000E+000 -0.248689040035200E+001
  0.100000000000000E+001 -0.261977383955338E+001  0.261366210470694E+000  0.967703519493402E+000  0.304799388309976E+001 -0.879672249726097E+000 -0.712503439864018E+000  0.968694438009659E+001  0.000000000000000E+000 -0.362377772865732E+001
  0.100000000000000E+001 -0.263521478047300E+001  0.261438324921765E+000  0.966201181098831E+000  0.304248620901181E+001 -0.864166216649054E+000 -0.799053661647894E+000  0.961316749101227E+001  0.000000000000000E+000 -0.354228036911319E+001
  0.100000000000000E+001 -0.304309869178773E+001  0.258207023242125E+000  0.967796347876970E+000  0.304824608903417E+001 -0.852111738801212E+000 -0.105577247164031E+001  0.871980964952839E+001  0.000000000000000E+000 -0.244498057197194E+001
  0.100000000000000E+001 -0.267923818583011E+001  0.261080675683345E+000  0.966393080526715E+000  0.305100813731000E+001 -0.871858569135608E+000 -0.706127783108935E+000  0.980945630301718E+001  0.000000000000000E+000 -0.371655747843954E+001
  0.100000000000000E+001 -0.272532971276700E+001  0.260280179921546E+000  0.961258823520858E+000  0.304540129661908E+001 -0.843728471987233E+000 -0.101839566691730E+001  0.851701853793223E+001  0.000000000000000E+000 -0.240107394988615E+001
  0.100000000000000E+001 -0.275921603674998E+001  0.255169304742218E+000  0.970743764411562E+000  0.306816006533120E+001 -0.884479844664325E+000 -0.951277334177675E+000  0.716013593665267E+001  0.000000000000000E+000 -0.102724818661510E+001
  0.100000000000000E+001 -0.280078153137069E+001  0.256186898083813E+000  0.968159359767759E+000  0.306729013441952E+001 -0.896190916049220E+000 -0.843180753182238E+000  0.832891730165360E+001  0.000000000000000E+000 -0.217524680430567E+001
  0.100000000000000E+001 -0.282800353862831E+001  0.261125788258026E+000  0.968963594427947E+000  0.304557000934676E+001 -0.861323877573187E+000 -0.792021983208995E+000  0.922017553602749E+001  0.000000000000000E+000 -0.305289403505075E+001
  0.100000000000000E+001 -0.301576772480987E+001  0.258105276431778E+000  0.966355181716365E+000  0.305302321447192E+001 -0.850223859344633E+000 -0.104545015245862E+001  0.879362844998091E+001  0.000000000000000E+000 -0.253246485591339E+001
  0.100000000000000E+001 -0.288066400760307E+001  0.261965517172024E+000  0.960140879646260E+000  0.303829560975457E+001 -0.834827906034466E+000 -0.975159277645506E+000  0.810759575305064E+001  0.000000000000000E+000 -0.191398401758652E+001
  0.100000000000000E+001 -0.295127929301467E+001  0.261531329489346E+000  0.968885148071308E+000  0.303377082485964E+001 -0.850412084857389E+000 -0.968422040304842E+000  0.829427407322322E+001  0.000000000000000E+000 -0.206535469505331E+001
  0.100000000000000E+001 -0.300515543959774E+001  0.258721553355204E+000  0.966467186491590E+000  0.304259177229490E+001 -0.839650032352406E+000 -0.117136889483142E+001  0.835804484122711E+001  0.000000000000000E+000 -0.210218738976566E+001
  0.100000000000000E+001 -0.327252335772831E+001  0.258374329688033E+000  0.965562707079220E+000  0.305065693451017E+001 -0.843448758656806E+000 -0.105174969321764E+001  0.887565449847168E+001  0.000000000000000E+000 -0.248611308794494E+001
  0.100000000000000E+001 -0.334503246291424E+001  0.258564139793238E+000  0.967522866137989E+000  0.305639261497087E+001 -0.867727224072144E+000 -0.871693727078867E+000  0.912345403329669E+001  0.000000000000000E+000 -0.269765807017699E+001
  0.100000000000000E+001 -0.340305774520529E+001  0.261706073410353E+000  0.963775331928402E+000  0.303000542596663E+001 -0.817965135748912E+000 -0.120355576456823E+001  0.738492828206311E+001  0.000000000000000E+000 -0.930119677797880E+000
  0.100000000000000E+001 -0.340680245852713E+001  0.259230026458882E+000  0.968497143625264E+000  0.305284865171748E+001 -0.864146994222994E+000 -0.831520359061551E+000  0.920447431939729E+001  0.000000000000000E+000 -0.274779335847114E+001
  0.100000000000000E+001 -0.346182212068103E+001  0.257982166544837E+000  0.972426946860971E+000  0.305680485493663E+001 -0.889759904659690E+000 -0.792547763542039E+000  0.791338963525056E+001  0.000000000000000E+000 -0.142919884324746E+001
  0.100000000000000E+001 -0.348470182719592E+001  0.260132720433253E+000  0.962632335221122E+000  0.304879783636705E+001 -0.862064817125859E+000 -0.874921002662546E+000  0.931381717030432E+001  0.000000000000000E+000 -0.281818652504378E+001
  0.100000000000000E+001 -0.351652785879901E+001  0.262353606763381E+000  0.967667623015814E+000  0.303704838300878E+001 -0.847865901127932E+000 -0.843381678656387E+000  0.903787127696618E+001  0.000000000000000E+000 -0.252632761590409E+001
  0.100000000000000E+001 -0.352758634924309E+001  0.257370978241340E+000  0.971590854784197E+000  0.305983448037273E+001 -0.886894136881680E+000 -0.811620107786355E+000  0.804047398408862E+001  0.000000000000000E+000 -0.152340107780449E+001
  0.100000000000000E+001 -0.353876332442502E+001  0.260011892890587E+000  0.966113897104279E+000  0.304044888237202E+001 -0.841078426082733E+000 -0.112421806449244E+001  0.845757893948214E+001  0.000000000000000E+000 -0.193491754560704E+001
  0.100000000000000E+001 -0.355023893658175E+001  0.261122448843169E+000  0.969380093451762E+000  0.304568658493384E+001 -0.873545613457112E+000 -0.773624536474953E+000  0.918659026006485E+001  0.000000000000000E+000 -0.265819106011139E+001
  0.100000000000000E+001 -0.356267548805473E+001  0.260484824025199E+000  0.967773368913745E+000  0.304554388727737E+001 -0.852865137657091E+000 -0.865396851886108E+000  0.928356259486185E+001  0.000000000000000E+000 -0.274894511917190E+001
  0.100000000000000E+001 -0.360984989800346E+001  0.259008280594810E+000  0.965706231365560E+000  0.305175736014258E+001 -0.876626138416788E+000 -0.879843815596418E+000  0.949010061215912E+001  0.000000000000000E+000 -0.293189593149481E+001
  0.100000000000000E+001 -0.376505749514580E+001  0.260385165122817E+000  0.964697539908546E+000  0.304145310896142E+001 -0.832719710322942E+000 -0.105851404163620E+001  0.874272832536323E+001  0.000000000000000E+000 -0.210691984612774E+001
  0.100000000000000E+001 -0.377693814881416E+001  0.262737914598075E+000  0.962531495502014E+000  0.303710202688060E+001 -0.847455457894872E+000 -0.886549257359921E+000  0.887346292064511E+001  0.000000000000000E+000 -0.223171411457544E+001
  0.100000000000000E+001 -0.377920857235619E+001  0.260020790405057E+000  0.962721413642730E+000  0.304728608793451E+001 -0.848924687224907E+000 -0.940986157669277E+000  0.910817117009657E+001  0.000000000000000E+000 -0.246528715225589E+001
  0.100000000000000E+001 -0.393730694865537E+001  0.262356078659389E+000  0.966829540255486E+000  0.303598093741219E+001 -0.843864987143815E+000 -0.875922421339886E+000  0.899583382667650E+001  0.000000000000000E+000 -0.227390062068623E+001
  0.100000000000000E+001 -0.394190538004969E+001  0.257831640680794E+000  0.966724605278222E+000  0.306159302489996E+001 -0.878261497292893E+000 -0.813895353675865E+000  0.910137370476114E+001  0.000000000000000E+000 -0.237714128307371E+001
  0.100000000000000E+001 -0.401788978831011E+001  0.258440246532272E+000  0.969532153129533E+000  0.305556820345491E+001 -0.874627814864550E+000 -0.873813493134821E+000  0.874387035037629E+001  0.000000000000000E+000 -0.198164572455866E+001
  0.100000000000000E+001 -0.410460581138688E+001  0.263750663026458E+000  0.963723971653498E+000  0.302756655940270E+001 -0.828909612903950E+000 -0.961844591347723E+000  0.799963473389200E+001  0.000000000000000E+000 -0.119405209653598E+001
  0.100000000000000E+001 -0.410726764376925E+001  0.260594880343827E+000  0.967258111861994E+000  0.303617944570885E+001 -0.841723615732761E+000 -0.106186532017305E+001  0.842683943881067E+001  0.000000000000000E+000 -0.161992588526346E+001
  0.100000000000000E+001 -0.410813951916819E+001  0.261635260759857E+000  0.967341020290682E+000  0.303882245429365E+001 -0.844239182719770E+000 -0.901972452282026E+000  0.901931866160129E+001  0.000000000000000E+000 -0.221196917035461E+001
  0.100000000000000E+001 -0.416417296037601E+001  0.255961871985818E+000  0.970455720329516E+000  0.306658102282389E+001 -0.887488803797631E+000 -0.879365873914897E+000  0.767221705524381E+001  0.000000000000000E+000 -0.836850843393216E+000
  0.100000000000000E+001 -0.418035557559658E+001  0.259462874352306E+000  0.970056910938127E+000  0.305607736908638E+001 -0.884957798293559E+000 -0.707392247019139E+000  0.900445770389653E+001  0.000000000000000E+000 -0.216100018443566E+001
  0.100000000000000E+001 -0.425980302371582E+001  0.259472007658359E+000  0.968927384989581E+000  0.304884942796241E+001 -0.877791007368784E+000 -0.889239373481346E+000  0.904269271717815E+001  0.000000000000000E+000 -0.215951147365765E+001
  0.100000000000000E+001 -0.427815383848707E+001  0.261742357740654E+000  0.963049950465271E+000  0.303026618152782E+001 -0.821638147975582E+000 -0.116006530927914E+001  0.754009794711220E+001  0.000000000000000E+000 -0.647741296206085E+000
  0.100000000000000E+001 -0.429427012949641E+001  0.256085645345717E+000  0.969138543287181E+000  0.305975224183303E+001 -0.874301430925845E+000 -0.103183628028354E+001  0.812720195361752E+001  0.000000000000000E+000 -0.122678715720673E+001
  0.100000000000000E+001 -0.448482778306594E+001  0.259877748981839E+000  0.969751772868129E+000  0.304564376330968E+001 -0.876277412551716E+000 -0.888170278378002E+000  0.883467613065154E+001  0.000000000000000E+000 -0.183898250745599E+001
  0.100000000000000E+001 -0.449276311840346E+001  0.261711680394322E+000  0.965437821166022E+000  0.303061564497818E+001 -0.833585372256806E+000 -0.110172147750645E+001  0.796752158031237E+001  0.000000000000000E+000 -0.967860289448056E+000
  0.100000000000000E+001 -0.452770403630340E+001  0.258896677937760E+000  0.968293835088835E+000  0.305144495024653E+001 -0.857906605334831E+000 -0.913226089515845E+000  0.904143026472686E+001  0.000000000000000E+000 -0.202429851491257E+001
  0.100000000000000E+001 -0.454191845617447E+001  0.258098979323258E+000  0.966325094059278E+000  0.305446349631950E+001 -0.870125878172718E+000 -0.926015600625797E+000  0.922690318781059E+001  0.000000000000000E+000 -0.220266422806077E+001
  0.100000000000000E+001 -0.463801442506353E+001  0.260415787191554E+000  0.965945566965708E+000  0.305063690020377E+001 -0.865818346701496E+000 -0.794936616197881E+000  0.965112960187940E+001  0.000000000000000E+000 -0.257884265768505E+001
  0.100000000000000E+001 -0.463900637943229E+001  0.261071877740453E+000  0.965316213651631E+000  0.304205233553193E+001 -0.849019379368878E+000 -0.892616990811677E+000  0.935185234007272E+001  0.000000000000000E+000 -0.227906941869399E+001
  0.100000000000000E+001 -0.468428429876308E+001  0.258598913426239E+000  0.966036129543612E+000  0.305767009132345E+001 -0.877966205650462E+000 -0.836922911618482E+000  0.933417355079379E+001  0.000000000000000E+000 -0.223875166974966E+001
  0.100000000000000E+001 -0.470874192804503E+001  0.257593187428738E+000  0.969411566887223E+000  0.304986437850477E+001 -0.848420799143808E+000 -0.111699958710362E+001  0.809053483128560E+001  0.000000000000000E+000 -0.982884135600499E+000
  0.100000000000000E+001 -0.477525569220371E+001  0.262419651983279E+000  0.966825349155281E+000  0.303832276739211E+001 -0.853016398452815E+000 -0.832368690991650E+000  0.923447537926692E+001  0.000000000000000E+000 -0.209356780150248E+001
  0.100000000000000E+001 -0.480392173315950E+001  0.261055106036035E+000  0.967640110403339E+000  0.303942742419756E+001 -0.859104243582721E+000 -0.901664872792991E+000  0.907923759542746E+001  0.000000000000000E+000 -0.192399699718512E+001
  0.100000000000000E+001 -0.480711180052239E+001  0.260043198315301E+000  0.964712025588178E+000  0.304185183722158E+001 -0.836328310445797E+000 -0.110095999423348E+001  0.860601333913459E+001  0.000000000000000E+000 -0.144917770721082E+001
  0.100000000000000E+001 -0.481582478385951E+001  0.261433915731747E+000  0.965532320108663E+000  0.304243049433454E+001 -0.867639452371527E+000 -0.820004188350122E+000  0.958680176615005E+001  0.000000000000000E+000 -0.242560964255772E+001
  0.100000000000000E+001 -0.482413608886162E+001  0.258499960614286E+000  0.964915113025732E+000  0.305572654148473E+001 -0.875976302142357E+000 -0.879130290090715E+000  0.935429418414374E+001  0.000000000000000E+000 -0.218894640805035E+001
  0.100000000000000E+001 -0.484114188825137E+001  0.260388809108190E+000  0.961754106555356E+000  0.304492872848515E+001 -0.845831457041882E+000 -0.980762465192574E+000  0.877084060688333E+001  0.000000000000000E+000 -0.159698993109506E+001
  0.100000000000000E+001 -0.484846836856049E+001  0.260038103164781E+000  0.966459816661098E+000  0.305139972771910E+001 -0.865394533480988E+000 -0.815758009733381E+000  0.955607810179726E+001  0.000000000000000E+000 -0.237856418585443E+001
  0.100000000000000E+001 -0.497109838426957E+001  0.261644115465255E+000  0.968786932304816E+000  0.304199042439356E+001 -0.869889687134451E+000 -0.771653415677521E+000  0.927642917748479E+001  0.000000000000000E+000 -0.203760025368742E+001
  0.100000000000000E+001 -0.502389918689925E+001  0.258203831849117E+000  0.966522758780879E+000  0.305516000625968E+001 -0.860764481813564E+000 -0.931066228986026E+000  0.912958945392763E+001  0.000000000000000E+000 -0.186436012881542E+001
  0.100000000000000E+001 -0.504432162037181E+001  0.260362168612620E+000  0.965600160731694E+000  0.303893781904166E+001 -0.835861972354604E+000 -0.111852157794392E+001  0.843240114370308E+001  0.000000000000000E+000 -0.115696060185459E+001
  0.100000000000000E+001 -0.504857402510952E+001  0.258448350513939E+000  0.966955146664198E+000  0.304932203875048E+001 -0.858245942711636E+000 -0.107142597415592E+001  0.874162993796509E+001  0.000000000000000E+000 -0.146406319374775E+001
  0.100000000000000E+001 -0.508215394818141E+001  0.259878978709214E+000  0.965299639018871E+000  0.304139683576991E+001 -0.837720619574157E+000 -0.107018959388343E+001  0.875277778462717E+001  0.000000000000000E+000 -0.145842107887389E+001
  0.100000000000000E+001 -0.509393495808547E+001  0.261762182121296E+000  0.962725281088184E+000  0.303339839808941E+001 -0.835548658717197E+000 -0.108487124326132E+001  0.805345709380207E+001  0.000000000000000E+000 -0.753209883096755E+000
  0.100000000000000E+001 -0.509503450238258E+001  0.261665115446742E+000  0.965117102221655E+000  0.303755014181916E+001 -0.844758163109083E+000 -0.926866129253184E+000  0.905877840438371E+001  0.000000000000000E+000 -0.175798142152984E+001
  0.100000000000000E+001 -0.516750375990905E+001  0.260457540323889E+000  0.969530300130208E+000  0.304107149659725E+001 -0.857865629631482E+000 -0.963685558779434E+000  0.851810059204531E+001  0.000000000000000E+000 -0.118106898042820E+001
  0.100000000000000E+001 -0.517167665788359E+001  0.259991321258676E+000  0.965881590735442E+000  0.304681538221781E+001 -0.849044894313214E+000 -0.931382197121394E+000  0.929257344554371E+001  0.000000000000000E+000 -0.195345538493933E+001
  0.100000000000000E+001 -0.519261131572734E+001  0.260666484681738E+000  0.968498689237617E+000  0.304284943737204E+001 -0.860198907917035E+000 -0.915263266622354E+000  0.895899065306907E+001  0.000000000000000E+000 -0.160940526354282E+001
  0.100000000000000E+001 -0.523860565713826E+001  0.258499583595552E+000  0.966269516437829E+000  0.304516004559239E+001 -0.836609297906943E+000 -0.116758651544254E+001  0.840791354254276E+001  0.000000000000000E+000 -0.103533098231104E+001
  0.100000000000000E+001 -0.525282772409325E+001  0.260344460972381E+000  0.964263582981112E+000  0.304878165198196E+001 -0.867798492831608E+000 -0.828594548124627E+000  0.961720917014874E+001  0.000000000000000E+000 -0.223751557643954E+001
  0.100000000000000E+001 -0.528956525295325E+001  0.258162666164035E+000  0.970738442384404E+000  0.304741886659744E+001 -0.855003206657542E+000 -0.107117323317873E+001  0.789411443438040E+001  0.000000000000000E+000 -0.496052076241189E+000
  0.100000000000000E+001 -0.534379399495198E+001  0.261382398839127E+000  0.965571167967131E+000  0.303856862479649E+001 -0.859254545212377E+000 -0.926712967301279E+000  0.913686647375697E+001  0.000000000000000E+000 -0.171168974461840E+001
  0.100000000000000E+001 -0.535580839588640E+001  0.258117215348081E+000  0.969058309233036E+000  0.304606209741705E+001 -0.844912817023798E+000 -0.116223519501109E+001  0.800757561416626E+001  0.000000000000000E+000 -0.576391684560473E+000
  0.100000000000000E+001 -0.535963871043439E+001  0.258168651232002E+000  0.971917894255268E+000  0.305185376120419E+001 -0.870385065436956E+000 -0.942194661101418E+000  0.784243665627651E+001  0.000000000000000E+000 -0.409337569396730E+000
  0.100000000000000E+001 -0.536001078200203E+001  0.262369462902130E+000  0.967129734295846E+000  0.303859307404549E+001 -0.861909635600183E+000 -0.794878754231751E+000  0.934681378774798E+001  0.000000000000000E+000 -0.191352866508439E+001
  0.100000000000000E+001 -0.536802502601016E+001  0.258177715395272E+000  0.966641390007529E+000  0.305377122702312E+001 -0.866513109974945E+000 -0.936076147732396E+000  0.918415506419414E+001  0.000000000000000E+000 -0.174686281952648E+001
  0.100000000000000E+001 -0.538057820167249E+001  0.259808151309281E+000  0.968394939897083E+000  0.304585407781797E+001 -0.873273099560679E+000 -0.910700404549399E+000  0.909984123412448E+001  0.000000000000000E+000 -0.165627240162565E+001
  0.100000000000000E+001 -0.538439476084993E+001  0.260382426780637E+000  0.965783544974142E+000  0.303724081928130E+001 -0.843574779551878E+000 -0.111682676197958E+001  0.839250739169080E+001  0.000000000000000E+000 -0.947030279603255E+000
  0.100000000000000E+001 -0.540792393930316E+001  0.260964656125231E+000  0.964577214466549E+000  0.304242126916383E+001 -0.856132844130148E+000 -0.893390408969032E+000  0.937341355607789E+001  0.000000000000000E+000 -0.191617185476372E+001
  0.100000000000000E+001 -0.544773043642094E+001  0.262224281389844E+000  0.963046570883332E+000  0.303998880181120E+001 -0.851269525871525E+000 -0.853380001627095E+000  0.921089156587128E+001  0.000000000000000E+000 -0.173374661599823E+001
  0.100000000000000E+001 -0.548055632047110E+001  0.259335230194804E+000  0.965462675528939E+000  0.304003720898684E+001 -0.834229384812348E+000 -0.120250428788139E+001  0.817057440319769E+001  0.000000000000000E+000 -0.677016511299561E+000
  0.100000000000000E+001 -0.551995380351590E+001  0.260352004409460E+000  0.968536224475201E+000  0.303853364392606E+001 -0.842053949896373E+000 -0.106473644014635E+001  0.828901005292846E+001  0.000000000000000E+000 -0.775753419507928E+000
  0.100000000000000E+001 -0.552697966901474E+001  0.261610519609580E+000  0.962674788776005E+000  0.303790263892579E+001 -0.848100073041609E+000 -0.974452396524596E+000  0.873263616547747E+001  0.000000000000000E+000 -0.121586659930752E+001
  0.100000000000000E+001 -0.552875964958685E+001  0.257218032741679E+000  0.968487485776049E+000  0.305296601899579E+001 -0.856640597869232E+000 -0.108041093799788E+001  0.840334832171644E+001  0.000000000000000E+000 -0.885688765260434E+000
  0.100000000000000E+001 -0.554118325608367E+001  0.258652625973886E+000  0.971662365716744E+000  0.305472263793779E+001 -0.885366842860844E+000 -0.793685736388123E+000  0.831013748340889E+001  0.000000000000000E+000 -0.786266123704469E+000
  0.100000000000000E+001 -0.554439086003217E+001  0.258493166668614E+000  0.969941883979067E+000  0.304687810035636E+001 -0.860745758111137E+000 -0.102754790022858E+001  0.833332011757709E+001  0.000000000000000E+000 -0.807844955898422E+000
  0.100000000000000E+001 -0.554968331275223E+001  0.257326648253114E+000  0.966685817778496E+000  0.305650884052046E+001 -0.870513819846395E+000 -0.984175904774886E+000  0.891103203318386E+001  0.000000000000000E+000 -0.138291064514516E+001
  0.100000000000000E+001 -0.556389465138297E+001  0.259560111173403E+000  0.969953949865930E+000  0.304272323502476E+001 -0.861335766982549E+000 -0.100975840866082E+001  0.832364862019086E+001  0.000000000000000E+000 -0.788421562836793E+000
  0.100000000000000E+001 -0.562573254501479E+001  0.256810697170157E+000  0.968377337951803E+000  0.305438322037081E+001 -0.860049474332526E+000 -0.112516103288145E+001  0.819356264841547E+001  0.000000000000000E+000 -0.627416644245485E+000
  0.100000000000000E+001 -0.563569160781086E+001  0.259573686308985E+000  0.964886855725237E+000  0.305138996795141E+001 -0.860720025224982E+000 -0.892040595982966E+000  0.940051902063678E+001  0.000000000000000E+000 -0.182939348506877E+001
  0.100000000000000E+001 -0.566687389652229E+001  0.257852062587876E+000  0.969325338415037E+000  0.304858454852290E+001 -0.855093178350346E+000 -0.109428498686821E+001  0.823964736275110E+001  0.000000000000000E+000 -0.652930682827370E+000
  0.100000000000000E+001 -0.569039641247124E+001  0.261117462046360E+000  0.965509827605049E+000  0.303981282891058E+001 -0.859987084128166E+000 -0.933448423644764E+000  0.917535751447445E+001  0.000000000000000E+000 -0.157687957657625E+001
  0.100000000000000E+001 -0.573107831611259E+001  0.260097478935576E+000  0.965916126444357E+000  0.303937247507186E+001 -0.847277936057798E+000 -0.107383351770440E+001  0.867129092526146E+001  0.000000000000000E+000 -0.105247203554258E+001
  0.100000000000000E+001 -0.576827845901914E+001  0.260671009380818E+000  0.965585478305907E+000  0.303475711022620E+001 -0.833637255262581E+000 -0.115162717723237E+001  0.809350689299089E+001  0.000000000000000E+000 -0.456087931818742E+000
  0.100000000000000E+001 -0.577124134316489E+001  0.257807074935864E+000  0.966581980532648E+000  0.305523558982848E+001 -0.863480721990176E+000 -0.100447585132304E+001  0.887127392877088E+001  0.000000000000000E+000 -0.123237352552585E+001
  0.100000000000000E+001 -0.578050179180186E+001  0.257520848921284E+000  0.969451660723857E+000  0.305639946992102E+001 -0.874308557948845E+000 -0.915426020768990E+000  0.863966091971176E+001  0.000000000000000E+000 -0.996130292148245E+000
  0.100000000000000E+001 -0.581031364491286E+001  0.259990771893913E+000  0.964182451905363E+000  0.304426662263009E+001 -0.855979518311117E+000 -0.981852341389739E+000  0.913430956957385E+001  0.000000000000000E+000 -0.147587301545484E+001
  0.100000000000000E+001 -0.583647109059976E+001  0.259768584554733E+000  0.965183840037099E+000  0.305131881190215E+001 -0.863563850007539E+000 -0.844779048933089E+000  0.955220959563334E+001  0.000000000000000E+000 -0.188069431867088E+001
  0.100000000000000E+001 -0.583925666838869E+001  0.261723905164460E+000  0.962974050066413E+000  0.303864214656863E+001 -0.848595027605137E+000 -0.952888981431096E+000  0.886566331064438E+001  0.000000000000000E+000 -0.119275524478745E+001
  0.100000000000000E+001 -0.588551830120425E+001  0.258643534851415E+000  0.967632475123912E+000  0.304885350002299E+001 -0.865019720764451E+000 -0.102487588718190E+001  0.884558812772283E+001  0.000000000000000E+000 -0.114954924545812E+001
  0.100000000000000E+001 -0.589599327845838E+001  0.259804815979781E+000  0.966313878211477E+000  0.304257980168124E+001 -0.838260600711752E+000 -0.106708098930635E+001  0.873533788057150E+001  0.000000000000000E+000 -0.103406150967973E+001
  0.100000000000000E+001 -0.594296055267610E+001  0.257611738121891E+000  0.968938108275053E+000  0.305128290869330E+001 -0.865571018649065E+000 -0.105986978310232E+001  0.844106555482163E+001  0.000000000000000E+000 -0.716305546820999E+000
  0.100000000000000E+001 -0.595000839122840E+001  0.259505054830650E+000  0.967258884088021E+000  0.305313110596566E+001 -0.878143517254007E+000 -0.811007123097807E+000  0.947591488005872E+001  0.000000000000000E+000 -0.174763095278194E+001
  0.100000000000000E+001 -0.595056594437325E+001  0.260083942015613E+000  0.966773022512066E+000  0.305176090046760E+001 -0.878369873106929E+000 -0.771165549190362E+000  0.966585630966480E+001  0.000000000000000E+000 -0.193729360581560E+001
  0.100000000000000E+001 -0.595725709968961E+001  0.260654224433421E+000  0.962771419223280E+000  0.303871143278422E+001 -0.838452291419227E+000 -0.108339177711476E+001  0.841117665473366E+001  0.000000000000000E+000 -0.679268373226270E+000
  0.100000000000000E+001 -0.596680793580269E+001  0.257915090496460E+000  0.966740317683609E+000  0.305104816020389E+001 -0.862815035457391E+000 -0.106735994484819E+001  0.878007163570763E+001  0.000000000000000E+000 -0.104338793614370E+001
  0.100000000000000E+001 -0.599103971469911E+001  0.261925980195914E+000  0.962741926441590E+000  0.303498450753301E+001 -0.837272514089282E+000 -0.102910718552035E+001  0.835469058025784E+001  0.000000000000000E+000 -0.605890991245702E+000
  0.100000000000000E+001 -0.601051926017693E+001  0.258207479207661E+000  0.965262972941549E+000  0.305476489444582E+001 -0.870394877261389E+000 -0.944013821731689E+000  0.918751836612274E+001  0.000000000000000E+000 -0.142897900437169E+001
  0.100000000000000E+001 -0.607214585633974E+001  0.257770638850347E+000  0.967344824231714E+000  0.305020618628560E+001 -0.847476796085404E+000 -0.111761024369544E+001  0.849842042619720E+001  0.000000000000000E+000 -0.709067766364741E+000
  0.100000000000000E+001 -0.608289948117970E+001  0.262654429715020E+000  0.964757935401461E+000  0.303650687104827E+001 -0.848964035069695E+000 -0.861461997293982E+000  0.914105410107114E+001  0.000000000000000E+000 -0.134632462881871E+001
  0.100000000000000E+001 -0.608518828030203E+001  0.260132409893952E+000  0.966254495815068E+000  0.304602848234912E+001 -0.855226689773368E+000 -0.900288185024231E+000  0.938727269042586E+001  0.000000000000000E+000 -0.159139881861226E+001
  0.100000000000000E+001 -0.609228336221823E+001  0.259578168677751E+000  0.966618473106115E+000  0.304625773129565E+001 -0.864820139873165E+000 -0.976601525523907E+000  0.913516732649337E+001  0.000000000000000E+000 -0.133574591372167E+001
  0.100000000000000E+001 -0.609828172080820E+001  0.257592690316418E+000  0.969779607966421E+000  0.305332240634326E+001 -0.861336250929087E+000 -0.100779521723083E+001  0.833579146625911E+001  0.000000000000000E+000 -0.533370874192424E+000
  0.100000000000000E+001 -0.610186169523572E+001  0.261045495631842E+000  0.968408496229429E+000  0.304292414739887E+001 -0.870283667604170E+000 -0.833423951247442E+000  0.923906053882082E+001  0.000000000000000E+000 -0.143484995954037E+001
  0.100000000000000E+001 -0.616271912112523E+001  0.258491495184738E+000  0.967303463967300E+000  0.305143306179599E+001 -0.873371416098392E+000 -0.952951684364319E+000  0.912515714391329E+001  0.000000000000000E+000 -0.129051785168809E+001
  0.100000000000000E+001 -0.617419576228718E+001  0.256967761901977E+000  0.968193539129320E+000  0.306131928521212E+001 -0.879678307925735E+000 -0.901858926230027E+000  0.866397210692538E+001  0.000000000000000E+000 -0.823594494119207E+000
  0.100000000000000E+001 -0.617473749013071E+001  0.257219904948152E+000  0.969290086947283E+000  0.305454387799404E+001 -0.860120334090068E+000 -0.104799969525510E+001  0.827305577307120E+001  0.000000000000000E+000 -0.432407296343263E+000
  0.100000000000000E+001 -0.617553837530343E+001  0.261108547306147E+000  0.966059281100243E+000  0.304385362368604E+001 -0.868763626039862E+000 -0.835761013124193E+000  0.955296151170571E+001  0.000000000000000E+000 -0.171191259239141E+001
  0.100000000000000E+001 -0.621358665581430E+001  0.259884209856839E+000  0.964754418473588E+000  0.304663154613560E+001 -0.847854140003777E+000 -0.970540176167934E+000  0.917721926520357E+001  0.000000000000000E+000 -0.131714620563384E+001
  0.100000000000000E+001 -0.622610228392180E+001  0.257361516078394E+000  0.966793777918167E+000  0.305726928312525E+001 -0.864862709081070E+000 -0.996919780712723E+000  0.878792336455805E+001  0.000000000000000E+000 -0.921592490934564E+000
  0.100000000000000E+001 -0.623943785529819E+001  0.257714902272309E+000  0.966866073853554E+000  0.305795072347685E+001 -0.870615390048719E+000 -0.911534773630219E+000  0.904005822256757E+001  0.000000000000000E+000 -0.116705956325589E+001
  0.100000000000000E+001 -0.628274930893900E+001  0.256665325721322E+000  0.968227583240425E+000  0.305752532153922E+001 -0.866348031094477E+000 -0.105350731063933E+001  0.836442056639080E+001  0.000000000000000E+000 -0.469766180258720E+000
  0.100000000000000E+001 -0.630115348819752E+001  0.259779999208569E+000  0.965012883451979E+000  0.305023611220877E+001 -0.861911524704766E+000 -0.867640208304179E+000  0.950876761853727E+001  0.000000000000000E+000 -0.160491114277592E+001
  0.100000000000000E+001 -0.631202303142814E+001  0.260683454270157E+000  0.964598487857276E+000  0.304002171199339E+001 -0.836294113377059E+000 -0.103882345447152E+001  0.877446799215921E+001  0.000000000000000E+000 -0.865176744782554E+000
  0.100000000000000E+001 -0.631341058833008E+001  0.259074708868216E+000  0.968998214296419E+000  0.304842036177705E+001 -0.870101758998328E+000 -0.952681380208952E+000  0.882765949364516E+001  0.000000000000000E+000 -0.917674467817538E+000
  0.100000000000000E+001 -0.635235657752166E+001  0.258335996115730E+000  0.966855342455848E+000  0.304651239114274E+001 -0.844532550408444E+000 -0.115880304529045E+001  0.840671067417179E+001  0.000000000000000E+000 -0.477252653748383E+000
  0.100000000000000E+001 -0.637898431787632E+001  0.261488264287124E+000  0.965176035716383E+000  0.304283042958666E+001 -0.861640553871537E+000 -0.825612834187325E+000  0.956377239710122E+001  0.000000000000000E+000 -0.162100050650048E+001
  0.100000000000000E+001 -0.638542639268359E+001  0.261267335282288E+000  0.965756080691833E+000  0.304013904560013E+001 -0.860595018702102E+000 -0.904925649152497E+000  0.926135372337976E+001  0.000000000000000E+000 -0.131536079537538E+001
  0.100000000000000E+001 -0.642618034574191E+001  0.260955835197827E+000  0.967379023659457E+000  0.303813029132314E+001 -0.855227025587030E+000 -0.980098064729375E+000  0.879522140662990E+001  0.000000000000000E+000 -0.828851502096361E+000
  0.100000000000000E+001 -0.644261678476293E+001  0.258067471686692E+000  0.969841095690562E+000  0.305357551009062E+001 -0.866209533304971E+000 -0.950736446972492E+000  0.849880691518857E+001  0.000000000000000E+000 -0.524218791144520E+000
  0.100000000000000E+001 -0.644417221278671E+001  0.260066577365684E+000  0.966553462942423E+000  0.304404930787183E+001 -0.846360573522237E+000 -0.992074994356640E+000  0.901609141293060E+001  0.000000000000000E+000 -0.104072557487466E+001
  0.100000000000000E+001 -0.646711478854611E+001  0.257526342833652E+000  0.968792502006505E+000  0.305503352929572E+001 -0.865471632723925E+000 -0.976223466404750E+000  0.864792982355022E+001  0.000000000000000E+000 -0.661092697614588E+000
  0.100000000000000E+001 -0.647762072905058E+001  0.259715516649112E+000  0.966796081993473E+000  0.304956195921705E+001 -0.874343802026320E+000 -0.865363857206801E+000  0.946064499268623E+001  0.000000000000000E+000 -0.146855489649835E+001
  0.100000000000000E+001 -0.649597513128491E+001  0.258926259130991E+000  0.964820832718500E+000  0.304713517249133E+001 -0.850909612152595E+000 -0.108405283923865E+001  0.879945825361397E+001  0.000000000000000E+000 -0.798190956308931E+000
  0.100000000000000E+001 -0.652640021414477E+001  0.261956497821331E+000  0.964522630949492E+000  0.303858306585305E+001 -0.853679625520449E+000 -0.880896315429270E+000  0.923009169570615E+001  0.000000000000000E+000 -0.121361185697118E+001
  0.100000000000000E+001 -0.653404278741839E+001  0.259986178568624E+000  0.968362580466254E+000  0.303987918195820E+001 -0.849127901924392E+000 -0.104636060457626E+001  0.848627746424340E+001  0.000000000000000E+000 -0.465976338871623E+000
  0.100000000000000E+001 -0.655318896568010E+001  0.258735676165862E+000  0.968348598773770E+000  0.305093297231229E+001 -0.863030681555573E+000 -0.963007683042299E+000  0.888417564357949E+001  0.000000000000000E+000 -0.854301429076856E+000
  0.100000000000000E+001 -0.656254670240514E+001  0.259885697613067E+000  0.969382007017131E+000  0.304141850312309E+001 -0.851219393992074E+000 -0.101894034249767E+001  0.839260413653319E+001  0.000000000000000E+000 -0.358051053668038E+000
  0.100000000000000E+001 -0.667011691557067E+001  0.258028836739612E+000  0.970961716144721E+000  0.305238600498998E+001 -0.872271952864189E+000 -0.942290263774666E+000  0.821889746757446E+001  0.000000000000000E+000 -0.130559278126545E+000
  0.100000000000000E+001 -0.675280814601145E+001  0.261580215615511E+000  0.966452512836732E+000  0.303746713524332E+001 -0.852182095682389E+000 -0.946984691905458E+000  0.893749544491382E+001  0.000000000000000E+000 -0.807811640245512E+000
  0.100000000000000E+001 -0.680909174300463E+001  0.257387249266425E+000  0.967299448299659E+000  0.305337220032865E+001 -0.858743034002885E+000 -0.107537143458117E+001  0.861188863413540E+001  0.000000000000000E+000 -0.454063030970503E+000
  0.100000000000000E+001 -0.681382647080958E+001  0.259088114683263E+000  0.968572323803754E+000  0.304384365840070E+001 -0.852494752532439E+000 -0.108021783741824E+001  0.843131027504099E+001  0.000000000000000E+000 -0.271117307973618E+000
  0.100000000000000E+001 -0.687553118217632E+001  0.260880536334206E+000  0.965128323883798E+000  0.303729615338930E+001 -0.835658808889886E+000 -0.106068400778415E+001  0.859051886426563E+001  0.000000000000000E+000 -0.399473541514885E+000
  0.100000000000000E+001 -0.688714245846406E+001  0.260709562883479E+000  0.965203488825169E+000  0.303770405642963E+001 -0.843462332357360E+000 -0.107185461517160E+001  0.858799084346686E+001  0.000000000000000E+000 -0.391139882572246E+000
  0.100000000000000E+001 -0.696929800727512E+001  0.259046484228429E+000  0.968292334050170E+000  0.305444318620545E+001 -0.879200015772141E+000 -0.811748749219007E+000  0.927267185045853E+001  0.000000000000000E+000 -0.103474311515839E+001
  0.100000000000000E+001 -0.703305459020386E+001  0.257898057004570E+000  0.969853052422034E+000  0.305430944237275E+001 -0.869119394730164E+000 -0.946256959905395E+000  0.849275232861877E+001  0.000000000000000E+000 -0.222945301854255E+000
  0.100000000000000E+001 -0.703481184498935E+001  0.259282393717471E+000  0.965341111176486E+000  0.305162293535084E+001 -0.866340682096296E+000 -0.900801049445606E+000  0.939293442080994E+001  0.000000000000000E+000 -0.112224876665268E+001
  0.100000000000000E+001 -0.709711311713940E+001  0.258655836067195E+000  0.966156058696199E+000  0.304948301239102E+001 -0.855951877106811E+000 -0.100735501381789E+001  0.905987647342973E+001  0.000000000000000E+000 -0.758040183197445E+000
  0.100000000000000E+001 -0.716948659843368E+001  0.259514726639289E+000  0.966984827676633E+000  0.304845805090928E+001 -0.863523964143938E+000 -0.899553148564329E+000  0.934942817642723E+001  0.000000000000000E+000 -0.101140514554780E+001
  0.100000000000000E+001 -0.716991189470105E+001  0.258751745521197E+000  0.968310219118830E+000  0.304953000224714E+001 -0.857680336789620E+000 -0.972047977293207E+000  0.889207341588745E+001  0.000000000000000E+000 -0.553837736874339E+000
  0.100000000000000E+001 -0.721156103531102E+001  0.259181160821864E+000  0.969637047779208E+000  0.304591846065676E+001 -0.862494229679019E+000 -0.977067080597054E+000  0.858059096701685E+001  0.000000000000000E+000 -0.221530717698754E+000
  0.100000000000000E+001 -0.725569038467863E+001  0.260919246358519E+000  0.966319468163828E+000  0.303772891807637E+001 -0.841285581466390E+000 -0.102201612031716E+001  0.871789808461632E+001  0.000000000000000E+000 -0.336773160614423E+000
  0.100000000000000E+001 -0.726827466337464E+001  0.259498434200559E+000  0.969071994175896E+000  0.305020532068591E+001 -0.871350952181026E+000 -0.853901959922579E+000  0.908002022175831E+001  0.000000000000000E+000 -0.692603158408410E+000
  0.100000000000000E+001 -0.737288344869659E+001  0.260835484527343E+000  0.965577663547585E+000  0.304259658539438E+001 -0.854476502997291E+000 -0.906936851575366E+000  0.933254595801128E+001  0.000000000000000E+000 -0.892824502000408E+000
  0.100000000000000E+001 -0.740674568264910E+001  0.261140229257408E+000  0.966165900622465E+000  0.303897294756278E+001 -0.846138881208051E+000 -0.960393622574146E+000  0.899405661695293E+001  0.000000000000000E+000 -0.537404043965801E+000
  0.100000000000000E+001 -0.742865543343135E+001  0.257956291659610E+000  0.967994841830054E+000  0.305088575382448E+001 -0.858599268910953E+000 -0.104646225652344E+001  0.867876152393846E+001  0.000000000000000E+000 -0.211154075560204E+000
  0.100000000000000E+001 -0.745759328238638E+001  0.258585144121855E+000  0.969756778610123E+000  0.304992393906297E+001 -0.869327109488962E+000 -0.954474299561432E+000  0.861571208196683E+001  0.000000000000000E+000 -0.133635709111060E+000
  0.100000000000000E+001 -0.747319298790822E+001  0.260027140089493E+000  0.966646467744793E+000  0.304225088459316E+001 -0.845017849832522E+000 -0.103490969274672E+001  0.882700219838625E+001  0.000000000000000E+000 -0.337125972769559E+000
  0.100000000000000E+001 -0.747571732480445E+001  0.259979474065930E+000  0.967314073270024E+000  0.304836969141489E+001 -0.865836903514224E+000 -0.869499136150944E+000  0.937169940396880E+001  0.000000000000000E+000 -0.880561009903994E+000
  0.100000000000000E+001 -0.748890721964925E+001  0.261321669533573E+000  0.965918681476917E+000  0.304184992866840E+001 -0.858423879041873E+000 -0.867163435741330E+000  0.940338897132912E+001  0.000000000000000E+000 -0.905655629841915E+000
  0.100000000000000E+001 -0.749900319808616E+001  0.260828925464652E+000  0.966935816230492E+000  0.304244903742249E+001 -0.853370188869235E+000 -0.910827246301098E+000  0.920952736770423E+001  0.000000000000000E+000 -0.706746036998565E+000
  0.100000000000000E+001 -0.754391252114473E+001  0.259817199262029E+000  0.967247907752419E+000  0.304512348525733E+001 -0.854267493375140E+000 -0.953382389430635E+000  0.911887573211077E+001  0.000000000000000E+000 -0.593639739875822E+000
  0.100000000000000E+001 -0.759360246207363E+001  0.259841654340134E+000  0.966540752644632E+000  0.304782177829130E+001 -0.868543620394456E+000 -0.886764694453173E+000  0.943331285623186E+001  0.000000000000000E+000 -0.883231893532458E+000
  0.100000000000000E+001 -0.766150062933241E+001  0.259283652306393E+000  0.968048185116896E+000  0.304768614555288E+001 -0.859698992025354E+000 -0.943399621659417E+000  0.905244236532150E+001  0.000000000000000E+000 -0.468412318992709E+000
  0.100000000000000E+001 -0.769990252842621E+001  0.258848045629572E+000  0.966661471070984E+000  0.304728014530803E+001 -0.852632339042540E+000 -0.105899331391732E+001  0.882901935211498E+001  0.000000000000000E+000 -0.225788356239296E+000
  0.100000000000000E+001 -0.774010676055167E+001  0.260505229180456E+000  0.965762161562804E+000  0.304285256075060E+001 -0.850956688597369E+000 -0.967711302160269E+000  0.912810470235909E+001  0.000000000000000E+000 -0.504771590420669E+000
  0.100000000000000E+001 -0.774672323901808E+001  0.260831196028134E+000  0.965259848156036E+000  0.304046421006642E+001 -0.847034643174523E+000 -0.974462604860195E+000  0.904803407840339E+001  0.000000000000000E+000 -0.421392727231769E+000
  0.100000000000000E+001 -0.778327327588104E+001  0.261001667110438E+000  0.965030002065544E+000  0.304083246740918E+001 -0.851075467269775E+000 -0.955915756749786E+000  0.911618594094173E+001  0.000000000000000E+000 -0.471269571338626E+000
  0.100000000000000E+001 -0.781234930734903E+001  0.258851670024710E+000  0.966052206358165E+000  0.304944541596034E+001 -0.855665021057064E+000 -0.998585606925225E+000  0.908567070023794E+001  0.000000000000000E+000 -0.426216314900845E+000
  0.100000000000000E+001 -0.802638876600092E+001  0.258736385644303E+000  0.967760146031044E+000  0.304913401331527E+001 -0.858268181442012E+000 -0.100216186728690E+001  0.889056267042265E+001  0.000000000000000E+000 -0.124088555759611E+000
  0.100000000000000E+001 -0.813642443763276E+001  0.259459669866590E+000  0.967294997579655E+000  0.304769622183135E+001 -0.859916345455001E+000 -0.951405123008974E+000  0.913152076160768E+001  0.000000000000000E+000 -0.310028811128714E+000
  0.100000000000000E+001 -0.834636795094265E+001  0.259680931756033E+000  0.967097060369212E+000  0.304528873702583E+001 -0.856687421679108E+000 -0.971848815103124E+000  0.908440739613491E+001  0.000000000000000E+000 -0.157943689001001E+000
