  0.250415687594444E+000  0.981680283700758E+000  0.310666353231681E+001  0.306525160253261E+000 -0.127662680142541E+001 -0.127662680142541E+001
  0.250036205169659E+000  0.981320339592391E+000  0.310908144454970E+001  0.306525160253261E+000 -0.115781417384683E+001 -0.115781417384683E+001
  0.249338593148804E+000  0.978303395506041E+000  0.311479037155757E+001  0.306525160253261E+000 -0.108592320968823E+001 -0.108592320968822E+001
  0.249927227004699E+000  0.977730024580143E+000  0.311196395808644E+001  0.306525160253261E+000 -0.804851347542959E+000 -0.804851347542959E+000
  0.250792144418111E+000  0.978097692481188E+000  0.310669492417845E+001  0.306525160253261E+000 -0.856875248910291E+000 -0.856875248910291E+000
  0.249996401356283E+000  0.975609949741873E+000  0.311286829830532E+001  0.306525160253261E+000 -0.129912943142679E+001 -0.129912943142679E+001
  0.250153290188632E+000  0.979140936041120E+000  0.310871652432814E+001  0.306525160253261E+000 -0.939098436835307E+000 -0.939098436835307E+000
  0.250536041361667E+000  0.976861212602613E+000  0.310786262531574E+001  0.306525160253261E+000 -0.103264469595503E+001 -0.103264469595503E+001
  0.250479548447714E+000  0.978056375959253E+000  0.310725599036306E+001  0.306525160253261E+000 -0.115146002762210E+001 -0.115146002762210E+001
  0.250421918269669E+000  0.976080602766515E+000  0.310963143622656E+001  0.306525160253261E+000 -0.904814073169776E+000 -0.904814073169776E+000
  0.249388192265508E+000  0.978856125293369E+000  0.311444733901311E+001  0.306525160253261E+000 -0.116186298207640E+001 -0.116186298207640E+001
  0.250446176718601E+000  0.980823506265189E+000  0.310691345286833E+001  0.306525160253261E+000 -0.959326884238266E+000 -0.959326884238266E+000
  0.250730508144793E+000  0.980317969724169E+000  0.310491675605963E+001  0.306525160253261E+000 -0.103488144477742E+001 -0.103488144477742E+001
  0.250299627879241E+000  0.976111643299509E+000  0.311012901516820E+001  0.306525160253261E+000 -0.900952494354373E+000 -0.900952494354373E+000
  0.250695811900576E+000  0.977241214900012E+000  0.310759054018645E+001  0.306525160253261E+000 -0.797614780358789E+000 -0.797614780358789E+000
  0.249425346135069E+000  0.979887309129442E+000  0.311332303768964E+001  0.306525160253261E+000 -0.111309842488884E+001 -0.111309842488884E+001
  0.250168554325624E+000  0.977023238444199E+000  0.311064622022695E+001  0.306525160253261E+000 -0.693797998821644E+000 -0.693797998821644E+000
  0.250749371146856E+000  0.977745424808462E+000  0.310586031583790E+001  0.306525160253261E+000 -0.128445029598109E+001 -0.128445029598109E+001
  0.249881987878637E+000  0.978276886738641E+000  0.311184854181306E+001  0.306525160253261E+000 -0.755845516347367E+000 -0.755845516347367E+000
  0.250077457066429E+000  0.979229485354128E+000  0.310911078223484E+001  0.306525160253261E+000 -0.957807354470557E+000 -0.957807354470557E+000
  0.249927348032335E+000  0.975601922567225E+000  0.311298159857081E+001  0.306525160253261E+000 -0.115654790128674E+001 -0.115654790128674E+001
  0.250574378718729E+000  0.979296713497756E+000  0.310608152685678E+001  0.306525160253261E+000 -0.109805053828678E+001 -0.109805053828678E+001
  0.250558441846162E+000  0.978302711691154E+000  0.310674344079228E+001  0.306525160253261E+000 -0.105537056648815E+001 -0.105537056648815E+001
  0.250249965350905E+000  0.975805990706202E+000  0.311117363166983E+001  0.306525160253261E+000 -0.111102962980528E+001 -0.111102962980528E+001
  0.250756955299494E+000  0.979173528920723E+000  0.310564616741348E+001  0.306525160253261E+000 -0.759457467797943E+000 -0.759457467797943E+000
  0.250045675287475E+000  0.979306999866570E+000  0.310944284363522E+001  0.306525160253261E+000 -0.806112745145337E+000 -0.806112745145337E+000
  0.249848775884043E+000  0.976682226944296E+000  0.311321149100212E+001  0.306525160253261E+000 -0.114910761162610E+001 -0.114910761162610E+001
  0.250857961129584E+000  0.979918824620255E+000  0.310416916227534E+001  0.306525160253261E+000 -0.122622910814124E+001 -0.122622910814124E+001
  0.250282485339888E+000  0.979901779971835E+000  0.310732219929419E+001  0.306525160253261E+000 -0.126767728155460E+001 -0.126767728155460E+001
  0.250586955233544E+000  0.975496157267251E+000  0.310932628899837E+001  0.306525160253261E+000 -0.123279271358121E+001 -0.123279271358121E+001
  0.250257158009196E+000  0.980773734574870E+000  0.310806964762813E+001  0.306525160253261E+000 -0.934689578453822E+000 -0.934689578453821E+000
  0.249869330325974E+000  0.976409844535125E+000  0.311336265240600E+001  0.306525160253261E+000 -0.132160240588241E+001 -0.132160240588241E+001
