  0.164643382712750E-308  0.144506270921345E+004  0.243644345231449E+000  0.876251940460311E+000  0.319404663689344E+001  0.306525160253261E+000 -0.721877881072064E+003
  0.657923435042526E-305  0.142841504184526E+004  0.217343593793306E+000  0.990488120883841E+000  0.331127663486466E+001  0.306525160253261E+000 -0.713554047387970E+003
  0.219445623876143E-301  0.141212878596363E+004  0.266358273995962E+000  0.106203631528983E+001  0.297843700615713E+001  0.306525160253261E+000 -0.705410919447154E+003
  0.228222921248988E-299  0.140277846547140E+004  0.268237264713225E+000  0.106977985378632E+001  0.295579846864089E+001  0.306525160253261E+000 -0.700735759201040E+003
  0.153738723951349E-293  0.137587603766259E+004  0.265197122278094E+000  0.900430255242901E+000  0.308522174221186E+001  0.306525160253261E+000 -0.687284545296635E+003
  0.234531226020195E-292  0.137036465580891E+004  0.225766824427127E+000  0.966711030470761E+000  0.324667727115847E+001  0.306525160253261E+000 -0.684528854369795E+003
  0.335580945685282E-291  0.136498139339139E+004  0.270931780391193E+000  0.898654091311718E+000  0.302817918638753E+001  0.306525160253261E+000 -0.681837223161037E+003
  0.150914997365158E-287  0.134809746222844E+004  0.271209128424953E+000  0.100763259964538E+001  0.299633852308210E+001  0.306525160253261E+000 -0.673395257579561E+003
  0.862874851055714E-284  0.133073330251823E+004  0.273310229983879E+000  0.998587756516263E+000  0.298997054696022E+001  0.306525160253261E+000 -0.664713177724455E+003
  0.158668837565153E-273  0.128340178798864E+004  0.276708862980895E+000  0.996343888538242E+000  0.293301268687659E+001  0.306525160253261E+000 -0.641047420459661E+003
  0.594377861057738E-272  0.127609368248684E+004  0.254889796607555E+000  0.906598355712331E+000  0.314180074566206E+001  0.306525160253261E+000 -0.637393367708758E+003
  0.143154724477033E-270  0.126966897722185E+004  0.246205731563014E+000  0.924854661631339E+000  0.313775798011159E+001  0.306525160253261E+000 -0.634181015076267E+003
  0.203099229066250E-249  0.117219932272264E+004  0.262702191948475E+000  0.104588597176643E+001  0.301300559325585E+001  0.306525160253261E+000 -0.585446187826660E+003
  0.294757271399220E-245  0.115297218358918E+004  0.226282649692782E+000  0.958453248898628E+000  0.325181506383584E+001  0.306525160253261E+000 -0.575832618259933E+003
  0.562003985461430E-234  0.110096305476077E+004  0.229678285328612E+000  0.934688717328946E+000  0.327103475990073E+001  0.306525160253261E+000 -0.549828053845725E+003
  0.553396344706412E-231  0.108711686984400E+004  0.278328347335938E+000  0.102671336685980E+001  0.292162149296085E+001  0.306525160253261E+000 -0.542904961387339E+003
  0.209884707427624E-229  0.107978401834362E+004  0.238657708793646E+000  0.102054753888893E+001  0.313255006313020E+001  0.306525160253261E+000 -0.539238535637153E+003
  0.142009385651673E-225  0.106208312471464E+004  0.270844679312860E+000  0.906117671751881E+000  0.303838723923820E+001  0.306525160253261E+000 -0.530388088822660E+003
  0.139700967371107E-224  0.105744918913269E+004  0.228988562330714E+000  0.101442143226001E+001  0.323333922914480E+001  0.306525160253261E+000 -0.528071121031684E+003
  0.154282880928114E-222  0.104797873821204E+004  0.276468349531673E+000  0.939469637523195E+000  0.297789205729504E+001  0.306525160253261E+000 -0.523335895571360E+003
  0.186090341765583E-222  0.104754230597936E+004  0.250824751966351E+000  0.923765027623935E+000  0.315668221051466E+001  0.306525160253261E+000 -0.523117679455021E+003
  0.150385631717402E-213  0.100646028977024E+004  0.239672435967206E+000  0.104761073027317E+001  0.314400785751670E+001  0.306525160253261E+000 -0.502576671350462E+003
  0.298011475936109E-210  0.991215377650028E+003  0.266820041827043E+000  0.917074973223410E+000  0.303797026094188E+001  0.306525160253261E+000 -0.494954215290354E+003
  0.961320613213355E-207  0.974995971810160E+003  0.265427043890662E+000  0.104365754216037E+001  0.296926016157146E+001  0.306525160253261E+000 -0.486844512370420E+003
  0.301757377702503E-202  0.954225946899895E+003  0.270197856731259E+000  0.912205129528462E+000  0.303183304735447E+001  0.306525160253261E+000 -0.476459499915288E+003
  0.870001542395949E-202  0.952046660232324E+003  0.250925762676448E+000  0.104770192649735E+001  0.307782924862299E+001  0.306525160253261E+000 -0.475369856581502E+003
  0.853932074608610E-199  0.938206893020665E+003  0.256852943518497E+000  0.907596038579864E+000  0.312400750991326E+001  0.306525160253261E+000 -0.468449972975673E+003
  0.756863499559479E-189  0.892334985309733E+003  0.278269413864185E+000  0.965140885040560E+000  0.296838943895611E+001  0.306525160253261E+000 -0.445514019120207E+003
  0.212614862935864E-188  0.890207672897936E+003  0.231958175418355E+000  0.103919209143618E+001  0.318665911108731E+001  0.306525160253261E+000 -0.444450362914309E+003
  0.168183699188021E-182  0.862983959553114E+003  0.227359525929791E+000  0.996497071999912E+000  0.322943998586133E+001  0.306525160253261E+000 -0.430838506241898E+003
  0.254801538750029E-179  0.848276049411502E+003  0.240850493790797E+000  0.104664833476540E+001  0.313423750045140E+001  0.306525160253261E+000 -0.423484551171091E+003
  0.153894257603156E-172  0.816986753262455E+003  0.230090603926018E+000  0.100292678997589E+001  0.323064959242601E+001  0.306525160253261E+000 -0.407839903096568E+003
  0.296910049346704E-170  0.806400542570847E+003  0.251915272158834E+000  0.100965751740414E+001  0.305937128392320E+001  0.306525160253261E+000 -0.402546797750764E+003
  0.570782577809753E-168  0.795821500613634E+003  0.266234434728368E+000  0.104343375548404E+001  0.298157489715452E+001  0.306525160253261E+000 -0.397257276772157E+003
  0.146154184941839E-167  0.793879479584344E+003  0.272306513496037E+000  0.102555618910597E+001  0.295984921245717E+001  0.306525160253261E+000 -0.396286266257513E+003
  0.151017065115804E-160  0.761516283527638E+003  0.261811545644404E+000  0.961018991122028E+000  0.303396721381748E+001  0.306525160253261E+000 -0.380104668229160E+003
  0.514205743312005E-153  0.726768087668906E+003  0.276103177532226E+000  0.977017356611957E+000  0.296406997831805E+001  0.306525160253261E+000 -0.362730570299794E+003
  0.399894080691685E-145  0.690368030364488E+003  0.265943156483833E+000  0.102954780620206E+001  0.299708684184010E+001  0.306525160253261E+000 -0.344530541647585E+003
  0.214902081689779E-142  0.677733010935964E+003  0.235018338848356E+000  0.103274535766559E+001  0.317288347886617E+001  0.306525160253261E+000 -0.338213031933323E+003
  0.486658986287965E-142  0.676036705310782E+003  0.252662381343503E+000  0.918838737310800E+000  0.314039028211150E+001  0.306525160253261E+000 -0.337364879120731E+003
  0.721960151206844E-142  0.675186349391797E+003  0.259507107657922E+000  0.984508099362273E+000  0.303297150836404E+001  0.306525160253261E+000 -0.336939701161239E+003
  0.153221039140645E-141  0.673619812620581E+003  0.257278352204261E+000  0.104992414420674E+001  0.302216106484349E+001  0.306525160253261E+000 -0.336156432775631E+003
  0.254254335116991E-140  0.667940192104642E+003  0.235503757136799E+000  0.937106350621463E+000  0.323020905852752E+001  0.306525160253261E+000 -0.333316622517662E+003
  0.123620943794623E-137  0.655505368442436E+003  0.260239145002483E+000  0.941387865619181E+000  0.308924232385458E+001  0.306525160253261E+000 -0.327099210686558E+003
  0.326196789819601E-130  0.621267072082883E+003  0.256221262305151E+000  0.958363641826152E+000  0.310492410333687E+001  0.306525160253261E+000 -0.309980062506782E+003
  0.115964473805658E-126  0.604853281951784E+003  0.259708385022714E+000  0.941416916605809E+000  0.309133331393882E+001  0.306525160253261E+000 -0.301773167441233E+003
  0.510388407637924E-126  0.601827962363328E+003  0.268200078047478E+000  0.102357583376820E+001  0.297643774066804E+001  0.306525160253261E+000 -0.300260507647005E+003
  0.139602128080554E-122  0.585938489472287E+003  0.249197842714123E+000  0.915690595923244E+000  0.315735639773770E+001  0.306525160253261E+000 -0.292315771201484E+003
  0.131769679476851E-121  0.581387257745429E+003  0.240687757980352E+000  0.103313912497952E+001  0.314153158596301E+001  0.306525160253261E+000 -0.290040155338055E+003
  0.341007640709717E-121  0.579424015752704E+003  0.265426645899419E+000  0.973990572906578E+000  0.304068329683898E+001  0.306525160253261E+000 -0.289058534341693E+003
  0.294383903658075E-120  0.575051342596423E+003  0.233679297329179E+000  0.966201720563507E+000  0.320431847100150E+001  0.306525160253261E+000 -0.286872197763552E+003
  0.255201969085799E-117  0.561395807089191E+003  0.250445610789761E+000  0.102440473369290E+001  0.309426794914885E+001  0.306525160253261E+000 -0.280528485392638E+003
  0.518553821901323E-115  0.550669909272723E+003  0.242519740871233E+000  0.102867746577000E+001  0.313549919841435E+001  0.306525160253261E+000 -0.275165536484404E+003
  0.593785302392982E-112  0.536583450745014E+003  0.244727849725549E+000  0.104152703938122E+001  0.310529888020385E+001  0.306525160253261E+000 -0.268122307220549E+003
  0.122478748273856E-105  0.507401833411897E+003  0.239653938657992E+000  0.100633744357942E+001  0.314293292627771E+001  0.306525160253261E+000 -0.253531498553990E+003
  0.551309892804187E-097  0.467351585929916E+003  0.241123902507091E+000  0.980222976372097E+000  0.314695748426483E+001  0.306525160253261E+000 -0.233506374813000E+003
  0.108389541946574E-093  0.451993415750542E+003  0.252232807039151E+000  0.103246198688352E+001  0.305686095319432E+001  0.306525160253261E+000 -0.225827289723313E+003
  0.542436840773534E-093  0.448679695622760E+003  0.260771098184062E+000  0.101991874259349E+001  0.303245014839972E+001  0.306525160253261E+000 -0.224170429659422E+003
  0.236949413228693E-088  0.427217254629630E+003  0.251875647231018E+000  0.101226297630533E+001  0.309302301134480E+001  0.306525160253261E+000 -0.213439209162857E+003
  0.148288441313508E-082  0.400430568216826E+003  0.245030123158717E+000  0.993550569949266E+000  0.311627386148327E+001  0.306525160253261E+000 -0.200045865956455E+003
  0.314659624252489E-076  0.371201842686006E+003  0.234762710977041E+000  0.100006531555124E+001  0.319389189982047E+001  0.306525160253261E+000 -0.185431503191045E+003
  0.154588298032113E-070  0.344725210895400E+003  0.235931278497808E+000  0.972613346995216E+000  0.320597352606829E+001  0.306525160253261E+000 -0.172193187295742E+003
  0.101083078513669E-069  0.340969686115655E+003  0.236245028139108E+000  0.995357542905333E+000  0.317733420463582E+001  0.306525160253261E+000 -0.170315424905870E+003
  0.425490546613737E-067  0.328710723004946E+003  0.243611459267681E+000  0.997606490760405E+000  0.314951951231416E+001  0.306525160253261E+000 -0.164185943350515E+003
  0.273889198580122E-064  0.315691131399713E+003  0.264003665066922E+000  0.100453923534269E+001  0.301939016368281E+001  0.306525160253261E+000 -0.157676147547898E+003
  0.249804154351248E-060  0.297454543478952E+003  0.238979078474760E+000  0.991653179329465E+000  0.316016701595198E+001  0.306525160253261E+000 -0.148557853587518E+003
  0.525815897082220E-060  0.295877092118487E+003  0.245969130387651E+000  0.101895521318054E+001  0.310356893517810E+001  0.306525160253261E+000 -0.147769127907285E+003
  0.450218914153503E-059  0.291493452818466E+003  0.263725916824470E+000  0.997587846649280E+000  0.302667510510820E+001  0.306525160253261E+000 -0.145577308257275E+003
  0.143274279968950E-058  0.289089325318261E+003  0.256340443793075E+000  0.102147946668920E+001  0.305173045931098E+001  0.306525160253261E+000 -0.144375244507172E+003
  0.909934525602559E-058  0.285303198168864E+003  0.247869335389761E+000  0.996060049787066E+000  0.310027742320349E+001  0.306525160253261E+000 -0.142482180932474E+003
  0.690298804844909E-057  0.281161620643101E+003  0.264381897512266E+000  0.996114914792186E+000  0.302232646305156E+001  0.306525160253261E+000 -0.140411392169592E+003
  0.878784951847752E-056  0.275899596378156E+003  0.237924029882469E+000  0.100539508434168E+001  0.316719569935729E+001  0.306525160253261E+000 -0.137780380037120E+003
  0.175963357558774E-052  0.260528681294659E+003  0.258743143537071E+000  0.989926745495341E+000  0.304327535192102E+001  0.306525160253261E+000 -0.130094922495372E+003
  0.433089183485369E-052  0.258727345503460E+003  0.238081541804256E+000  0.100351630155737E+001  0.316802606303114E+001  0.306525160253261E+000 -0.129194254599772E+003
  0.582473741821608E-052  0.258134664637995E+003  0.244923986968999E+000  0.966742594444982E+000  0.313560068920394E+001  0.306525160253261E+000 -0.128897914167039E+003
  0.948397509069030E-049  0.243255271311437E+003  0.237929954502425E+000  0.998266292150152E+000  0.316923765793170E+001  0.306525160253261E+000 -0.121458217503761E+003
  0.224995535807913E-048  0.241527487458605E+003  0.249536737872613E+000  0.101230890873613E+001  0.310120922940373E+001  0.306525160253261E+000 -0.120594325577344E+003
  0.137452085619777E-045  0.228430524461384E+003  0.252966815924489E+000  0.101949327954971E+001  0.307164174020099E+001  0.306525160253261E+000 -0.114045844078734E+003
  0.179747722275338E-043  0.218598506987095E+003  0.243938159442709E+000  0.101225871500457E+001  0.312240627070004E+001  0.306525160253261E+000 -0.109129835341589E+003
  0.100879840386929E-041  0.210543415046013E+003  0.253718871539135E+000  0.101771594779460E+001  0.306774446083930E+001  0.306525160253261E+000 -0.105102289371049E+003
  0.194543102889927E-037  0.190720383501424E+003  0.243551717015090E+000  0.100416242036000E+001  0.312793070322323E+001  0.306525160253261E+000 -0.951907735987542E+002
  0.255718743842652E-037  0.190173534628517E+003  0.246596215435993E+000  0.101586132730632E+001  0.310872940793422E+001  0.306525160253261E+000 -0.949173491623006E+002
  0.673719411088666E-035  0.178758660398168E+003  0.248053974845016E+000  0.101558185057327E+001  0.310109035728060E+001  0.306525160253261E+000 -0.892099120471261E+002
  0.130102757061339E-034  0.177357349269451E+003  0.247991069642534E+000  0.101462955859329E+001  0.310331899946713E+001  0.306525160253261E+000 -0.885092564827676E+002
  0.111116663316710E-033  0.172900903679403E+003  0.252553553493104E+000  0.101332024519076E+001  0.307145244278978E+001  0.306525160253261E+000 -0.862810336877433E+002
  0.701707529155072E-033  0.169054946220395E+003  0.259069738259879E+000  0.991035418490360E+000  0.305754250252665E+001  0.306525160253261E+000 -0.843580549582394E+002
  0.107760858367154E-031  0.163513368811037E+003  0.255915647319163E+000  0.100865169230852E+001  0.306155199641207E+001  0.306525160253261E+000 -0.815872662535606E+002
  0.502645413862558E-030  0.155674335580225E+003  0.244980160149127E+000  0.100900382293209E+001  0.312430468568981E+001  0.306525160253261E+000 -0.776677496381543E+002
  0.187028562031941E-029  0.152970932009394E+003  0.251884530117051E+000  0.995872673151362E+000  0.308082339678253E+001  0.306525160253261E+000 -0.763160478527391E+002
  0.678368883402470E-028  0.145713421422501E+003  0.243325780707349E+000  0.975002789374747E+000  0.314467518769338E+001  0.306525160253261E+000 -0.726872925592926E+002
  0.179494412276618E-027  0.143767345511981E+003  0.245646011953114E+000  0.981669689935914E+000  0.312575480772775E+001  0.306525160253261E+000 -0.717142546040326E+002
  0.203988050297334E-023  0.124864172723237E+003  0.241017694581018E+000  0.991412858483736E+000  0.315611863709384E+001  0.306525160253261E+000 -0.622626682096603E+002
  0.850451623179937E-023  0.121865842566039E+003  0.249699590777172E+000  0.999258286300176E+000  0.310676331703289E+001  0.306525160253261E+000 -0.607635031310616E+002
  0.345173332393422E-022  0.118926128289422E+003  0.259799081855657E+000  0.985853379576924E+000  0.305264428143714E+001  0.306525160253261E+000 -0.592936459927530E+002
  0.774141077032750E-022  0.117242910339171E+003  0.243069955376434E+000  0.961331783714082E+000  0.315801998929349E+001  0.306525160253261E+000 -0.584520370176275E+002
  0.174300176380102E-021  0.115486307729364E+003  0.248947797069597E+000  0.100580963399675E+001  0.309700432872097E+001  0.306525160253261E+000 -0.575737357127240E+002
  0.755469545974349E-021  0.112424109673732E+003  0.241504078583176E+000  0.989801350769628E+000  0.315622005431784E+001  0.306525160253261E+000 -0.560426366849082E+002
  0.163883986522491E-020  0.110811803476898E+003  0.242793915509909E+000  0.988980583316567E+000  0.315172120268773E+001  0.306525160253261E+000 -0.552364835864911E+002
  0.683914527819094E-020  0.107890957735790E+003  0.253455068545412E+000  0.998486528481587E+000  0.307321961442054E+001  0.306525160253261E+000 -0.537760607159370E+002
  0.368950275470365E-019  0.104456632293869E+003  0.250984495046082E+000  0.980602820863824E+000  0.309549250117833E+001  0.306525160253261E+000 -0.520588979949766E+002
  0.432453060991063E-019  0.104075511075552E+003  0.244349864429198E+000  0.999614417309578E+000  0.312979550194214E+001  0.306525160253261E+000 -0.518683373858177E+002
  0.435690082328916E-019  0.103997098920386E+003  0.257592743744527E+000  0.997048008606405E+000  0.305541700956028E+001  0.306525160253261E+000 -0.518291313082350E+002
  0.512570016874306E-019  0.103672086620941E+003  0.243491998178442E+000  0.973863672568788E+000  0.315713990720761E+001  0.306525160253261E+000 -0.516666251585124E+002
  0.115241311042971E-018  0.101986154855686E+003  0.249875093762469E+000  0.100551785280248E+001  0.309271100703375E+001  0.306525160253261E+000 -0.508236592758851E+002
  0.465030984628158E-018  0.991304237096531E+002  0.253222518962326E+000  0.100403381466227E+001  0.307901222239687E+001  0.306525160253261E+000 -0.493957937028685E+002
  0.472011421373556E-018  0.990350457717236E+002  0.243346024906543E+000  0.964109040992197E+000  0.315507951409030E+001  0.306525160253261E+000 -0.493481047339038E+002
  0.834788371895619E-018  0.978291160005215E+002  0.250881870620217E+000  0.965688156211404E+000  0.310577637072622E+001  0.306525160253261E+000 -0.487451398483027E+002
  0.108972763019551E-016  0.926253565337933E+002  0.243437230422826E+000  0.984095258461205E+000  0.315083791545926E+001  0.306525160253261E+000 -0.461432601149386E+002
  0.328693354671192E-016  0.903517223021196E+002  0.245797389165386E+000  0.980464858333841E+000  0.314073593075942E+001  0.306525160253261E+000 -0.450064429991018E+002
  0.671410462959292E-016  0.888576318469627E+002  0.241789806786602E+000  0.981249975089619E+000  0.315722936981982E+001  0.306525160253261E+000 -0.442593977715233E+002
  0.792648628515699E-016  0.884600534736824E+002  0.255649929815558E+000  0.998084131456213E+000  0.306412580673249E+001  0.306525160253261E+000 -0.440606085848832E+002
  0.347583886192512E-014  0.808328814501558E+002  0.249021391164834E+000  0.100060892260675E+001  0.309997586088725E+001  0.306525160253261E+000 -0.402470225731198E+002
  0.450791020542107E-014  0.802473061484300E+002  0.249520192378131E+000  0.998466542896008E+000  0.310604781732681E+001  0.306525160253261E+000 -0.399542349222570E+002
  0.507127929863763E-014  0.799462076310206E+002  0.246977341174887E+000  0.986480621580649E+000  0.312991075479508E+001  0.306525160253261E+000 -0.398036856635523E+002
  0.608690238859261E-014  0.795155355845415E+002  0.243072080574412E+000  0.974187768693426E+000  0.315710104030501E+001  0.306525160253261E+000 -0.395883496403127E+002
  0.614031596999314E-014  0.794324821620797E+002  0.248109824995790E+000  0.989669625162359E+000  0.310910182671089E+001  0.306525160253261E+000 -0.395468229290818E+002
  0.128635180821176E-013  0.778878644214997E+002  0.247616407157809E+000  0.997975369085805E+000  0.311696048624436E+001  0.306525160253261E+000 -0.387745140587918E+002
  0.550800885940445E-013  0.748500013130096E+002  0.244611032639462E+000  0.995100298296641E+000  0.313384897254014E+001  0.306525160253261E+000 -0.372555825045467E+002
  0.655943788077812E-013  0.744371004742757E+002  0.250894915073065E+000  0.962791273155054E+000  0.310911878916407E+001  0.306525160253261E+000 -0.370491320851798E+002
  0.105314674873832E-012  0.734266775404832E+002  0.254244130589951E+000  0.997469935460593E+000  0.307735297060824E+001  0.306525160253261E+000 -0.365439206182836E+002
  0.195996581129537E-012  0.721208912560394E+002  0.256517577060340E+000  0.986749804246982E+000  0.307166762760485E+001  0.306525160253261E+000 -0.358910274760617E+002
  0.426270083047680E-012  0.705034420048493E+002  0.255487115096133E+000  0.990771654918325E+000  0.306810490034517E+001  0.306525160253261E+000 -0.350823028504666E+002
  0.299367046017707E-011  0.665415799101432E+002  0.242966583627606E+000  0.975661912567603E+000  0.315442665139415E+001  0.306525160253261E+000 -0.331013718031136E+002
  0.558804632924475E-010  0.606246532895113E+002  0.252955426756515E+000  0.970280380651054E+000  0.309295813783998E+001  0.306525160253261E+000 -0.301429084927976E+002
  0.153634754094267E-009  0.585384294257732E+002  0.244531886240287E+000  0.986232201864848E+000  0.313584815061333E+001  0.306525160253261E+000 -0.290997965609286E+002
  0.999746341383584E-009  0.547290849702749E+002  0.248921081999915E+000  0.998853190370253E+000  0.310478352688690E+001  0.306525160253261E+000 -0.271951243331794E+002
  0.108132635811878E-008  0.545087033980675E+002  0.249877253714968E+000  0.996272328257087E+000  0.309788560113524E+001  0.306525160253261E+000 -0.270849335470757E+002
  0.180743954910000E-008  0.534177603354099E+002  0.244608558759296E+000  0.968593092973643E+000  0.314709032438840E+001  0.306525160253261E+000 -0.265394620157469E+002
  0.488837280955601E-008  0.513643664201445E+002  0.247971801150538E+000  0.992870519151178E+000  0.311760169196737E+001  0.306525160253261E+000 -0.255127650581142E+002
  0.564675258387820E-008  0.510124267701661E+002  0.243825023236592E+000  0.979017402862515E+000  0.314722589791935E+001  0.306525160253261E+000 -0.253367952331250E+002
  0.109016614362303E-007  0.496332601996192E+002  0.244654789636554E+000  0.969773915598274E+000  0.314628892028282E+001  0.306525160253261E+000 -0.246472119478516E+002
  0.111135895781972E-007  0.495312559172836E+002  0.247667580863317E+000  0.996050168698854E+000  0.311525092688517E+001  0.306525160253261E+000 -0.245962098066838E+002
  0.113746480553994E-007  0.494213217639370E+002  0.251457286768010E+000  0.995227889113787E+000  0.309509215300093E+001  0.306525160253261E+000 -0.245412427300105E+002
  0.331332273316427E-007  0.472195251641690E+002  0.247945284812524E+000  0.991559505570857E+000  0.311854561561752E+001  0.306525160253261E+000 -0.234403444301265E+002
  0.762406651652973E-007  0.454893110511633E+002  0.253618251714586E+000  0.988891342187100E+000  0.308699252615694E+001  0.306525160253261E+000 -0.225752373736236E+002
  0.140891303770090E-006  0.441976262267209E+002  0.246999751158210E+000  0.988657990567346E+000  0.312575531962097E+001  0.306525160253261E+000 -0.219293949614024E+002
  0.217894922843442E-006  0.432620803432040E+002  0.253811730060289E+000  0.990979855554043E+000  0.307886715298103E+001  0.306525160253261E+000 -0.214616220196440E+002
  0.551333251225154E-006  0.413419299531607E+002  0.244878217979301E+000  0.972136608062278E+000  0.314405621763132E+001  0.306525160253261E+000 -0.205015468246223E+002
  0.832693072026812E-006  0.404537812058770E+002  0.246595051859500E+000  0.965147846385554E+000  0.313745454171137E+001  0.306525160253261E+000 -0.200574724509805E+002
  0.896364885759242E-006  0.402429188985875E+002  0.245934830857656E+000  0.974038352534309E+000  0.314013939233306E+001  0.306525160253261E+000 -0.199520412973357E+002
  0.164382086826707E-005  0.389665594217084E+002  0.248745848818913E+000  0.971626379396867E+000  0.311756507533522E+001  0.306525160253261E+000 -0.193138615588962E+002
  0.160195131485788E-005  0.389546637687410E+002  0.250167495097452E+000  0.993354550212183E+000  0.309835623499647E+001  0.306525160253261E+000 -0.193079137324125E+002
  0.163622173602097E-005  0.388488317591054E+002  0.246593025359615E+000  0.972153462153726E+000  0.313101689342866E+001  0.306525160253261E+000 -0.192549977275946E+002
  0.242739285486234E-005  0.379964783270985E+002  0.248937325205002E+000  0.962308213552303E+000  0.312480295473030E+001  0.306525160253261E+000 -0.188288210115912E+002
  0.373458829737003E-005  0.370713413263141E+002  0.254389082476209E+000  0.985832053614294E+000  0.307844670335477E+001  0.306525160253261E+000 -0.183662525111990E+002
  0.396337617696011E-005  0.368889266341921E+002  0.247052729473467E+000  0.971211190049765E+000  0.312881216544516E+001  0.306525160253261E+000 -0.182750451651380E+002
  0.490624477079317E-005  0.363986040280671E+002  0.252440936564520E+000  0.963947147020588E+000  0.310317311337839E+001  0.306525160253261E+000 -0.180298838620755E+002
  0.641926545653398E-005  0.358610143089401E+002  0.247328961237616E+000  0.990957495578158E+000  0.312091220726073E+001  0.306525160253261E+000 -0.177610890025120E+002
  0.143131125047616E-004  0.341916899048833E+002  0.246595709624632E+000  0.966945592863918E+000  0.313756767730776E+001  0.306525160253261E+000 -0.169264268004836E+002
  0.248539246096000E-004  0.330224310661228E+002  0.251132045907198E+000  0.984475996514804E+000  0.309641964242387E+001  0.306525160253261E+000 -0.163417973811034E+002
  0.279448766067583E-004  0.327224150103000E+002  0.252522369163726E+000  0.987981550348338E+000  0.309350333035075E+001  0.306525160253261E+000 -0.161917893531920E+002
  0.344693796919037E-004  0.322371603493806E+002  0.252986509961283E+000  0.969489399145928E+000  0.310144602282216E+001  0.306525160253261E+000 -0.159491620227323E+002
  0.346006050294577E-004  0.321639811366594E+002  0.253270156103194E+000  0.990541730882917E+000  0.308586947872631E+001  0.306525160253261E+000 -0.159125724163716E+002
  0.402598296817450E-004  0.317954354481474E+002  0.252018872714048E+000  0.992712783058580E+000  0.308940708003414E+001  0.306525160253261E+000 -0.157282995721157E+002
  0.403718904292517E-004  0.317242966593007E+002  0.254359703015156E+000  0.981192973975530E+000  0.308644665555719E+001  0.306525160253261E+000 -0.156927301776923E+002
  0.461066021932682E-004  0.313930722276383E+002  0.249267290938874E+000  0.988062209219629E+000  0.311273068797600E+001  0.306525160253261E+000 -0.155271179618611E+002
  0.504572857680791E-004  0.311471505867107E+002  0.247135541507924E+000  0.988557178951185E+000  0.312356512782941E+001  0.306525160253261E+000 -0.154041571413973E+002
  0.507899014452948E-004  0.310684301563000E+002  0.250774234959054E+000  0.993791971762684E+000  0.309770969203264E+001  0.306525160253261E+000 -0.153647969261920E+002
  0.738013337995398E-004  0.302554919901909E+002  0.249454691502663E+000  0.983248373914311E+000  0.310701431471287E+001  0.306525160253261E+000 -0.149583278431374E+002
  0.718063853509357E-004  0.302447191446317E+002  0.247326224253121E+000  0.968767589479620E+000  0.313399122348751E+001  0.306525160253261E+000 -0.149529414203578E+002
  0.704976020245097E-004  0.302159289173081E+002  0.250853602889424E+000  0.981479291708321E+000  0.309971586824824E+001  0.306525160253261E+000 -0.149385463066960E+002
  0.684384863085316E-004  0.302096359990259E+002  0.248053710799181E+000  0.980679868244051E+000  0.311696935407352E+001  0.306525160253261E+000 -0.149353998475549E+002
  0.734175364510437E-004  0.300036013701996E+002  0.254688651783701E+000  0.985556298152197E+000  0.307947975942498E+001  0.306525160253261E+000 -0.148323825331418E+002
  0.758028206384604E-004  0.298740763640858E+002  0.247107287393741E+000  0.982269589638662E+000  0.312234299751325E+001  0.306525160253261E+000 -0.147676200300849E+002
  0.889473916809318E-004  0.294886775450257E+002  0.250730720362933E+000  0.990584075710877E+000  0.310182679354858E+001  0.306525160253261E+000 -0.145749206205548E+002
  0.101637040633068E-003  0.291563719961565E+002  0.251751398768074E+000  0.986955351649977E+000  0.309877462223241E+001  0.306525160253261E+000 -0.144087678461202E+002
  0.100184059432680E-003  0.291195902572446E+002  0.249228294758689E+000  0.992448400805206E+000  0.310575550420794E+001  0.306525160253261E+000 -0.143903769766643E+002
  0.108868951656117E-003  0.288877390275354E+002  0.252324787828150E+000  0.969376615880377E+000  0.310531263564997E+001  0.306525160253261E+000 -0.142744513618097E+002
  0.194569012873769E-003  0.275973779021228E+002  0.251835894570433E+000  0.969297045640326E+000  0.310233988484303E+001  0.306525160253261E+000 -0.136292707991033E+002
  0.194134260336045E-003  0.275383543831167E+002  0.248256886696103E+000  0.989595972986110E+000  0.311240658593598E+001  0.306525160253261E+000 -0.135997590396003E+002
  0.194636171315738E-003  0.274696928976816E+002  0.250994896348687E+000  0.970594039751239E+000  0.310598087155100E+001  0.306525160253261E+000 -0.135654282968828E+002
  0.289095907692618E-003  0.266149425692556E+002  0.249045984488657E+000  0.965525146366933E+000  0.312499653380768E+001  0.306525160253261E+000 -0.131380531326698E+002
  0.346126228321107E-003  0.261913550992730E+002  0.249841367635085E+000  0.990495600363762E+000  0.310245948741847E+001  0.306525160253261E+000 -0.129262593976784E+002
  0.502674774429252E-003  0.253815779846296E+002  0.246202005571252E+000  0.972853420759984E+000  0.313570041120554E+001  0.306525160253261E+000 -0.125213708403567E+002
  0.615104455107932E-003  0.249143831683655E+002  0.248829336773965E+000  0.980906874312094E+000  0.311973966708174E+001  0.306525160253261E+000 -0.122877734322247E+002
  0.957790170813707E-003  0.240287099153372E+002  0.249191867904701E+000  0.976062672894948E+000  0.312042920768458E+001  0.306525160253261E+000 -0.118449368057106E+002
  0.135307275544390E-002  0.232721209205963E+002  0.246329703203804E+000  0.973706016214189E+000  0.313433335540017E+001  0.306525160253261E+000 -0.114666423083401E+002
  0.130956627702110E-002  0.232719055249890E+002  0.252331677516843E+000  0.970927207727494E+000  0.310407910905750E+001  0.306525160253261E+000 -0.114665346105364E+002
  0.175645443000758E-002  0.226191233741327E+002  0.251138095887827E+000  0.966327899265833E+000  0.311231071291058E+001  0.306525160253261E+000 -0.111401435351083E+002
  0.220084105939158E-002  0.221024590519344E+002  0.254006828358417E+000  0.982932743563296E+000  0.308605583949935E+001  0.306525160253261E+000 -0.108818113740091E+002
  0.223254395782418E-002  0.220082751332890E+002  0.247660895977813E+000  0.981114111956996E+000  0.312009534462925E+001  0.306525160253261E+000 -0.108347194146864E+002
  0.262278260020576E-002  0.216205073040374E+002  0.247781288802618E+000  0.975484137302635E+000  0.312815378844394E+001  0.306525160253261E+000 -0.106408355000606E+002
  0.274442667092956E-002  0.214642549088616E+002  0.250699888789896E+000  0.981137340514492E+000  0.310854795182328E+001  0.306525160253261E+000 -0.105627093024727E+002
  0.351669527162518E-002  0.209027762327454E+002  0.252032652525503E+000  0.979475392420320E+000  0.310148056304085E+001  0.306525160253261E+000 -0.102819699644147E+002
  0.485227554047672E-002  0.201933444407228E+002  0.250274629503761E+000  0.990141372733928E+000  0.310337046651569E+001  0.306525160253261E+000 -0.992725406840335E+001
  0.621540417675345E-002  0.196325988414971E+002  0.252765803992280E+000  0.984173791453402E+000  0.308914426520266E+001  0.306525160253261E+000 -0.964688126879049E+001
  0.971383700230154E-002  0.186739779782433E+002  0.251287545621120E+000  0.983958400806975E+000  0.309713273661117E+001  0.306525160253261E+000 -0.916757083716359E+001
  0.115474149052115E-001  0.182625778724536E+002  0.247228337923792E+000  0.972179636009471E+000  0.313132519326398E+001  0.306525160253261E+000 -0.896187078426874E+001
  0.121716990859384E-001  0.180916943953731E+002  0.251766291860301E+000  0.968714871889423E+000  0.310469841861131E+001  0.306525160253261E+000 -0.887642904572851E+001
  0.133944608368788E-001  0.178346592673069E+002  0.247813755854894E+000  0.977558332491789E+000  0.312645336341900E+001  0.306525160253261E+000 -0.874791148169542E+001
  0.195180263582890E-001  0.170160851895303E+002  0.247060135497247E+000  0.980164401038503E+000  0.312553343622299E+001  0.306525160253261E+000 -0.833862444280713E+001
  0.235445405690771E-001  0.165118971403766E+002  0.250861901265994E+000  0.987992828959993E+000  0.309856315214679E+001  0.306525160253261E+000 -0.808653041823026E+001
  0.277634661670079E-001  0.160469721867810E+002  0.250126712083138E+000  0.988450423969950E+000  0.310541017183478E+001  0.306525160253261E+000 -0.802348609339048E+001
  0.285430427689575E-001  0.158486697972427E+002  0.249348932112023E+000  0.983962999668643E+000  0.310872435812663E+001  0.306525160253261E+000 -0.792433489862133E+001
  0.413692168850567E-001  0.150362394972155E+002  0.252726746251956E+000  0.981865038393566E+000  0.309096465757336E+001  0.306525160253261E+000 -0.751811974860777E+001
  0.410094419005406E-001  0.149835262982101E+002  0.250814950446308E+000  0.987219652800804E+000  0.310243935490653E+001  0.306525160253261E+000 -0.749176314910505E+001
  0.487553801928751E-001  0.145673172109147E+002  0.252133078554696E+000  0.977870902754920E+000  0.310111218940330E+001  0.306525160253261E+000 -0.728365860545735E+001
  0.523820054922672E-001  0.143536394284357E+002  0.248420540968755E+000  0.987027407344801E+000  0.311533579893350E+001  0.306525160253261E+000 -0.717681971421786E+001
  0.577299998700798E-001  0.140890291065951E+002  0.253200568424180E+000  0.982843425537625E+000  0.308887966358999E+001  0.306525160253261E+000 -0.704451455329754E+001
  0.704439137322694E-001  0.135529636106587E+002  0.247048235215010E+000  0.979339727589509E+000  0.312782290663421E+001  0.306525160253261E+000 -0.677648180532937E+001
  0.905426470690943E-001  0.128540751955584E+002  0.250505736439570E+000  0.983059509971835E+000  0.310261375497339E+001  0.306525160253261E+000 -0.642703759777920E+001
  0.106967224232712E+000  0.124571748110991E+002  0.250675057688376E+000  0.983871904850159E+000  0.310580322963366E+001  0.306525160253261E+000 -0.622858740554954E+001
  0.127590720522002E+000  0.120410670682122E+002  0.251352776398571E+000  0.982646580059302E+000  0.310256079217974E+001  0.306525160253261E+000 -0.602053353410611E+001
  0.133749925497933E+000  0.118832813042496E+002  0.251347976388805E+000  0.975970486632370E+000  0.310188557515478E+001  0.306525160253261E+000 -0.594164065212480E+001
  0.157615044117556E+000  0.114914163041893E+002  0.251449438199015E+000  0.986350799188238E+000  0.309847280661953E+001  0.306525160253261E+000 -0.574570815209467E+001
  0.185734873176268E+000  0.110995896808640E+002  0.252988340752037E+000  0.980382536596907E+000  0.309140846665541E+001  0.306525160253261E+000 -0.554979484043198E+001
  0.182005309318975E+000  0.110766610543973E+002  0.250369498353112E+000  0.979981790239904E+000  0.310512290810591E+001  0.306525160253261E+000 -0.553833052719864E+001
  0.194995915488614E+000  0.108752781509710E+002  0.248655085581136E+000  0.981553679062965E+000  0.311485516587958E+001  0.306525160253261E+000 -0.543763907548550E+001
  0.196443304497451E+000  0.107969902527122E+002  0.250437539640440E+000  0.986453341087285E+000  0.310453685280614E+001  0.306525160253261E+000 -0.539849512635612E+001
  0.193704800377639E+000  0.107615698766889E+002  0.249974717211103E+000  0.984519762429152E+000  0.310910495507704E+001  0.306525160253261E+000 -0.538078493834446E+001
  0.212838531788170E+000  0.105096755623291E+002  0.252737476703954E+000  0.981063616176420E+000  0.309428941839683E+001  0.306525160253261E+000 -0.525483778116455E+001
  0.303908893997894E+000  0.967224653999800E+001  0.252294765478440E+000  0.980847021818415E+000  0.309738742591167E+001  0.306525160253261E+000 -0.483612326999900E+001
  0.296531414338250E+000  0.965985282729960E+001  0.250990560192777E+000  0.981354320480104E+000  0.310534588759948E+001  0.306525160253261E+000 -0.482992641364980E+001
  0.339730681925982E+000  0.932630945323543E+001  0.250521779284640E+000  0.985520448468036E+000  0.310465564207336E+001  0.306525160253261E+000 -0.466315472661772E+001
  0.351453125063394E+000  0.919691982839060E+001  0.248325714830238E+000  0.973274112075527E+000  0.312299042254021E+001  0.306525160253261E+000 -0.459845991419530E+001
  0.406575277009661E+000  0.884399101177279E+001  0.249143134429109E+000  0.979320395917620E+000  0.311718829972879E+001  0.306525160253261E+000 -0.442199550588639E+001
  0.457219749550883E+000  0.854765762925626E+001  0.248572567114428E+000  0.979445965463806E+000  0.311685719062954E+001  0.306525160253261E+000 -0.427382881462813E+001
  0.451871832890173E+000  0.850964539924401E+001  0.250737860918286E+000  0.976955698402280E+000  0.310936592280928E+001  0.306525160253261E+000 -0.425482269962200E+001
  0.451857924434286E+000  0.844816364215360E+001  0.249873507055249E+000  0.973505213538653E+000  0.311261344797611E+001  0.306525160253261E+000 -0.422408182107680E+001
  0.444492038338397E+000  0.841949164612932E+001  0.250482895715410E+000  0.986085029303207E+000  0.310317098778273E+001  0.306525160253261E+000 -0.420974582306466E+001
  0.439413219809605E+000  0.838093212429119E+001  0.248609234890620E+000  0.981028933818333E+000  0.311587843664079E+001  0.306525160253261E+000 -0.419046606214559E+001
  0.482310514165102E+000  0.813309304427136E+001  0.250238005120367E+000  0.985296587051537E+000  0.310439702568769E+001  0.306525160253261E+000 -0.406654652213568E+001
  0.471746684714664E+000  0.811584166753238E+001  0.248486332897030E+000  0.979053531809190E+000  0.312064477698207E+001  0.306525160253261E+000 -0.405792083376619E+001
  0.475170851020811E+000  0.803983381193783E+001  0.252644187882282E+000  0.978952288772285E+000  0.309452718903813E+001  0.306525160253261E+000 -0.401991690596892E+001
  0.524633904160605E+000  0.778023795817195E+001  0.250475352316253E+000  0.985708887313644E+000  0.310398073646006E+001  0.306525160253261E+000 -0.389011897908597E+001
  0.556145220519278E+000  0.760203713245354E+001  0.250127661838653E+000  0.979372401034629E+000  0.310736174909885E+001  0.306525160253261E+000 -0.380101856622677E+001
  0.581785499041065E+000  0.745034906848568E+001  0.250164371354221E+000  0.973129695998794E+000  0.311141107409162E+001  0.306525160253261E+000 -0.372517453424284E+001
  0.567632076210098E+000  0.743806248267463E+001  0.252116198243132E+000  0.982461636417297E+000  0.309553500155594E+001  0.306525160253261E+000 -0.371903124133731E+001
  0.559271719475500E+000  0.740619520390083E+001  0.252204910397191E+000  0.978707525700572E+000  0.309886699460084E+001  0.306525160253261E+000 -0.370309760195042E+001
  0.569521549030427E+000  0.730832951802284E+001  0.250562754868419E+000  0.973936596017253E+000  0.310846222281925E+001  0.306525160253261E+000 -0.365416475901142E+001
  0.607092655994042E+000  0.711901659164950E+001  0.250969263053224E+000  0.984337504429890E+000  0.310072552995183E+001  0.306525160253261E+000 -0.355950829582475E+001
  0.618845248964313E+000  0.701912564520340E+001  0.250134882734173E+000  0.985317438648822E+000  0.310565718970329E+001  0.306525160253261E+000 -0.350956282260170E+001
  0.629691232263737E+000  0.692283362393000E+001  0.252140857260345E+000  0.982214450599619E+000  0.309614314103246E+001  0.306525160253261E+000 -0.346141681196500E+001
  0.614876483951584E+000  0.690890667298294E+001  0.250289922766123E+000  0.972639397613708E+000  0.311128108638856E+001  0.306525160253261E+000 -0.345445333649147E+001
  0.630552852378088E+000  0.679701221666107E+001  0.248276794681433E+000  0.976278028372695E+000  0.312149027725736E+001  0.306525160253261E+000 -0.339850610833053E+001
  0.620223826372982E+000  0.676850200904177E+001  0.249870983953083E+000  0.976118384952949E+000  0.311100567031755E+001  0.306525160253261E+000 -0.338425100452089E+001
  0.646484320090096E+000  0.662402164928044E+001  0.251840903790432E+000  0.981133911703878E+000  0.309949209655894E+001  0.306525160253261E+000 -0.331201082464022E+001
  0.785135327464638E+000  0.617386403151524E+001  0.250681689936158E+000  0.981871797548876E+000  0.310322253324726E+001  0.306525160253261E+000 -0.308693201575762E+001
  0.795279044970394E+000  0.608664679731844E+001  0.251191487966201E+000  0.978587613707621E+000  0.310528540755271E+001  0.306525160253261E+000 -0.304332339865922E+001
  0.811119285315561E+000  0.598565933097538E+001  0.250176262069258E+000  0.976222152075613E+000  0.310926899802780E+001  0.306525160253261E+000 -0.299282966548769E+001
  0.831395978882236E+000  0.587473388822406E+001  0.250388244705483E+000  0.984399145740535E+000  0.310545487471038E+001  0.306525160253261E+000 -0.293736694411203E+001
  0.822580058554151E+000  0.583451132431822E+001  0.251520342219578E+000  0.979112704435800E+000  0.310282345493635E+001  0.306525160253261E+000 -0.291725566215911E+001
  0.801800381997869E+000  0.582414028077911E+001  0.249045641159091E+000  0.983027767298795E+000  0.311310411580461E+001  0.306525160253261E+000 -0.291207014038955E+001
  0.817995816570290E+000  0.572260187196810E+001  0.248719400480835E+000  0.975403259215854E+000  0.311927865249518E+001  0.306525160253261E+000 -0.286130093598405E+001
  0.798244766087400E+000  0.570994244969986E+001  0.248848691745527E+000  0.979118504769435E+000  0.311583760945292E+001  0.306525160253261E+000 -0.285497122484993E+001
  0.861573480984207E+000  0.549570898891291E+001  0.248468376112541E+000  0.979054570211430E+000  0.311989100545650E+001  0.306525160253261E+000 -0.274785449445645E+001
  0.841237675723932E+000  0.548193790292256E+001  0.252191548188491E+000  0.978489917196512E+000  0.309822101554990E+001  0.306525160253261E+000 -0.274096895146128E+001
  0.850886218935134E+000  0.539758621366805E+001  0.248370533599456E+000  0.978554126705381E+000  0.311997358097045E+001  0.306525160253261E+000 -0.269879310683403E+001
  0.917927016484639E+000  0.518436396060555E+001  0.248417519763074E+000  0.979097263286832E+000  0.311960517804148E+001  0.306525160253261E+000 -0.259218198030277E+001
  0.908311437737257E+000  0.514388178692129E+001  0.251129331761463E+000  0.980721069901109E+000  0.310407548099823E+001  0.306525160253261E+000 -0.257194089346064E+001
  0.886926973191383E+000  0.512998779776023E+001  0.249349541906794E+000  0.974584690589149E+000  0.311582272844961E+001  0.306525160253261E+000 -0.256499389888011E+001
  0.872139906603541E+000  0.510207006926089E+001  0.248526670486561E+000  0.980332342496395E+000  0.311819493486913E+001  0.306525160253261E+000 -0.255103503463044E+001
  0.952009876575244E+000  0.486527564212864E+001  0.250072541710325E+000  0.979236532163672E+000  0.311134066021927E+001  0.306525160253261E+000 -0.243263782106432E+001
  0.967362736927160E+000  0.477173606165433E+001  0.250655375137350E+000  0.973838963932594E+000  0.311030439142326E+001  0.306525160253261E+000 -0.238586803082717E+001
  0.943981063522817E+000  0.475912761381083E+001  0.250837181850002E+000  0.973811034005400E+000  0.310780797869397E+001  0.306525160253261E+000 -0.237956380690541E+001
  0.979071897751603E+000  0.462458634906017E+001  0.248766096509481E+000  0.975819507472752E+000  0.311945917129118E+001  0.306525160253261E+000 -0.231229317453009E+001
  0.961649554732787E+000  0.459895299922320E+001  0.250918559558984E+000  0.973809812955602E+000  0.310854359945542E+001  0.306525160253261E+000 -0.229947649961160E+001
  0.949960083552881E+000  0.456186994124569E+001  0.248919001753221E+000  0.976890300934895E+000  0.311871247392489E+001  0.306525160253261E+000 -0.228093497062285E+001
  0.940031679491413E+000  0.452133940414480E+001  0.250025654800411E+000  0.979998350245776E+000  0.311104192484450E+001  0.306525160253261E+000 -0.226066970207240E+001
  0.940337718935824E+000  0.445914506696940E+001  0.250677043503156E+000  0.977544927314280E+000  0.310867392884564E+001  0.306525160253261E+000 -0.222957253348470E+001
  0.913444357642302E+000  0.445563499646607E+001  0.250414456447980E+000  0.980127825216608E+000  0.310589843321449E+001  0.306525160253261E+000 -0.222781749823303E+001
  0.897912157147102E+000  0.442839211877267E+001  0.250468974068800E+000  0.980908034019150E+000  0.310523648356684E+001  0.306525160253261E+000 -0.221419605938633E+001
  0.945941460240496E+000  0.426263191580709E+001  0.250959832012269E+000  0.976271083900924E+000  0.310751199863666E+001  0.306525160253261E+000 -0.213131595790355E+001
  0.922794592461969E+000  0.425063663732629E+001  0.250419700602484E+000  0.973917427036567E+000  0.311149395747219E+001  0.306525160253261E+000 -0.212531831866315E+001
  0.924818237396708E+000  0.418471221652512E+001  0.251769407471080E+000  0.977209851943736E+000  0.310157617857037E+001  0.306525160253261E+000 -0.209235610826256E+001
  0.901389084016908E+000  0.417448933507388E+001  0.249616661064960E+000  0.980898581166310E+000  0.311040979091618E+001  0.306525160253261E+000 -0.208724466753694E+001
  0.963537580165716E+000  0.397959703624552E+001  0.251761507479302E+000  0.977332715875030E+000  0.310075399674348E+001  0.306525160253261E+000 -0.198979851812276E+001
  0.950561377685628E+000  0.394517123281390E+001  0.250908314065746E+000  0.974002166943712E+000  0.310792768440340E+001  0.306525160253261E+000 -0.197258561640695E+001
  0.930654410235931E+000  0.392595737215491E+001  0.248923323952455E+000  0.979344084008523E+000  0.311708344166489E+001  0.306525160253261E+000 -0.196297868607746E+001
  0.920488449511906E+000  0.388638116097046E+001  0.251503016089688E+000  0.977402086648303E+000  0.310332031554636E+001  0.306525160253261E+000 -0.194319058048523E+001
  0.906612341045443E+000  0.385521684698384E+001  0.250908602679556E+000  0.976633318220580E+000  0.310755495227778E+001  0.306525160253261E+000 -0.192760842349192E+001
  0.904687418425096E+000  0.379792445131020E+001  0.250149587009125E+000  0.974029277112227E+000  0.311191043926384E+001  0.306525160253261E+000 -0.189896222565510E+001
  0.890467178638499E+000  0.376806762439620E+001  0.249119571481374E+000  0.977124482308366E+000  0.311735308836940E+001  0.306525160253261E+000 -0.188403381219810E+001
  0.864586639636951E+000  0.376551375778373E+001  0.250051536737427E+000  0.973833814566361E+000  0.311293932709688E+001  0.306525160253261E+000 -0.188275687889186E+001
  0.859523383666555E+000  0.371571741821362E+001  0.249329470485572E+000  0.979948645095610E+000  0.311464970615330E+001  0.306525160253261E+000 -0.185785870910681E+001
  0.837702161572220E+000  0.370560491899672E+001  0.249199726013183E+000  0.977001286881313E+000  0.311538900897318E+001  0.306525160253261E+000 -0.185280245949836E+001
  0.831120839509856E+000  0.365983644699437E+001  0.251289143710859E+000  0.975153504135825E+000  0.310531691347531E+001  0.306525160253261E+000 -0.182991822349718E+001
  0.816055391692354E+000  0.363487905810136E+001  0.250264833249007E+000  0.982970055617879E+000  0.310651036429045E+001  0.306525160253261E+000 -0.181743952905068E+001
  0.834090471452776E+000  0.352961645916917E+001  0.251086311402567E+000  0.974853771849527E+000  0.310672367379783E+001  0.306525160253261E+000 -0.176480822958459E+001
  0.827283171591474E+000  0.348446280345153E+001  0.250735728520340E+000  0.982490463444457E+000  0.310429665382346E+001  0.306525160253261E+000 -0.174223140172577E+001
  0.817101388361930E+000  0.344768720432783E+001  0.248973793079222E+000  0.977715098616801E+000  0.311754739694735E+001  0.306525160253261E+000 -0.172384360216392E+001
  0.820219405476261E+000  0.337852651379476E+001  0.249380520444038E+000  0.981127346688672E+000  0.311329559689107E+001  0.306525160253261E+000 -0.168926325689738E+001
  0.847165901849452E+000  0.325233384985779E+001  0.251471042270654E+000  0.980378748251663E+000  0.310093114020542E+001  0.306525160253261E+000 -0.162616692492889E+001
  0.842672216456276E+000  0.320142751824970E+001  0.249205148844545E+000  0.978994187222989E+000  0.311569978513252E+001  0.306525160253261E+000 -0.160071375912485E+001
  0.820917511627104E+000  0.319219504332695E+001  0.250227767442100E+000  0.979029799997730E+000  0.311016929217491E+001  0.306525160253261E+000 -0.159609752166347E+001
  0.811021257722109E+000  0.315490845767942E+001  0.251397611918240E+000  0.976339769098839E+000  0.310398662442575E+001  0.306525160253261E+000 -0.157745422883971E+001
  0.798191778387319E+000  0.312525588663148E+001  0.250628706990508E+000  0.975056268982005E+000  0.310954271538817E+001  0.306525160253261E+000 -0.156262794331574E+001
  0.774166330034187E+000  0.312483685966310E+001  0.250648615356135E+000  0.982238209218764E+000  0.310490824530095E+001  0.306525160253261E+000 -0.156241842983155E+001
  0.750942834520359E+000  0.312420797726587E+001  0.249031158385872E+000  0.977264978015692E+000  0.311686758985288E+001  0.306525160253261E+000 -0.156210398863293E+001
  0.728818816787570E+000  0.312247339042007E+001  0.251350638683223E+000  0.980749760856897E+000  0.310148993668721E+001  0.306525160253261E+000 -0.156123669521004E+001
  0.754188518133974E+000  0.299249568042302E+001  0.249156740408806E+000  0.977186569566866E+000  0.311672721568295E+001  0.306525160253261E+000 -0.149624784021151E+001
  0.732383185843713E+000  0.298962937485832E+001  0.251439141607595E+000  0.976826016031842E+000  0.310332579833784E+001  0.306525160253261E+000 -0.149481468742916E+001
  0.728429716871262E+000  0.293891147840467E+001  0.250229150999903E+000  0.982186113843862E+000  0.310692120273562E+001  0.306525160253261E+000 -0.146945573920234E+001
  0.710605819762892E+000  0.292691470307459E+001  0.250126023260569E+000  0.975872159534376E+000  0.311062965915061E+001  0.306525160253261E+000 -0.146345735153729E+001
  0.706282934799462E+000  0.287757530326857E+001  0.250381414666485E+000  0.978259367285917E+000  0.310749860380630E+001  0.306525160253261E+000 -0.143878765163429E+001
  0.690641599359922E+000  0.286082177599138E+001  0.249559664095312E+000  0.978418443038014E+000  0.311413966187856E+001  0.306525160253261E+000 -0.143041088799569E+001
  0.673811690243525E+000  0.284861913694660E+001  0.250586074027693E+000  0.981074474395287E+000  0.310503355435669E+001  0.306525160253261E+000 -0.142430956847330E+001
  0.675339940621370E+000  0.278254482103138E+001  0.251474853192353E+000  0.978468048843654E+000  0.310204607545061E+001  0.306525160253261E+000 -0.139127241051569E+001
  0.659979578622802E+000  0.276701607724763E+001  0.250392012731332E+000  0.982037411311957E+000  0.310647961052069E+001  0.306525160253261E+000 -0.138350803862382E+001
  0.647129702951968E+000  0.274479706073468E+001  0.251143206949132E+000  0.980602430599151E+000  0.310244033847405E+001  0.306525160253261E+000 -0.137239853036734E+001
  0.637479440404569E+000  0.271330317636945E+001  0.250319185201284E+000  0.976581805946745E+000  0.311078048920495E+001  0.306525160253261E+000 -0.135665158818473E+001
  0.639901953233701E+000  0.264417397827874E+001  0.250779392436576E+000  0.979133953217494E+000  0.310486795593202E+001  0.306525160253261E+000 -0.132208698913937E+001
  0.620811747054212E+000  0.264320481176483E+001  0.249869330325974E+000  0.976409844535125E+000  0.311336265240600E+001  0.306525160253261E+000 -0.132160240588241E+001
  0.615681144480695E+000  0.259825886285359E+001  0.249996401356283E+000  0.975609949741873E+000  0.311286829830532E+001  0.306525160253261E+000 -0.129912943142679E+001
  0.605852576701183E+000  0.256890059196218E+001  0.250749371146856E+000  0.977745424808462E+000  0.310586031583790E+001  0.306525160253261E+000 -0.128445029598109E+001
  0.592107685540187E+000  0.255325360285082E+001  0.250415687594444E+000  0.981680283700758E+000  0.310666353231681E+001  0.306525160253261E+000 -0.127662680142541E+001
  0.579326592040819E+000  0.253535456310921E+001  0.250282485339888E+000  0.979901779971835E+000  0.310732219929419E+001  0.306525160253261E+000 -0.126767728155460E+001
  0.581714216448375E+000  0.246558542716241E+001  0.250586955233544E+000  0.975496157267251E+000  0.310932628899837E+001  0.306525160253261E+000 -0.123279271358121E+001
  0.567801131534164E+000  0.245245821628248E+001  0.250857961129584E+000  0.979918824620255E+000  0.310416916227534E+001  0.306525160253261E+000 -0.122622910814124E+001
  0.554451798319926E+000  0.243849762305286E+001  0.249861651125941E+000  0.980920364577293E+000  0.310956249174744E+001  0.306525160253261E+000 -0.121924881152643E+001
  0.559458229589473E+000  0.235897631879089E+001  0.250587605829917E+000  0.980550740205095E+000  0.310542117350709E+001  0.306525160253261E+000 -0.117948815939545E+001
  0.552151456820784E+000  0.232372596415281E+001  0.249388192265508E+000  0.978856125293369E+000  0.311444733901311E+001  0.306525160253261E+000 -0.116186298207640E+001
  0.537591800208139E+000  0.231562834769367E+001  0.250036205169659E+000  0.981320339592391E+000  0.310908144454970E+001  0.306525160253261E+000 -0.115781417384683E+001
  0.521961667040016E+000  0.231309580257348E+001  0.249927348032335E+000  0.975601922567225E+000  0.311298159857081E+001  0.306525160253261E+000 -0.115654790128674E+001
  0.508726409116564E+000  0.230292005524419E+001  0.250479548447714E+000  0.978056375959253E+000  0.310725599036306E+001  0.306525160253261E+000 -0.115146002762210E+001
  0.494472294762657E+000  0.229821522325219E+001  0.249848775884043E+000  0.976682226944296E+000  0.311321149100212E+001  0.306525160253261E+000 -0.114910761162610E+001
  0.493513546027881E+000  0.224055353659047E+001  0.249777091295078E+000  0.980504642371439E+000  0.311033571677560E+001  0.306525160253261E+000 -0.112027676829523E+001
  0.482006207273186E+000  0.222619684977767E+001  0.249425346135069E+000  0.979887309129442E+000  0.311332303768964E+001  0.306525160253261E+000 -0.111309842488884E+001
  0.468367914209985E+000  0.222205925961056E+001  0.250249965350905E+000  0.975805990706202E+000  0.311117363166983E+001  0.306525160253261E+000 -0.111102962980528E+001
  0.460108145790604E+000  0.219610107657355E+001  0.250574378718729E+000  0.979296713497756E+000  0.310608152685678E+001  0.306525160253261E+000 -0.109805053828678E+001
  0.451609212306140E+000  0.217184641937645E+001  0.249338593148804E+000  0.978303395506041E+000  0.311479037155757E+001  0.306525160253261E+000 -0.108592320968823E+001
  0.441102723360796E+000  0.215738200247299E+001  0.250590067488798E+000  0.975694410386067E+000  0.310895791326664E+001  0.306525160253261E+000 -0.107869100123650E+001
  0.437828183015082E+000  0.211074113297630E+001  0.250558441846162E+000  0.978302711691154E+000  0.310674344079228E+001  0.306525160253261E+000 -0.105537056648815E+001
  0.433349265324318E+000  0.206976288955484E+001  0.250730508144793E+000  0.980317969724169E+000  0.310491675605963E+001  0.306525160253261E+000 -0.103488144477742E+001
  0.421158442302941E+000  0.206528939191005E+001  0.250536041361667E+000  0.976861212602613E+000  0.310786262531574E+001  0.306525160253261E+000 -0.103264469595503E+001
  0.408914165192109E+000  0.206275375744107E+001  0.250932852902488E+000  0.976604770262938E+000  0.310613440592764E+001  0.306525160253261E+000 -0.103137687872053E+001
  0.418925388828742E+000  0.201437862647579E+001  0.249807939992959E+000  0.976131484813449E+000  0.311310600564247E+001  0.306525160253261E+000 -0.100718931323790E+001
  0.424716540008823E+000  0.198692033192643E+001  0.249414523693861E+000  0.978711442579798E+000  0.311388634201814E+001  0.306525160253261E+000 -0.993460165963214E+000
  0.429169414561533E+000  0.196606080194301E+001  0.250115312755718E+000  0.977851391012160E+000  0.310963890495161E+001  0.306525160253261E+000 -0.983030400971507E+000
  0.431606033108430E+000  0.195473787184906E+001  0.251076665469334E+000  0.979310797280268E+000  0.310391922531977E+001  0.306525160253261E+000 -0.977368935924530E+000
  0.439463763101207E+000  0.191865376847653E+001  0.250446176718601E+000  0.980823506265189E+000  0.310691345286833E+001  0.306525160253261E+000 -0.959326884238266E+000
  0.440132048982626E+000  0.191561470894111E+001  0.250077457066429E+000  0.979229485354128E+000  0.310911078223484E+001  0.306525160253261E+000 -0.957807354470557E+000
  0.448443954164898E+000  0.187819687367061E+001  0.250153290188632E+000  0.979140936041120E+000  0.310871652432814E+001  0.306525160253261E+000 -0.939098436835307E+000
  0.450425444897168E+000  0.186937915690764E+001  0.250257158009196E+000  0.980773734574870E+000  0.310806964762813E+001  0.306525160253261E+000 -0.934689578453822E+000
  0.456037659445451E+000  0.184461351015025E+001  0.249491290790310E+000  0.978026139266572E+000  0.311389050515845E+001  0.306525160253261E+000 -0.922306755075127E+000
  0.456776352370955E+000  0.184137651739075E+001  0.249850848181691E+000  0.980144682078675E+000  0.311024266469439E+001  0.306525160253261E+000 -0.920688258695373E+000
  0.463085902840764E+000  0.181393915102540E+001  0.250901123086691E+000  0.979523121761898E+000  0.310456019629383E+001  0.306525160253261E+000 -0.906969575512701E+000
  0.464085162155314E+000  0.180962814633955E+001  0.250421918269669E+000  0.976080602766515E+000  0.310963143622656E+001  0.306525160253261E+000 -0.904814073169776E+000
  0.465880728214706E+000  0.180190498870875E+001  0.250299627879241E+000  0.976111643299509E+000  0.311012901516820E+001  0.306525160253261E+000 -0.900952494354373E+000
  0.472011407572229E+000  0.177575798760777E+001  0.250312668399889E+000  0.976108044839639E+000  0.311028662314552E+001  0.306525160253261E+000 -0.887878993803884E+000
  0.486874747870539E+000  0.171375049782058E+001  0.250792144418111E+000  0.978097692481188E+000  0.310669492417845E+001  0.306525160253261E+000 -0.856875248910291E+000
  0.496205110869467E+000  0.167578555291777E+001  0.250729781738916E+000  0.977867375886649E+000  0.310719739405804E+001  0.306525160253261E+000 -0.837892776458883E+000
  0.512227776730087E+000  0.161222549029067E+001  0.250045675287475E+000  0.979306999866570E+000  0.310944284363522E+001  0.306525160253261E+000 -0.806112745145337E+000
  0.512874307299855E+000  0.160970269508592E+001  0.249927227004699E+000  0.977730024580143E+000  0.311196395808644E+001  0.306525160253261E+000 -0.804851347542959E+000
  0.516599218210226E+000  0.159522956071758E+001  0.250695811900576E+000  0.977241214900012E+000  0.310759054018645E+001  0.306525160253261E+000 -0.797614780358789E+000
  0.518724497049388E+000  0.158701847932130E+001  0.250066747549880E+000  0.978811630979676E+000  0.311059881836981E+001  0.306525160253261E+000 -0.793509239660649E+000
  0.536692164613901E+000  0.151891493559589E+001  0.250756955299494E+000  0.979173528920723E+000  0.310564616741348E+001  0.306525160253261E+000 -0.759457467797943E+000
  0.538634175770075E+000  0.151169103269473E+001  0.249881987878637E+000  0.978276886738641E+000  0.311184854181306E+001  0.306525160253261E+000 -0.755845516347367E+000
  0.541699845138572E+000  0.150034018179847E+001  0.250392272496244E+000  0.979699232676100E+000  0.310733355143624E+001  0.306525160253261E+000 -0.750170090899233E+000
  0.551450238711128E+000  0.146466108410310E+001  0.249983170238775E+000  0.977053024425623E+000  0.311146398662046E+001  0.306525160253261E+000 -0.732330542051550E+000
  0.561270097324012E+000  0.142935980223513E+001  0.250732075336425E+000  0.979115122008272E+000  0.310611901080434E+001  0.306525160253261E+000 -0.714679901117563E+000
  0.573113712901567E+000  0.138759599764329E+001  0.250168554325624E+000  0.977023238444199E+000  0.311064622022695E+001  0.306525160253261E+000 -0.693797998821644E+000
  0.576494969145758E+000  0.137583106911680E+001  0.250265291315118E+000  0.979104166920956E+000  0.310912417425461E+001  0.306525160253261E+000 -0.687915534558401E+000
  0.576783319574674E+000  0.137483096207327E+001  0.249885783872365E+000  0.977797562432272E+000  0.311188532906219E+001  0.306525160253261E+000 -0.687415481036636E+000
  0.617108601528607E+000  0.123967424764537E+001  0.250125256356465E+000  0.978500951702207E+000  0.311017954854007E+001  0.306525160253261E+000 -0.619837123822683E+000
  0.626975108211317E+000  0.120795061532043E+001  0.250499881007284E+000  0.977967413659911E+000  0.310795954931507E+001  0.306525160253261E+000 -0.603975307660217E+000
  0.652903663416090E+000  0.112690511702934E+001  0.250330082892615E+000  0.978112745940656E+000  0.310896791603864E+001  0.306525160253261E+000 -0.563452558514671E+000
