  0.979071897751602E+000  0.114914163041893E+002  0.251449438199015E+000  0.986350799188238E+000  0.309847280661953E+001  0.306525160253261E+000 -0.574570815209467E+001
  0.979071897751602E+000  0.692283362393000E+001  0.252140857260345E+000  0.982214450599619E+000  0.309614314103246E+001  0.306525160253261E+000 -0.346141681196500E+001
  0.979071897751602E+000  0.701912564520340E+001  0.250134882734173E+000  0.985317438648822E+000  0.310565718970329E+001  0.306525160253261E+000 -0.350956282260170E+001
  0.979071897751602E+000  0.967224653999800E+001  0.252294765478440E+000  0.980847021818415E+000  0.309738742591167E+001  0.306525160253261E+000 -0.483612326999900E+001
  0.979071897751602E+000  0.711901659164950E+001  0.250969263053224E+000  0.984337504429890E+000  0.310072552995183E+001  0.306525160253261E+000 -0.355950829582475E+001
  0.979071897751602E+000  0.932630945323543E+001  0.250521779284640E+000  0.985520448468036E+000  0.310465564207336E+001  0.306525160253261E+000 -0.466315472661772E+001
  0.979071897751602E+000  0.730832951802284E+001  0.250562754868419E+000  0.973936596017253E+000  0.310846222281925E+001  0.306525160253261E+000 -0.365416475901142E+001
  0.979071897751602E+000  0.740619520390083E+001  0.252204910397191E+000  0.978707525700572E+000  0.309886699460084E+001  0.306525160253261E+000 -0.370309760195042E+001
  0.979071897751602E+000  0.778023795817195E+001  0.250475352316253E+000  0.985708887313644E+000  0.310398073646006E+001  0.306525160253261E+000 -0.389011897908597E+001
  0.979071897751602E+000  0.813309304427136E+001  0.250238005120367E+000  0.985296587051537E+000  0.310439702568769E+001  0.306525160253261E+000 -0.406654652213568E+001
  0.979071897751602E+000  0.662402164928044E+001  0.251840903790432E+000  0.981133911703878E+000  0.309949209655894E+001  0.306525160253261E+000 -0.331201082464022E+001
  0.979071897751602E+000  0.617386403151524E+001  0.250681689936158E+000  0.981871797548876E+000  0.310322253324726E+001  0.306525160253261E+000 -0.308693201575762E+001
  0.979071897751602E+000  0.608664679731844E+001  0.251191487966201E+000  0.978587613707621E+000  0.310528540755271E+001  0.306525160253261E+000 -0.304332339865922E+001
  0.979071897751602E+000  0.598565933097538E+001  0.250176262069258E+000  0.976222152075613E+000  0.310926899802780E+001  0.306525160253261E+000 -0.299282966548769E+001
  0.979071897751602E+000  0.587473388822406E+001  0.250388244705483E+000  0.984399145740535E+000  0.310545487471038E+001  0.306525160253261E+000 -0.293736694411203E+001
  0.979071897751602E+000  0.583451132431822E+001  0.251520342219578E+000  0.979112704435800E+000  0.310282345493635E+001  0.306525160253261E+000 -0.291725566215911E+001
  0.979071897751602E+000  0.582414028077911E+001  0.249045641159091E+000  0.983027767298795E+000  0.311310411580461E+001  0.306525160253261E+000 -0.291207014038955E+001
  0.979071897751602E+000  0.572260187196810E+001  0.248719400480835E+000  0.975403259215854E+000  0.311927865249518E+001  0.306525160253261E+000 -0.286130093598405E+001
  0.979071897751602E+000  0.570994244969986E+001  0.248848691745527E+000  0.979118504769435E+000  0.311583760945292E+001  0.306525160253261E+000 -0.285497122484993E+001
  0.979071897751602E+000  0.549570898891291E+001  0.248468376112541E+000  0.979054570211430E+000  0.311989100545650E+001  0.306525160253261E+000 -0.274785449445645E+001
  0.979071897751602E+000  0.548193790292256E+001  0.252191548188491E+000  0.978489917196512E+000  0.309822101554990E+001  0.306525160253261E+000 -0.274096895146128E+001
  0.979071897751602E+000  0.518436396060555E+001  0.248417519763074E+000  0.979097263286832E+000  0.311960517804148E+001  0.306525160253261E+000 -0.259218198030277E+001
  0.979071897751602E+000  0.514388178692129E+001  0.251129331761463E+000  0.980721069901109E+000  0.310407548099823E+001  0.306525160253261E+000 -0.257194089346064E+001
  0.979071897751602E+000  0.512998779776023E+001  0.249349541906794E+000  0.974584690589149E+000  0.311582272844961E+001  0.306525160253261E+000 -0.256499389888011E+001
  0.979071897751602E+000  0.486527564212864E+001  0.250072541710325E+000  0.979236532163672E+000  0.311134066021927E+001  0.306525160253261E+000 -0.243263782106432E+001
  0.979071897751602E+000  0.477173606165433E+001  0.250655375137350E+000  0.973838963932594E+000  0.311030439142326E+001  0.306525160253261E+000 -0.238586803082717E+001
  0.979071897751602E+000  0.475912761381083E+001  0.250837181850002E+000  0.973811034005400E+000  0.310780797869397E+001  0.306525160253261E+000 -0.237956380690541E+001
  0.979071897751602E+000  0.462458634906017E+001  0.248766096509481E+000  0.975819507472752E+000  0.311945917129118E+001  0.306525160253261E+000 -0.231229317453009E+001
  0.979071897751602E+000  0.459895299922320E+001  0.250918559558984E+000  0.973809812955602E+000  0.310854359945542E+001  0.306525160253261E+000 -0.229947649961160E+001
  0.979071897751602E+000  0.456186994124569E+001  0.248919001753221E+000  0.976890300934895E+000  0.311871247392489E+001  0.306525160253261E+000 -0.228093497062285E+001
  0.979071897751602E+000  0.452133940414480E+001  0.250025654800411E+000  0.979998350245776E+000  0.311104192484450E+001  0.306525160253261E+000 -0.226066970207240E+001
  0.979071897751602E+000  0.445914506696940E+001  0.250677043503156E+000  0.977544927314280E+000  0.310867392884564E+001  0.306525160253261E+000 -0.222957253348470E+001
  0.979071897751602E+000  0.445563499646607E+001  0.250414456447980E+000  0.980127825216608E+000  0.310589843321449E+001  0.306525160253261E+000 -0.222781749823303E+001
  0.979071897751602E+000  0.442839211877267E+001  0.250468974068800E+000  0.980908034019150E+000  0.310523648356684E+001  0.306525160253261E+000 -0.221419605938633E+001
  0.979071897751602E+000  0.426263191580709E+001  0.250959832012269E+000  0.976271083900924E+000  0.310751199863666E+001  0.306525160253261E+000 -0.213131595790355E+001
  0.979071897751602E+000  0.425063663732629E+001  0.250419700602484E+000  0.973917427036567E+000  0.311149395747219E+001  0.306525160253261E+000 -0.212531831866315E+001
  0.979071897751602E+000  0.418471221652512E+001  0.251769407471080E+000  0.977209851943736E+000  0.310157617857037E+001  0.306525160253261E+000 -0.209235610826256E+001
  0.979071897751602E+000  0.397959703624552E+001  0.251761507479302E+000  0.977332715875030E+000  0.310075399674348E+001  0.306525160253261E+000 -0.198979851812276E+001
  0.979071897751602E+000  0.394517123281390E+001  0.250908314065746E+000  0.974002166943712E+000  0.310792768440340E+001  0.306525160253261E+000 -0.197258561640695E+001
  0.979071897751602E+000  0.392595737215491E+001  0.248923323952455E+000  0.979344084008523E+000  0.311708344166489E+001  0.306525160253261E+000 -0.196297868607746E+001
  0.979071897751602E+000  0.388638116097046E+001  0.251503016089688E+000  0.977402086648303E+000  0.310332031554636E+001  0.306525160253261E+000 -0.194319058048523E+001
  0.979071897751602E+000  0.385521684698384E+001  0.250908602679556E+000  0.976633318220580E+000  0.310755495227778E+001  0.306525160253261E+000 -0.192760842349192E+001
  0.979071897751602E+000  0.379792445131020E+001  0.250149587009125E+000  0.974029277112227E+000  0.311191043926384E+001  0.306525160253261E+000 -0.189896222565510E+001
  0.979071897751602E+000  0.376806762439620E+001  0.249119571481374E+000  0.977124482308366E+000  0.311735308836940E+001  0.306525160253261E+000 -0.188403381219810E+001
  0.979071897751602E+000  0.376551375778373E+001  0.250051536737427E+000  0.973833814566361E+000  0.311293932709688E+001  0.306525160253261E+000 -0.188275687889186E+001
  0.979071897751602E+000  0.370560491899672E+001  0.249199726013183E+000  0.977001286881313E+000  0.311538900897318E+001  0.306525160253261E+000 -0.185280245949836E+001
  0.979071897751602E+000  0.365983644699437E+001  0.251289143710859E+000  0.975153504135825E+000  0.310531691347531E+001  0.306525160253261E+000 -0.182991822349718E+001
  0.979071897751602E+000  0.363487905810136E+001  0.250264833249007E+000  0.982970055617879E+000  0.310651036429045E+001  0.306525160253261E+000 -0.181743952905068E+001
  0.979071897751602E+000  0.352961645916917E+001  0.251086311402567E+000  0.974853771849527E+000  0.310672367379783E+001  0.306525160253261E+000 -0.176480822958459E+001
  0.979071897751602E+000  0.348446280345153E+001  0.250735728520340E+000  0.982490463444457E+000  0.310429665382346E+001  0.306525160253261E+000 -0.174223140172577E+001
  0.979071897751602E+000  0.344768720432783E+001  0.248973793079222E+000  0.977715098616801E+000  0.311754739694735E+001  0.306525160253261E+000 -0.172384360216392E+001
  0.979071897751602E+000  0.325233384985779E+001  0.251471042270654E+000  0.980378748251663E+000  0.310093114020542E+001  0.306525160253261E+000 -0.162616692492889E+001
  0.979071897751602E+000  0.320142751824970E+001  0.249205148844545E+000  0.978994187222989E+000  0.311569978513252E+001  0.306525160253261E+000 -0.160071375912485E+001
  0.979071897751602E+000  0.319219504332695E+001  0.250227767442100E+000  0.979029799997730E+000  0.311016929217491E+001  0.306525160253261E+000 -0.159609752166347E+001
  0.979071897751602E+000  0.315490845767942E+001  0.251397611918240E+000  0.976339769098839E+000  0.310398662442575E+001  0.306525160253261E+000 -0.157745422883971E+001
  0.979071897751602E+000  0.312525588663148E+001  0.250628706990508E+000  0.975056268982005E+000  0.310954271538817E+001  0.306525160253261E+000 -0.156262794331574E+001
  0.979071897751602E+000  0.312483685966310E+001  0.250648615356135E+000  0.982238209218764E+000  0.310490824530095E+001  0.306525160253261E+000 -0.156241842983155E+001
  0.979071897751602E+000  0.312420797726587E+001  0.249031158385872E+000  0.977264978015692E+000  0.311686758985288E+001  0.306525160253261E+000 -0.156210398863293E+001
  0.979071897751602E+000  0.312247339042007E+001  0.251350638683223E+000  0.980749760856897E+000  0.310148993668721E+001  0.306525160253261E+000 -0.156123669521004E+001
  0.979071897751602E+000  0.299249568042302E+001  0.249156740408806E+000  0.977186569566866E+000  0.311672721568295E+001  0.306525160253261E+000 -0.149624784021151E+001
  0.979071897751602E+000  0.298962937485832E+001  0.251439141607595E+000  0.976826016031842E+000  0.310332579833784E+001  0.306525160253261E+000 -0.149481468742916E+001
  0.979071897751602E+000  0.293891147840467E+001  0.250229150999903E+000  0.982186113843862E+000  0.310692120273562E+001  0.306525160253261E+000 -0.146945573920234E+001
  0.979071897751602E+000  0.292691470307459E+001  0.250126023260569E+000  0.975872159534376E+000  0.311062965915061E+001  0.306525160253261E+000 -0.146345735153729E+001
  0.979071897751602E+000  0.287757530326857E+001  0.250381414666485E+000  0.978259367285917E+000  0.310749860380630E+001  0.306525160253261E+000 -0.143878765163429E+001
  0.979071897751602E+000  0.286082177599138E+001  0.249559664095312E+000  0.978418443038014E+000  0.311413966187856E+001  0.306525160253261E+000 -0.143041088799569E+001
  0.979071897751602E+000  0.278254482103138E+001  0.251474853192353E+000  0.978468048843654E+000  0.310204607545061E+001  0.306525160253261E+000 -0.139127241051569E+001
  0.979071897751602E+000  0.276701607724763E+001  0.250392012731332E+000  0.982037411311957E+000  0.310647961052069E+001  0.306525160253261E+000 -0.138350803862382E+001
  0.979071897751602E+000  0.274479706073468E+001  0.251143206949132E+000  0.980602430599151E+000  0.310244033847405E+001  0.306525160253261E+000 -0.137239853036734E+001
  0.979071897751602E+000  0.271330317636945E+001  0.250319185201284E+000  0.976581805946745E+000  0.311078048920495E+001  0.306525160253261E+000 -0.135665158818473E+001
  0.979071897751602E+000  0.264417397827874E+001  0.250779392436576E+000  0.979133953217494E+000  0.310486795593202E+001  0.306525160253261E+000 -0.132208698913937E+001
  0.979071897751602E+000  0.259825886285359E+001  0.249996401356283E+000  0.975609949741873E+000  0.311286829830532E+001  0.306525160253261E+000 -0.129912943142679E+001
  0.979071897751602E+000  0.255325360285082E+001  0.250415687594444E+000  0.981680283700758E+000  0.310666353231681E+001  0.306525160253261E+000 -0.127662680142541E+001
  0.979071897751602E+000  0.246558542716241E+001  0.250586955233544E+000  0.975496157267251E+000  0.310932628899837E+001  0.306525160253261E+000 -0.123279271358121E+001
  0.979071897751602E+000  0.243849762305286E+001  0.249861651125941E+000  0.980920364577293E+000  0.310956249174744E+001  0.306525160253261E+000 -0.121924881152643E+001
  0.979071897751602E+000  0.232372596415281E+001  0.249388192265508E+000  0.978856125293369E+000  0.311444733901311E+001  0.306525160253261E+000 -0.116186298207640E+001
  0.979071897751602E+000  0.231309580257348E+001  0.249927348032335E+000  0.975601922567225E+000  0.311298159857081E+001  0.306525160253261E+000 -0.115654790128674E+001
  0.979071897751602E+000  0.230292005524419E+001  0.250479548447714E+000  0.978056375959253E+000  0.310725599036306E+001  0.306525160253261E+000 -0.115146002762210E+001
  0.979071897751602E+000  0.229821522325219E+001  0.249848775884043E+000  0.976682226944296E+000  0.311321149100212E+001  0.306525160253261E+000 -0.114910761162610E+001
  0.979071897751602E+000  0.224055353659047E+001  0.249777091295078E+000  0.980504642371439E+000  0.311033571677560E+001  0.306525160253261E+000 -0.112027676829523E+001
  0.979071897751602E+000  0.222619684977767E+001  0.249425346135069E+000  0.979887309129442E+000  0.311332303768964E+001  0.306525160253261E+000 -0.111309842488884E+001
  0.979071897751602E+000  0.222205925961056E+001  0.250249965350905E+000  0.975805990706202E+000  0.311117363166983E+001  0.306525160253261E+000 -0.111102962980528E+001
  0.979071897751602E+000  0.211074113297630E+001  0.250558441846162E+000  0.978302711691154E+000  0.310674344079228E+001  0.306525160253261E+000 -0.105537056648815E+001
  0.979071897751602E+000  0.206528939191005E+001  0.250536041361667E+000  0.976861212602613E+000  0.310786262531574E+001  0.306525160253261E+000 -0.103264469595503E+001
  0.979071897751602E+000  0.206275375744107E+001  0.250932852902488E+000  0.976604770262938E+000  0.310613440592764E+001  0.306525160253261E+000 -0.103137687872053E+001
  0.979071897751602E+000  0.201437862647579E+001  0.249807939992959E+000  0.976131484813449E+000  0.311310600564247E+001  0.306525160253261E+000 -0.100718931323790E+001
  0.979071897751602E+000  0.195473787184906E+001  0.251076665469334E+000  0.979310797280268E+000  0.310391922531977E+001  0.306525160253261E+000 -0.977368935924530E+000
  0.979071897751602E+000  0.191561470894111E+001  0.250077457066429E+000  0.979229485354128E+000  0.310911078223484E+001  0.306525160253261E+000 -0.957807354470557E+000
  0.979071897751602E+000  0.184461351015025E+001  0.249491290790310E+000  0.978026139266572E+000  0.311389050515845E+001  0.306525160253261E+000 -0.922306755075127E+000
  0.979071897751602E+000  0.181393915102540E+001  0.250901123086691E+000  0.979523121761898E+000  0.310456019629383E+001  0.306525160253261E+000 -0.906969575512701E+000
  0.979071897751602E+000  0.180962814633955E+001  0.250421918269669E+000  0.976080602766515E+000  0.310963143622656E+001  0.306525160253261E+000 -0.904814073169776E+000
  0.979071897751602E+000  0.171375049782058E+001  0.250792144418111E+000  0.978097692481188E+000  0.310669492417845E+001  0.306525160253261E+000 -0.856875248910291E+000
  0.979071897751602E+000  0.161222549029067E+001  0.250045675287475E+000  0.979306999866570E+000  0.310944284363522E+001  0.306525160253261E+000 -0.806112745145337E+000
  0.979071897751602E+000  0.146466108410310E+001  0.249983170238775E+000  0.977053024425623E+000  0.311146398662046E+001  0.306525160253261E+000 -0.732330542051550E+000
  0.979071897751602E+000  0.138759599764329E+001  0.250168554325624E+000  0.977023238444199E+000  0.311064622022695E+001  0.306525160253261E+000 -0.693797998821644E+000
  0.979071897751602E+000  0.123967424764537E+001  0.250125256356465E+000  0.978500951702207E+000  0.311017954854007E+001  0.306525160253261E+000 -0.619837123822683E+000
  0.979071897751602E+000  0.120795061532043E+001  0.250499881007284E+000  0.977967413659911E+000  0.310795954931507E+001  0.306525160253261E+000 -0.603975307660217E+000
  0.979071897751602E+000  0.112690511702934E+001  0.250330082892615E+000  0.978112745940656E+000  0.310896791603864E+001  0.306525160253261E+000 -0.563452558514671E+000
