  0.247691658768193E+000  0.465143732838755E+001  0.257836921853928E+000  0.970090845746801E+000  0.305794420635359E+001  0.242212506438652E-001  0.529668711567471E+000 -0.232571866419377E+001
  0.247691658768193E+000  0.388133865648040E+001  0.256650586855659E+000  0.966637122418578E+000  0.306181231563331E+001  0.297218118066572E-002  0.529668711567471E+000 -0.194066932824020E+001
  0.247691658768193E+000  0.382984975047481E+001  0.255528534520412E+000  0.973380367479595E+000  0.307593559593293E+001  0.375625423571966E-001  0.529668711567471E+000 -0.191492487523741E+001
  0.247691658768193E+000  0.376989412677081E+001  0.259303602717847E+000  0.964575882753424E+000  0.304796762983908E+001  0.693279613535450E-002  0.529668711567471E+000 -0.188494706338540E+001
  0.247691658768193E+000  0.348370239127027E+001  0.258308101563011E+000  0.966449971864863E+000  0.306019107814483E+001  0.253357236556397E-001  0.529668711567471E+000 -0.174185119563514E+001
  0.247691658768193E+000  0.319571075879129E+001  0.258184152777282E+000  0.962714656900291E+000  0.305502078171984E+001  0.692518763449051E-002  0.529668711567471E+000 -0.159785537939564E+001
  0.247691658768193E+000  0.295858273754737E+001  0.258382777848546E+000  0.969183161284377E+000  0.305573855605246E+001  0.229283648077566E-001  0.529668711567471E+000 -0.147929136877369E+001
  0.247691658768193E+000  0.294326649142590E+001  0.257275507015110E+000  0.969127752314628E+000  0.305853268144615E+001  0.878805158188232E-002  0.529668711567471E+000 -0.147163324571295E+001
  0.247691658768193E+000  0.287544855760920E+001  0.257633931862167E+000  0.962119184508984E+000  0.306188375001230E+001  0.142456814439533E-001  0.529668711567471E+000 -0.143772427880460E+001
  0.247691658768193E+000  0.270103793292118E+001  0.258901902229642E+000  0.967760835877924E+000  0.304878503139984E+001  0.344399865634352E-002  0.529668711567471E+000 -0.135051896646059E+001
  0.247691658768193E+000  0.221148445912424E+001  0.256129203717052E+000  0.968214562509825E+000  0.306846176345796E+001  0.217561620933145E-001  0.529668711567471E+000 -0.110574222956212E+001
  0.247691658768193E+000  0.204034266660984E+001  0.255947024716822E+000  0.970225378966831E+000  0.307153019707619E+001  0.278645389507679E-001  0.529668711567471E+000 -0.102017133330492E+001
  0.247691658768193E+000  0.189882768384775E+001  0.257478058504653E+000  0.964879266481505E+000  0.305861783189640E+001  0.414167880106521E-002  0.529668711567471E+000 -0.949413841923878E+000
  0.247691658768193E+000  0.142492075014567E+001  0.256842439098319E+000  0.966115900622176E+000  0.307418490986577E+001  0.415871968482731E-001  0.529668711567471E+000 -0.712460375072837E+000
  0.247691658768193E+000  0.135369393537050E+001  0.257226309268024E+000  0.964714368821458E+000  0.306152674023330E+001  0.133044046203838E-001  0.529668711567471E+000 -0.676846967685250E+000
  0.247691658768193E+000  0.121896337561285E+001  0.256059142918419E+000  0.970358329795256E+000  0.307382309685740E+001  0.378772764537521E-001  0.529668711567471E+000 -0.609481687806423E+000
  0.247691658768193E+000  0.121488242467268E+001  0.255135495415175E+000  0.969038749333201E+000  0.308419145784536E+001  0.465067480427067E-001  0.529668711567471E+000 -0.607441212336342E+000
  0.247691658768193E+000  0.111490024864587E+001  0.256033057517469E+000  0.968356922648431E+000  0.307900528219134E+001  0.474523049189809E-001  0.529668711567471E+000 -0.557450124322933E+000
  0.247691658768193E+000  0.840089623872722E+000  0.257104624268734E+000  0.970237014874570E+000  0.306972440083094E+001  0.408391542538152E-001  0.529668711567471E+000 -0.420044811936361E+000
  0.247691658768193E+000  0.630979882388537E+000  0.257567271929471E+000  0.967000730175568E+000  0.305821145502293E+001  0.113902701145246E-001  0.529668711567471E+000 -0.315489941194268E+000
  0.247691658768193E+000  0.562972433832051E+000  0.255981857767312E+000  0.971289206856355E+000  0.307679996240988E+001  0.435184901439111E-001  0.529668711567471E+000 -0.281486216916026E+000
