  0.368237007158398E-318  0.148589690249415E+004  0.269370860756837E+000  0.111983639919505E+001  0.312802366151837E+001  0.582419630215656E+000  0.529668711567471E+000 -0.740590686191814E+003
  0.581511232313050E-305  0.142505433532741E+004  0.268129484932999E+000  0.111962091823469E+001  0.310051955816067E+001  0.523446051263106E+000  0.529668711567471E+000 -0.710169402608445E+003
  0.405575510689505E-295  0.137966173658101E+004  0.261241842227520E+000  0.112340364866913E+001  0.313456048538865E+001  0.494214174790866E+000  0.529668711567471E+000 -0.687473103235242E+003
  0.124993443819993E-293  0.137274394446366E+004  0.269795196098173E+000  0.969744780709895E+000  0.315320851290755E+001  0.450811582010737E+000  0.529668711567471E+000 -0.684014207176570E+003
  0.745701561240450E-292  0.136450510259691E+004  0.261456700844801E+000  0.894162384908605E+000  0.316550705115919E+001  0.193333445164611E+000  0.529668711567471E+000 -0.679894786243190E+003
  0.109896680412801E-286  0.134064210778920E+004  0.238195812788209E+000  0.905376439175537E+000  0.331269383969057E+001  0.239712901142788E+000  0.529668711567471E+000 -0.667963288839336E+003
  0.859632088233530E-284  0.132725629642408E+004  0.263706084939499E+000  0.948870296789316E+000  0.322164599740775E+001  0.427145566001007E+000  0.529668711567471E+000 -0.661270383156776E+003
  0.338444920361332E-276  0.129221767788089E+004  0.260733529668270E+000  0.993116386399259E+000  0.322453824268949E+001  0.428738060629376E+000  0.529668711567471E+000 -0.643751073885184E+003
  0.284481353549861E-260  0.121882079889178E+004  0.220461191110218E+000  0.101865682783020E+001  0.339770355502756E+001  0.322937922625633E+000  0.529668711567471E+000 -0.607052634390626E+003
  0.647935315224116E-252  0.118027164776875E+004  0.255912483212344E+000  0.102873036788277E+001  0.329499148419951E+001  0.742700013721366E+000  0.529668711567471E+000 -0.587778058829115E+003
  0.166568292869111E-251  0.117832170521839E+004  0.229412266968830E+000  0.110396751852254E+001  0.338055279190718E+001  0.542665062397055E+000  0.529668711567471E+000 -0.586803087553932E+003
  0.687483190294926E-245  0.114779387681302E+004  0.233110280288382E+000  0.102388059445184E+001  0.337448303303669E+001  0.527968070334574E+000  0.529668711567471E+000 -0.571539173351247E+003
  0.100332883025034E-240  0.112855557034737E+004  0.225876755164646E+000  0.106840008926449E+001  0.342413106111041E+001  0.573390783019672E+000  0.529668711567471E+000 -0.561920020118423E+003
  0.118473897845534E-232  0.109132026718810E+004  0.241896674574085E+000  0.941548749529670E+000  0.319611717376528E+001  0.137965415128788E+000  0.529668711567471E+000 -0.543302368538786E+003
  0.110325795337032E-213  0.100390300013859E+004  0.256575633921006E+000  0.979861057464755E+000  0.328852217073212E+001  0.542070926246929E+000  0.529668711567471E+000 -0.499593735014032E+003
  0.724549918343792E-212  0.995472060844014E+003  0.286415047495113E+000  0.930396663474676E+000  0.293002042298912E+001  0.176411355342797E-001  0.529668711567471E+000 -0.495378265366745E+003
  0.389342838515328E-206  0.969021677153504E+003  0.278435712894810E+000  0.928373357964758E+000  0.300084765709390E+001  0.108137077520107E+000  0.529668711567471E+000 -0.482153073521490E+003
  0.842841211211566E-201  0.944389646325649E+003  0.270856395539689E+000  0.105965142346249E+001  0.314780775830471E+001  0.533650986186333E+000  0.529668711567471E+000 -0.469837058107562E+003
  0.102687305086612E-191  0.902486581310502E+003  0.268076603670485E+000  0.996589483508088E+000  0.318696937977028E+001  0.483060927900282E+000  0.529668711567471E+000 -0.448885525599989E+003
  0.214420496740809E-191  0.900952536938321E+003  0.249878638550257E+000  0.111393824519737E+001  0.324113574701448E+001  0.603888051472847E+000  0.529668711567471E+000 -0.448118503413898E+003
  0.138633314934771E-187  0.883342526076496E+003  0.255388781241518E+000  0.110787907053617E+001  0.318589871411027E+001  0.504208533064398E+000  0.529668711567471E+000 -0.439313497982986E+003
  0.642365393086359E-183  0.861793652286152E+003  0.233824043411699E+000  0.104502004814821E+001  0.346989993602957E+001  0.751899076378537E+000  0.529668711567471E+000 -0.428539061087814E+003
  0.193882594251165E-168  0.795050365175603E+003  0.260266685891604E+000  0.105563959335360E+001  0.303214893402481E+001  0.127000206062927E+000  0.529668711567471E+000 -0.395167417532539E+003
  0.910953956517723E-166  0.782684002360900E+003  0.241826538261483E+000  0.106328816591134E+001  0.319556797209019E+001  0.238654502036573E+000  0.529668711567471E+000 -0.388984236125188E+003
  0.441757940165504E-163  0.770254409023422E+003  0.270796765354348E+000  0.106027039153592E+001  0.317588934201322E+001  0.672016581403539E+000  0.529668711567471E+000 -0.382769439456449E+003
  0.109352426965891E-162  0.768380067808156E+003  0.230723213951700E+000  0.109252767911064E+001  0.344730896728375E+001  0.777525078518374E+000  0.529668711567471E+000 -0.381832268848816E+003
  0.951631707990112E-158  0.745570639432402E+003  0.265349053278196E+000  0.110261756125471E+001  0.317342209899533E+001  0.644354396375072E+000  0.529668711567471E+000 -0.370427554660939E+003
  0.913328736214025E-154  0.727170579813570E+003  0.255106135658079E+000  0.101903191715217E+001  0.332989211373599E+001  0.762931844896773E+000  0.529668711567471E+000 -0.361227524851523E+003
  0.306005160648916E-151  0.715480513759639E+003  0.266883439066142E+000  0.105086979571897E+001  0.307548345136052E+001  0.282271057018403E+000  0.529668711567471E+000 -0.355382491824557E+003
  0.553040848372049E-147  0.695814629900402E+003  0.239148681717435E+000  0.949512600417729E+000  0.332819960731729E+001  0.342729839685909E+000  0.529668711567471E+000 -0.345549549894939E+003
  0.106929233972323E-145  0.689829275440557E+003  0.226829676048774E+000  0.102880332424956E+001  0.342448400875542E+001  0.490771257162528E+000  0.529668711567471E+000 -0.342556872665016E+003
  0.176105209557702E-142  0.674954392871066E+003  0.248574901535834E+000  0.927117554352851E+000  0.320145265575909E+001  0.196093216994259E+000  0.529668711567471E+000 -0.335119431380271E+003
  0.474390047902729E-140  0.663700612639426E+003  0.249274977953285E+000  0.106396133145898E+001  0.319257925787895E+001  0.321459136771106E+000  0.529668711567471E+000 -0.329492541264451E+003
  0.513506011604949E-139  0.658875435401630E+003  0.254104234210960E+000  0.103104707177635E+001  0.322667370105191E+001  0.504603709008385E+000  0.529668711567471E+000 -0.327079952645553E+003
  0.577624795478485E-137  0.649368226154922E+003  0.247395592528404E+000  0.111285567892414E+001  0.330236038019992E+001  0.738199045849714E+000  0.529668711567471E+000 -0.322326348022199E+003
  0.148618948650840E-135  0.642811420218590E+003  0.260007912736932E+000  0.106900150049821E+001  0.311996150681691E+001  0.352498237372390E+000  0.529668711567471E+000 -0.319047945054033E+003
  0.360230186707950E-134  0.636373991523248E+003  0.235665982239222E+000  0.104620038202013E+001  0.344552387582175E+001  0.784245782938099E+000  0.529668711567471E+000 -0.315829230706362E+003
  0.773926828965170E-128  0.607151958893463E+003  0.261991455472119E+000  0.108230869537175E+001  0.316729142598723E+001  0.506751220532836E+000  0.529668711567471E+000 -0.301218214391469E+003
  0.608414900084317E-126  0.598361315768572E+003  0.268288385408096E+000  0.103289761397227E+001  0.317404556920624E+001  0.561528117696667E+000  0.529668711567471E+000 -0.296822892829024E+003
  0.283472410193419E-125  0.595222086766851E+003  0.239152294227080E+000  0.101853354120231E+001  0.341244302716663E+001  0.695203396710645E+000  0.529668711567471E+000 -0.295253278328163E+003
  0.437366889679102E-120  0.571267377304675E+003  0.268122972741816E+000  0.931013226594132E+000  0.308153801832008E+001  0.150838561698133E+000  0.529668711567471E+000 -0.283275923597075E+003
  0.121150113835750E-116  0.555352637284295E+003  0.247138909012410E+000  0.111458477249981E+001  0.333665046789258E+001  0.770613929854355E+000  0.529668711567471E+000 -0.275318553586885E+003
  0.351870549961681E-113  0.539343117478437E+003  0.246162496666260E+000  0.102226500005465E+001  0.332489438132181E+001  0.609129420518399E+000  0.529668711567471E+000 -0.267313793683956E+003
  0.537708309367548E-113  0.538433468390971E+003  0.242046065658903E+000  0.103317862847430E+001  0.322235874400050E+001  0.294938676451546E+000  0.529668711567471E+000 -0.266858969140224E+003
  0.399671107326706E-112  0.534360103407705E+003  0.251787099771907E+000  0.109789716182222E+001  0.330109831511648E+001  0.714784370679613E+000  0.529668711567471E+000 -0.264822286648590E+003
  0.152926577700465E-109  0.522404417643020E+003  0.256146392582576E+000  0.100628231961479E+001  0.329087220470545E+001  0.614188993289649E+000  0.529668711567471E+000 -0.258844443766248E+003
  0.624540340652210E-107  0.510318417949111E+003  0.264649830415996E+000  0.953693156471696E+000  0.309362606177789E+001  0.193738646721345E+000  0.529668711567471E+000 -0.252801443919293E+003
  0.120548143844139E-106  0.508941637879961E+003  0.271638870356947E+000  0.949205971369946E+000  0.304430241360014E+001  0.123493549045237E+000  0.529668711567471E+000 -0.252113053884718E+003
  0.729370984561984E-106  0.505279827981432E+003  0.273569391518914E+000  0.987411607115145E+000  0.296048445638025E+001  0.426008078639693E-001  0.529668711567471E+000 -0.250282148935454E+003
  0.222208031739234E-105  0.502990251427548E+003  0.247948923608248E+000  0.106544281849775E+001  0.322242536035619E+001  0.429188582216747E+000  0.529668711567471E+000 -0.249137360658512E+003
  0.346250207685386E-104  0.497436442655584E+003  0.235288998264279E+000  0.102730366853490E+001  0.337887886481990E+001  0.497680064687276E+000  0.529668711567471E+000 -0.246360456272530E+003
  0.152570170186870E-103  0.494408803221708E+003  0.254692517580016E+000  0.103846042938810E+001  0.326342336004602E+001  0.618623835032454E+000  0.529668711567471E+000 -0.244846636555592E+003
  0.268373870638030E-102  0.488612576867488E+003  0.257999055042942E+000  0.105145151909047E+001  0.325027842228564E+001  0.586238958047572E+000  0.529668711567471E+000 -0.241948523378482E+003
  0.303486603867451E-099  0.474489610146866E+003  0.264079518089662E+000  0.912004386908942E+000  0.306162282154517E+001  0.147762053772521E-001  0.529668711567471E+000 -0.234887040018171E+003
  0.111339853802646E-098  0.471828397045584E+003  0.257253096891980E+000  0.104005244845717E+001  0.324824293502232E+001  0.544866922522202E+000  0.529668711567471E+000 -0.233556433467530E+003
  0.784881338407154E-095  0.454045452619470E+003  0.264300560555339E+000  0.103929668907629E+001  0.321680974406156E+001  0.607347516007644E+000  0.529668711567471E+000 -0.224664961254473E+003
  0.235934308509875E-087  0.419546506079402E+003  0.244732355864701E+000  0.102572435084983E+001  0.321271467405558E+001  0.300782163881029E+000  0.529668711567471E+000 -0.207415487984439E+003
  0.111253966973080E-086  0.416383268243902E+003  0.254501136089231E+000  0.108638961588648E+001  0.323904928763540E+001  0.579327436229236E+000  0.529668711567471E+000 -0.205833869066689E+003
  0.306069395071685E-086  0.414297732368717E+003  0.247913612764257E+000  0.994968932861360E+000  0.328950080260792E+001  0.486714164210896E+000  0.529668711567471E+000 -0.204791101129096E+003
  0.527474072003623E-084  0.403937272971365E+003  0.248222894433271E+000  0.105237102966323E+001  0.319343985447147E+001  0.333607854113003E+000  0.529668711567471E+000 -0.199610871430420E+003
  0.176263499608379E-077  0.373831777710636E+003  0.244928239109641E+000  0.104095459100905E+001  0.337028451934882E+001  0.733856710034855E+000  0.529668711567471E+000 -0.184558123800056E+003
  0.809723703722082E-074  0.356905297733981E+003  0.262183017444798E+000  0.953844488215214E+000  0.305976911073861E+001  0.902342210971013E-001  0.529668711567471E+000 -0.176094883811728E+003
  0.787046138789278E-072  0.347690226464871E+003  0.259611512868233E+000  0.100413211421637E+001  0.312137449100271E+001  0.264584060326511E+000  0.529668711567471E+000 -0.171487348177173E+003
  0.112604125119989E-070  0.342307159820876E+003  0.237400442090881E+000  0.101734407382779E+001  0.337602404695948E+001  0.527293843558592E+000  0.529668711567471E+000 -0.168795814855176E+003
  0.114200298675000E-070  0.342217465378776E+003  0.244166124031990E+000  0.100880440741977E+001  0.329007115023884E+001  0.450969763633108E+000  0.529668711567471E+000 -0.168750967634126E+003
  0.737901134952868E-066  0.320003529438367E+003  0.264994535401418E+000  0.100705340704813E+001  0.314108078778962E+001  0.365452837198439E+000  0.529668711567471E+000 -0.157643999663921E+003
  0.100973445027410E-065  0.319314720515840E+003  0.246089831414748E+000  0.964377847163940E+000  0.313710678621388E+001  0.165454693747683E-001  0.529668711567471E+000 -0.157299595202658E+003
  0.185393604194443E-065  0.318037930011601E+003  0.256589151045221E+000  0.104193124301358E+001  0.320135994362722E+001  0.473289900769088E+000  0.529668711567471E+000 -0.156661199950538E+003
  0.295603519156924E-065  0.317043310816405E+003  0.251101176076535E+000  0.100832877587529E+001  0.325824500361553E+001  0.479208386521702E+000  0.529668711567471E+000 -0.156163890352940E+003
  0.439134415538092E-062  0.302374684025485E+003  0.237332964869621E+000  0.987818709018473E+000  0.323072475677362E+001  0.154555944687972E+000  0.529668711567471E+000 -0.148829576957480E+003
  0.385153930783816E-059  0.288759955104882E+003  0.243709234576788E+000  0.103415890113937E+001  0.329613908554000E+001  0.440072590824005E+000  0.529668711567471E+000 -0.142022212497179E+003
  0.913049806403952E-058  0.282366946887606E+003  0.247097834523241E+000  0.102171588188397E+001  0.328521175635269E+001  0.446045355282720E+000  0.529668711567471E+000 -0.138825708388541E+003
  0.609532242525676E-055  0.269298090180495E+003  0.245528546925037E+000  0.105493397501554E+001  0.324172705056401E+001  0.402004992272680E+000  0.529668711567471E+000 -0.132291280034985E+003
  0.428293223118110E-054  0.265337144248637E+003  0.250121008187769E+000  0.961456443059491E+000  0.321987160815810E+001  0.258010647623100E+000  0.529668711567471E+000 -0.130310807069056E+003
  0.667484166048755E-053  0.259783015531381E+003  0.245704833980076E+000  0.947576313770808E+000  0.319324711937582E+001  0.151873959884955E+000  0.529668711567471E+000 -0.127533742710428E+003
  0.255418243114432E-052  0.257037528624242E+003  0.246681989088583E+000  0.107546946007961E+001  0.335830344072751E+001  0.755024363108380E+000  0.529668711567471E+000 -0.126160999256859E+003
  0.123840114106390E-051  0.253818637199688E+003  0.236993733986915E+000  0.998716495375836E+000  0.328623739865379E+001  0.281423049730208E+000  0.529668711567471E+000 -0.124551553544582E+003
  0.120326205462265E-051  0.253814663677790E+003  0.270019878466586E+000  0.978795924513035E+000  0.300543164298007E+001  0.736124133473338E-001  0.529668711567471E+000 -0.124549566783633E+003
  0.256904378976654E-049  0.243025784956685E+003  0.245441040154623E+000  0.106650040701876E+001  0.332012545798166E+001  0.598585051840994E+000  0.529668711567471E+000 -0.119155127423080E+003
  0.955954188524857E-049  0.240336229554296E+003  0.241288702082025E+000  0.100879352007812E+001  0.334404102834573E+001  0.506363621760202E+000  0.529668711567471E+000 -0.117810349721886E+003
  0.137582641287630E-048  0.239546486506658E+003  0.245973029160494E+000  0.964771386689409E+000  0.325087618579584E+001  0.282429988307667E+000  0.529668711567471E+000 -0.117415478198067E+003
  0.200700807760828E-048  0.238729762156518E+003  0.246361242316710E+000  0.108426380042597E+001  0.332961980310702E+001  0.721079285324235E+000  0.529668711567471E+000 -0.117007116022997E+003
  0.252017227783664E-047  0.233607684315429E+003  0.259976679769899E+000  0.939072486953111E+000  0.308916903932527E+001  0.650460032607747E-001  0.529668711567471E+000 -0.114446077102452E+003
  0.369874897805355E-045  0.223568465856060E+003  0.264177286466215E+000  0.100261455647491E+001  0.308499657157685E+001  0.216931292184685E+000  0.529668711567471E+000 -0.109426467872768E+003
  0.301858896308692E-043  0.214702992480755E+003  0.248398689600834E+000  0.943404860661313E+000  0.314620971202784E+001  0.544411329462515E-001  0.529668711567471E+000 -0.104993731185115E+003
  0.333433433507922E-042  0.209837311840766E+003  0.256858541371255E+000  0.102965557685631E+001  0.324195728908535E+001  0.548164751749278E+000  0.529668711567471E+000 -0.102560890865121E+003
  0.103772769329393E-041  0.207505077632061E+003  0.247402805120324E+000  0.101201682909719E+001  0.316454481230604E+001  0.166492109459158E+000  0.529668711567471E+000 -0.101394773760768E+003
  0.120922237013222E-041  0.207137646172256E+003  0.256218699588295E+000  0.102186307180195E+001  0.317188774762725E+001  0.315043683749932E+000  0.529668711567471E+000 -0.101211058030866E+003
  0.135769279953948E-040  0.202239314059956E+003  0.255917113044380E+000  0.100302088312582E+001  0.322864660864453E+001  0.450024072607286E+000  0.529668711567471E+000 -0.987618919747160E+002
  0.588670521169681E-040  0.199243951410313E+003  0.258697857249047E+000  0.988747008323603E+000  0.302988801461626E+001  0.123769354145727E-001  0.529668711567471E+000 -0.972642106498944E+002
  0.419176930081422E-038  0.190651214805079E+003  0.251306827716845E+000  0.108836270352538E+001  0.332076131356697E+001  0.782083454558305E+000  0.529668711567471E+000 -0.929678423472775E+002
  0.828966564580942E-038  0.189225898040143E+003  0.261367738679529E+000  0.946726909336685E+000  0.307204779127252E+001  0.522739448628697E-001  0.529668711567471E+000 -0.922551839648090E+002
  0.127888575621914E-036  0.183692055231300E+003  0.242322253575421E+000  0.103751715686010E+001  0.332199529091426E+001  0.533795254890579E+000  0.529668711567471E+000 -0.894882625603875E+002
  0.134979465557365E-036  0.183522585357909E+003  0.244119914625074E+000  0.983520233438578E+000  0.321953704175674E+001  0.202477752782081E+000  0.529668711567471E+000 -0.894035276236924E+002
  0.164096002562968E-036  0.183070384084275E+003  0.240979317184301E+000  0.100887995470027E+001  0.332731314935440E+001  0.461862085006285E+000  0.529668711567471E+000 -0.891774269868753E+002
  0.476175446358175E-034  0.171667830928825E+003  0.256339431899254E+000  0.960164778713877E+000  0.306179394076674E+001  0.205994469523467E-001  0.529668711567471E+000 -0.834761504091505E+002
  0.192017825229205E-033  0.168817513752810E+003  0.267175636762991E+000  0.959116352825823E+000  0.300343258453066E+001  0.981195002979330E-002  0.529668711567471E+000 -0.820509918211426E+002
  0.304775406697229E-033  0.167831996582647E+003  0.253685856730403E+000  0.103792435169924E+001  0.317833092053009E+001  0.340348307259540E+000  0.529668711567471E+000 -0.815582332360615E+002
  0.387739986545963E-033  0.167288933578626E+003  0.253201131785660E+000  0.995179785684424E+000  0.312341707788971E+001  0.124322366918692E+000  0.529668711567471E+000 -0.812867017340505E+002
  0.379339822852779E-033  0.167271195348581E+003  0.264551755670843E+000  0.977853566404989E+000  0.302643540372279E+001  0.626088908923710E-001  0.529668711567471E+000 -0.812778326190281E+002
  0.570156166058909E-033  0.166394696300691E+003  0.257680327818859E+000  0.100670991871221E+001  0.316288202253582E+001  0.293970350193339E+000  0.529668711567471E+000 -0.808395830950834E+002
  0.101782777757552E-032  0.165174121569922E+003  0.242594031199724E+000  0.103573488308406E+001  0.335066795882987E+001  0.595716295597484E+000  0.529668711567471E+000 -0.802292957296986E+002
  0.119097494564336E-032  0.164798375198255E+003  0.256947865996263E+000  0.103596130074104E+001  0.322165496540314E+001  0.489190562105588E+000  0.529668711567471E+000 -0.800414225438655E+002
  0.775008447837970E-032  0.160990968900935E+003  0.247654720860743E+000  0.107987815871805E+001  0.332342610000331E+001  0.698268189021589E+000  0.529668711567471E+000 -0.781377193952052E+002
  0.217919508753934E-031  0.158861751719655E+003  0.252806531760615E+000  0.984975397251655E+000  0.317809806017569E+001  0.226105182907216E+000  0.529668711567471E+000 -0.770731108045653E+002
  0.630529433568592E-031  0.156675340265309E+003  0.256005286058069E+000  0.103827107000037E+001  0.319478925970710E+001  0.409391870287956E+000  0.529668711567471E+000 -0.759799050773920E+002
  0.691960740507418E-031  0.156427858181131E+003  0.244551647436296E+000  0.982188264572077E+000  0.327035213356904E+001  0.338921914708806E+000  0.529668711567471E+000 -0.758561640353034E+002
  0.819879899219580E-031  0.156027057574743E+003  0.257199343427448E+000  0.102731496543373E+001  0.315271938812293E+001  0.310046799257320E+000  0.529668711567471E+000 -0.756557637321091E+002
  0.841731982417849E-031  0.155912906681933E+003  0.257370212896915E+000  0.987644097881286E+000  0.318704354161480E+001  0.335858084895071E+000  0.529668711567471E+000 -0.755986882857043E+002
  0.138577530650396E-029  0.150249086384242E+003  0.253512999204012E+000  0.100224818013217E+001  0.309232957137501E+001  0.102865446322193E+000  0.529668711567471E+000 -0.727667781368585E+002
  0.243329969966665E-029  0.149061566134448E+003  0.246264981976174E+000  0.102244658470500E+001  0.330599813495776E+001  0.503745398833409E+000  0.529668711567471E+000 -0.721730180119618E+002
  0.318357889208346E-029  0.148462507288339E+003  0.255646825443945E+000  0.982520260957236E+000  0.319597647393589E+001  0.319333735893129E+000  0.529668711567471E+000 -0.718734885889071E+002
  0.358843927796130E-029  0.148161541241537E+003  0.262455786838542E+000  0.996099837055160E+000  0.309252025823845E+001  0.192616317628461E+000  0.529668711567471E+000 -0.717230055655064E+002
  0.712646897822564E-028  0.142122630716558E+003  0.242895764554144E+000  0.104731772918871E+001  0.332944101669688E+001  0.555381863838752E+000  0.529668711567471E+000 -0.687035503030167E+002
  0.971299079317815E-028  0.141441790660731E+003  0.248938843550914E+000  0.107160716523427E+001  0.331990196358164E+001  0.694237395397109E+000  0.529668711567471E+000 -0.683631302751034E+002
  0.444880818995752E-027  0.138336733174824E+003  0.249878787391615E+000  0.105547989966450E+001  0.331475914809836E+001  0.673764193272318E+000  0.529668711567471E+000 -0.668106015321500E+002
  0.152281453668877E-026  0.135814171564141E+003  0.264665112008230E+000  0.970540250058028E+000  0.303216719158126E+001  0.357283616188221E-001  0.529668711567471E+000 -0.655493207268081E+002
  0.186392079582368E-026  0.135348384382122E+003  0.244062843150467E+000  0.998446999622770E+000  0.328425450874776E+001  0.396373083764810E+000  0.529668711567471E+000 -0.653164271357986E+002
  0.562457120302231E-026  0.133077916083266E+003  0.246392595159727E+000  0.100362345742741E+001  0.328396188508367E+001  0.422363397136645E+000  0.529668711567471E+000 -0.641811929863705E+002
  0.702169287180403E-026  0.132572653517563E+003  0.243640607180886E+000  0.980154758680226E+000  0.323603714926985E+001  0.236256842252362E+000  0.529668711567471E+000 -0.639285617035194E+002
  0.103312362054274E-025  0.131738774983104E+003  0.244932147529519E+000  0.106091148972645E+001  0.332149434373533E+001  0.608669333890536E+000  0.529668711567471E+000 -0.635116224362895E+002
  0.292934003760105E-025  0.129592851065462E+003  0.256915196829746E+000  0.978286442026515E+000  0.309673489653975E+001  0.910910289357902E-001  0.529668711567471E+000 -0.624386604774689E+002
  0.163647563813856E-024  0.126090602014608E+003  0.248462064141545E+000  0.983209096012428E+000  0.323813840160009E+001  0.311874534899304E+000  0.529668711567471E+000 -0.606875359520418E+002
  0.183313970818290E-023  0.121196917999307E+003  0.247336564251802E+000  0.104102998796420E+001  0.324504074594775E+001  0.413795620454966E+000  0.529668711567471E+000 -0.582406939443912E+002
  0.197258113896268E-023  0.120988749234561E+003  0.243377051477626E+000  0.103210282292691E+001  0.330392635441786E+001  0.488716409847520E+000  0.529668711567471E+000 -0.581366095620182E+002
  0.284863325951308E-023  0.120192213090808E+003  0.266517631043586E+000  0.977699316842601E+000  0.300330487755332E+001  0.203011962669261E-001  0.529668711567471E+000 -0.577383414901419E+002
  0.129629893864015E-022  0.117100151762142E+003  0.247839776848386E+000  0.105476532599101E+001  0.330495154082146E+001  0.592119231439596E+000  0.529668711567471E+000 -0.561923108258088E+002
  0.184864894419921E-022  0.116328724768817E+003  0.260576879468067E+000  0.990006842864211E+000  0.311778192587088E+001  0.223980520513756E+000  0.529668711567471E+000 -0.558065973291464E+002
  0.293093998572088E-022  0.115345445223563E+003  0.258153695826507E+000  0.984028515588560E+000  0.315476571723450E+001  0.258528932131365E+000  0.529668711567471E+000 -0.553149575565195E+002
  0.200837230939776E-021  0.111434728896500E+003  0.251827271315850E+000  0.989360178157227E+000  0.322989478787516E+001  0.360397937923050E+000  0.529668711567471E+000 -0.533595993929877E+002
  0.444981096785904E-021  0.109782111542259E+003  0.261884151747581E+000  0.943854168121425E+000  0.305603780864000E+001  0.271626140564126E-001  0.529668711567471E+000 -0.525332907158672E+002
  0.456280344343205E-021  0.109670417007518E+003  0.252188809452971E+000  0.102523974032070E+001  0.317284336587052E+001  0.284422847723931E+000  0.529668711567471E+000 -0.524774434484970E+002
  0.895168835682259E-021  0.108261063824445E+003  0.245083072255068E+000  0.104610718616803E+001  0.332131094785325E+001  0.583101192753072E+000  0.529668711567471E+000 -0.517727668569605E+002
  0.979673053373548E-021  0.108019107400531E+003  0.258053265367878E+000  0.960854671316015E+000  0.304846360559905E+001  0.143353583873860E-002  0.529668711567471E+000 -0.516517886450033E+002
  0.108202838230312E-020  0.107758816496395E+003  0.255833260731956E+000  0.102252821927387E+001  0.320833077652946E+001  0.417939793269535E+000  0.529668711567471E+000 -0.515216431929352E+002
  0.123033028653327E-020  0.107440382683940E+003  0.253501262428728E+000  0.100492692233634E+001  0.318618594640698E+001  0.318854106210676E+000  0.529668711567471E+000 -0.513624262867079E+002
  0.352852489431302E-020  0.105271644871266E+003  0.253758596812868E+000  0.989600028892886E+000  0.320973965336834E+001  0.336273997117873E+000  0.529668711567471E+000 -0.502780573803705E+002
  0.455665649819048E-020  0.104698683106212E+003  0.254403588922344E+000  0.100831649577544E+001  0.310785920285343E+001  0.144687668996396E+000  0.529668711567471E+000 -0.499915764978439E+002
  0.746492989793747E-020  0.103649885969525E+003  0.261939388001639E+000  0.987730449584613E+000  0.306091334422756E+001  0.994567366975321E-001  0.529668711567471E+000 -0.494671779295004E+002
  0.996819428156680E-020  0.103009975827792E+003  0.245952715513265E+000  0.104909324482468E+001  0.329662848294104E+001  0.530320906114016E+000  0.529668711567471E+000 -0.491472228586339E+002
  0.166749895166649E-019  0.101919411488990E+003  0.261148628842790E+000  0.943315178429446E+000  0.305083437171771E+001  0.180311783694950E-001  0.529668711567471E+000 -0.486019406892329E+002
  0.409477041004932E-019  0.100061096612278E+003  0.255796038398596E+000  0.100387606082606E+001  0.317960264763693E+001  0.308231891099428E+000  0.529668711567471E+000 -0.476727832508766E+002
  0.514670942834535E-019  0.995422594655461E+002  0.250598956736536E+000  0.959576194374898E+000  0.310618818958942E+001  0.112668391272213E-001  0.529668711567471E+000 -0.474133646775108E+002
  0.129102757200092E-018  0.976413841537958E+002  0.245454994801835E+000  0.998176070410614E+000  0.321492463857515E+001  0.259292905057701E+000  0.529668711567471E+000 -0.464629270216356E+002
  0.565463371606708E-018  0.946257671023602E+002  0.243702939362626E+000  0.102024157341272E+001  0.325924006009159E+001  0.359897788855173E+000  0.529668711567471E+000 -0.449551184959179E+002
  0.136456024758075E-016  0.877020659471971E+002  0.259722034379919E+000  0.978334426079709E+000  0.311228481938621E+001  0.173844083129147E+000  0.529668711567471E+000 -0.432914171856631E+002
  0.377645764650090E-012  0.660332051442880E+002  0.245464506534955E+000  0.978446610915594E+000  0.320000344403854E+001  0.187364827139791E+000  0.529668711567471E+000 -0.324569867842086E+002
  0.656811767561744E-010  0.550430386014659E+002  0.246679187646355E+000  0.986501543342296E+000  0.318967155799049E+001  0.199747738516011E+000  0.529668711567471E+000 -0.269619035127975E+002
  0.239325709755185E-009  0.523087965671753E+002  0.257439590545542E+000  0.973458097722943E+000  0.312204238730679E+001  0.161384078935692E+000  0.529668711567471E+000 -0.255947824956522E+002
  0.803924417961279E-008  0.448649879900968E+002  0.252760318530476E+000  0.999880624214709E+000  0.313481079448652E+001  0.165507944357481E+000  0.529668711567471E+000 -0.218728782071130E+002
  0.967768604020922E-008  0.444940124780596E+002  0.247923217804388E+000  0.973887176184888E+000  0.318230373441528E+001  0.174765931675091E+000  0.529668711567471E+000 -0.216873904510944E+002
  0.978855943198465E-008  0.443332437919868E+002  0.256284878280079E+000  0.980377551712884E+000  0.314255132030113E+001  0.204631422551658E+000  0.529668711567471E+000 -0.216070061080580E+002
  0.172158765355960E-006  0.383317753934843E+002  0.255060988219675E+000  0.993141032120398E+000  0.312297587934803E+001  0.157985153869154E+000  0.529668711567471E+000 -0.186062719088067E+002
  0.455276255828633E-006  0.362577237813731E+002  0.248571036271981E+000  0.982235390860744E+000  0.318177163109498E+001  0.201004738054804E+000  0.529668711567471E+000 -0.175692461027511E+002
  0.156414374525079E-005  0.334247017973128E+002  0.255338092381476E+000  0.977005111349767E+000  0.314265676491535E+001  0.187818146528698E+000  0.529668711567471E+000 -0.161527351107210E+002
  0.152137860650353E-005  0.333658282593586E+002  0.255522058084142E+000  0.989535641553464E+000  0.312440197541827E+001  0.174894952075370E+000  0.529668711567471E+000 -0.161232983417439E+002
  0.239938239206686E-005  0.322321880574716E+002  0.256510249074920E+000  0.991518757653276E+000  0.311855619385076E+001  0.170674135243272E+000  0.529668711567471E+000 -0.155564782408004E+002
  0.284284659745166E-005  0.317848646036695E+002  0.248427815945661E+000  0.975509615746071E+000  0.316669181995457E+001  0.152573308512927E+000  0.529668711567471E+000 -0.153328165138993E+002
  0.329450617544142E-005  0.314899637784478E+002  0.254976448339888E+000  0.983077990612665E+000  0.313262235632174E+001  0.163443102522292E+000  0.529668711567471E+000 -0.151853661012885E+002
  0.431474589654328E-005  0.308360826536500E+002  0.252256975263622E+000  0.998440197837316E+000  0.314183306499590E+001  0.179293797221401E+000  0.529668711567471E+000 -0.148584255388896E+002
  0.100140961687587E-004  0.291521720878624E+002  0.250179655281981E+000  0.996260015050475E+000  0.315400309325601E+001  0.172980191677700E+000  0.529668711567471E+000 -0.140164702559958E+002
  0.110368019699548E-004  0.288364396343149E+002  0.254637572664467E+000  0.974176719552391E+000  0.312147553997695E+001  0.138441604325695E+000  0.529668711567471E+000 -0.138586040292220E+002
  0.189323946880704E-004  0.276359121161906E+002  0.255459325837076E+000  0.978914435324962E+000  0.313479642445946E+001  0.180061028792854E+000  0.529668711567471E+000 -0.132583402701599E+002
  0.228053728673974E-004  0.271424194709939E+002  0.248973623484785E+000  0.985841912752786E+000  0.317484191598885E+001  0.184315903758055E+000  0.529668711567471E+000 -0.130115939475616E+002
  0.286931877192535E-004  0.266830923257645E+002  0.253385060746611E+000  0.968199050221193E+000  0.313943572818288E+001  0.143396372125462E+000  0.529668711567471E+000 -0.127819303749468E+002
  0.371821934486471E-004  0.261647518396604E+002  0.256146818612348E+000  0.984800214705813E+000  0.312918495933342E+001  0.182269546751466E+000  0.529668711567471E+000 -0.125227601318948E+002
  0.262751289248360E-003  0.219869331733117E+002  0.250897427846641E+000  0.987727342692011E+000  0.316339692288029E+001  0.198600335400188E+000  0.529668711567471E+000 -0.104338507987204E+002
  0.355397314327911E-003  0.210182331748459E+002  0.256790693596350E+000  0.983860235280790E+000  0.310794533370585E+001  0.139986111051943E+000  0.529668711567471E+000 -0.994950079948755E+001
  0.787233588316880E-003  0.192052045966653E+002  0.252991392502682E+000  0.984717221104115E+000  0.315212275426961E+001  0.196026013679262E+000  0.529668711567471E+000 -0.904298651039723E+001
  0.759712305635876E-003  0.191682405471551E+002  0.254151741691921E+000  0.988971145954477E+000  0.312229272380518E+001  0.149881572894613E+000  0.529668711567471E+000 -0.902450448564212E+001
  0.846398009781736E-003  0.188440063179924E+002  0.250622158363128E+000  0.987651132968667E+000  0.314753554203302E+001  0.150203910151197E+000  0.529668711567471E+000 -0.886238737106076E+001
  0.924916941093015E-003  0.184558568259595E+002  0.254411213167735E+000  0.990314798702750E+000  0.313734514635429E+001  0.181043193635376E+000  0.529668711567471E+000 -0.866831262504431E+001
  0.119085614046115E-002  0.179504091597067E+002  0.250476085276739E+000  0.981036231884667E+000  0.314078269070886E+001  0.132622734445233E+000  0.529668711567471E+000 -0.841558879191791E+001
  0.146747508061601E-002  0.173219465333450E+002  0.252786511880119E+000  0.980508339500451E+000  0.315927777302444E+001  0.196277623112091E+000  0.529668711567471E+000 -0.810135747873709E+001
  0.158011003112980E-002  0.170714575589007E+002  0.255390673447875E+000  0.984945255783116E+000  0.312763013587378E+001  0.169581891232573E+000  0.529668711567471E+000 -0.797611299151490E+001
  0.174741126477261E-002  0.167675891083614E+002  0.255846128363800E+000  0.983693857543133E+000  0.312062005224126E+001  0.157399160236183E+000  0.529668711567471E+000 -0.782417876624526E+001
  0.242088418973520E-002  0.160130076682953E+002  0.253054647818382E+000  0.986261206517858E+000  0.315956434265139E+001  0.212580248545806E+000  0.529668711567471E+000 -0.744688804621224E+001
  0.252782662572546E-002  0.158239669770410E+002  0.253843031335797E+000  0.980492095264262E+000  0.312946775204799E+001  0.151938016424620E+000  0.529668711567471E+000 -0.735236770058510E+001
  0.243350915688156E-002  0.157974315466825E+002  0.251751720096967E+000  0.990711306831269E+000  0.314812710108933E+001  0.170170252356654E+000  0.529668711567471E+000 -0.733909998540582E+001
  0.291306645000397E-002  0.153351010056586E+002  0.252672152003648E+000  0.987216455829265E+000  0.314630372407593E+001  0.171988824372326E+000  0.529668711567471E+000 -0.710793471489387E+001
  0.301622692112316E-002  0.152655002113354E+002  0.250723375715697E+000  0.978683315123903E+000  0.315905529624345E+001  0.165476439437653E+000  0.529668711567471E+000 -0.707313431773227E+001
  0.354050215897252E-002  0.148368420018187E+002  0.253536252105381E+000  0.982512356783482E+000  0.314065799901190E+001  0.164633807220912E+000  0.529668711567471E+000 -0.685880521297395E+001
  0.440481918159312E-002  0.142918462788852E+002  0.252425890887660E+000  0.988496711973242E+000  0.314943460207482E+001  0.186840725098580E+000  0.529668711567471E+000 -0.658630735150718E+001
  0.608090835426271E-002  0.135388020861607E+002  0.255383949379477E+000  0.976843933384117E+000  0.311919694328768E+001  0.141275558467650E+000  0.529668711567471E+000 -0.620978525514491E+001
  0.587223689302510E-002  0.135005045473701E+002  0.250759687571862E+000  0.987359660436607E+000  0.317752465284050E+001  0.222315052733922E+000  0.529668711567471E+000 -0.619063648574965E+001
  0.574711101314675E-002  0.132352798622447E+002  0.250920175170735E+000  0.987419307833113E+000  0.316951084257414E+001  0.208716021531954E+000  0.529668711567471E+000 -0.605802414318694E+001
  0.566739107452108E-002  0.131656363582132E+002  0.251143397017638E+000  0.990858797492386E+000  0.317450087274062E+001  0.221820953562449E+000  0.529668711567471E+000 -0.602320239117117E+001
  0.546911831545082E-002  0.131392789617362E+002  0.251833560083581E+000  0.973984890020839E+000  0.313821347707250E+001  0.134831346893985E+000  0.529668711567471E+000 -0.601002369293267E+001
  0.576599463201517E-002  0.129359781328438E+002  0.253258692449582E+000  0.986693760613544E+000  0.315121183263351E+001  0.197392747648404E+000  0.529668711567471E+000 -0.590837327848646E+001
  0.601474359965768E-002  0.128515060259417E+002  0.250421334250072E+000  0.990703804215662E+000  0.317712274578781E+001  0.218425615338286E+000  0.529668711567471E+000 -0.586613722503542E+001
  0.608623494541554E-002  0.127252875706132E+002  0.252942425672332E+000  0.979836640268276E+000  0.315207474612810E+001  0.182214612868701E+000  0.529668711567471E+000 -0.580302799737119E+001
  0.587540192562420E-002  0.126932113506563E+002  0.253747158640987E+000  0.977852399608925E+000  0.313195978440425E+001  0.151342484285135E+000  0.529668711567471E+000 -0.578698988739271E+001
  0.656474190650180E-002  0.123687473161549E+002  0.251611500730041E+000  0.990437611104727E+000  0.317153590708690E+001  0.221530382084333E+000  0.529668711567471E+000 -0.562475787014204E+001
  0.672562436698131E-002  0.122177375865266E+002  0.250985514891784E+000  0.981415664305614E+000  0.314531939855784E+001  0.148998637103307E+000  0.529668711567471E+000 -0.554925300532790E+001
  0.700420034570030E-002  0.120339804884889E+002  0.252305138226281E+000  0.982349241901626E+000  0.315773929999631E+001  0.188554055274481E+000  0.529668711567471E+000 -0.545737445630901E+001
  0.713762789604809E-002  0.119962395380407E+002  0.251017427046167E+000  0.991411196836121E+000  0.316753054750482E+001  0.210039911237969E+000  0.529668711567471E+000 -0.543850398108495E+001
  0.115139709946372E-001  0.107315768315777E+002  0.252244824885940E+000  0.979949700197835E+000  0.315490999159355E+001  0.178660049402821E+000  0.529668711567471E+000 -0.536578841578883E+001
  0.115165068224583E-001  0.107311364016654E+002  0.252441074113197E+000  0.987250577599672E+000  0.316356556640592E+001  0.211880239120476E+000  0.529668711567471E+000 -0.536556820083269E+001
  0.116223151725353E-001  0.105222248623935E+002  0.250416969313694E+000  0.989093951450385E+000  0.316113265155367E+001  0.182867975279102E+000  0.529668711567471E+000 -0.526111243119677E+001
  0.122765261961167E-001  0.104127008068973E+002  0.251780543597363E+000  0.983537810615029E+000  0.315947771714896E+001  0.186522643570125E+000  0.529668711567471E+000 -0.520635040344863E+001
  0.121139846016775E-001  0.102286366999969E+002  0.251041734635003E+000  0.986361146345359E+000  0.316401154262328E+001  0.190782320424377E+000  0.529668711567471E+000 -0.511431834999843E+001
  0.102515003939049E-001  0.101611682344224E+002  0.252899797026488E+000  0.989999262402026E+000  0.315414954880228E+001  0.199769100903211E+000  0.529668711567471E+000 -0.508058411721122E+001
  0.104692959556333E-001  0.992850246704118E+001  0.253513639538223E+000  0.988353798665185E+000  0.314675516904361E+001  0.189895523488553E+000  0.529668711567471E+000 -0.496425123352059E+001
  0.125394798730730E-001  0.937701155089898E+001  0.250779077368854E+000  0.988207055507882E+000  0.316613340745983E+001  0.199032437000694E+000  0.529668711567471E+000 -0.468850577544949E+001
  0.137441662714393E-001  0.919354673890322E+001  0.251263951802334E+000  0.990071008740440E+000  0.316868028516359E+001  0.210804951157286E+000  0.529668711567471E+000 -0.459677336945161E+001
  0.173930820909598E-001  0.872263057236556E+001  0.253083642436106E+000  0.982204263211005E+000  0.314532401420038E+001  0.176044476192026E+000  0.529668711567471E+000 -0.436131528618278E+001
  0.212327936580656E-001  0.832368195039659E+001  0.251646211896223E+000  0.985561336253880E+000  0.315710453275091E+001  0.182686439879754E+000  0.529668711567471E+000 -0.416184097519830E+001
  0.212611390540858E-001  0.832101376711345E+001  0.250924493094662E+000  0.986701326495360E+000  0.316606176135313E+001  0.196357427498343E+000  0.529668711567471E+000 -0.416050688355673E+001
  0.300968266379240E-001  0.762593618696436E+001  0.251402033664646E+000  0.988027102949890E+000  0.315209819024769E+001  0.175109621089312E+000  0.529668711567471E+000 -0.381296809348218E+001
  0.321522236375017E-001  0.749381243922457E+001  0.252535668196432E+000  0.987755853366622E+000  0.315114424501808E+001  0.188005450051223E+000  0.529668711567471E+000 -0.374690621961228E+001
  0.410080735612997E-001  0.700723773783907E+001  0.253766085109269E+000  0.984255691851231E+000  0.313831743112897E+001  0.169781625089011E+000  0.529668711567471E+000 -0.350361886891953E+001
  0.498558358883670E-001  0.661650454767519E+001  0.253078433756099E+000  0.986855261516962E+000  0.314348547214157E+001  0.175808701849806E+000  0.529668711567471E+000 -0.330825227383759E+001
  0.408911622577491E-001  0.620201753255478E+001  0.251962224659985E+000  0.985348002642017E+000  0.314871393789635E+001  0.172430748409406E+000  0.529668711567471E+000 -0.310100876627739E+001
  0.515365277229577E-001  0.573926378366669E+001  0.251902316107034E+000  0.984421719168387E+000  0.315114109334567E+001  0.175161404082693E+000  0.529668711567471E+000 -0.286963189183334E+001
