  0.494065645841247E-323  0.151333324259206E+004  0.258222635969590E+000  0.100714876579769E+001  0.289155370244642E+001  0.146066847213293E+000  0.122281589212742E+001 -0.754923235411089E+003
  0.301380043963160E-321  0.150448311612839E+004  0.309769457123984E+000  0.912918124455439E+000  0.264546201662787E+001  0.727718856703854E-001  0.122281589212742E+001 -0.750498172179249E+003
  0.365608577922522E-321  0.150401336681433E+004  0.274719208462906E+000  0.833979507921493E+000  0.297133663212718E+001  0.317594410440912E+000  0.122281589212742E+001 -0.750263297522219E+003
  0.130582637140262E-316  0.148296288938332E+004  0.287280703022127E+000  0.100753974906089E+001  0.274215986180334E+001  0.203923018458607E+000  0.122281589212742E+001 -0.739738058806717E+003
  0.127158867688833E-307  0.144148785215572E+004  0.305005825651554E+000  0.930450243788102E+000  0.268783921764888E+001  0.149072886561550E+000  0.122281589212742E+001 -0.719000540192917E+003
  0.140075149558316E-304  0.142739721394918E+004  0.252227533338235E+000  0.999211506802102E+000  0.294420463494438E+001  0.168727904104243E+000  0.122281589212742E+001 -0.711955221089648E+003
  0.280845466396696E-300  0.140750363818567E+004  0.305569909879128E+000  0.846048271948166E+000  0.270393559229350E+001  0.873844997101989E-001  0.122281589212742E+001 -0.702008433207892E+003
  0.223960053363778E-290  0.136182296608407E+004  0.301311650974980E+000  0.858572833382766E+000  0.274176792914913E+001  0.113633803381474E+000  0.122281589212742E+001 -0.679168097157089E+003
  0.100698934334341E-282  0.132658026956749E+004  0.266940553775011E+000  0.966034246188075E+000  0.289901692852970E+001  0.313085929354824E+000  0.122281589212742E+001 -0.661546748898801E+003
  0.184935306197573E-274  0.128843804714954E+004  0.298724996426468E+000  0.920949684474176E+000  0.270390110437998E+001  0.146838276748789E+000  0.122281589212742E+001 -0.642475637689829E+003
  0.168018744883346E-255  0.120104655542258E+004  0.242013137329529E+000  0.911843740126138E+000  0.310100766706689E+001  0.345117973820627E+000  0.122281589212742E+001 -0.598779891826348E+003
  0.884337260432429E-242  0.113769105387418E+004  0.233760664504139E+000  0.100054717185353E+001  0.312441729255150E+001  0.338899480988427E+000  0.122281589212742E+001 -0.567102141052147E+003
  0.520018726995633E-238  0.112017223507853E+004  0.252112954382313E+000  0.993238315930053E+000  0.291255252572147E+001  0.116455895958011E+000  0.122281589212742E+001 -0.558342731654322E+003
  0.145719761529609E-233  0.109961230169976E+004  0.299428134240845E+000  0.914396719725668E+000  0.270359735726981E+001  0.831153996000804E-001  0.122281589212742E+001 -0.548062764964937E+003
  0.467086429118477E-214  0.100963048812779E+004  0.258086044197577E+000  0.834821819686456E+000  0.294719000099456E+001  0.486728139742894E-001  0.122281589212742E+001 -0.503071858178952E+003
  0.102661959844648E-210  0.994164472059911E+003  0.265267063067977E+000  0.923220369472231E+000  0.287902989214993E+001  0.695804178968816E-001  0.122281589212742E+001 -0.495338850145012E+003
  0.197829736232505E-210  0.992777061213645E+003  0.243199782892215E+000  0.956260070834820E+000  0.297661500837091E+001  0.850399434554088E-001  0.122281589212742E+001 -0.494645144721879E+003
  0.356533858707929E-208  0.982313195249810E+003  0.288443960090295E+000  0.981027714215373E+000  0.278497106310591E+001  0.277197049806924E+000  0.122281589212742E+001 -0.489413211739961E+003
  0.176838340885588E-188  0.891325976290320E+003  0.268796195762782E+000  0.975146663231290E+000  0.287058347757009E+001  0.182710710212202E+000  0.122281589212742E+001 -0.443919602260216E+003
  0.259096880217721E-188  0.890494241067473E+003  0.287039266367027E+000  0.878935579202952E+000  0.285442952772718E+001  0.290570659817987E+000  0.122281589212742E+001 -0.443503734648793E+003
  0.116134920176230E-176  0.836769294585189E+003  0.280211502634786E+000  0.966872043500651E+000  0.282732196454607E+001  0.220408349704660E+000  0.122281589212742E+001 -0.416641261407650E+003
  0.274080780603843E-175  0.830378980770913E+003  0.272977830888387E+000  0.821928074111919E+000  0.287311417134006E+001  0.919014811795952E-001  0.122281589212742E+001 -0.413446104500513E+003
  0.308861484071465E-169  0.802441216507391E+003  0.296924820097129E+000  0.917576233435275E+000  0.269518735982351E+001  0.702769798010594E-001  0.122281589212742E+001 -0.399477222368751E+003
  0.221587686597298E-166  0.789222051880771E+003  0.254831949056168E+000  0.880020863685445E+000  0.306720835946019E+001  0.330626593847730E+000  0.122281589212742E+001 -0.392867640055442E+003
  0.633158085384380E-166  0.787054445290469E+003  0.269456406507019E+000  0.100116324751773E+001  0.290505300247643E+001  0.387938014593472E+000  0.122281589212742E+001 -0.391783836760290E+003
  0.177557189243958E-159  0.757293305647124E+003  0.263964406237575E+000  0.885853201508827E+000  0.288315345667870E+001  0.184922460786938E-001  0.122281589212742E+001 -0.376903266938618E+003
  0.175681364120188E-158  0.752641574011494E+003  0.285796958074693E+000  0.897761420753067E+000  0.277004037641603E+001  0.419227281820669E-001  0.122281589212742E+001 -0.374577401120803E+003
  0.141838687815193E-153  0.729975883003263E+003  0.293422680767385E+000  0.890216290825167E+000  0.270262780509213E+001  0.288701708356121E-001  0.122281589212742E+001 -0.363244555616688E+003
  0.493195238869249E-145  0.690574288997742E+003  0.279768687091204E+000  0.878579649311247E+000  0.290593074783356E+001  0.285903480312088E+000  0.122281589212742E+001 -0.343543758613927E+003
  0.317123299584007E-144  0.686784544631928E+003  0.267132908073118E+000  0.980062400630563E+000  0.283722380840084E+001  0.145382888320131E+000  0.122281589212742E+001 -0.341648886431020E+003
  0.157981897789439E-140  0.669689681185466E+003  0.285561621447578E+000  0.960466257419768E+000  0.282268442145471E+001  0.290443209309707E+000  0.122281589212742E+001 -0.333101454707789E+003
  0.586966061919226E-138  0.657854367720499E+003  0.275025314621004E+000  0.919831849452143E+000  0.285985515427267E+001  0.236561677303601E+000  0.122281589212742E+001 -0.327183797975306E+003
  0.132192699633978E-123  0.591620241784196E+003  0.275303013605831E+000  0.977427569000996E+000  0.288418847502940E+001  0.315801720780781E+000  0.122281589212742E+001 -0.294066735007154E+003
  0.284941696525445E-116  0.557780199614955E+003  0.240758498789680E+000  0.953631923012028E+000  0.310142161107470E+001  0.354485690192463E+000  0.122281589212742E+001 -0.277146713922534E+003
  0.443363474036695E-116  0.556828185849524E+003  0.261470735368252E+000  0.969594502091821E+000  0.296349142239762E+001  0.372611809549228E+000  0.122281589212742E+001 -0.276670707039818E+003
  0.714183392048154E-116  0.555806883017810E+003  0.272688003175898E+000  0.961901388319654E+000  0.278440065276181E+001  0.522711946192410E-001  0.122281589212742E+001 -0.276160055623961E+003
  0.307051557032167E-114  0.548216987761011E+003  0.253874459095144E+000  0.965630163609400E+000  0.295455474092839E+001  0.228425731099266E+000  0.122281589212742E+001 -0.272365107995562E+003
  0.963495330053799E-109  0.522836229789152E+003  0.269303334683773E+000  0.924041718942393E+000  0.295648098105181E+001  0.394316204638649E+000  0.122281589212742E+001 -0.259674729009632E+003
  0.236927945209049E-107  0.516363709463287E+003  0.277852912100199E+000  0.975637703678593E+000  0.286834027528818E+001  0.352262834561871E+000  0.122281589212742E+001 -0.256438468846700E+003
  0.497093403814529E-102  0.491855814778498E+003  0.267063495564627E+000  0.902516952536486E+000  0.291097684542831E+001  0.226620029690769E+000  0.122281589212742E+001 -0.244184521504305E+003
  0.188956667157083E-099  0.479974824678950E+003  0.258228426717866E+000  0.936303347375483E+000  0.292529344906018E+001  0.124614202822649E+000  0.122281589212742E+001 -0.238244026454531E+003
  0.795868810527183E-098  0.472493821199172E+003  0.290403603784293E+000  0.888309425060100E+000  0.273301792503768E+001  0.111154302685943E-001  0.122281589212742E+001 -0.234503524714642E+003
  0.581291384359829E-097  0.468441534773419E+003  0.266804406715796E+000  0.881881386431105E+000  0.287976116952314E+001  0.124187034012281E+000  0.122281589212742E+001 -0.232477381501766E+003
  0.887480304853831E-095  0.458309445393230E+003  0.260932399222418E+000  0.935815632108139E+000  0.291743582436555E+001  0.205569827582393E+000  0.122281589212742E+001 -0.227411336811671E+003
  0.759312545330696E-092  0.444730399881449E+003  0.264457075272815E+000  0.909818329997529E+000  0.286301202351520E+001  0.233507978139298E-001  0.122281589212742E+001 -0.220621814055781E+003
  0.268701285804138E-089  0.432844299734031E+003  0.254169204447131E+000  0.953147315918831E+000  0.296907431837091E+001  0.196777368296190E+000  0.122281589212742E+001 -0.214678763982072E+003
  0.975873049088888E-089  0.430192100036869E+003  0.263933290599450E+000  0.946778827760283E+000  0.296125633503034E+001  0.364857513732048E+000  0.122281589212742E+001 -0.213352664133491E+003
  0.721739000178813E-086  0.416907192045279E+003  0.281659574250571E+000  0.933972891935065E+000  0.287817507065249E+001  0.342023419712811E+000  0.122281589212742E+001 -0.206710210137695E+003
  0.373130489604577E-085  0.413548757333736E+003  0.253447218700248E+000  0.969760432885862E+000  0.296078971215192E+001  0.227055257191217E+000  0.122281589212742E+001 -0.205030992781924E+003
  0.315754981397722E-084  0.409134592537868E+003  0.268886825585038E+000  0.871843073355019E+000  0.287649548852776E+001  0.122866747089813E+000  0.122281589212742E+001 -0.202823910383990E+003
  0.607819761958655E-083  0.403081612896173E+003  0.258682921053594E+000  0.949600496210542E+000  0.291216688411403E+001  0.173082961845615E+000  0.122281589212742E+001 -0.199797420563143E+003
  0.672194354897327E-083  0.402812471545954E+003  0.250217662724356E+000  0.940256795454327E+000  0.306542678614720E+001  0.337600479424005E+000  0.122281589212742E+001 -0.199662849888033E+003
  0.139220443714417E-082  0.401288476085462E+003  0.273675189854922E+000  0.958886564894619E+000  0.290422012316485E+001  0.367228238287438E+000  0.122281589212742E+001 -0.198900852157787E+003
  0.459234185621118E-080  0.389623329239350E+003  0.261269883320194E+000  0.963164182283207E+000  0.288523635741511E+001  0.143742763819652E+000  0.122281589212742E+001 -0.193068278734731E+003
  0.739821521544960E-077  0.374786318214568E+003  0.268908344683549E+000  0.926454961768334E+000  0.279966064323935E+001  0.939117148736044E-002  0.122281589212742E+001 -0.185649773222340E+003
  0.282542472999380E-075  0.367433334906881E+003  0.259612505147386E+000  0.926826088150246E+000  0.300144333802824E+001  0.297918021836706E+000  0.122281589212742E+001 -0.181973281568497E+003
  0.286593342225337E-064  0.316299152312184E+003  0.267376048828967E+000  0.949648620446575E+000  0.293641113951043E+001  0.348261192043884E+000  0.122281589212742E+001 -0.157002173703254E+003
  0.836859937136922E-059  0.291130116517410E+003  0.275121693911579E+000  0.967793460566071E+000  0.290720253330559E+001  0.377030340449905E+000  0.122281589212742E+001 -0.144417655805867E+003
  0.315364255339409E-058  0.288368668649755E+003  0.251013334654847E+000  0.981744374623982E+000  0.303621400491277E+001  0.358041203194069E+000  0.122281589212742E+001 -0.143036931872040E+003
  0.830512116294684E-057  0.281826870101372E+003  0.251571656594926E+000  0.940099544206054E+000  0.300251697617798E+001  0.225245399564186E+000  0.122281589212742E+001 -0.139766032597849E+003
  0.426316468060366E-054  0.269230763845457E+003  0.275762235408609E+000  0.917418801762643E+000  0.290581928832979E+001  0.294949103303039E+000  0.122281589212742E+001 -0.133467979469891E+003
  0.255068965901687E-050  0.251723062254086E+003  0.270592443244388E+000  0.881918694451535E+000  0.291134747616120E+001  0.217088000067310E+000  0.122281589212742E+001 -0.124714128674205E+003
  0.642399214174699E-049  0.245156223287901E+003  0.273945954480739E+000  0.901112361604644E+000  0.290658807850130E+001  0.273367940538042E+000  0.122281589212742E+001 -0.121430709191113E+003
  0.246546524996192E-046  0.233141714344889E+003  0.260894983583892E+000  0.892862895339766E+000  0.299036017852700E+001  0.264854863660819E+000  0.122281589212742E+001 -0.115423454719607E+003
  0.355152157750247E-046  0.232297406331255E+003  0.264784159689061E+000  0.924295157156689E+000  0.296061739583192E+001  0.276202131576935E+000  0.122281589212742E+001 -0.115001300712790E+003
  0.122793459070537E-045  0.229702004440850E+003  0.270678262918761E+000  0.911131281678759E+000  0.293871851251550E+001  0.293383838801787E+000  0.122281589212742E+001 -0.113703599767588E+003
  0.300762388831293E-044  0.223305200659399E+003  0.263194142027326E+000  0.968678278556978E+000  0.292491948546317E+001  0.267077811308080E+000  0.122281589212742E+001 -0.110505197876862E+003
  0.534934269861065E-042  0.212821964379495E+003  0.252177396292692E+000  0.909847872711563E+000  0.304669742963207E+001  0.319805552574684E+000  0.122281589212742E+001 -0.105263579736910E+003
  0.232321354542724E-041  0.209763589584178E+003  0.274229052679025E+000  0.952717669302705E+000  0.292762667675761E+001  0.396596096118458E+000  0.122281589212742E+001 -0.103734392339251E+003
  0.368780245088463E-041  0.208839430858686E+003  0.272688396548411E+000  0.906520767393157E+000  0.288582421890326E+001  0.223925189410427E+000  0.122281589212742E+001 -0.103272312976506E+003
  0.252044779117089E-035  0.181199073257646E+003  0.255048244194720E+000  0.968355240718469E+000  0.299738507512874E+001  0.309736808852560E+000  0.122281589212742E+001 -0.905995366288230E+002
  0.101809974093640E-030  0.158773948100512E+003  0.263703690269008E+000  0.963118754684607E+000  0.293217326336774E+001  0.284933124546605E+000  0.122281589212742E+001 -0.793869740502559E+002
  0.219689346447182E-028  0.147660751794570E+003  0.268501057302170E+000  0.964314823349250E+000  0.293115830961638E+001  0.337878857049086E+000  0.122281589212742E+001 -0.738303758972849E+002
  0.625587993388609E-027  0.140788603834516E+003  0.258105430255006E+000  0.923311785823241E+000  0.301365372516450E+001  0.317356966914357E+000  0.122281589212742E+001 -0.703943019172582E+002
  0.347323753268283E-026  0.137360302939307E+003  0.267283858953053E+000  0.954711601720096E+000  0.292522865018546E+001  0.308745690615999E+000  0.122281589212742E+001 -0.686801514696537E+002
  0.477252721194451E-024  0.127514384941516E+003  0.268482640300203E+000  0.953201744928095E+000  0.294061621652027E+001  0.336021772749637E+000  0.122281589212742E+001 -0.637571924707578E+002
  0.956209421158017E-016  0.883994963801755E+002  0.252577402494327E+000  0.937978353503520E+000  0.303476220630358E+001  0.321640389205633E+000  0.122281589212742E+001 -0.441997481900878E+002
  0.116662519897624E-015  0.878534935046820E+002  0.265954400379228E+000  0.954746334991703E+000  0.295224017542241E+001  0.333823214979482E+000  0.122281589212742E+001 -0.439267467523410E+002
  0.807683705135602E-015  0.836975214046130E+002  0.257789477419395E+000  0.953833038510057E+000  0.299388400306937E+001  0.340594403142412E+000  0.122281589212742E+001 -0.418487607023065E+002
  0.129786954890371E-014  0.824818408938529E+002  0.255202158395573E+000  0.923394206239832E+000  0.301585004276820E+001  0.307663853505501E+000  0.122281589212742E+001 -0.412409204469264E+002
  0.175340527875733E-014  0.818801695755825E+002  0.263681183289276E+000  0.955013552193941E+000  0.294590689135569E+001  0.303696079278025E+000  0.122281589212742E+001 -0.409400847877912E+002
  0.639443266740653E-012  0.695794644564093E+002  0.260268106738633E+000  0.965002150020981E+000  0.298043230751410E+001  0.347833604430904E+000  0.122281589212742E+001 -0.347897322282046E+002
  0.108690299954312E-011  0.684041681402666E+002  0.265739799148986E+000  0.923232818572772E+000  0.296516060185034E+001  0.331728295520766E+000  0.122281589212742E+001 -0.342020840701333E+002
  0.308295352266492E-011  0.662047399003389E+002  0.259567438327830E+000  0.948317296608969E+000  0.298475521812972E+001  0.335937025764555E+000  0.122281589212742E+001 -0.331023699501694E+002
  0.469868735097956E-011  0.652476328541546E+002  0.264165409131132E+000  0.949880425901891E+000  0.295163794667389E+001  0.319173633123813E+000  0.122281589212742E+001 -0.326238164270773E+002
  0.643310010430580E-011  0.645049692851020E+002  0.261007745017129E+000  0.940018761253111E+000  0.296844538891355E+001  0.305563197111442E+000  0.122281589212742E+001 -0.322524846425510E+002
  0.774880929069321E-011  0.641328040085379E+002  0.256439193985631E+000  0.949528558374005E+000  0.300830568749204E+001  0.326391134959327E+000  0.122281589212742E+001 -0.320664020042690E+002
  0.793632910875639E-011  0.639637314692466E+002  0.267287840301282E+000  0.919690988236431E+000  0.294639765517433E+001  0.298081855260105E+000  0.122281589212742E+001 -0.319818657346233E+002
  0.916386623203148E-011  0.636760968134689E+002  0.254968966388604E+000  0.938050832027104E+000  0.302328686473163E+001  0.343895735947341E+000  0.122281589212742E+001 -0.318380484067344E+002
  0.125493964487670E-010  0.630472880028276E+002  0.263543126881843E+000  0.914041994413703E+000  0.297275187997744E+001  0.301913595303308E+000  0.122281589212742E+001 -0.315236440014138E+002
  0.191472514565810E-010  0.622023147916985E+002  0.266707500739053E+000  0.943562382955445E+000  0.296318945350069E+001  0.356003782824319E+000  0.122281589212742E+001 -0.311011573958492E+002
  0.425247893177767E-010  0.604582428359890E+002  0.256617060267996E+000  0.928660828216485E+000  0.299960193601688E+001  0.281369645914313E+000  0.122281589212742E+001 -0.302291214179945E+002
  0.500214646254659E-010  0.601335127922638E+002  0.265464507042620E+000  0.944216425845514E+000  0.294796479133348E+001  0.319913540137683E+000  0.122281589212742E+001 -0.300667563961319E+002
  0.860688356994140E-010  0.587398210618416E+002  0.254563407806329E+000  0.931472046093508E+000  0.302179683407063E+001  0.314202365184749E+000  0.122281589212742E+001 -0.293699105309208E+002
  0.420509583902440E-009  0.554189653582661E+002  0.262852784640306E+000  0.938186243499141E+000  0.298644978582333E+001  0.345839492767426E+000  0.122281589212742E+001 -0.277094826791331E+002
  0.149035659797526E-007  0.481349723740310E+002  0.261027765597459E+000  0.924988800258294E+000  0.299498573244785E+001  0.340723759491384E+000  0.122281589212742E+001 -0.240674861870155E+002
  0.180783202117396E-007  0.476005305693482E+002  0.265446893889732E+000  0.938367908448399E+000  0.296791818760806E+001  0.357316487222568E+000  0.122281589212742E+001 -0.238002652846741E+002
  0.251614331085769E-007  0.467911167290299E+002  0.263736957492198E+000  0.935690365567639E+000  0.296524176542168E+001  0.305499015835682E+000  0.122281589212742E+001 -0.233955583645150E+002
  0.895306940387944E-007  0.442525784757689E+002  0.255476027327098E+000  0.938419275259107E+000  0.301968940625359E+001  0.339705982014362E+000  0.122281589212742E+001 -0.221262892378844E+002
  0.286503557889069E-006  0.417661541846264E+002  0.259104325992907E+000  0.949818040139511E+000  0.299638163061724E+001  0.336756936231282E+000  0.122281589212742E+001 -0.208830770923132E+002
  0.827876663693603E-006  0.396439277209071E+002  0.258320962038899E+000  0.946974001563843E+000  0.300954409206367E+001  0.352026467809258E+000  0.122281589212742E+001 -0.198219638604536E+002
  0.253474059163694E-005  0.374059629335559E+002  0.264700422410974E+000  0.934632982674321E+000  0.296063252874490E+001  0.309255642038401E+000  0.122281589212742E+001 -0.187029814667779E+002
  0.437595341159080E-005  0.361232763386964E+002  0.259902765890156E+000  0.923257302543704E+000  0.299646036474993E+001  0.319358302765215E+000  0.122281589212742E+001 -0.180616381693482E+002
  0.810752204925024E-005  0.348899406185165E+002  0.261254533669733E+000  0.953008486012733E+000  0.298145801966697E+001  0.352708273675284E+000  0.122281589212742E+001 -0.174449703092583E+002
  0.824315095781783E-005  0.348567598388920E+002  0.256264599607458E+000  0.942786490397175E+000  0.301485783020299E+001  0.345898863231642E+000  0.122281589212742E+001 -0.174283799194460E+002
  0.116791746240814E-004  0.341599105578174E+002  0.256721720049686E+000  0.942951210020485E+000  0.300182529853105E+001  0.312965913370081E+000  0.122281589212742E+001 -0.170799552789087E+002
  0.186534909958488E-004  0.332234585494569E+002  0.265135430347103E+000  0.943283562557394E+000  0.297015372343227E+001  0.354323923754845E+000  0.122281589212742E+001 -0.166117292747285E+002
  0.228362586960992E-004  0.328188260431888E+002  0.261999376280414E+000  0.939778832464780E+000  0.298765610897299E+001  0.342149479032457E+000  0.122281589212742E+001 -0.164094130215944E+002
  0.402284319621481E-003  0.256949126122777E+002  0.256848901447312E+000  0.935963192552563E+000  0.301176172514594E+001  0.330398678019490E+000  0.122281589212742E+001 -0.128474563061389E+002
  0.648999885086590E-003  0.247383657357273E+002  0.264012705678596E+000  0.936122503725450E+000  0.296600832225378E+001  0.317399642377341E+000  0.122281589212742E+001 -0.123691828678636E+002
  0.850648233981914E-003  0.241972334409204E+002  0.262835253702174E+000  0.944106843025514E+000  0.297096681635594E+001  0.334920139707796E+000  0.122281589212742E+001 -0.120986167204602E+002
  0.129838132404448E-002  0.224475133029765E+002  0.256812910834843E+000  0.942658111839180E+000  0.301352992177790E+001  0.341583072630751E+000  0.122281589212742E+001 -0.112237566514883E+002
  0.148031725760320E-002  0.219946167938541E+002  0.260609445041414E+000  0.938004185921641E+000  0.297039771911049E+001  0.292856473522993E+000  0.122281589212742E+001 -0.109973083969270E+002
  0.317551778424699E-002  0.202775678889415E+002  0.261407585978192E+000  0.931600104668249E+000  0.299261188112570E+001  0.341259019668096E+000  0.122281589212742E+001 -0.101387839444707E+002
  0.522325451793130E-002  0.192822679333724E+002  0.261918172131414E+000  0.949849375957985E+000  0.297820397862913E+001  0.341111055709366E+000  0.122281589212742E+001 -0.964113396668622E+001
  0.685710661298626E-002  0.187379381378783E+002  0.261156059070623E+000  0.929147446827293E+000  0.298330078404717E+001  0.316491114311932E+000  0.122281589212742E+001 -0.936896906893917E+001
  0.107306642420918E-001  0.170313681544050E+002  0.260622888014709E+000  0.944210138987335E+000  0.297832150057324E+001  0.318149059696317E+000  0.122281589212742E+001 -0.851568407720251E+001
  0.119884609678291E-001  0.168096898718202E+002  0.261913011252985E+000  0.937941153125358E+000  0.298160009527619E+001  0.337972142073356E+000  0.122281589212742E+001 -0.840484493591011E+001
  0.111435296242126E-001  0.167652406611100E+002  0.261233216827311E+000  0.935247710657184E+000  0.297268938863896E+001  0.302791727688700E+000  0.122281589212742E+001 -0.838262033055501E+001
  0.128233765379351E-001  0.162937987602933E+002  0.261644019306000E+000  0.940694265206890E+000  0.296895385647595E+001  0.303200059113024E+000  0.122281589212742E+001 -0.814689938014667E+001
  0.130418323748818E-001  0.160693938629555E+002  0.260660530216510E+000  0.939913710336311E+000  0.298539071721083E+001  0.332655846687929E+000  0.122281589212742E+001 -0.803469693147776E+001
  0.142410604181587E-001  0.157028388941351E+002  0.259804441484727E+000  0.931469831689208E+000  0.299015946819343E+001  0.315902734748155E+000  0.122281589212742E+001 -0.785141944706756E+001
  0.152653617968074E-001  0.155639249817438E+002  0.262442906657498E+000  0.943115373233024E+000  0.297757724307233E+001  0.341969766049606E+000  0.122281589212742E+001 -0.778196249087189E+001
  0.250023936342879E-001  0.145771545043795E+002  0.262234339187278E+000  0.940263227239469E+000  0.297633316103084E+001  0.331845329364342E+000  0.122281589212742E+001 -0.728857725218973E+001
  0.284711849810353E-001  0.143173125906554E+002  0.259484231598401E+000  0.933890993980798E+000  0.298901528990710E+001  0.310309800260242E+000  0.122281589212742E+001 -0.715865629532771E+001
  0.448181314323160E-001  0.131428092964124E+002  0.260929573448444E+000  0.937179157607711E+000  0.299987648996177E+001  0.361289091307078E+000  0.122281589212742E+001 -0.657140464820618E+001
  0.401778836450123E-001  0.130943386928978E+002  0.260829865461157E+000  0.931948093135403E+000  0.298123950396081E+001  0.307584374644977E+000  0.122281589212742E+001 -0.654716934644889E+001
  0.605211140869334E-001  0.107507073664498E+002  0.260418221747491E+000  0.946246514910742E+000  0.298852559779245E+001  0.340407968995472E+000  0.122281589212742E+001 -0.537535368322491E+001
  0.638224136321954E-001  0.105064973391165E+002  0.259178336842891E+000  0.940366962981703E+000  0.299618690706153E+001  0.333664457676404E+000  0.122281589212742E+001 -0.525324866955826E+001
  0.697687831734062E-001  0.101903471206379E+002  0.260968168074988E+000  0.938098943871616E+000  0.299132231202386E+001  0.345451029177153E+000  0.122281589212742E+001 -0.509517356031894E+001
  0.785765606719847E-001  0.995257358578952E+001  0.261425616594054E+000  0.940566794901085E+000  0.299098380200733E+001  0.354971789199937E+000  0.122281589212742E+001 -0.497628679289476E+001
  0.798612261311031E-001  0.992013956510333E+001  0.260083245013159E+000  0.936921864892540E+000  0.299106540536243E+001  0.328104951785162E+000  0.122281589212742E+001 -0.496006978255166E+001
  0.778389065235993E-001  0.981135227973557E+001  0.261490541122586E+000  0.939812094972716E+000  0.298395236665049E+001  0.333536339013798E+000  0.122281589212742E+001 -0.490567613986778E+001
  0.757350691716841E-001  0.970606700782450E+001  0.260565803168877E+000  0.936779588366591E+000  0.298736395426271E+001  0.325511441599834E+000  0.122281589212742E+001 -0.485303350391225E+001
  0.843560527795254E-001  0.933037110046071E+001  0.261486741099501E+000  0.940700652677888E+000  0.298591962777619E+001  0.339560394643513E+000  0.122281589212742E+001 -0.466518555023036E+001
  0.900362691297856E-001  0.920003907014653E+001  0.260641038447624E+000  0.945998200239208E+000  0.299049116162625E+001  0.346758503873833E+000  0.122281589212742E+001 -0.460001953507326E+001
  0.865608656298838E-001  0.910474584434530E+001  0.260206143123057E+000  0.938575521389407E+000  0.299001998103728E+001  0.329536838614726E+000  0.122281589212742E+001 -0.455237292217265E+001
  0.794956657254120E-001  0.910101371915914E+001  0.259563524559657E+000  0.939722756499404E+000  0.299772347840063E+001  0.342456422058381E+000  0.122281589212742E+001 -0.455050685957957E+001
  0.771568793514149E-001  0.898671448046330E+001  0.261788552138161E+000  0.942643207139918E+000  0.299116893525679E+001  0.359995706203630E+000  0.122281589212742E+001 -0.449335724023165E+001
  0.826622155390770E-001  0.884887074364988E+001  0.259853251845806E+000  0.940952079755317E+000  0.300162615238221E+001  0.354097971591565E+000  0.122281589212742E+001 -0.442443537182494E+001
  0.839870810853252E-001  0.881706998634933E+001  0.260366855256111E+000  0.941708361187314E+000  0.300182650114311E+001  0.362785944900781E+000  0.122281589212742E+001 -0.440853499317466E+001
  0.840194781064340E-001  0.860557762749346E+001  0.259420065226080E+000  0.941875672970381E+000  0.299890176403956E+001  0.346578236277126E+000  0.122281589212742E+001 -0.430278881374673E+001
  0.870362060929198E-001  0.853502654771638E+001  0.259625910465071E+000  0.940195684330119E+000  0.299953781959371E+001  0.345935710738411E+000  0.122281589212742E+001 -0.426751327385819E+001
  0.874248211459631E-001  0.852611646156261E+001  0.260328107951992E+000  0.938824248747707E+000  0.299202930507521E+001  0.336246114791564E+000  0.122281589212742E+001 -0.426305823078131E+001
  0.909160231668043E-001  0.844780241963523E+001  0.260679851289022E+000  0.942180284281365E+000  0.298768494599393E+001  0.336007098443047E+000  0.122281589212742E+001 -0.422390120981761E+001
  0.992896976063779E-001  0.827159130489561E+001  0.260364553574629E+000  0.941006036617976E+000  0.298988992538993E+001  0.335088388418829E+000  0.122281589212742E+001 -0.413579565244781E+001
  0.113695339441264E+000  0.800063011595020E+001  0.259987505530195E+000  0.941344886776058E+000  0.300046039006002E+001  0.354183093461458E+000  0.122281589212742E+001 -0.400031505797510E+001
  0.140748857942590E+000  0.757372063005343E+001  0.259976157604624E+000  0.944348238417500E+000  0.299889141825589E+001  0.354386435148150E+000  0.122281589212742E+001 -0.378686031502671E+001
  0.197212296048840E+000  0.689911334903095E+001  0.260886670674659E+000  0.941902798249328E+000  0.299426681000087E+001  0.354723857867773E+000  0.122281589212742E+001 -0.344955667451548E+001
  0.200871374854716E+000  0.686234538161187E+001  0.261050010699937E+000  0.943934225905010E+000  0.299213357546397E+001  0.354834781853520E+000  0.122281589212742E+001 -0.343117269080594E+001
