  0.155406943525570E-302  0.141339464219363E+004  0.298058364891278E+000  0.877322140684307E+000  0.277295655498647E+001  0.167458318187676E+000  0.122281589212742E+001 -0.706697321096816E+003
  0.260639786218128E-245  0.114946441578925E+004  0.290883979972618E+000  0.839781267113028E+000  0.281664684689262E+001  0.153794477962488E+000  0.122281589212742E+001 -0.574732207894626E+003
  0.902197061560319E-244  0.114237585831654E+004  0.297977549188349E+000  0.891503896065060E+000  0.276516660009726E+001  0.222875212116365E+000  0.122281589212742E+001 -0.571187929158269E+003
  0.595076012253478E-240  0.112478746521044E+004  0.277759618357008E+000  0.817756229545668E+000  0.289029601881934E+001  0.151231468902303E+000  0.122281589212742E+001 -0.562393732605218E+003
  0.111205973251468E-222  0.104524901196747E+004  0.291392293710777E+000  0.879450353517849E+000  0.278907246625868E+001  0.201859715552914E+000  0.122281589212742E+001 -0.522624505983733E+003
  0.621877117334576E-196  0.922071870299772E+003  0.293982684137854E+000  0.872597711395384E+000  0.277610092317300E+001  0.173620310059033E+000  0.122281589212742E+001 -0.461035935149886E+003
  0.863920890067986E-196  0.921414392920723E+003  0.293639341353943E+000  0.855168083535662E+000  0.278248855516510E+001  0.145218949620347E+000  0.122281589212742E+001 -0.460707196460362E+003
  0.756920120825096E-189  0.889442648568862E+003  0.280653052816220E+000  0.841288430009536E+000  0.287724280690242E+001  0.210072029485889E+000  0.122281589212742E+001 -0.444721324284431E+003
  0.481606161394242E-136  0.645826603688180E+003  0.249610803778104E+000  0.879151789453237E+000  0.306465566736347E+001  0.261348224849347E+000  0.122281589212742E+001 -0.322913301844090E+003
  0.158622828179159E-090  0.435090738463070E+003  0.255270041581588E+000  0.877370567041766E+000  0.301769323121307E+001  0.232797776937782E+000  0.122281589212742E+001 -0.217545369231535E+003
  0.211892610393354E-084  0.406880616632776E+003  0.261154885698034E+000  0.869310920767845E+000  0.296521681017325E+001  0.211938313168064E+000  0.122281589212742E+001 -0.203440308316388E+003
  0.988533080988527E-084  0.403800331600146E+003  0.282127586120079E+000  0.879117161594177E+000  0.283997193918008E+001  0.178758264155375E+000  0.122281589212742E+001 -0.201900165800073E+003
  0.274209395635789E-074  0.360313289891715E+003  0.248036306625537E+000  0.898624094573209E+000  0.304635018607671E+001  0.248140553738927E+000  0.122281589212742E+001 -0.180156644945858E+003
  0.641287578139395E-069  0.335588267033808E+003  0.255365748864765E+000  0.883040906970241E+000  0.301164957742502E+001  0.251806749407982E+000  0.122281589212742E+001 -0.167794133516904E+003
  0.209024463212427E-055  0.273357937834327E+003  0.267472940698006E+000  0.866271101886880E+000  0.291018736029969E+001  0.153933334453394E+000  0.122281589212742E+001 -0.136678968917164E+003
