  0.691691904177745E-322  0.150259790004800E+004  0.309769457123984E+000  0.912918124455439E+000  0.264546201662787E+001  0.727718856703854E-001  0.122281589212742E+001 -0.750498172179249E+003
  0.839911597930119E-322  0.150212815073394E+004  0.274719208462906E+000  0.833979507921493E+000  0.297133663212718E+001  0.317594410440912E+000  0.122281589212742E+001 -0.750263297522219E+003
  0.300278771638580E-317  0.148107767330294E+004  0.287280703022127E+000  0.100753974906089E+001  0.274215986180334E+001  0.203923018458607E+000  0.122281589212742E+001 -0.739738058806717E+003
  0.292405730538003E-308  0.143960263607534E+004  0.305005825651554E+000  0.930450243788102E+000  0.268783921764888E+001  0.149072886561550E+000  0.122281589212742E+001 -0.719000540192917E+003
  0.322107118294361E-305  0.142551199786880E+004  0.252227533338235E+000  0.999211506802102E+000  0.294420463494438E+001  0.168727904104243E+000  0.122281589212742E+001 -0.711955221089648E+003
  0.645812795148253E-301  0.140561842210529E+004  0.305569909879128E+000  0.846048271948166E+000  0.270393559229350E+001  0.873844997101989E-001  0.122281589212742E+001 -0.702008433207892E+003
  0.515003036795023E-291  0.135993775000368E+004  0.301311650974980E+000  0.858572833382766E+000  0.274176792914913E+001  0.113633803381474E+000  0.122281589212742E+001 -0.679168097157089E+003
  0.231560299282353E-283  0.132469505348711E+004  0.266940553775011E+000  0.966034246188075E+000  0.289901692852970E+001  0.313085929354824E+000  0.122281589212742E+001 -0.661546748898801E+003
  0.425264429401062E-275  0.128655283106916E+004  0.298724996426468E+000  0.920949684474176E+000  0.270390110437998E+001  0.146838276748789E+000  0.122281589212742E+001 -0.642475637689829E+003
  0.386364275922282E-256  0.119916133934220E+004  0.242013137329529E+000  0.911843740126138E+000  0.310100766706689E+001  0.345117973820627E+000  0.122281589212742E+001 -0.598779891826348E+003
  0.203356075261323E-242  0.113580583779380E+004  0.233760664504139E+000  0.100054717185353E+001  0.312441729255150E+001  0.338899480988427E+000  0.122281589212742E+001 -0.567102141052147E+003
  0.119579907028330E-238  0.111828701899815E+004  0.252112954382313E+000  0.993238315930053E+000  0.291255252572147E+001  0.116455895958011E+000  0.122281589212742E+001 -0.558342731654322E+003
  0.335087077278494E-234  0.109772708561938E+004  0.299428134240845E+000  0.914396719725668E+000  0.270359735726981E+001  0.831153996000804E-001  0.122281589212742E+001 -0.548062764964937E+003
  0.107407962191826E-214  0.100774527204741E+004  0.258086044197577E+000  0.834821819686456E+000  0.294719000099456E+001  0.486728139742894E-001  0.122281589212742E+001 -0.503071858178952E+003
  0.236074336870428E-211  0.992279255979528E+003  0.265267063067977E+000  0.923220369472231E+000  0.287902989214993E+001  0.695804178968816E-001  0.122281589212742E+001 -0.495338850145012E+003
  0.454915568191128E-211  0.990891845133262E+003  0.243199782892215E+000  0.956260070834820E+000  0.297661500837091E+001  0.850399434554088E-001  0.122281589212742E+001 -0.494645144721879E+003
  0.819860583157539E-209  0.980427979169427E+003  0.288443960090295E+000  0.981027714215373E+000  0.278497106310591E+001  0.277197049806924E+000  0.122281589212742E+001 -0.489413211739961E+003
  0.406645208419993E-189  0.889440760209937E+003  0.268796195762782E+000  0.975146663231290E+000  0.287058347757009E+001  0.182710710212202E+000  0.122281589212742E+001 -0.443919602260216E+003
  0.595801251750478E-189  0.888609024987090E+003  0.287039266367027E+000  0.878935579202952E+000  0.285442952772718E+001  0.290570659817987E+000  0.122281589212742E+001 -0.443503734648793E+003
  0.267055823886387E-177  0.834884078504806E+003  0.280211502634786E+000  0.966872043500651E+000  0.282732196454607E+001  0.220408349704660E+000  0.122281589212742E+001 -0.416641261407650E+003
  0.630257191932599E-176  0.828493764690530E+003  0.272977830888387E+000  0.821928074111919E+000  0.287311417134006E+001  0.919014811795952E-001  0.122281589212742E+001 -0.413446104500513E+003
  0.710236490198785E-170  0.800556000427007E+003  0.296924820097129E+000  0.917576233435275E+000  0.269518735982351E+001  0.702769798010594E-001  0.122281589212742E+001 -0.399477222368751E+003
  0.509547706387726E-167  0.787336835800388E+003  0.254831949056168E+000  0.880020863685445E+000  0.306720835946019E+001  0.330626593847730E+000  0.122281589212742E+001 -0.392867640055442E+003
  0.145596650762817E-166  0.785169229210086E+003  0.269456406507019E+000  0.100116324751773E+001  0.290505300247643E+001  0.387938014593472E+000  0.122281589212742E+001 -0.391783836760290E+003
  0.408298222348149E-160  0.755408089566741E+003  0.263964406237575E+000  0.885853201508827E+000  0.288315345667870E+001  0.184922460786938E-001  0.122281589212742E+001 -0.376903266938618E+003
  0.403984704733139E-159  0.750756357931111E+003  0.285796958074693E+000  0.897761420753067E+000  0.277004037641603E+001  0.419227281820669E-001  0.122281589212742E+001 -0.374577401120803E+003
  0.326162428802404E-154  0.728090666922880E+003  0.293422680767385E+000  0.890216290825167E+000  0.270262780509213E+001  0.288701708356121E-001  0.122281589212742E+001 -0.363244555616688E+003
  0.113411763363863E-145  0.688689072917359E+003  0.279768687091204E+000  0.878579649311247E+000  0.290593074783356E+001  0.285903480312088E+000  0.122281589212742E+001 -0.343543758613927E+003
  0.729234789290449E-145  0.684899328551545E+003  0.267132908073118E+000  0.980062400630563E+000  0.283722380840084E+001  0.145382888320131E+000  0.122281589212742E+001 -0.341648886431020E+003
  0.363284237069002E-141  0.667804465105083E+003  0.285561621447578E+000  0.960466257419768E+000  0.282268442145471E+001  0.290443209309707E+000  0.122281589212742E+001 -0.333101454707789E+003
  0.134974652775686E-138  0.655969151640116E+003  0.275025314621004E+000  0.919831849452143E+000  0.285985515427267E+001  0.236561677303601E+000  0.122281589212742E+001 -0.327183797975306E+003
  0.303981182050558E-124  0.589735025703813E+003  0.275303013605831E+000  0.977427569000996E+000  0.288418847502940E+001  0.315801720780781E+000  0.122281589212742E+001 -0.294066735007154E+003
  0.655232202422075E-117  0.555894983534572E+003  0.240758498789680E+000  0.953631923012028E+000  0.310142161107470E+001  0.354485690192463E+000  0.122281589212742E+001 -0.277146713922534E+003
  0.101952795645210E-116  0.554942969769141E+003  0.261470735368252E+000  0.969594502091821E+000  0.296349142239762E+001  0.372611809549228E+000  0.122281589212742E+001 -0.276670707039818E+003
  0.164228669447538E-116  0.553921666937427E+003  0.272688003175898E+000  0.961901388319654E+000  0.278440065276181E+001  0.522711946192410E-001  0.122281589212742E+001 -0.276160055623961E+003
  0.706074507257481E-115  0.546331771680628E+003  0.253874459095144E+000  0.965630163609400E+000  0.295455474092839E+001  0.228425731099266E+000  0.122281589212742E+001 -0.272365107995562E+003
  0.221558717040281E-109  0.520951013708769E+003  0.269303334683773E+000  0.924041718942393E+000  0.295648098105181E+001  0.394316204638649E+000  0.122281589212742E+001 -0.259674729009632E+003
  0.544823103279315E-108  0.514478493382904E+003  0.277852912100199E+000  0.975637703678593E+000  0.286834027528818E+001  0.352262834561871E+000  0.122281589212742E+001 -0.256438468846700E+003
  0.114308158392614E-102  0.489970598698115E+003  0.267063495564627E+000  0.902516952536486E+000  0.291097684542831E+001  0.226620029690769E+000  0.122281589212742E+001 -0.244184521504305E+003
  0.434511672715548E-100  0.478089608598567E+003  0.258228426717866E+000  0.936303347375483E+000  0.292529344906018E+001  0.124614202822649E+000  0.122281589212742E+001 -0.238244026454531E+003
  0.183012482876203E-098  0.470608605118789E+003  0.290403603784293E+000  0.888309425060100E+000  0.273301792503768E+001  0.111154302685943E-001  0.122281589212742E+001 -0.234503524714642E+003
  0.133669743202742E-097  0.466556318693036E+003  0.266804406715796E+000  0.881881386431105E+000  0.287976116952314E+001  0.124187034012281E+000  0.122281589212742E+001 -0.232477381501766E+003
  0.204078828001115E-095  0.456424229312847E+003  0.260932399222418E+000  0.935815632108139E+000  0.291743582436555E+001  0.205569827582393E+000  0.122281589212742E+001 -0.227411336811671E+003
  0.174606257164387E-092  0.442845183801066E+003  0.264457075272815E+000  0.909818329997529E+000  0.286301202351520E+001  0.233507978139298E-001  0.122281589212742E+001 -0.220621814055781E+003
  0.617886878045528E-090  0.430959083653648E+003  0.254169204447131E+000  0.953147315918831E+000  0.296907431837091E+001  0.196777368296190E+000  0.122281589212742E+001 -0.214678763982072E+003
  0.224405011634305E-089  0.428306883956486E+003  0.263933290599450E+000  0.946778827760283E+000  0.296125633503034E+001  0.364857513732048E+000  0.122281589212742E+001 -0.213352664133491E+003
  0.165966104795365E-086  0.415021975964895E+003  0.281659574250571E+000  0.933972891935065E+000  0.287817507065249E+001  0.342023419712811E+000  0.122281589212742E+001 -0.206710210137695E+003
  0.858025046792765E-086  0.411663541253353E+003  0.253447218700248E+000  0.969760432885862E+000  0.296078971215192E+001  0.227055257191217E+000  0.122281589212742E+001 -0.205030992781924E+003
  0.726088299500640E-085  0.407249376457485E+003  0.268886825585038E+000  0.871843073355019E+000  0.287649548852776E+001  0.122866747089813E+000  0.122281589212742E+001 -0.202823910383990E+003
  0.139770025292977E-083  0.401196396815790E+003  0.258682921053594E+000  0.949600496210542E+000  0.291216688411403E+001  0.173082961845615E+000  0.122281589212742E+001 -0.199797420563143E+003
  0.154573161101312E-083  0.400927255465571E+003  0.250217662724356E+000  0.940256795454327E+000  0.306542678614720E+001  0.337600479424005E+000  0.122281589212742E+001 -0.199662849888033E+003
  0.320141695896157E-083  0.399403260005079E+003  0.273675189854922E+000  0.958886564894619E+000  0.290422012316485E+001  0.367228238287438E+000  0.122281589212742E+001 -0.198900852157787E+003
  0.105602314628312E-080  0.387738113158967E+003  0.261269883320194E+000  0.963164182283207E+000  0.288523635741511E+001  0.143742763819652E+000  0.122281589212742E+001 -0.193068278734731E+003
  0.170124236246316E-077  0.372901102134185E+003  0.268908344683549E+000  0.926454961768334E+000  0.279966064323935E+001  0.939117148736044E-002  0.122281589212742E+001 -0.185649773222340E+003
  0.649715114069473E-076  0.365548118826498E+003  0.259612505147386E+000  0.926826088150246E+000  0.300144333802824E+001  0.297918021836706E+000  0.122281589212742E+001 -0.181973281568497E+003
  0.515622151780072E-075  0.361260189446776E+003  0.268699423812056E+000  0.932925952266341E+000  0.288842108993709E+001  0.169026467905416E+000  0.122281589212742E+001 -0.180630094723388E+003
  0.671968669359623E-057  0.277422172403022E+003  0.279883398543913E+000  0.917949968976521E+000  0.281579632368419E+001  0.160479218424081E+000  0.122281589212742E+001 -0.138711086201511E+003
  0.149697390703567E-051  0.252665265955529E+003  0.265569134584095E+000  0.859180574785946E+000  0.286184382637588E+001  0.526686495200464E-003  0.122281589212742E+001 -0.126332632977765E+003
  0.212663205092923E-051  0.251834001200358E+003  0.282981419725711E+000  0.909183476548677E+000  0.275558527866437E+001  0.382400722436554E-001  0.122281589212742E+001 -0.125917000600179E+003
  0.190493094828262E-049  0.242593522084999E+003  0.272119109203346E+000  0.950348318035126E+000  0.285265513483004E+001  0.184030574542368E+000  0.122281589212742E+001 -0.121296761042500E+003
  0.166575204038178E-046  0.228925100409279E+003  0.275873865207095E+000  0.894026242711188E+000  0.281506784492328E+001  0.438809525370366E-001  0.122281589212742E+001 -0.114462550204640E+003
  0.807562808959396E-044  0.216322046064561E+003  0.263631417367875E+000  0.922383496061431E+000  0.285521951178829E+001  0.341687308651093E-001  0.122281589212742E+001 -0.108161023032281E+003
  0.649207485502509E-041  0.202720621172661E+003  0.267828275890687E+000  0.866481846021847E+000  0.288282897472281E+001  0.948380425039448E-001  0.122281589212742E+001 -0.101360310586331E+003
  0.572820211386523E-040  0.198257677475447E+003  0.264867174082710E+000  0.926452612721828E+000  0.283860582900513E+001  0.277320184006583E-001  0.122281589212742E+001 -0.991288387377233E+002
  0.594252047404506E-040  0.198076079730251E+003  0.274555549173034E+000  0.934116091439992E+000  0.286428646961748E+001  0.208457631885887E+000  0.122281589212742E+001 -0.990380398651256E+002
  0.371417349414194E-035  0.175990183180733E+003  0.261887298423016E+000  0.914696572685127E+000  0.285880315644685E+001  0.252374844205176E-001  0.122281589212742E+001 -0.879950915903663E+002
  0.323767399253276E-034  0.171659615008635E+003  0.261700307999547E+000  0.887066143869008E+000  0.292030305531375E+001  0.110978173776954E+000  0.122281589212742E+001 -0.858298075043176E+002
  0.388665230934588E-034  0.171294228949025E+003  0.260123287766115E+000  0.934161412912376E+000  0.292654857520529E+001  0.195444466736565E+000  0.122281589212742E+001 -0.856471144745123E+002
  0.391737508857000E-034  0.171149404684770E+003  0.277532090858557E+000  0.873302179279857E+000  0.278931174176648E+001  0.182555969133912E-002  0.122281589212742E+001 -0.855747023423850E+002
  0.422708293601135E-034  0.170997224019399E+003  0.274494501941258E+000  0.906695708105567E+000  0.285713385193342E+001  0.149057506558853E+000  0.122281589212742E+001 -0.854986120096993E+002
  0.135666218878537E-033  0.168665023297007E+003  0.277510468132228E+000  0.904734612649749E+000  0.278674813457827E+001  0.179884756692912E-001  0.122281589212742E+001 -0.843325116485035E+002
  0.159036757185163E-033  0.168198931839402E+003  0.252266622308440E+000  0.918423226955762E+000  0.299103879899585E+001  0.194903237551421E+000  0.122281589212742E+001 -0.840994659197011E+002
  0.160293684246752E-033  0.168034971282119E+003  0.266147845748704E+000  0.919284779540506E+000  0.282898512586281E+001  0.160288493465082E-001  0.122281589212742E+001 -0.840174856410597E+002
  0.122825798675763E-031  0.159070910380205E+003  0.271826077140168E+000  0.864529875375602E+000  0.283400656202895E+001  0.168906194247879E-001  0.122281589212742E+001 -0.795354551901026E+002
  0.194957828905896E-031  0.158146877995064E+003  0.273049622649276E+000  0.872853109720804E+000  0.282723518931785E+001  0.160693870127201E-001  0.122281589212742E+001 -0.790734389975320E+002
  0.997320828927868E-031  0.154882299516357E+003  0.271560486247003E+000  0.915292138859712E+000  0.287723735270720E+001  0.200632377818485E+000  0.122281589212742E+001 -0.774411497581787E+002
  0.124323376017950E-030  0.154441502271141E+003  0.263733720149426E+000  0.943679611244638E+000  0.290061583274439E+001  0.171399967194094E+000  0.122281589212742E+001 -0.772207511355705E+002
  0.280947507158178E-026  0.133907933808565E+003  0.267969188765019E+000  0.891145448329635E+000  0.290611829959639E+001  0.162345904317933E+000  0.122281589212742E+001 -0.669539669042827E+002
  0.227058391041985E-025  0.129580468940177E+003  0.269552835493045E+000  0.876786357814468E+000  0.287380270007477E+001  0.102806593729020E+000  0.122281589212742E+001 -0.647902344700883E+002
  0.380737608727698E-025  0.128546662473770E+003  0.279706218371161E+000  0.885628579479213E+000  0.277946754025331E+001  0.104993302797499E-001  0.122281589212742E+001 -0.642733312368851E+002
  0.682955565667488E-025  0.127378023767770E+003  0.265174690226134E+000  0.913359507751769E+000  0.287110133077845E+001  0.778028935215140E-001  0.122281589212742E+001 -0.636890118838852E+002
  0.521754550838372E-024  0.123311318645160E+003  0.275260928926472E+000  0.903746025890902E+000  0.281886405018123E+001  0.894858541418382E-001  0.122281589212742E+001 -0.616556593225800E+002
  0.137098677208152E-021  0.112168800747252E+003  0.270841265851161E+000  0.923740213919600E+000  0.285604950097160E+001  0.147751992394886E+000  0.122281589212742E+001 -0.560844003736262E+002
  0.204748229326813E-021  0.111155919442797E+003  0.270216419066224E+000  0.895672764147214E+000  0.283203107497895E+001  0.243695412073637E-001  0.122281589212742E+001 -0.555779597213985E+002
  0.464911999743268E-020  0.104699894095304E+003  0.266026533159308E+000  0.936413186360831E+000  0.288787221817788E+001  0.166425038906967E+000  0.122281589212742E+001 -0.523499470476521E+002
  0.982839337930710E-018  0.935910172795703E+002  0.269888202407483E+000  0.903455813385259E+000  0.289530252367603E+001  0.180479972169340E+000  0.122281589212742E+001 -0.467955086397852E+002
  0.130808649808607E-017  0.930192672922996E+002  0.274891009422847E+000  0.887967630724156E+000  0.280419305460708E+001  0.716247516856013E-002  0.122281589212742E+001 -0.465096336461498E+002
  0.261102341810194E-016  0.868210223193769E+002  0.263768715384145E+000  0.909359462585032E+000  0.287041759108913E+001  0.684245885279903E-001  0.122281589212742E+001 -0.434105111596884E+002
  0.603265459613124E-015  0.805409623599822E+002  0.275027534582423E+000  0.893990563028696E+000  0.279665725361667E+001  0.219446154419957E-002  0.122281589212742E+001 -0.402704811799911E+002
  0.268333598096124E-014  0.773204788145634E+002  0.271070148781791E+000  0.916169142673429E+000  0.285895844592855E+001  0.136046897457625E+000  0.122281589212742E+001 -0.386602394072817E+002
  0.329086628959865E-014  0.769122987134230E+002  0.271990091983534E+000  0.901572451235597E+000  0.285044319524567E+001  0.106284634082616E+000  0.122281589212742E+001 -0.384561493567115E+002
  0.302828114668423E-014  0.768115472477533E+002  0.271766919627248E+000  0.892449582538089E+000  0.284074530456179E+001  0.689578093528437E-001  0.122281589212742E+001 -0.384057736238766E+002
  0.601950201454185E-014  0.754375285401010E+002  0.266294882176195E+000  0.889640032806059E+000  0.287044740549439E+001  0.758014016990186E-001  0.122281589212742E+001 -0.377187642700505E+002
  0.316061487907210E-011  0.620995636527346E+002  0.262048581729601E+000  0.917831898007348E+000  0.290902902473788E+001  0.139753606831890E+000  0.122281589212742E+001 -0.310497818263673E+002
  0.524853457826347E-011  0.610851990146642E+002  0.263332449701709E+000  0.910313888042452E+000  0.289389378236875E+001  0.119062361040605E+000  0.122281589212742E+001 -0.305425995073321E+002
  0.951519573672719E-011  0.598953166902019E+002  0.263156850825741E+000  0.916810203656180E+000  0.290120734973554E+001  0.142362596375912E+000  0.122281589212742E+001 -0.299476583451010E+002
  0.124991211595466E-010  0.593497801648441E+002  0.263697228509441E+000  0.918458241380060E+000  0.289611622598831E+001  0.138442661295268E+000  0.122281589212742E+001 -0.296748900824221E+002
  0.126031580842227E-010  0.593332019857306E+002  0.267312225079417E+000  0.915214886151532E+000  0.288101712735294E+001  0.135386642125661E+000  0.122281589212742E+001 -0.296666009928653E+002
  0.686794781893279E-010  0.559421959574624E+002  0.261210798834725E+000  0.917643788696512E+000  0.292471113020018E+001  0.162129812257591E+000  0.122281589212742E+001 -0.279710979787312E+002
  0.199615356992071E-009  0.532329480896297E+002  0.264665926913719E+000  0.899411428406278E+000  0.289675114969234E+001  0.122311821905223E+000  0.122281589212742E+001 -0.266164740448148E+002
  0.595930472602466E-009  0.510454846820349E+002  0.260982085941476E+000  0.917283055222332E+000  0.294446687425284E+001  0.199555787994340E+000  0.122281589212742E+001 -0.255227423410174E+002
  0.503731362398872E-008  0.459655460572226E+002  0.265126668282209E+000  0.905891514060062E+000  0.290568979351247E+001  0.161904387899443E+000  0.122281589212742E+001 -0.229827730286113E+002
  0.675712304738176E-007  0.407729272994502E+002  0.263543375594975E+000  0.931802281987673E+000  0.292617513863512E+001  0.216296009417928E+000  0.122281589212742E+001 -0.203864636497251E+002
