  0.494108875597126E-314  0.146143366976287E+004  0.285397976707306E+000  0.103304798835178E+001  0.291311171051726E+001  0.146309704130581E+000  0.122281589212742E+001 -0.729041018037196E+003
  0.119419866215936E-309  0.144118649615221E+004  0.292590502111739E+000  0.951787582269325E+000  0.289903506425379E+001  0.620229768625917E-001  0.122281589212742E+001 -0.718917431231867E+003
  0.232152252822824E-306  0.142597994658141E+004  0.249069761447586E+000  0.106750328586533E+001  0.310424113308972E+001  0.115883709855764E+000  0.122281589212742E+001 -0.711314156446467E+003
  0.491163544230173E-306  0.142441963578864E+004  0.258368154984338E+000  0.903619451594579E+000  0.310474628605456E+001  0.105274784022501E+000  0.122281589212742E+001 -0.710534001050082E+003
  0.598457523417579E-298  0.138712157419452E+004  0.246931400200780E+000  0.892319606505748E+000  0.314754248747664E+001  0.345650307395072E-001  0.122281589212742E+001 -0.691884970253023E+003
  0.828243376655957E-292  0.135877910677405E+004  0.236733287381809E+000  0.106851804689373E+001  0.324005765083091E+001  0.244295448181548E+000  0.122281589212742E+001 -0.677713736542783E+003
  0.227994500636586E-289  0.134748202397016E+004  0.267526004237250E+000  0.107327811943386E+001  0.303839399267245E+001  0.227514024347852E+000  0.122281589212742E+001 -0.672065195140840E+003
  0.280602376742940E-284  0.132397939546448E+004  0.228026441933462E+000  0.977227616031562E+000  0.325121772999002E+001  0.101615833245307E+000  0.122281589212742E+001 -0.660313880888002E+003
  0.356297076350823E-281  0.130962468913089E+004  0.272164250502590E+000  0.945693428308626E+000  0.310724299738210E+001  0.243656034156649E+000  0.122281589212742E+001 -0.653136527721208E+003
  0.664062833168403E-270  0.125766104995515E+004  0.253432450012730E+000  0.970851568048900E+000  0.314370663070380E+001  0.223062290017624E+000  0.122281589212742E+001 -0.627154708133336E+003
  0.113968323386823E-269  0.125651924890885E+004  0.281468082043645E+000  0.102088430853644E+001  0.296646773066851E+001  0.212637308498860E+000  0.122281589212742E+001 -0.626583807610186E+003
  0.476695946313371E-269  0.125359578896396E+004  0.230089486763897E+000  0.916885353851415E+000  0.331220309993959E+001  0.147272407498981E+000  0.122281589212742E+001 -0.625122077637742E+003
  0.539078143797505E-267  0.124407794191248E+004  0.286440247940766E+000  0.975126250034502E+000  0.294621607164087E+001  0.987160787436302E-001  0.122281589212742E+001 -0.620363154112003E+003
  0.285691103074324E-265  0.123607595696650E+004  0.272393188851901E+000  0.100895220099249E+001  0.300383584930489E+001  0.870913495206695E-001  0.122281589212742E+001 -0.616362161639009E+003
  0.234573844065769E-264  0.123180352492232E+004  0.271462543902589E+000  0.106251736578650E+001  0.293805898417620E+001  0.616899293984186E-001  0.122281589212742E+001 -0.614225945616921E+003
  0.204161228584305E-255  0.119057317077208E+004  0.230917323601032E+000  0.101805043501296E+001  0.327253194632106E+001  0.161383296669835E+000  0.122281589212742E+001 -0.593610768541800E+003
  0.958573757226271E-248  0.115518236316820E+004  0.274977035289414E+000  0.103818386997184E+001  0.307319817619845E+001  0.350559318044860E+000  0.122281589212742E+001 -0.575915364739861E+003
  0.366536530460871E-245  0.114322800593292E+004  0.267814687361325E+000  0.105242820564737E+001  0.303039239544773E+001  0.247686500028139E+000  0.122281589212742E+001 -0.569938186122221E+003
  0.176585185469531E-224  0.104791847829590E+004  0.230588750839368E+000  0.941479844360718E+000  0.334721484216799E+001  0.243478354532969E+000  0.122281589212742E+001 -0.522283422303712E+003
  0.134998850524998E-216  0.101155264775745E+004  0.253619931550059E+000  0.106592872622487E+001  0.309264064323278E+001  0.161307084359016E+000  0.122281589212742E+001 -0.504100507034483E+003
  0.402038643581881E-212  0.990887859799081E+003  0.243989219173152E+000  0.900989848097189E+000  0.323880353055785E+001  0.170149441494722E+000  0.122281589212742E+001 -0.493768113055301E+003
  0.140572458934723E-211  0.988322796564803E+003  0.242222877117346E+000  0.104994087875349E+001  0.313115395029559E+001  0.112398241051401E+000  0.122281589212742E+001 -0.492485581438162E+003
  0.135472969841375E-210  0.983729984945353E+003  0.270570253204504E+000  0.983015305962417E+000  0.302002643169871E+001  0.648115762408518E-001  0.122281589212742E+001 -0.490189175628437E+003
  0.570906371484395E-205  0.957765684523130E+003  0.249637066235443E+000  0.899257521887961E+000  0.315075271450044E+001  0.765913366509352E-003  0.122281589212742E+001 -0.477207025417325E+003
  0.111821895703797E-202  0.947149266317234E+003  0.283468885813314E+000  0.100223802363849E+001  0.291752838974691E+001  0.739454602982503E-001  0.122281589212742E+001 -0.471898816314378E+003
  0.613392280030331E-199  0.929868017887068E+003  0.278980097099070E+000  0.938683933262574E+000  0.299853401953202E+001  0.797916542356417E-001  0.122281589212742E+001 -0.463258192099294E+003
  0.213692132014480E-193  0.904284390098438E+003  0.285665878453362E+000  0.986804745766287E+000  0.290848994938720E+001  0.399528628028692E-001  0.122281589212742E+001 -0.450466378204979E+003
  0.177798954931079E-187  0.876959591462099E+003  0.233313402440818E+000  0.100355565195828E+001  0.320567990406917E+001  0.520826705758055E-001  0.122281589212742E+001 -0.436803978886810E+003
  0.104651171990666E-186  0.873352919553395E+003  0.271109792911058E+000  0.932306681400951E+000  0.308751385782201E+001  0.187865884791385E+000  0.122281589212742E+001 -0.435000642932458E+003
  0.290461758124778E-186  0.871249697679894E+003  0.279695283112729E+000  0.984603273224778E+000  0.293260644864024E+001  0.564286223819038E-001  0.122281589212742E+001 -0.433949031995707E+003
  0.111899749307782E-181  0.850070040534756E+003  0.238088603637574E+000  0.103225371007210E+001  0.316349089171596E+001  0.706696939593820E-001  0.122281589212742E+001 -0.423359203423138E+003
  0.180840734530482E-161  0.756945066799267E+003  0.257831867132692E+000  0.931785318132467E+000  0.320140346072849E+001  0.306568561861922E+000  0.122281589212742E+001 -0.376796716555394E+003
  0.326969269638899E-161  0.755699024550627E+003  0.238187469252886E+000  0.106157252208269E+001  0.323955574129593E+001  0.279157908143441E+000  0.122281589212742E+001 -0.376173695431074E+003
  0.716793309256281E-161  0.754067638558112E+003  0.253474215281929E+000  0.102734367653697E+001  0.311445607269415E+001  0.133988211060357E+000  0.122281589212742E+001 -0.375358002434816E+003
  0.116030215662817E-158  0.743832458463600E+003  0.271739293662851E+000  0.984345280607978E+000  0.312649580856846E+001  0.381647601001220E+000  0.122281589212742E+001 -0.370240412387560E+003
  0.116200124527867E-156  0.734557648216198E+003  0.277124630864947E+000  0.931281707422317E+000  0.299376389221176E+001  0.390047781611683E-001  0.122281589212742E+001 -0.365603007263859E+003
  0.151862315030644E-154  0.724750443782710E+003  0.251274338409785E+000  0.969951672373042E+000  0.315732413653879E+001  0.207606152511939E+000  0.122281589212742E+001 -0.360699405047115E+003
  0.170217601447607E-146  0.687619332299715E+003  0.260104880299146E+000  0.979438338223214E+000  0.303081687912137E+001  0.509714463695634E-001  0.122281589212742E+001 -0.342133849305618E+003
  0.521400409443170E-141  0.662293056732996E+003  0.268496315485374E+000  0.975011766546723E+000  0.303750089964187E+001  0.781964473875275E-001  0.122281589212742E+001 -0.329470711522258E+003
  0.523885971712007E-134  0.629985810588490E+003  0.272072670748497E+000  0.939333188462010E+000  0.301185115985122E+001  0.800466235149424E-001  0.122281589212742E+001 -0.313317088450005E+003
  0.761647988387790E-132  0.619965506015077E+003  0.259535338354424E+000  0.966202152390785E+000  0.317798951463022E+001  0.345239396664373E+000  0.122281589212742E+001 -0.308306936163299E+003
  0.483410216012904E-127  0.597787349547295E+003  0.241657975855978E+000  0.918899805203457E+000  0.320632144582204E+001  0.843943915717941E-001  0.122281589212742E+001 -0.297217857929408E+003
  0.216934599285033E-124  0.585512835030753E+003  0.239619638193566E+000  0.100630377936510E+001  0.315319385964172E+001  0.672694567595150E-001  0.122281589212742E+001 -0.291080600671137E+003
  0.374232405987618E-124  0.584360729536471E+003  0.233064491974609E+000  0.100051791665682E+001  0.324609521360116E+001  0.138924294227760E+000  0.122281589212742E+001 -0.290504547923996E+003
  0.221828589707704E-123  0.580739960124358E+003  0.246748307406211E+000  0.944459703387071E+000  0.327232229242006E+001  0.334846750185751E+000  0.122281589212742E+001 -0.288694163217939E+003
  0.942837021925644E-123  0.577784439860728E+003  0.240334385018289E+000  0.101918091468307E+001  0.316935972560845E+001  0.128968720984186E+000  0.122281589212742E+001 -0.287216403086124E+003
  0.637255157563329E-115  0.541664981658803E+003  0.250285840066227E+000  0.105446972234858E+001  0.313650784656510E+001  0.222341816582202E+000  0.122281589212742E+001 -0.269156673985162E+003
  0.259843533807883E-111  0.524976938557265E+003  0.242981468766070E+000  0.100823574521398E+001  0.321168170104068E+001  0.255560219111066E+000  0.122281589212742E+001 -0.260812652434393E+003
  0.520241882869661E-109  0.514316626456019E+003  0.265717443852737E+000  0.982323379770644E+000  0.315936534479097E+001  0.367468723465677E+000  0.122281589212742E+001 -0.255482496383770E+003
  0.106809161161610E-108  0.512816413275244E+003  0.238807361778196E+000  0.962134604114597E+000  0.323538572266771E+001  0.132854007959359E+000  0.122281589212742E+001 -0.254732389793382E+003
  0.101247403494892E-107  0.508256653052624E+003  0.270021232993872E+000  0.102243281007094E+001  0.306588396738683E+001  0.279270561655915E+000  0.122281589212742E+001 -0.252452509682072E+003
  0.422402714635138E-101  0.477707304423559E+003  0.237291865192923E+000  0.988053161268345E+000  0.332039048888167E+001  0.330608957762590E+000  0.122281589212742E+001 -0.237177835367540E+003
  0.252023158400243E-098  0.464704720513901E+003  0.242542371334431E+000  0.963746235243824E+000  0.331258919020541E+001  0.387177773610189E+000  0.122281589212742E+001 -0.231307815189553E+003
  0.314425186153130E-096  0.454943795330838E+003  0.232946771642508E+000  0.992431575374179E+000  0.328962748592506E+001  0.220652051166120E+000  0.122281589212742E+001 -0.226427352598021E+003
  0.124592237283303E-095  0.452081890427630E+003  0.267678325360706E+000  0.944746922316272E+000  0.307948124633812E+001  0.168014464969552E+000  0.122281589212742E+001 -0.224996400146417E+003
  0.266773280936309E-088  0.418014692047468E+003  0.254188940594534E+000  0.103447525200920E+001  0.313101908800430E+001  0.254706760080113E+000  0.122281589212742E+001 -0.207962800956336E+003
  0.297393715075256E-087  0.413094626056560E+003  0.265872067455807E+000  0.954295587250866E+000  0.306882123327090E+001  0.149971635040798E+000  0.122281589212742E+001 -0.205502767960882E+003
  0.695175627886725E-086  0.406791240641102E+003  0.234845878043126E+000  0.996211262188299E+000  0.328995033898032E+001  0.246614055517142E+000  0.122281589212742E+001 -0.202351075253153E+003
  0.186497910119010E-083  0.395607219047961E+003  0.262609194446919E+000  0.988937257046709E+000  0.313817214320492E+001  0.318480756759638E+000  0.122281589212742E+001 -0.196759064456583E+003
  0.214225212727147E-083  0.395119282367970E+003  0.256875156761748E+000  0.974568422965455E+000  0.317659332173636E+001  0.313030803414629E+000  0.122281589212742E+001 -0.196515096116587E+003
  0.138341994369750E-082  0.391188543300984E+003  0.254419575430355E+000  0.101410258864573E+001  0.317165284120387E+001  0.262415218939987E+000  0.122281589212742E+001 -0.194549726583094E+003
  0.165900064306238E-079  0.377009719252395E+003  0.241164117681228E+000  0.101848551685615E+001  0.324169188565699E+001  0.301214829053987E+000  0.122281589212742E+001 -0.187460314558800E+003
  0.109929039517257E-077  0.368519893336615E+003  0.237547210279783E+000  0.100304516680684E+001  0.327820612908623E+001  0.262543873521486E+000  0.122281589212742E+001 -0.183215401600910E+003
  0.136879882863536E-075  0.358768428952880E+003  0.260099781349556E+000  0.943890615514683E+000  0.314492796385219E+001  0.208330199517970E+000  0.122281589212742E+001 -0.178339669409042E+003
  0.154336662245757E-074  0.353820607056138E+003  0.241202681831552E+000  0.102272308360524E+001  0.324115508997852E+001  0.258428122830841E+000  0.122281589212742E+001 -0.175865758460671E+003
  0.130205577386256E-066  0.317319289106008E+003  0.242537697451894E+000  0.100385473285124E+001  0.321752407690767E+001  0.245673025414194E+000  0.122281589212742E+001 -0.157615099485606E+003
  0.973117564868699E-060  0.285665487317749E+003  0.237546573744087E+000  0.102507580623067E+001  0.327475886084856E+001  0.303019363481156E+000  0.122281589212742E+001 -0.141788198591477E+003
  0.483956493750055E-056  0.268527509522837E+003  0.248979760821905E+000  0.943781156651794E+000  0.319668582533810E+001  0.175223439423042E+000  0.122281589212742E+001 -0.133219209694021E+003
  0.968390351312585E-056  0.267025912199659E+003  0.263927981988649E+000  0.988190316184249E+000  0.308738915126505E+001  0.209432569843820E+000  0.122281589212742E+001 -0.132468411032432E+003
  0.735164183608478E-054  0.258252337816308E+003  0.260934297069101E+000  0.986953954125025E+000  0.317218480872544E+001  0.352580083790474E+000  0.122281589212742E+001 -0.128081623840756E+003
  0.183580607557654E-051  0.247097390438750E+003  0.245650919260703E+000  0.101672939085830E+001  0.325892808634181E+001  0.352306025508535E+000  0.122281589212742E+001 -0.122504150151977E+003
  0.699032232866744E-050  0.239595682973112E+003  0.259184670640484E+000  0.956235898036839E+000  0.310836372125113E+001  0.154981369152746E+000  0.122281589212742E+001 -0.118753296419158E+003
  0.837084495677875E-049  0.234630056463071E+003  0.262562979235891E+000  0.101629428489328E+001  0.314240233019900E+001  0.350365952475759E+000  0.122281589212742E+001 -0.116270483164138E+003
  0.320482169100046E-048  0.231830766201093E+003  0.238774425568919E+000  0.985845085602915E+000  0.327703812824517E+001  0.284735209674758E+000  0.122281589212742E+001 -0.114870838033149E+003
  0.492934682459161E-044  0.212548985386852E+003  0.260385501008766E+000  0.101231789925956E+001  0.317190261467361E+001  0.368943703486912E+000  0.122281589212742E+001 -0.105229947626028E+003
  0.220476150285820E-043  0.209431740253744E+003  0.247143285653983E+000  0.103018827372994E+001  0.318729853379580E+001  0.262543874653866E+000  0.122281589212742E+001 -0.103671325059474E+003
  0.239736392307884E-042  0.204659069213266E+003  0.247612150641742E+000  0.950724206548462E+000  0.320592043339862E+001  0.197484066075105E+000  0.122281589212742E+001 -0.101284989539235E+003
  0.342368797052274E-040  0.194485705443986E+003  0.257112242230786E+000  0.103980245231410E+001  0.317118349803220E+001  0.375076805303734E+000  0.122281589212742E+001 -0.961983076545951E+002
  0.114277499330905E-039  0.192075052887670E+003  0.250034720176286E+000  0.101636802222460E+001  0.313163164066384E+001  0.159809645736093E+000  0.122281589212742E+001 -0.949929813764372E+002
  0.655699819872836E-037  0.179370565720923E+003  0.257725526840417E+000  0.993257610048249E+000  0.316043894862365E+001  0.302428589846680E+000  0.122281589212742E+001 -0.886407377930638E+002
  0.259978777448172E-032  0.158056935228159E+003  0.247470624731296E+000  0.992129954329196E+000  0.315027271385562E+001  0.142137508775989E+000  0.122281589212742E+001 -0.779839225466818E+002
  0.389792883158892E-031  0.152503748245700E+003  0.250977319211823E+000  0.972655507204490E+000  0.321808302983809E+001  0.303381532694614E+000  0.122281589212742E+001 -0.752073290554521E+002
  0.136386706393915E-027  0.135794997970923E+003  0.252563749354383E+000  0.967616746741073E+000  0.315238382305833E+001  0.145514580566771E+000  0.122281589212742E+001 -0.668529539180637E+002
  0.147660613174838E-027  0.135514904315229E+003  0.250810231733856E+000  0.980164408013861E+000  0.323194808158886E+001  0.337338340123501E+000  0.122281589212742E+001 -0.667129070902164E+002
  0.152447551277699E-027  0.135329846822380E+003  0.245670268889138E+000  0.103044427490877E+001  0.325658479888031E+001  0.380631322328776E+000  0.122281589212742E+001 -0.666203783437920E+002
  0.362125203575303E-027  0.133599508007551E+003  0.261713194736815E+000  0.987421731750575E+000  0.311155924153445E+001  0.213857952582104E+000  0.122281589212742E+001 -0.657552089363775E+002
  0.355831338800699E-025  0.124173907683832E+003  0.253275680412691E+000  0.103108465003666E+001  0.317932601790113E+001  0.322477687040816E+000  0.122281589212742E+001 -0.610424087745183E+002
  0.105131730064371E-024  0.122007222928432E+003  0.247669374404468E+000  0.100802420535368E+001  0.318733759824060E+001  0.216054883106926E+000  0.122281589212742E+001 -0.599590663968180E+002
  0.102054509597803E-023  0.117332389815209E+003  0.251541886179174E+000  0.997500030198990E+000  0.320459548123522E+001  0.325159800445734E+000  0.122281589212742E+001 -0.576216498402068E+002
  0.126535339248069E-022  0.112297190524347E+003  0.256752112401943E+000  0.977007550457061E+000  0.312798258063131E+001  0.159608700860329E+000  0.122281589212742E+001 -0.551040501947754E+002
  0.718243209466851E-021  0.103952384327627E+003  0.243897319535827E+000  0.987580162879765E+000  0.325048764247528E+001  0.285187731056838E+000  0.122281589212742E+001 -0.509316470964155E+002
  0.187002477045432E-019  0.975415511592719E+002  0.256075601736194E+000  0.968122483433388E+000  0.315588945679555E+001  0.217145556072653E+000  0.122281589212742E+001 -0.487707755796360E+002
  0.109410584901528E-013  0.709825584904720E+002  0.248349151870263E+000  0.974803787368237E+000  0.318933229027408E+001  0.208041492971505E+000  0.122281589212742E+001 -0.354912792452360E+002
  0.236531092261596E-010  0.546034526285907E+002  0.247187289876825E+000  0.978157985449282E+000  0.320751512098286E+001  0.229161931483770E+000  0.122281589212742E+001 -0.273017263142953E+002
  0.389925204848632E-008  0.439470746126574E+002  0.252614384210532E+000  0.986481253418615E+000  0.317434376364744E+001  0.246160709952824E+000  0.122281589212742E+001 -0.219735373063287E+002
  0.233576853539785E-007  0.403667919829116E+002  0.252831139900864E+000  0.999430808647016E+000  0.316640046353050E+001  0.232499522317445E+000  0.122281589212742E+001 -0.201833959914558E+002
  0.120320759181125E-005  0.324831515915461E+002  0.254104341147820E+000  0.986766631249826E+000  0.316862271014594E+001  0.244188714684509E+000  0.122281589212742E+001 -0.162415757957731E+002
  0.515714182728409E-004  0.235809039790165E+002  0.252085379352666E+000  0.100133112969559E+001  0.317932612286139E+001  0.259187021612045E+000  0.122281589212742E+001 -0.117904519895083E+002
  0.176606923386530E-003  0.205436220709255E+002  0.251860029274651E+000  0.100174637790879E+001  0.318255772438024E+001  0.266362511749202E+000  0.122281589212742E+001 -0.102718110354628E+002
  0.239826760852226E-003  0.193562772425432E+002  0.248752128845377E+000  0.993702353944080E+000  0.318921770545796E+001  0.230993897094527E+000  0.122281589212742E+001 -0.967813862127159E+001
  0.554587833624576E-003  0.171042963720031E+002  0.250938197126628E+000  0.993466827376643E+000  0.318114555865671E+001  0.235911918437978E+000  0.122281589212742E+001 -0.855214818600156E+001
  0.481890781649908E-003  0.168099476299922E+002  0.249303422325044E+000  0.988050068134984E+000  0.317834436805561E+001  0.201783536515863E+000  0.122281589212742E+001 -0.840497381499612E+001
  0.139124771536314E-002  0.146894700976831E+002  0.249952820508724E+000  0.996583845211196E+000  0.318396851695672E+001  0.237699909436277E+000  0.122281589212742E+001 -0.734473504884155E+001
  0.148742192986888E-002  0.145557833147248E+002  0.251050485345996E+000  0.990784524289888E+000  0.317381151800132E+001  0.217499459532098E+000  0.122281589212742E+001 -0.727789165736239E+001
  0.879402378192169E-003  0.142206031352902E+002  0.251429296135260E+000  0.990454348612133E+000  0.317266411000859E+001  0.219776364601212E+000  0.122281589212742E+001 -0.711030156764511E+001
