  0.332809921328909E-314  0.146190644731900E+004  0.285397976707306E+000  0.103304798835178E+001  0.291311171051726E+001  0.146309704130581E+000  0.122281589212742E+001 -0.729041018037196E+003
  0.804359488667756E-310  0.144165927370834E+004  0.292590502111739E+000  0.951787582269325E+000  0.289903506425379E+001  0.620229768625917E-001  0.122281589212742E+001 -0.718917431231867E+003
  0.156367506756362E-306  0.142645272413754E+004  0.249069761447586E+000  0.106750328586533E+001  0.310424113308972E+001  0.115883709855764E+000  0.122281589212742E+001 -0.711314156446467E+003
  0.330826075935196E-306  0.142489241334477E+004  0.258368154984338E+000  0.903619451594579E+000  0.310474628605456E+001  0.105274784022501E+000  0.122281589212742E+001 -0.710534001050082E+003
  0.403094562721357E-298  0.138759435175065E+004  0.246931400200780E+000  0.892319606505748E+000  0.314754248747664E+001  0.345650307395072E-001  0.122281589212742E+001 -0.691884970253023E+003
  0.557868167206582E-292  0.135925188433017E+004  0.236733287381809E+000  0.106851804689373E+001  0.324005765083091E+001  0.244295448181548E+000  0.122281589212742E+001 -0.677713736542783E+003
  0.153567028470377E-289  0.134795480152629E+004  0.267526004237250E+000  0.107327811943386E+001  0.303839399267245E+001  0.227514024347852E+000  0.122281589212742E+001 -0.672065195140840E+003
  0.189001370900714E-284  0.132445217302061E+004  0.228026441933462E+000  0.977227616031562E+000  0.325121772999002E+001  0.101615833245307E+000  0.122281589212742E+001 -0.660313880888002E+003
  0.239985978236788E-281  0.131009746668702E+004  0.272164250502590E+000  0.945693428308626E+000  0.310724299738210E+001  0.243656034156649E+000  0.122281589212742E+001 -0.653136527721208E+003
  0.447283402549435E-270  0.125813382751128E+004  0.253432450012730E+000  0.970851568048900E+000  0.314370663070380E+001  0.223062290017624E+000  0.122281589212742E+001 -0.627154708133336E+003
  0.767640303314268E-270  0.125699202646498E+004  0.281468082043645E+000  0.102088430853644E+001  0.296646773066851E+001  0.212637308498860E+000  0.122281589212742E+001 -0.626583807610186E+003
  0.321081340799111E-269  0.125406856652009E+004  0.230089486763897E+000  0.916885353851415E+000  0.331220309993959E+001  0.147272407498981E+000  0.122281589212742E+001 -0.625122077637742E+003
  0.363099234521734E-267  0.124455071946861E+004  0.286440247940766E+000  0.975126250034502E+000  0.294621607164087E+001  0.987160787436302E-001  0.122281589212742E+001 -0.620363154112003E+003
  0.192428912263457E-265  0.123654873452263E+004  0.272393188851901E+000  0.100895220099249E+001  0.300383584930489E+001  0.870913495206695E-001  0.122281589212742E+001 -0.616362161639009E+003
  0.157998583691598E-264  0.123227630247845E+004  0.271462543902589E+000  0.106251736578650E+001  0.293805898417620E+001  0.616899293984186E-001  0.122281589212742E+001 -0.614225945616921E+003
  0.137513988780491E-255  0.119104594832821E+004  0.230917323601032E+000  0.101805043501296E+001  0.327253194632106E+001  0.161383296669835E+000  0.122281589212742E+001 -0.593610768541800E+003
  0.645652956785841E-248  0.115565514072433E+004  0.274977035289414E+000  0.103818386997184E+001  0.307319817619845E+001  0.350559318044860E+000  0.122281589212742E+001 -0.575915364739861E+003
  0.246882822399469E-245  0.114370078348905E+004  0.267814687361325E+000  0.105242820564737E+001  0.303039239544773E+001  0.247686500028139E+000  0.122281589212742E+001 -0.569938186122221E+003
  0.118939983765972E-224  0.104839125585203E+004  0.230588750839368E+000  0.941479844360718E+000  0.334721484216799E+001  0.243478354532969E+000  0.122281589212742E+001 -0.522283422303712E+003
  0.909292648031257E-217  0.101202542531357E+004  0.253619931550059E+000  0.106592872622487E+001  0.309264064323278E+001  0.161307084359016E+000  0.122281589212742E+001 -0.504100507034483E+003
  0.270795478192439E-212  0.991360637355209E+003  0.243989219173152E+000  0.900989848097189E+000  0.323880353055785E+001  0.170149441494722E+000  0.122281589212742E+001 -0.493768113055301E+003
  0.946834013237397E-212  0.988795574120931E+003  0.242222877117346E+000  0.104994087875349E+001  0.313115395029559E+001  0.112398241051401E+000  0.122281589212742E+001 -0.492485581438162E+003
  0.912486106397715E-211  0.984202762501481E+003  0.270570253204504E+000  0.983015305962417E+000  0.302002643169871E+001  0.648115762408518E-001  0.122281589212742E+001 -0.490189175628437E+003
  0.384537323307679E-205  0.958238462079258E+003  0.249637066235443E+000  0.899257521887961E+000  0.315075271450044E+001  0.765913366509352E-003  0.122281589212742E+001 -0.477207025417325E+003
  0.753182914202317E-203  0.947622043873363E+003  0.283468885813314E+000  0.100223802363849E+001  0.291752838974691E+001  0.739454602982503E-001  0.122281589212742E+001 -0.471898816314378E+003
  0.413153955327516E-199  0.930340795443197E+003  0.278980097099070E+000  0.938683933262574E+000  0.299853401953202E+001  0.797916542356417E-001  0.122281589212742E+001 -0.463258192099294E+003
  0.143933584491456E-193  0.904757167654567E+003  0.285665878453362E+000  0.986804745766287E+000  0.290848994938720E+001  0.399528628028692E-001  0.122281589212742E+001 -0.450466378204979E+003
  0.119757525280954E-187  0.877432369018227E+003  0.233313402440818E+000  0.100355565195828E+001  0.320567990406917E+001  0.520826705758055E-001  0.122281589212742E+001 -0.436803978886810E+003
  0.704884085522986E-187  0.873825697109524E+003  0.271109792911058E+000  0.932306681400951E+000  0.308751385782201E+001  0.187865884791385E+000  0.122281589212742E+001 -0.435000642932458E+003
  0.195642214855887E-186  0.871722475236023E+003  0.279695283112729E+000  0.984603273224778E+000  0.293260644864024E+001  0.564286223819038E-001  0.122281589212742E+001 -0.433949031995707E+003
  0.753707301702247E-182  0.850542818090884E+003  0.238088603637574E+000  0.103225371007210E+001  0.316349089171596E+001  0.706696939593820E-001  0.122281589212742E+001 -0.423359203423138E+003
  0.121806333708516E-161  0.757417844355396E+003  0.257831867132692E+000  0.931785318132467E+000  0.320140346072849E+001  0.306568561861922E+000  0.122281589212742E+001 -0.376796716555394E+003
  0.220232062612820E-161  0.756171802106755E+003  0.238187469252886E+000  0.106157252208269E+001  0.323955574129593E+001  0.279157908143441E+000  0.122281589212742E+001 -0.376173695431074E+003
  0.482800322913892E-161  0.754540416114241E+003  0.253474215281929E+000  0.102734367653697E+001  0.311445607269415E+001  0.133988211060357E+000  0.122281589212742E+001 -0.375358002434816E+003
  0.781528299251293E-159  0.744305236019729E+003  0.271739293662851E+000  0.984345280607978E+000  0.312649580856846E+001  0.381647601001220E+000  0.122281589212742E+001 -0.370240412387560E+003
  0.782672730342549E-157  0.735030425772326E+003  0.277124630864947E+000  0.931281707422317E+000  0.299376389221176E+001  0.390047781611683E-001  0.122281589212742E+001 -0.365603007263859E+003
  0.102287749883323E-154  0.725223221338839E+003  0.251274338409785E+000  0.969951672373042E+000  0.315732413653879E+001  0.207606152511939E+000  0.122281589212742E+001 -0.360699405047115E+003
  0.114651060331186E-146  0.688092109855844E+003  0.260104880299146E+000  0.979438338223214E+000  0.303081687912137E+001  0.509714463695634E-001  0.122281589212742E+001 -0.342133849305618E+003
  0.351192293225764E-141  0.662765834289125E+003  0.268496315485374E+000  0.975011766546723E+000  0.303750089964187E+001  0.781964473875275E-001  0.122281589212742E+001 -0.329470711522258E+003
  0.352866458219363E-134  0.630458588144618E+003  0.272072670748497E+000  0.939333188462010E+000  0.301185115985122E+001  0.800466235149424E-001  0.122281589212742E+001 -0.313317088450005E+003
  0.513012454206468E-132  0.620438283571206E+003  0.259535338354424E+000  0.966202152390785E+000  0.317798951463022E+001  0.345239396664373E+000  0.122281589212742E+001 -0.308306936163299E+003
  0.325603776398334E-127  0.598260127103423E+003  0.241657975855978E+000  0.918899805203457E+000  0.320632144582204E+001  0.843943915717941E-001  0.122281589212742E+001 -0.297217857929408E+003
  0.146117567272887E-124  0.585985612586881E+003  0.239619638193566E+000  0.100630377936510E+001  0.315319385964172E+001  0.672694567595150E-001  0.122281589212742E+001 -0.291080600671137E+003
  0.252066424340834E-124  0.584833507092600E+003  0.233064491974609E+000  0.100051791665682E+001  0.324609521360116E+001  0.138924294227760E+000  0.122281589212742E+001 -0.290504547923996E+003
  0.149413943126136E-123  0.581212737680486E+003  0.246748307406211E+000  0.944459703387071E+000  0.327232229242006E+001  0.334846750185751E+000  0.122281589212742E+001 -0.288694163217939E+003
  0.635053386747114E-123  0.578257217416856E+003  0.240334385018289E+000  0.101918091468307E+001  0.316935972560845E+001  0.128968720984186E+000  0.122281589212742E+001 -0.287216403086124E+003
  0.429226935961975E-115  0.542137759214932E+003  0.250285840066227E+000  0.105446972234858E+001  0.313650784656510E+001  0.222341816582202E+000  0.122281589212742E+001 -0.269156673985162E+003
  0.175019130911947E-111  0.525449716113394E+003  0.242981468766070E+000  0.100823574521398E+001  0.321168170104068E+001  0.255560219111066E+000  0.122281589212742E+001 -0.260812652434393E+003
  0.350411960880901E-109  0.514789404012148E+003  0.265717443852737E+000  0.982323379770644E+000  0.315936534479097E+001  0.367468723465677E+000  0.122281589212742E+001 -0.255482496383770E+003
  0.719419347712547E-109  0.513289190831372E+003  0.238807361778196E+000  0.962134604114597E+000  0.323538572266771E+001  0.132854007959359E+000  0.122281589212742E+001 -0.254732389793382E+003
  0.681957803878575E-108  0.508729430608753E+003  0.270021232993872E+000  0.102243281007094E+001  0.306588396738683E+001  0.279270561655915E+000  0.122281589212742E+001 -0.252452509682072E+003
  0.284511817272884E-101  0.478180081979688E+003  0.237291865192923E+000  0.988053161268345E+000  0.332039048888167E+001  0.330608957762590E+000  0.122281589212742E+001 -0.237177835367540E+003
  0.169751671348138E-098  0.465177498070030E+003  0.242542371334431E+000  0.963746235243824E+000  0.331258919020541E+001  0.387177773610189E+000  0.122281589212742E+001 -0.231307815189553E+003
  0.211782921864176E-096  0.455416572886966E+003  0.232946771642508E+000  0.992431575374179E+000  0.328962748592506E+001  0.220652051166120E+000  0.122281589212742E+001 -0.226427352598021E+003
  0.839198296303235E-096  0.452554667983759E+003  0.267678325360706E+000  0.944746922316272E+000  0.307948124633812E+001  0.168014464969552E+000  0.122281589212742E+001 -0.224996400146417E+003
  0.179686702592808E-088  0.418487469603597E+003  0.254188940594534E+000  0.103447525200920E+001  0.313101908800430E+001  0.254706760080113E+000  0.122281589212742E+001 -0.207962800956336E+003
  0.200311274975307E-087  0.413567403612688E+003  0.265872067455807E+000  0.954295587250866E+000  0.306882123327090E+001  0.149971635040798E+000  0.122281589212742E+001 -0.205502767960882E+003
  0.468239607277887E-086  0.407264018197231E+003  0.234845878043126E+000  0.996211262188299E+000  0.328995033898032E+001  0.246614055517142E+000  0.122281589212742E+001 -0.202351075253153E+003
  0.125616757390840E-083  0.396079996604090E+003  0.262609194446919E+000  0.988937257046709E+000  0.313817214320492E+001  0.318480756759638E+000  0.122281589212742E+001 -0.196759064456583E+003
  0.144292644121182E-083  0.395592059924098E+003  0.256875156761748E+000  0.974568422965455E+000  0.317659332173636E+001  0.313030803414629E+000  0.122281589212742E+001 -0.196515096116587E+003
  0.931810588795336E-083  0.391661320857113E+003  0.254419575430355E+000  0.101410258864573E+001  0.317165284120387E+001  0.262415218939987E+000  0.122281589212742E+001 -0.194549726583094E+003
  0.111742957954769E-079  0.377482496808524E+003  0.241164117681228E+000  0.101848551685615E+001  0.324169188565699E+001  0.301214829053987E+000  0.122281589212742E+001 -0.187460314558800E+003
  0.740433470725519E-078  0.368992670892743E+003  0.237547210279783E+000  0.100304516680684E+001  0.327820612908623E+001  0.262543873521486E+000  0.122281589212742E+001 -0.183215401600910E+003
  0.921962451288768E-076  0.359241206509008E+003  0.260099781349556E+000  0.943890615514683E+000  0.314492796385219E+001  0.208330199517970E+000  0.122281589212742E+001 -0.178339669409042E+003
  0.103954360911957E-074  0.354293384612267E+003  0.241202681831552E+000  0.102272308360524E+001  0.324115508997852E+001  0.258428122830841E+000  0.122281589212742E+001 -0.175865758460671E+003
  0.877007276651325E-067  0.317792066662137E+003  0.242537697451894E+000  0.100385473285124E+001  0.321752407690767E+001  0.245673025414194E+000  0.122281589212742E+001 -0.157615099485606E+003
  0.655449023428047E-060  0.286138264873878E+003  0.237546573744087E+000  0.102507580623067E+001  0.327475886084856E+001  0.303019363481156E+000  0.122281589212742E+001 -0.141788198591477E+003
  0.325971724961039E-056  0.269000287078966E+003  0.248979760821905E+000  0.943781156651794E+000  0.319668582533810E+001  0.175223439423042E+000  0.122281589212742E+001 -0.133219209694021E+003
  0.652264981108015E-056  0.267498689755788E+003  0.263927981988649E+000  0.988190316184249E+000  0.308738915126505E+001  0.209432569843820E+000  0.122281589212742E+001 -0.132468411032432E+003
  0.495174132706639E-054  0.258725115372437E+003  0.260934297069101E+000  0.986953954125025E+000  0.317218480872544E+001  0.352580083790474E+000  0.122281589212742E+001 -0.128081623840756E+003
  0.123651791199790E-051  0.247570167994879E+003  0.245650919260703E+000  0.101672939085830E+001  0.325892808634181E+001  0.352306025508535E+000  0.122281589212742E+001 -0.122504150151977E+003
  0.470837246102999E-050  0.240068460529240E+003  0.259184670640484E+000  0.956235898036839E+000  0.310836372125113E+001  0.154981369152746E+000  0.122281589212742E+001 -0.118753296419158E+003
  0.563823154597816E-049  0.235102834019199E+003  0.262562979235891E+000  0.101629428489328E+001  0.314240233019900E+001  0.350365952475759E+000  0.122281589212742E+001 -0.116270483164138E+003
  0.215862638129516E-048  0.232303543757222E+003  0.238774425568919E+000  0.985845085602915E+000  0.327703812824517E+001  0.284735209674758E+000  0.122281589212742E+001 -0.114870838033149E+003
  0.332019036441158E-044  0.213021762942980E+003  0.260385501008766E+000  0.101231789925956E+001  0.317190261467361E+001  0.368943703486912E+000  0.122281589212742E+001 -0.105229947626028E+003
  0.148502999648879E-043  0.209904517809872E+003  0.247143285653983E+000  0.103018827372994E+001  0.318729853379580E+001  0.262543874653866E+000  0.122281589212742E+001 -0.103671325059474E+003
  0.161475848233782E-042  0.205131846769394E+003  0.247612150641742E+000  0.950724206548462E+000  0.320592043339862E+001  0.197484066075105E+000  0.122281589212742E+001 -0.101284989539235E+003
  0.230604504308199E-040  0.194958483000114E+003  0.257112242230786E+000  0.103980245231410E+001  0.317118349803220E+001  0.375076805303734E+000  0.122281589212742E+001 -0.961983076545951E+002
  0.769722775956139E-040  0.192547830443799E+003  0.250034720176286E+000  0.101636802222460E+001  0.313163164066384E+001  0.159809645736093E+000  0.122281589212742E+001 -0.949929813764372E+002
  0.441650446064640E-037  0.179843343277052E+003  0.257725526840417E+000  0.993257610048249E+000  0.316043894862365E+001  0.302428589846680E+000  0.122281589212742E+001 -0.886407377930638E+002
  0.175110225056326E-032  0.158529712784288E+003  0.247470624731296E+000  0.992129954329196E+000  0.315027271385562E+001  0.142137508775989E+000  0.122281589212742E+001 -0.779839225466818E+002
  0.262547274686351E-031  0.152976525801828E+003  0.250977319211823E+000  0.972655507204490E+000  0.321808302983809E+001  0.303381532694614E+000  0.122281589212742E+001 -0.752073290554521E+002
  0.918640632352795E-028  0.136267775527051E+003  0.252563749354383E+000  0.967616746741073E+000  0.315238382305833E+001  0.145514580566771E+000  0.122281589212742E+001 -0.668529539180637E+002
  0.994576690405265E-028  0.135987681871357E+003  0.250810231733856E+000  0.980164408013861E+000  0.323194808158886E+001  0.337338340123501E+000  0.122281589212742E+001 -0.667129070902164E+002
  0.102681939178074E-027  0.135802624378508E+003  0.245670268889138E+000  0.103044427490877E+001  0.325658479888031E+001  0.380631322328776E+000  0.122281589212742E+001 -0.666203783437920E+002
  0.243911547392672E-027  0.134072285563679E+003  0.261713194736815E+000  0.987421731750575E+000  0.311155924153445E+001  0.213857952582104E+000  0.122281589212742E+001 -0.657552089363775E+002
  0.239672277987789E-025  0.124646685239961E+003  0.253275680412691E+000  0.103108465003666E+001  0.317932601790113E+001  0.322477687040816E+000  0.122281589212742E+001 -0.610424087745183E+002
  0.708120912515752E-025  0.122480000484560E+003  0.247669374404468E+000  0.100802420535368E+001  0.318733759824060E+001  0.216054883106926E+000  0.122281589212742E+001 -0.599590663968180E+002
  0.687394114207909E-024  0.117805167371338E+003  0.251541886179174E+000  0.997500030198990E+000  0.320459548123522E+001  0.325159800445734E+000  0.122281589212742E+001 -0.576216498402068E+002
  0.852286173156005E-023  0.112769968080475E+003  0.256752112401943E+000  0.977007550457061E+000  0.312798258063131E+001  0.159608700860329E+000  0.122281589212742E+001 -0.551040501947754E+002
  0.483776911674995E-021  0.104425161883755E+003  0.243897319535827E+000  0.987580162879765E+000  0.325048764247528E+001  0.285187731056838E+000  0.122281589212742E+001 -0.509316470964155E+002
  0.640603044468916E-019  0.947348932697699E+002  0.242495233680572E+000  0.100290895836028E+001  0.326155035827773E+001  0.313747865453080E+000  0.122281589212742E+001 -0.473674466348849E+002
  0.597210217367531E-012  0.626389835986240E+002  0.250256725549483E+000  0.101138718927909E+001  0.319512313644969E+001  0.297903220980915E+000  0.122281589212742E+001 -0.313194917993120E+002
  0.306145862729538E-006  0.341471529260396E+002  0.252745858318856E+000  0.100045521989171E+001  0.319193126587486E+001  0.295571863753246E+000  0.122281589212742E+001 -0.170735764630198E+002
  0.534834538452408E-006  0.330313614036899E+002  0.250388249572520E+000  0.100115024203979E+001  0.320666613881770E+001  0.295254688118413E+000  0.122281589212742E+001 -0.165156807018449E+002
  0.477405088562100E-005  0.278424451062565E+002  0.252809174523862E+000  0.100067304936475E+001  0.318583902116882E+001  0.284362387818118E+000  0.122281589212742E+001 -0.139212225531283E+002
  0.659351823734469E-005  0.268320182037621E+002  0.251855029935691E+000  0.999497965817691E+000  0.319719721843994E+001  0.295461168072886E+000  0.122281589212742E+001 -0.134160091018810E+002
  0.688255941513314E-005  0.267462111846399E+002  0.251719487628863E+000  0.100239621489352E+001  0.320103209826809E+001  0.308749878772582E+000  0.122281589212742E+001 -0.133731055923200E+002
  0.736950967991565E-005  0.266094900165932E+002  0.249515689398258E+000  0.100232901212416E+001  0.321480448455317E+001  0.306412019213156E+000  0.122281589212742E+001 -0.133047450082966E+002
  0.764125549113613E-005  0.265370685242457E+002  0.252291586349452E+000  0.100390567608440E+001  0.318710004809249E+001  0.288978279112975E+000  0.122281589212742E+001 -0.132685342621229E+002
  0.342904848535907E-004  0.235344565538609E+002  0.249482863126696E+000  0.100338482657556E+001  0.321341199443545E+001  0.306016154525963E+000  0.122281589212742E+001 -0.117672282769305E+002
