  0.590136133574425E-295  0.138731584166054E+004  0.272885868422962E+000  0.962880306940728E+000  0.293174689570622E+001 -0.407707388197308E+000 -0.263760726579761E+001 -0.343114445803011E+001  0.000000000000000E+000 -0.692027463550611E+003
  0.539883977365756E-294  0.138282712612804E+004  0.257594229432976E+000  0.985888186584066E+000  0.302708531135161E+001 -0.701628910346887E+000 -0.350307759654773E+001 -0.343114445803011E+001  0.000000000000000E+000 -0.689783105784364E+003
  0.774898933153179E-291  0.136822731554820E+004  0.273965710432154E+000  0.958517801841662E+000  0.292861020702857E+001 -0.337253392768428E+000 -0.327791657071494E+001 -0.343114445803011E+001  0.000000000000000E+000 -0.682483200494443E+003
  0.564314073288837E-289  0.135958967515485E+004  0.229102308061631E+000  0.962571762138095E+000  0.321635799267091E+001 -0.810821374439130E+000 -0.131126176682590E+001 -0.343114445803011E+001  0.000000000000000E+000 -0.678164380297765E+003
  0.188787749655471E-269  0.126961470331321E+004  0.263851112133904E+000  0.959853213991222E+000  0.297082668677805E+001 -0.528348316544083E+000 -0.238184092500121E+001 -0.343114445803011E+001  0.000000000000000E+000 -0.633176894376949E+003
  0.181284188966834E-268  0.126502910473305E+004  0.311064948532388E+000  0.860727411386244E+000  0.282862001173647E+001 -0.482136536440074E+000 -0.279654451289280E+001 -0.343114445803011E+001  0.000000000000000E+000 -0.630884095086865E+003
  0.157068077069495E-259  0.122380780290473E+004  0.320022048249314E+000  0.933440418570100E+000  0.274217487340817E+001 -0.184179688315191E+000 -0.399213530885473E+001 -0.343114445803011E+001  0.000000000000000E+000 -0.610273444172708E+003
  0.117510010152657E-253  0.119669555007253E+004  0.383703159531473E+000  0.883745569171359E+000  0.249277916057608E+001  0.257058814598414E+000 -0.444387265861608E+001 -0.343114445803011E+001  0.000000000000000E+000 -0.596717317756606E+003
  0.810691786408654E-251  0.118356093754778E+004  0.307766578071456E+000  0.898199164068908E+000  0.284164212786121E+001 -0.441759805149491E+000 -0.266382599228196E+001 -0.343114445803011E+001  0.000000000000000E+000 -0.590150011494234E+003
  0.951501958989934E-251  0.118317908662022E+004  0.222426406967916E+000  0.103570494602134E+001  0.316432269625358E+001 -0.781739224626470E+000 -0.396860713189623E+001 -0.343114445803011E+001  0.000000000000000E+000 -0.589959086030451E+003
  0.740645785790949E-248  0.116980307125781E+004  0.313117314471968E+000  0.918894446455662E+000  0.272952838685275E+001 -0.132054374941450E+000 -0.442471378627827E+001 -0.343114445803011E+001  0.000000000000000E+000 -0.583271078349247E+003
  0.271781043268908E-247  0.116714140922448E+004  0.329672922549879E+000  0.873963705048729E+000  0.271311966592292E+001  0.822619869807646E-001 -0.401017924672407E+001 -0.343114445803011E+001  0.000000000000000E+000 -0.581940247332582E+003
  0.591915093617098E-245  0.115631279264014E+004  0.290440919537670E+000  0.875975018152641E+000  0.285446929882735E+001 -0.297945444367738E-001 -0.488429899489220E+001 -0.343114445803011E+001  0.000000000000000E+000 -0.576525939040410E+003
  0.108599737092418E-243  0.115043229738090E+004  0.359707831715548E+000  0.884869448019840E+000  0.256795436670650E+001  0.131421118471665E+000 -0.479491830828352E+001 -0.343114445803011E+001  0.000000000000000E+000 -0.573585691410793E+003
  0.351521940712155E-240  0.113420603721976E+004  0.306640582819083E+000  0.855461976616351E+000  0.291440348991070E+001 -0.461073424782109E+000 -0.140649131500803E+001 -0.343114445803011E+001  0.000000000000000E+000 -0.565472561330224E+003
  0.413541888882983E-236  0.111539883979244E+004  0.341657170256665E+000  0.884861533567402E+000  0.264358091971040E+001 -0.701833316465610E-001 -0.406630715817074E+001 -0.343114445803011E+001  0.000000000000000E+000 -0.556068962616561E+003
  0.288048790205989E-224  0.106079851211591E+004  0.325114159041096E+000  0.823994156954967E+000  0.276531593763569E+001  0.132938883432513E+000 -0.469791679904480E+001 -0.343114445803011E+001  0.000000000000000E+000 -0.528768798778297E+003
  0.827982821954646E-221  0.104480973317759E+004  0.403497831866622E+000  0.866379522525060E+000  0.249769243869446E+001  0.169344585391406E+000 -0.329848599879758E+001 -0.343114445803011E+001  0.000000000000000E+000 -0.520774409309135E+003
  0.185174651559156E-217  0.102932289504735E+004  0.323545699686958E+000  0.869222650909080E+000  0.272279036520389E+001  0.132087021631218E+000 -0.474719083687163E+001 -0.343114445803011E+001  0.000000000000000E+000 -0.513030990244017E+003
  0.123845611295625E-168  0.803544810896438E+003  0.274572267665698E+000  0.985081020162707E+000  0.297280937698436E+001 -0.928119743389339E+000 -0.251499708538323E+000 -0.343114445803011E+001  0.000000000000000E+000 -0.401674425039859E+003
  0.607735534527314E-158  0.754311700853426E+003  0.276293646415593E+000  0.864115527757727E+000  0.302176413872553E+001 -0.651189760336466E+000 -0.115301809987445E+001 -0.343114445803011E+001  0.000000000000000E+000 -0.377057870018353E+003
  0.671405686794111E-144  0.689064686618022E+003  0.261314979584452E+000  0.994435383573161E+000  0.299514773938426E+001 -0.633238732535216E+000 -0.205566102094159E+001 -0.343114445803011E+001  0.000000000000000E+000 -0.344434362900651E+003
  0.368636919019544E-131  0.630062488739302E+003  0.256899035351890E+000  0.972118879380924E+000  0.301094482968030E+001 -0.651495475495325E+000 -0.216252578446073E+001 -0.343114445803011E+001  0.000000000000000E+000 -0.314933263961291E+003
  0.646507619704875E-119  0.573368599580009E+003  0.246834555880185E+000  0.107154665958434E+001  0.310395163961968E+001 -0.111242211609022E+001  0.181848577348864E+000 -0.343114445803011E+001  0.000000000000000E+000 -0.286586319381644E+003
  0.231875576954095E-111  0.538291804530140E+003  0.306635082158555E+000  0.960926606480311E+000  0.284805010478199E+001 -0.717648121210201E+000 -0.680646060075637E+000 -0.343114445803011E+001  0.000000000000000E+000 -0.269047921856710E+003
  0.302494412006413E-109  0.528411754649142E+003  0.264366784027953E+000  0.922444156889840E+000  0.300751355604614E+001 -0.708351989271819E+000 -0.177400777119851E+001 -0.343114445803011E+001  0.000000000000000E+000 -0.264107896916211E+003
  0.360002651794845E-075  0.370774521251818E+003  0.245644659860606E+000  0.975160666545912E+000  0.314512128381766E+001 -0.896875667365991E+000 -0.574133020940040E+000 -0.343114445803011E+001  0.000000000000000E+000 -0.185289280217549E+003
  0.398181577828355E-075  0.370470341204194E+003  0.271121875043366E+000  0.991694383244459E+000  0.296793468919040E+001 -0.868838326490042E+000 -0.750344195082942E+000 -0.343114445803011E+001  0.000000000000000E+000 -0.185137190193737E+003
  0.787751146560314E-074  0.364500622799847E+003  0.303875753890817E+000  0.895072596625682E+000  0.287841848545061E+001 -0.558578482250837E+000 -0.110350613458808E+001 -0.343114445803011E+001  0.000000000000000E+000 -0.182152330991563E+003
  0.649652762819474E-073  0.360172806625364E+003  0.274311215800625E+000  0.931167155718069E+000  0.296631849056762E+001 -0.556313058079899E+000 -0.184923782960298E+001 -0.343114445803011E+001  0.000000000000000E+000 -0.179988422904322E+003
  0.363746017419380E-071  0.352014296089548E+003  0.285051533380012E+000  0.970023557771070E+000  0.292240946605574E+001 -0.812450660303746E+000 -0.899675600128035E+000 -0.343114445803011E+001  0.000000000000000E+000 -0.175909167636414E+003
  0.102510108531998E-070  0.349942114815981E+003  0.282564680210270E+000  0.889479151549300E+000  0.296376100471612E+001 -0.686695594921655E+000 -0.137729684132565E+001 -0.343114445803011E+001  0.000000000000000E+000 -0.174873076999630E+003
  0.106681957056546E-067  0.335721785137586E+003  0.260923853096573E+000  0.951241895488242E+000  0.299899466884057E+001 -0.565160516464140E+000 -0.267560698879027E+001 -0.343114445803011E+001  0.000000000000000E+000 -0.167762912160433E+003
  0.158801298018320E-064  0.320910504305626E+003  0.299713116038550E+000  0.902494090218934E+000  0.290138568395307E+001 -0.675712071853971E+000 -0.931869732184611E+000 -0.343114445803011E+001  0.000000000000000E+000 -0.160357271744453E+003
  0.426208769077553E-064  0.318935953162059E+003  0.266357097017120E+000  0.101323523986365E+001  0.298938849930150E+001 -0.846843114070114E+000 -0.739335958997291E+000 -0.343114445803011E+001  0.000000000000000E+000 -0.159369996172669E+003
  0.578607141915961E-060  0.299276568417544E+003  0.271826124567447E+000  0.922902489602323E+000  0.297472059213875E+001 -0.504518972260772E+000 -0.267262168516421E+001 -0.343114445803011E+001  0.000000000000000E+000 -0.149540303800412E+003
  0.123038735699240E-058  0.293008554974756E+003  0.296417922300776E+000  0.969140401023242E+000  0.287013870878734E+001 -0.638470054516384E+000 -0.115603729358163E+001 -0.343114445803011E+001  0.000000000000000E+000 -0.146406297079018E+003
  0.114716411215876E-057  0.288467976406406E+003  0.313191262805327E+000  0.922007646735198E+000  0.279476801660745E+001 -0.414603399305894E+000 -0.181745446706911E+001 -0.343114445803011E+001  0.000000000000000E+000 -0.144136007794843E+003
  0.135324620861653E-057  0.288137549611175E+003  0.307244248815798E+000  0.909532883380864E+000  0.285552444761750E+001 -0.620525714845432E+000 -0.112962835130616E+001 -0.343114445803011E+001  0.000000000000000E+000 -0.143970794397227E+003
  0.537355605111309E-053  0.266732244314076E+003  0.287615590320604E+000  0.939327600422818E+000  0.291338098782185E+001 -0.698567127543966E+000 -0.153385278616806E+001 -0.343114445803011E+001  0.000000000000000E+000 -0.133268141748678E+003
  0.601692183246385E-052  0.261828167022207E+003  0.282499416181206E+000  0.919814364528612E+000  0.292812437175862E+001 -0.544112702295338E+000 -0.184574062178987E+001 -0.343114445803011E+001  0.000000000000000E+000 -0.130816103102744E+003
  0.525655017621774E-049  0.248282858171232E+003  0.255868842065546E+000  0.938057539961018E+000  0.305540647332884E+001 -0.658556723360368E+000 -0.237244077828176E+001 -0.343114445803011E+001  0.000000000000000E+000 -0.124043448677256E+003
  0.940458634546761E-049  0.246901014531633E+003  0.266593791578081E+000  0.960501663132663E+000  0.300045904928580E+001 -0.835648184477200E+000 -0.100030221780746E+001 -0.343114445803011E+001  0.000000000000000E+000 -0.123352526857456E+003
  0.198190738585879E-048  0.245410119890010E+003  0.272765794333378E+000  0.920232561504337E+000  0.298972433963286E+001 -0.733343581036872E+000 -0.171026327007303E+001 -0.343114445803011E+001  0.000000000000000E+000 -0.122607079536645E+003
  0.849415242585268E-048  0.242356565422738E+003  0.291802743750296E+000  0.921303999592869E+000  0.293743909854111E+001 -0.653597712267604E+000 -0.982351633334862E+000 -0.343114445803011E+001  0.000000000000000E+000 -0.121080302303009E+003
  0.544741262909658E-046  0.233964516866856E+003  0.256244106046281E+000  0.985830994426972E+000  0.307193389183694E+001 -0.910291533770436E+000 -0.382349785701543E+000 -0.343114445803011E+001  0.000000000000000E+000 -0.116884278025068E+003
  0.327425125429244E-044  0.225702096916632E+003  0.296311249912064E+000  0.931824448981287E+000  0.291533919057191E+001 -0.583959759434996E+000 -0.979061702639698E+000 -0.343114445803011E+001  0.000000000000000E+000 -0.112753068049956E+003
  0.168499770646318E-043  0.222355394122323E+003  0.255057145089941E+000  0.941077966473971E+000  0.308287235976071E+001 -0.890104294173191E+000 -0.805280708305252E+000 -0.343114445803011E+001  0.000000000000000E+000 -0.111079716652802E+003
  0.213513903411678E-043  0.221811676356156E+003  0.304756444940632E+000  0.899687641871500E+000  0.284100818712631E+001 -0.518498359225932E+000 -0.185900899677124E+001 -0.343114445803011E+001  0.000000000000000E+000 -0.110807857769718E+003
  0.505035350661094E-043  0.220019640764093E+003  0.307475630015817E+000  0.877736180642908E+000  0.285438875911477E+001 -0.471240426760479E+000 -0.166195927141074E+001 -0.343114445803011E+001  0.000000000000000E+000 -0.109911839973687E+003
  0.171328929557300E-042  0.217506374247784E+003  0.262354977034136E+000  0.967875978622247E+000  0.301477125541255E+001 -0.875968484877591E+000 -0.113597477466771E+001 -0.343114445803011E+001  0.000000000000000E+000 -0.108655206715532E+003
  0.374782352900093E-042  0.215870671224707E+003  0.267899179440941E+000  0.973223258049310E+000  0.301601721663002E+001 -0.882716025738786E+000 -0.754029827415445E+000 -0.343114445803011E+001  0.000000000000000E+000 -0.107837355203993E+003
  0.367168612168431E-042  0.215841537163009E+003  0.269740661786475E+000  0.915054191547727E+000  0.300326540155652E+001 -0.745693408770773E+000 -0.158059818218355E+001 -0.343114445803011E+001  0.000000000000000E+000 -0.107822788173145E+003
  0.933090578192230E-041  0.209300822132155E+003  0.240733921545569E+000  0.988022575023097E+000  0.314603445803921E+001 -0.110885699509168E+001 -0.439135709883681E+000 -0.343114445803011E+001  0.000000000000000E+000 -0.104552430657717E+003
  0.197008659994243E-039  0.203130808304030E+003  0.287435891612232E+000  0.952723997577969E+000  0.288059521575899E+001 -0.587275995776930E+000 -0.196001361529332E+001 -0.343114445803011E+001  0.000000000000000E+000 -0.101467423743655E+003
  0.482758533759250E-038  0.196595114552254E+003  0.282712451638482E+000  0.905441133074289E+000  0.296520248687461E+001 -0.604209526926883E+000 -0.137077512061809E+001 -0.343114445803011E+001  0.000000000000000E+000 -0.981995768677667E+002
  0.899116906249087E-038  0.195283518513307E+003  0.265132750155674E+000  0.930302491850696E+000  0.302379259954661E+001 -0.676804346435988E+000 -0.174687815518683E+001 -0.343114445803011E+001  0.000000000000000E+000 -0.975437788482931E+002
  0.241527300784590E-036  0.188634236143796E+003  0.257592976909705E+000  0.984698878200559E+000  0.304638524151151E+001 -0.972888406857742E+000 -0.696293100638503E+000 -0.343114445803011E+001  0.000000000000000E+000 -0.942191376635376E+002
  0.261188705483390E-036  0.188409911756121E+003  0.269377998988171E+000  0.956016400714811E+000  0.299502632732221E+001 -0.800252060113300E+000 -0.932950784704399E+000 -0.343114445803011E+001  0.000000000000000E+000 -0.941069754697002E+002
  0.153629685070193E-035  0.184866137752884E+003  0.268519807727289E+000  0.915655730676271E+000  0.302044307467466E+001 -0.749735443070437E+000 -0.139507759482106E+001 -0.343114445803011E+001  0.000000000000000E+000 -0.923350884680817E+002
  0.153476116411880E-035  0.184797955318668E+003  0.302387683575916E+000  0.902834262800937E+000  0.286173439009028E+001 -0.571153105390373E+000 -0.164363935120615E+001 -0.343114445803011E+001  0.000000000000000E+000 -0.923009972509737E+002
  0.325454778403915E-035  0.183224415557347E+003  0.257175088411490E+000  0.948492395165949E+000  0.308441789395695E+001 -0.952531664000053E+000 -0.587138019784375E+000 -0.343114445803011E+001  0.000000000000000E+000 -0.915142273703134E+002
  0.957602172914033E-035  0.180995815115717E+003  0.221191313528647E+000  0.101666840649903E+001  0.326986453611016E+001 -0.127384929044423E+001  0.153573143769197E+000 -0.343114445803011E+001  0.000000000000000E+000 -0.903999271494984E+002
  0.519579408083410E-033  0.172938117643477E+003  0.270681364153669E+000  0.967922293402993E+000  0.297459395791694E+001 -0.826346238294689E+000 -0.130669056319036E+001 -0.343114445803011E+001  0.000000000000000E+000 -0.863710784133785E+002
  0.995751826668895E-032  0.167031990651812E+003  0.311454051055549E+000  0.878614071082173E+000  0.283979402623054E+001 -0.467480216605748E+000 -0.169599116552137E+001 -0.343114445803011E+001  0.000000000000000E+000 -0.834180149175456E+002
  0.150149247127166E-031  0.166210557018317E+003  0.269402001178974E+000  0.909301929205783E+000  0.299789148599617E+001 -0.605462544501479E+000 -0.225255221070075E+001 -0.343114445803011E+001  0.000000000000000E+000 -0.830072981007984E+002
  0.522899847415991E-031  0.163639556024128E+003  0.298625931854681E+000  0.919125908647456E+000  0.285493467556264E+001 -0.543329836363954E+000 -0.214628657775927E+001 -0.343114445803011E+001  0.000000000000000E+000 -0.817217976037036E+002
  0.840610411733868E-031  0.162614598649806E+003  0.317322185308086E+000  0.910828774419746E+000  0.278120331391543E+001 -0.418400973661116E+000 -0.216488628493752E+001 -0.343114445803011E+001  0.000000000000000E+000 -0.812093189165430E+002
  0.376671540872002E-030  0.159614937954310E+003  0.282686481488323E+000  0.942060915114835E+000  0.294921506127794E+001 -0.777553231412992E+000 -0.833450342584152E+000 -0.343114445803011E+001  0.000000000000000E+000 -0.797094885687946E+002
  0.164869971053202E-029  0.156508278594695E+003  0.293281356094004E+000  0.895323962887128E+000  0.288496420872560E+001 -0.430736621284603E+000 -0.235891281007097E+001 -0.343114445803011E+001  0.000000000000000E+000 -0.781561588889875E+002
  0.992290690273341E-029  0.152918560614878E+003  0.287005468084205E+000  0.939695497202567E+000  0.293493702329327E+001 -0.716123317172112E+000 -0.105845616270910E+001 -0.343114445803011E+001  0.000000000000000E+000 -0.763612998990788E+002
  0.198611168841915E-028  0.151452283224591E+003  0.288153399854705E+000  0.966716042150975E+000  0.291834199594565E+001 -0.744214360580647E+000 -0.776553736768696E+000 -0.343114445803011E+001  0.000000000000000E+000 -0.756281612039353E+002
  0.392858487328851E-028  0.150088082272618E+003  0.283842979962344E+000  0.958769806847282E+000  0.290373029683135E+001 -0.602132081345722E+000 -0.208005416713397E+001 -0.343114445803011E+001  0.000000000000000E+000 -0.749460607279487E+002
  0.441919292635153E-028  0.149771082672246E+003  0.292849996098000E+000  0.898150791467543E+000  0.291427379251720E+001 -0.581898250371006E+000 -0.138545879035914E+001 -0.343114445803011E+001  0.000000000000000E+000 -0.747875609277626E+002
  0.144231358726326E-026  0.142491858143521E+003  0.291840324051925E+000  0.922381836053061E+000  0.290134402621675E+001 -0.602941436944734E+000 -0.134092065194207E+001 -0.343114445803011E+001  0.000000000000000E+000 -0.711479486634004E+002
  0.315079858340207E-026  0.140856307940916E+003  0.268612461924772E+000  0.958223786848380E+000  0.302565876072077E+001 -0.837226803876368E+000 -0.730036005070549E+000 -0.343114445803011E+001  0.000000000000000E+000 -0.703301735620977E+002
  0.531012481359638E-026  0.139601668107369E+003  0.275892954887494E+000  0.942824590662662E+000  0.294806850661894E+001 -0.562451199623316E+000 -0.221873937506231E+001 -0.343114445803011E+001  0.000000000000000E+000 -0.697028536453244E+002
  0.926215734351231E-026  0.138421221692774E+003  0.278496440740496E+000  0.949323144439601E+000  0.295122517456267E+001 -0.776766124687219E+000 -0.118985852327456E+001 -0.343114445803011E+001  0.000000000000000E+000 -0.691126304380266E+002
  0.134801018618009E-024  0.132997693071466E+003  0.241653591835841E+000  0.101475657909263E+001  0.310514451829498E+001 -0.950484825402329E+000 -0.118408498642783E+001 -0.343114445803011E+001  0.000000000000000E+000 -0.664008661273730E+002
  0.322044340103060E-024  0.131188111001546E+003  0.241724293304661E+000  0.980451779794950E+000  0.311562054264543E+001 -0.917641864558582E+000 -0.138455842446001E+001 -0.343114445803011E+001  0.000000000000000E+000 -0.654960750924126E+002
  0.746716444427664E-024  0.129438315333484E+003  0.275108020254032E+000  0.924639898685250E+000  0.300759280873868E+001 -0.791194085034823E+000 -0.732151773032339E+000 -0.343114445803011E+001  0.000000000000000E+000 -0.646211772583816E+002
  0.798848650935212E-024  0.129235540261911E+003  0.231277806684915E+000  0.102683478002945E+001  0.317793489245162E+001 -0.105984847798652E+001 -0.636726822726536E+000 -0.343114445803011E+001  0.000000000000000E+000 -0.645197897225954E+002
  0.523958264015337E-023  0.125406085917353E+003  0.303458047180531E+000  0.897797785031647E+000  0.285135715741416E+001 -0.510223717909504E+000 -0.188980993172643E+001 -0.343114445803011E+001  0.000000000000000E+000 -0.626050625503161E+002
  0.163769947086604E-022  0.122993431684282E+003  0.270073620271228E+000  0.930177903307944E+000  0.298725042001101E+001 -0.621132851983454E+000 -0.189628677179791E+001 -0.343114445803011E+001  0.000000000000000E+000 -0.613987354337806E+002
  0.563180844517824E-022  0.120457575816566E+003  0.285748691770954E+000  0.959527009444645E+000  0.290059622492024E+001 -0.660475963427953E+000 -0.163824998320187E+001 -0.343114445803011E+001  0.000000000000000E+000 -0.601308074999228E+002
  0.584132250990753E-022  0.120318942926988E+003  0.286235236757128E+000  0.900912481233077E+000  0.293662906501235E+001 -0.595288756840343E+000 -0.170803065697420E+001 -0.343114445803011E+001  0.000000000000000E+000 -0.600614910551340E+002
  0.195515001654398E-021  0.117837173701514E+003  0.305553852475912E+000  0.913089822223892E+000  0.283107547847755E+001 -0.452620480099377E+000 -0.225436328549393E+001 -0.343114445803011E+001  0.000000000000000E+000 -0.588206064423970E+002
  0.438381726089351E-021  0.116156688175292E+003  0.260568208091244E+000  0.956398848702011E+000  0.309290185387710E+001 -0.894737410789607E+000 -0.193543444638130E+000 -0.343114445803011E+001  0.000000000000000E+000 -0.579803636792859E+002
  0.315250986424423E-020  0.112145380239082E+003  0.249273163298225E+000  0.947452362572107E+000  0.309146955778540E+001 -0.788076386647028E+000 -0.179223721629448E+001 -0.343114445803011E+001  0.000000000000000E+000 -0.559747097111806E+002
  0.231996797605633E-019  0.108024424082250E+003  0.251112761979724E+000  0.980560146497890E+000  0.307975934991014E+001 -0.973911215114702E+000 -0.957163190238812E+000 -0.343114445803011E+001  0.000000000000000E+000 -0.539142316327648E+002
  0.344009969204574E-019  0.107173032547516E+003  0.257511378556115E+000  0.954024703124157E+000  0.304377505683395E+001 -0.810025795685413E+000 -0.183061514444739E+001 -0.343114445803011E+001  0.000000000000000E+000 -0.534885358653980E+002
  0.566484956065045E-019  0.106111975376917E+003  0.295814224776193E+000  0.904263014379764E+000  0.287106891940120E+001 -0.507990811619194E+000 -0.230852098852402E+001 -0.343114445803011E+001  0.000000000000000E+000 -0.529580072800984E+002
  0.815660650465592E-019  0.105319382230779E+003  0.302470210474393E+000  0.896955676569771E+000  0.283955158949088E+001 -0.377354083353071E+000 -0.253997478998982E+001 -0.343114445803011E+001  0.000000000000000E+000 -0.525617107070292E+002
  0.874203834283660E-019  0.105117254495091E+003  0.274803245899305E+000  0.942342986112697E+000  0.295574953641603E+001 -0.704884954479288E+000 -0.189641137912735E+001 -0.343114445803011E+001  0.000000000000000E+000 -0.524606468391854E+002
  0.155732285450073E-018  0.103898937221169E+003  0.286054669549761E+000  0.916775401494895E+000  0.295880397419483E+001 -0.652688178861375E+000 -0.976135515691187E+000 -0.343114445803011E+001  0.000000000000000E+000 -0.518514882022241E+002
  0.341371918348335E-018  0.102265771547624E+003  0.311339808081178E+000  0.890817026472199E+000  0.280464677130856E+001 -0.301891673587560E+000 -0.280488126994325E+001 -0.343114445803011E+001  0.000000000000000E+000 -0.510349053654517E+002
  0.102942816058980E-017  0.999947017698347E+002  0.248295721821220E+000  0.969464880325830E+000  0.311628032389396E+001 -0.100721544455137E+001 -0.496201640611440E+000 -0.343114445803011E+001  0.000000000000000E+000 -0.498993704765571E+002
  0.336890832041954E-017  0.975600337988468E+002  0.302161937590817E+000  0.925909700979998E+000  0.284214679270656E+001 -0.519526170218855E+000 -0.177194253238081E+001 -0.343114445803011E+001  0.000000000000000E+000 -0.486820364910632E+002
  0.768004005841757E-017  0.958484643787579E+002  0.254803348449949E+000  0.968368588779998E+000  0.309032915929970E+001 -0.945953106258417E+000 -0.594828979639003E+000 -0.343114445803011E+001  0.000000000000000E+000 -0.478262517810187E+002
  0.113780034946091E-016  0.949988525613686E+002  0.316901331728588E+000  0.894258456488294E+000  0.277983946246746E+001 -0.307384134714656E+000 -0.272748746818526E+001 -0.343114445803011E+001  0.000000000000000E+000 -0.474014458723241E+002
  0.152811524479066E-016  0.943454787059157E+002  0.272945462765593E+000  0.923829480204669E+000  0.297661397184176E+001 -0.626450442706457E+000 -0.183506440843974E+001 -0.343114445803011E+001  0.000000000000000E+000 -0.470747589445976E+002
  0.158771204531791E-016  0.942054634996166E+002  0.259539208730903E+000  0.940935607232679E+000  0.306860705095014E+001 -0.868065370177512E+000 -0.795470529940584E+000 -0.343114445803011E+001  0.000000000000000E+000 -0.470047513414481E+002
  0.109162560462134E-015  0.902245046978543E+002  0.270108746578657E+000  0.952672558912482E+000  0.297620771402991E+001 -0.699845294442957E+000 -0.205435061870394E+001 -0.343114445803011E+001  0.000000000000000E+000 -0.450142719405670E+002
  0.250551545283559E-014  0.838961381598530E+002  0.303238233896036E+000  0.921685750909248E+000  0.284879000531741E+001 -0.499528397412021E+000 -0.163664499252806E+001 -0.343114445803011E+001  0.000000000000000E+000 -0.418500886715663E+002
  0.348493735073452E-014  0.831746836740136E+002  0.256329739202537E+000  0.960248056698921E+000  0.309620901010002E+001 -0.935550799534540E+000 -0.414455251142511E+000 -0.343114445803011E+001  0.000000000000000E+000 -0.414893614286466E+002
  0.416853322964150E-014  0.827549120302280E+002  0.286378447050445E+000  0.926396766804467E+000  0.292749812532889E+001 -0.608740859524616E+000 -0.159277740319703E+001 -0.343114445803011E+001  0.000000000000000E+000 -0.412794756067538E+002
  0.529021775612533E-014  0.822167783562773E+002  0.264468053408611E+000  0.954512177751299E+000  0.304284547912459E+001 -0.880666671557623E+000 -0.707150741673540E+000 -0.343114445803011E+001  0.000000000000000E+000 -0.410104087697785E+002
  0.651847469510226E-014  0.817376730442459E+002  0.252110659717633E+000  0.966633933460782E+000  0.306568914650786E+001 -0.867276945477716E+000 -0.162982161738826E+001 -0.343114445803011E+001  0.000000000000000E+000 -0.407708561137627E+002
  0.920700481017617E-014  0.809854813656073E+002  0.299075677482456E+000  0.914051148988969E+000  0.284285765766807E+001 -0.386092381840836E+000 -0.283963468510832E+001 -0.343114445803011E+001  0.000000000000000E+000 -0.403947602744435E+002
  0.947818590825375E-013  0.762607111596594E+002  0.254779752783165E+000  0.962459554612968E+000  0.308956864878629E+001 -0.914394375712957E+000 -0.704102824135939E+000 -0.343114445803011E+001  0.000000000000000E+000 -0.380323751714695E+002
  0.105519157404131E-012  0.759845388580464E+002  0.255314735624142E+000  0.961661741437780E+000  0.306904387676353E+001 -0.913035803555332E+000 -0.104401131297786E+001 -0.343114445803011E+001  0.000000000000000E+000 -0.378942890206630E+002
  0.472655325689349E-012  0.729240477380513E+002  0.275702938110936E+000  0.948348192864791E+000  0.298524512947798E+001 -0.811784232238750E+000 -0.808132135088852E+000 -0.343114445803011E+001  0.000000000000000E+000 -0.363640434606654E+002
  0.576470023385532E-012  0.724653905882588E+002  0.293793941212254E+000  0.937257275073720E+000  0.289660337030459E+001 -0.639045905446733E+000 -0.123284527143992E+001 -0.343114445803011E+001  0.000000000000000E+000 -0.361347148857692E+002
  0.615136813270449E-012  0.722740045451100E+002  0.237199805391395E+000  0.994061720784239E+000  0.314877484778578E+001 -0.958639779562644E+000 -0.106222161908605E+001 -0.343114445803011E+001  0.000000000000000E+000 -0.360390218641948E+002
  0.816728805577511E-012  0.716455364342362E+002  0.280638304871259E+000  0.925968026221470E+000  0.294591770445610E+001 -0.662182728334125E+000 -0.148219664027147E+001 -0.343114445803011E+001  0.000000000000000E+000 -0.357247878087579E+002
  0.916397965501392E-012  0.713537058568234E+002  0.278378820174143E+000  0.961345642696527E+000  0.297105937303828E+001 -0.739893579564962E+000 -0.777814836914356E+000 -0.343114445803011E+001  0.000000000000000E+000 -0.355788725200515E+002
  0.172525633612394E-011  0.700268021622918E+002  0.284061528177597E+000  0.940839370542462E+000  0.293625790668947E+001 -0.700289237219016E+000 -0.127316850700497E+001 -0.343114445803011E+001  0.000000000000000E+000 -0.349154206727857E+002
  0.192155113527351E-011  0.697497446394824E+002  0.255257428160663E+000  0.964708068850824E+000  0.303918878860543E+001 -0.744925195489387E+000 -0.197559919633805E+001 -0.343114445803011E+001  0.000000000000000E+000 -0.347768919113810E+002
  0.304398088137351E-011  0.687681344893706E+002  0.263963516611446E+000  0.945860254148769E+000  0.301276716033812E+001 -0.683459047739146E+000 -0.192639695085406E+001 -0.343114445803011E+001  0.000000000000000E+000 -0.342860868363251E+002
  0.128657665692508E-010  0.658237834312852E+002  0.266947760489407E+000  0.956991784740906E+000  0.299542889266691E+001 -0.694274229313335E+000 -0.172752910129004E+001 -0.343114445803011E+001  0.000000000000000E+000 -0.328139113072824E+002
  0.179892990884355E-010  0.650918260010936E+002  0.261610027898926E+000  0.959246874849473E+000  0.304114244403539E+001 -0.892973058433896E+000 -0.830115773281143E+000 -0.343114445803011E+001  0.000000000000000E+000 -0.324479325921866E+002
  0.261529725766130E-010  0.642819111395973E+002  0.297804534026655E+000  0.915101009838071E+000  0.286178070575612E+001 -0.465937796879795E+000 -0.211456201144847E+001 -0.343114445803011E+001  0.000000000000000E+000 -0.320429751614385E+002
  0.275020381230270E-010  0.641197733074988E+002  0.263307115040424E+000  0.943407757620661E+000  0.300675289991155E+001 -0.697575424229121E+000 -0.229082721220376E+001 -0.343114445803011E+001  0.000000000000000E+000 -0.319619062453892E+002
  0.269460330583483E-010  0.640990780408074E+002  0.275459582000967E+000  0.948605613320094E+000  0.295182645329774E+001 -0.621576636137695E+000 -0.193190682760682E+001 -0.343114445803011E+001  0.000000000000000E+000 -0.319515586120435E+002
  0.476429850623747E-010  0.628977361012853E+002  0.237776903655201E+000  0.997273820060931E+000  0.315714498272160E+001 -0.105689387628232E+001 -0.514412041590059E+000 -0.343114445803011E+001  0.000000000000000E+000 -0.313508876422824E+002
  0.886901592866375E-010  0.615933657077201E+002  0.288183674354141E+000  0.926081419202706E+000  0.290851014092997E+001 -0.604119912128315E+000 -0.159034074882067E+001 -0.343114445803011E+001  0.000000000000000E+000 -0.306987024454999E+002
  0.971930737039670E-010  0.613487213676710E+002  0.259509927132438E+000  0.957070212431559E+000  0.307274682267487E+001 -0.879282145169027E+000 -0.513853623102728E+000 -0.343114445803011E+001  0.000000000000000E+000 -0.305763802754753E+002
  0.138287828147559E-009  0.605819025032221E+002  0.270667762324607E+000  0.965330442929208E+000  0.297339875803055E+001 -0.704974326541424E+000 -0.155934348575304E+001 -0.343114445803011E+001  0.000000000000000E+000 -0.301929708432509E+002
  0.179213497665415E-009  0.600018779954837E+002  0.278777600192797E+000  0.946534924600553E+000  0.293019462039966E+001 -0.583057863220444E+000 -0.217071973679300E+001 -0.343114445803011E+001  0.000000000000000E+000 -0.299029585893817E+002
  0.255159341496486E-009  0.592337138799000E+002  0.257117373504385E+000  0.958142662736541E+000  0.305958687290148E+001 -0.892930927268955E+000 -0.973753113078299E+000 -0.343114445803011E+001  0.000000000000000E+000 -0.295188765315898E+002
  0.280322191262005E-009  0.589840677503735E+002  0.244405301052117E+000  0.977815719733524E+000  0.311290998680824E+001 -0.957764074031509E+000 -0.108662650970069E+001 -0.343114445803011E+001  0.000000000000000E+000 -0.293940534668266E+002
  0.462548358545325E-009  0.579209014614720E+002  0.259086443432149E+000  0.944195896185970E+000  0.303499273919396E+001 -0.727865842442529E+000 -0.209192037334290E+001 -0.343114445803011E+001  0.000000000000000E+000 -0.288624703223758E+002
  0.470046780682238E-009  0.578271959189106E+002  0.298303287209029E+000  0.915876862818648E+000  0.286007543299372E+001 -0.513342576618672E+000 -0.206910260689778E+001 -0.343114445803011E+001  0.000000000000000E+000 -0.288156175510951E+002
  0.139256502723621E-008  0.555935117100003E+002  0.255606088746997E+000  0.964035845897832E+000  0.309534053292798E+001 -0.937851509353404E+000 -0.435497847516571E+000 -0.343114445803011E+001  0.000000000000000E+000 -0.276987754466399E+002
  0.173152537278131E-008  0.550962576957241E+002  0.282344627638767E+000  0.914061384417480E+000  0.292176793709494E+001 -0.507927834257254E+000 -0.261601975467052E+001 -0.343114445803011E+001  0.000000000000000E+000 -0.274501484395018E+002
  0.188131049394348E-008  0.548687826446866E+002  0.251200986415617E+000  0.970122307431230E+000  0.307943714178043E+001 -0.890054328996165E+000 -0.107649652584975E+001 -0.343114445803011E+001  0.000000000000000E+000 -0.273364109139831E+002
  0.204463621950293E-008  0.546407367660528E+002  0.274034339285199E+000  0.930094516653992E+000  0.297675966250086E+001 -0.717162216376342E+000 -0.150341167888171E+001 -0.343114445803011E+001  0.000000000000000E+000 -0.272223879746662E+002
  0.345861496736838E-008  0.535278967995530E+002  0.276552988630985E+000  0.959030806067648E+000  0.294828167425614E+001 -0.712937434691454E+000 -0.141470874372912E+001 -0.343114445803011E+001  0.000000000000000E+000 -0.266659679914163E+002
  0.423516234873263E-008  0.530612465784381E+002  0.291013643844955E+000  0.907833390933716E+000  0.289057600980625E+001 -0.492622637713717E+000 -0.230837343211449E+001 -0.343114445803011E+001  0.000000000000000E+000 -0.264326428808589E+002
  0.687987230425738E-008  0.520293464031561E+002  0.264783969953177E+000  0.962095137566075E+000  0.299730308551491E+001 -0.762231057006586E+000 -0.164222474113518E+001 -0.343114445803011E+001  0.000000000000000E+000 -0.259166927932179E+002
  0.736615680479804E-008  0.518312110576293E+002  0.250080013010851E+000  0.975304557559555E+000  0.306870836780726E+001 -0.843505298112993E+000 -0.165080824023714E+001 -0.343114445803011E+001  0.000000000000000E+000 -0.258176251204544E+002
  0.977124685814821E-008  0.512045717931558E+002  0.285547334721450E+000  0.938653389068442E+000  0.290412439452578E+001 -0.563021735950894E+000 -0.214986863821828E+001 -0.343114445803011E+001  0.000000000000000E+000 -0.255043054882177E+002
  0.104949388258351E-007  0.510001303851082E+002  0.269992392092100E+000  0.958566962896293E+000  0.297751886799232E+001 -0.727218486892831E+000 -0.148526678233545E+001 -0.343114445803011E+001  0.000000000000000E+000 -0.254020847841939E+002
  0.413296530929248E-007  0.481972128467159E+002  0.269509476058134E+000  0.948955763590948E+000  0.297264038689964E+001 -0.680337104282440E+000 -0.204165095038979E+001 -0.343114445803011E+001  0.000000000000000E+000 -0.240006260149977E+002
  0.431389558690004E-007  0.480499771244725E+002  0.294680366621823E+000  0.912578010074793E+000  0.288430828070630E+001 -0.517199801950243E+000 -0.186087215328424E+001 -0.343114445803011E+001  0.000000000000000E+000 -0.239270081538761E+002
  0.548678349521791E-007  0.475074320968002E+002  0.286784909623169E+000  0.933428331852540E+000  0.291003957758882E+001 -0.634139625549453E+000 -0.167005090408612E+001 -0.343114445803011E+001  0.000000000000000E+000 -0.236557356400399E+002
  0.766628908853320E-007  0.467769078250711E+002  0.263278079108986E+000  0.976266497849494E+000  0.302089795762852E+001 -0.812964191837644E+000 -0.109136574248278E+001 -0.343114445803011E+001  0.000000000000000E+000 -0.232904735041753E+002
  0.948084727595931E-007  0.462904824864418E+002  0.271607571070058E+000  0.959668855911982E+000  0.295925303798658E+001 -0.668063335352838E+000 -0.205178750031626E+001 -0.343114445803011E+001  0.000000000000000E+000 -0.230472608348607E+002
  0.149520108017921E-006  0.453177949586886E+002  0.271824592482155E+000  0.931564705516099E+000  0.299138988048861E+001 -0.696094878036401E+000 -0.150978961170872E+001 -0.343114445803011E+001  0.000000000000000E+000 -0.225609170709841E+002
  0.347532254045689E-006  0.435693984563212E+002  0.240021200732958E+000  0.981308426472420E+000  0.315977338479277E+001 -0.104053752978612E+001 -0.495223617051604E+000 -0.343114445803011E+001  0.000000000000000E+000 -0.216867188198004E+002
  0.337499007413473E-006  0.435664449565559E+002  0.276447011628753E+000  0.959417018279897E+000  0.295088718150045E+001 -0.700882133884386E+000 -0.141602500620010E+001 -0.343114445803011E+001  0.000000000000000E+000 -0.216852420699177E+002
  0.372680878576299E-006  0.433065817777759E+002  0.284259621388043E+000  0.933837626063857E+000  0.293940406240029E+001 -0.700125288172301E+000 -0.115536732606741E+001 -0.343114445803011E+001  0.000000000000000E+000 -0.215553104805278E+002
  0.607122703709030E-006  0.422690216236687E+002  0.293370394081850E+000  0.922219477939919E+000  0.289580397245448E+001 -0.599770117971183E+000 -0.150970604003402E+001 -0.343114445803011E+001  0.000000000000000E+000 -0.210365304034742E+002
  0.612963439156162E-006  0.421883295598343E+002  0.257075497302599E+000  0.953721886973666E+000  0.305683889732145E+001 -0.843545132218169E+000 -0.117086535805649E+001 -0.343114445803011E+001  0.000000000000000E+000 -0.209961843715570E+002
  0.966248888134031E-006  0.412165539274465E+002  0.287211670422420E+000  0.921753645304733E+000  0.292564461471162E+001 -0.614606498046145E+000 -0.142194028474007E+001 -0.343114445803011E+001  0.000000000000000E+000 -0.205102965553631E+002
  0.964047781609272E-006  0.411595717897768E+002  0.287113891627826E+000  0.916335053783521E+000  0.291512610410779E+001 -0.565702596331977E+000 -0.185358558936918E+001 -0.343114445803011E+001  0.000000000000000E+000 -0.204818054865282E+002
  0.974494002656102E-006  0.410764734618757E+002  0.269640858255520E+000  0.964851489180635E+000  0.297960474311896E+001 -0.769849803294966E+000 -0.145740264819565E+001 -0.343114445803011E+001  0.000000000000000E+000 -0.204402563225777E+002
  0.108203285936539E-005  0.408055732177545E+002  0.270686250911447E+000  0.946334142746932E+000  0.298108698197074E+001 -0.732024778570437E+000 -0.169674450427132E+001 -0.343114445803011E+001  0.000000000000000E+000 -0.203048062005170E+002
  0.129738726119913E-005  0.403810081124786E+002  0.285537159381118E+000  0.935277203853231E+000  0.292658718512169E+001 -0.660012114822275E+000 -0.143451200732277E+001 -0.343114445803011E+001  0.000000000000000E+000 -0.200925236478791E+002
  0.139094067718246E-005  0.401802091523571E+002  0.253264902282058E+000  0.970358974367857E+000  0.309656333244362E+001 -0.953162342973821E+000 -0.433795330562462E+000 -0.343114445803011E+001  0.000000000000000E+000 -0.199921241678184E+002
  0.140374408911979E-005  0.401003403313123E+002  0.257616298678005E+000  0.962916126643107E+000  0.307839147524684E+001 -0.910338660340630E+000 -0.580215481239974E+000 -0.343114445803011E+001  0.000000000000000E+000 -0.199521897572960E+002
  0.140192810739637E-005  0.400413860291592E+002  0.264671440135278E+000  0.946783973574626E+000  0.301036911892558E+001 -0.767913803173037E+000 -0.162029013486655E+001 -0.343114445803011E+001  0.000000000000000E+000 -0.199227126062194E+002
  0.426369361769760E-005  0.377552680671687E+002  0.268008348826484E+000  0.968027763908508E+000  0.300927650220809E+001 -0.858797457749139E+000 -0.764965733019769E+000 -0.343114445803011E+001  0.000000000000000E+000 -0.187796536252241E+002
  0.428694654935228E-005  0.376828469729568E+002  0.265025571349839E+000  0.970022913087654E+000  0.301706183730991E+001 -0.843738757190997E+000 -0.102338766393363E+001 -0.343114445803011E+001  0.000000000000000E+000 -0.187434430781182E+002
  0.547748754555711E-005  0.371311600570667E+002  0.269577735425859E+000  0.939406429190952E+000  0.297715603735304E+001 -0.645111875254996E+000 -0.213081744935916E+001 -0.343114445803011E+001  0.000000000000000E+000 -0.184675996201731E+002
  0.638127948745752E-005  0.367641725294646E+002  0.263558698709002E+000  0.944333700770650E+000  0.301986908468990E+001 -0.762854154230991E+000 -0.149176228544563E+001 -0.343114445803011E+001  0.000000000000000E+000 -0.182841058563721E+002
  0.638672913625699E-005  0.367009219297220E+002  0.256562150065364E+000  0.965880769411174E+000  0.305408344804490E+001 -0.837045259845361E+000 -0.137661683519401E+001 -0.343114445803011E+001  0.000000000000000E+000 -0.182524805565008E+002
  0.746958120951618E-005  0.363261452733642E+002  0.262509902509769E+000  0.979407861562276E+000  0.305273808331792E+001 -0.896617670266156E+000 -0.422652798359333E+000 -0.343114445803011E+001  0.000000000000000E+000 -0.180650922283219E+002
  0.123579853818187E-004  0.352576749377189E+002  0.287063757327801E+000  0.916786885124501E+000  0.290828647244268E+001 -0.544221368363989E+000 -0.216389859015021E+001 -0.343114445803011E+001  0.000000000000000E+000 -0.175308570604992E+002
  0.136839350548516E-004  0.349922914657983E+002  0.270498155189743E+000  0.933679839210104E+000  0.299103507795541E+001 -0.686641485840995E+000 -0.166187240186275E+001 -0.343114445803011E+001  0.000000000000000E+000 -0.173981653245389E+002
  0.136920866689758E-004  0.349295570894501E+002  0.261046430249708E+000  0.946277627584867E+000  0.304213566536392E+001 -0.815531748607250E+000 -0.119969047447903E+001 -0.343114445803011E+001  0.000000000000000E+000 -0.173667981363648E+002
  0.174233105596397E-004  0.343860318792588E+002  0.285126529538262E+000  0.929210685854839E+000  0.293196179563050E+001 -0.624291157102316E+000 -0.142094417385523E+001 -0.343114445803011E+001  0.000000000000000E+000 -0.170950355312692E+002
  0.398384992973227E-004  0.326704390283426E+002  0.282015554930347E+000  0.939524425991879E+000  0.292635059892495E+001 -0.622187417216941E+000 -0.173718158643606E+001 -0.343114445803011E+001  0.000000000000000E+000 -0.162372391058111E+002
  0.441214973506637E-004  0.324046689746477E+002  0.246958254607712E+000  0.977333636410510E+000  0.312145500976705E+001 -0.995766523015535E+000 -0.507118122996952E+000 -0.343114445803011E+001  0.000000000000000E+000 -0.161043540789636E+002
  0.557175204145188E-004  0.319388932732389E+002  0.262575616256885E+000  0.971682653047117E+000  0.302014996880805E+001 -0.821252978365707E+000 -0.109645383658267E+001 -0.343114445803011E+001  0.000000000000000E+000 -0.159694466366195E+002
  0.609221604035545E-004  0.316901059471094E+002  0.273854389789123E+000  0.935391761626087E+000  0.297306555717772E+001 -0.670197565606946E+000 -0.159235293296428E+001 -0.343114445803011E+001  0.000000000000000E+000 -0.158450529735547E+002
  0.678262136277473E-004  0.313374166810503E+002  0.247129775898550E+000  0.974876767205460E+000  0.312816771884431E+001 -0.995787975661292E+000 -0.439575461362880E+000 -0.343114445803011E+001  0.000000000000000E+000 -0.156687083405251E+002
  0.125303028955380E-003  0.300420410110291E+002  0.276846734863336E+000  0.935921676954236E+000  0.296722340992628E+001 -0.681818111132337E+000 -0.144755199094214E+001 -0.343114445803011E+001  0.000000000000000E+000 -0.150210205055146E+002
  0.138011115892926E-003  0.297810395144262E+002  0.240575568607489E+000  0.999926324356267E+000  0.314264317059724E+001 -0.102953753861805E+001 -0.668012383276068E+000 -0.343114445803011E+001  0.000000000000000E+000 -0.148905197572131E+002
  0.137881250827893E-003  0.297151192478661E+002  0.249858805541230E+000  0.966963435238399E+000  0.307870151545181E+001 -0.845865698291505E+000 -0.157094689004252E+001 -0.343114445803011E+001  0.000000000000000E+000 -0.148575596239331E+002
  0.137149472382112E-003  0.296579590307218E+002  0.286382249444904E+000  0.931862472077634E+000  0.291842737642016E+001 -0.631227797944286E+000 -0.160023876437465E+001 -0.343114445803011E+001  0.000000000000000E+000 -0.148289795153609E+002
  0.136686477351303E-003  0.295969190345877E+002  0.284635332650790E+000  0.936636149816192E+000  0.292663770641825E+001 -0.663188831584278E+000 -0.146449115997218E+001 -0.343114445803011E+001  0.000000000000000E+000 -0.147984595172939E+002
  0.178863787420922E-003  0.289912464606814E+002  0.268120820382052E+000  0.950302735678905E+000  0.299858423817075E+001 -0.722651104625450E+000 -0.153079018673858E+001 -0.343114445803011E+001  0.000000000000000E+000 -0.144956232303407E+002
  0.226445360962432E-003  0.283861054480113E+002  0.249170303971391E+000  0.983667858583496E+000  0.308962367665466E+001 -0.905026545768891E+000 -0.114152516376037E+001 -0.343114445803011E+001  0.000000000000000E+000 -0.141930527240056E+002
  0.220578960188040E-003  0.283730217163480E+002  0.256198579590704E+000  0.977882061239385E+000  0.304551198086151E+001 -0.849543749719428E+000 -0.141694378840008E+001 -0.343114445803011E+001  0.000000000000000E+000 -0.141865108581740E+002
  0.301422232974587E-003  0.276829294261607E+002  0.262706775056635E+000  0.944270447822003E+000  0.302599329438206E+001 -0.769025776877347E+000 -0.151293623221268E+001 -0.343114445803011E+001  0.000000000000000E+000 -0.138414647130804E+002
  0.499906890629488E-003  0.265420327574996E+002  0.250838019687296E+000  0.971719139354558E+000  0.309786800672026E+001 -0.959291359418090E+000 -0.668103714375946E+000 -0.343114445803011E+001  0.000000000000000E+000 -0.132710163787498E+002
  0.786369068467040E-003  0.255725266155894E+002  0.278307754251764E+000  0.934792709246286E+000  0.295229389231894E+001 -0.642238879736414E+000 -0.162656008297620E+001 -0.343114445803011E+001  0.000000000000000E+000 -0.127862633077947E+002
  0.861372560512707E-003  0.253268274537454E+002  0.262202777422316E+000  0.959536710476356E+000  0.301492771554537E+001 -0.743512779259095E+000 -0.165429371198787E+001 -0.343114445803011E+001  0.000000000000000E+000 -0.126634137268727E+002
  0.938002005823546E-003  0.250928801174756E+002  0.286418411300269E+000  0.927517622310950E+000  0.291571253375677E+001 -0.608865928582644E+000 -0.174392769267114E+001 -0.343114445803011E+001  0.000000000000000E+000 -0.125464400587378E+002
  0.109044539131464E-002  0.247282038803687E+002  0.273271437012337E+000  0.943416321434913E+000  0.297623893399887E+001 -0.738796757029031E+000 -0.136507113280685E+001 -0.343114445803011E+001  0.000000000000000E+000 -0.123641019401843E+002
  0.107082951507478E-002  0.247010117493543E+002  0.247511302234816E+000  0.988903460424585E+000  0.308719790612017E+001 -0.900216969092409E+000 -0.137033193097400E+001 -0.343114445803011E+001  0.000000000000000E+000 -0.123505058746771E+002
  0.127603824608512E-002  0.242868612286523E+002  0.261548893204101E+000  0.954488469197789E+000  0.302947989454549E+001 -0.763704958132633E+000 -0.144577760235208E+001 -0.343114445803011E+001  0.000000000000000E+000 -0.121434306143262E+002
  0.128938796655539E-002  0.242025488252949E+002  0.264544543702114E+000  0.947701490358232E+000  0.301549730181955E+001 -0.740182156664588E+000 -0.149428380718113E+001 -0.343114445803011E+001  0.000000000000000E+000 -0.121012744126475E+002
  0.133429428811578E-002  0.241340790899169E+002  0.255630750053064E+000  0.972126789156955E+000  0.305960618671865E+001 -0.857834471789925E+000 -0.102447139105845E+001 -0.343114445803011E+001  0.000000000000000E+000 -0.120670395449584E+002
  0.139271493336174E-002  0.239827944389317E+002  0.247758237319628E+000  0.974722540082393E+000  0.310471734042708E+001 -0.954807943885696E+000 -0.891836912211603E+000 -0.343114445803011E+001  0.000000000000000E+000 -0.119913972194659E+002
  0.148899927038879E-002  0.237835163291180E+002  0.259375185503060E+000  0.949783643940930E+000  0.303892734595138E+001 -0.780033527215819E+000 -0.156749679152520E+001 -0.343114445803011E+001  0.000000000000000E+000 -0.118917581645590E+002
  0.173188147787075E-002  0.234157284568575E+002  0.266271726358532E+000  0.959123175615654E+000  0.301041104058385E+001 -0.775971045826955E+000 -0.113119874981330E+001 -0.343114445803011E+001  0.000000000000000E+000 -0.117078642284288E+002
  0.242231926975715E-002  0.226791146509233E+002  0.276319007422607E+000  0.939653593442012E+000  0.295826381959250E+001 -0.658668201393105E+000 -0.173561220607084E+001 -0.343114445803011E+001  0.000000000000000E+000 -0.113395573254617E+002
  0.234685927358492E-002  0.226768300096910E+002  0.247194370140984E+000  0.985513362911152E+000  0.311343614734324E+001 -0.964515999563322E+000 -0.588919750555642E+000 -0.343114445803011E+001  0.000000000000000E+000 -0.113384150048455E+002
  0.323530348429989E-002  0.219691608012973E+002  0.253459859492386E+000  0.965516924632833E+000  0.308608008872218E+001 -0.893940630615623E+000 -0.825804211288471E+000 -0.343114445803011E+001  0.000000000000000E+000 -0.109845804006487E+002
  0.466143821492951E-002  0.211731785676212E+002  0.275711158018549E+000  0.951345897419795E+000  0.296305874334497E+001 -0.699893570065143E+000 -0.137024324866210E+001 -0.343114445803011E+001  0.000000000000000E+000 -0.105865892838106E+002
  0.567014163976782E-002  0.207813984323173E+002  0.266565508419941E+000  0.942336263553727E+000  0.300899109662465E+001 -0.735280090548091E+000 -0.150357709859502E+001 -0.343114445803011E+001  0.000000000000000E+000 -0.103906992161586E+002
  0.580212801491850E-002  0.206675740261681E+002  0.264923990140067E+000  0.957797868570472E+000  0.301956188825452E+001 -0.815536868745362E+000 -0.117617850886889E+001 -0.343114445803011E+001  0.000000000000000E+000 -0.103337870130841E+002
  0.602658365588533E-002  0.205916629403621E+002  0.256274269115779E+000  0.970131543835032E+000  0.306219505844165E+001 -0.908037328809863E+000 -0.853806113251009E+000 -0.343114445803011E+001  0.000000000000000E+000 -0.102958314701811E+002
  0.698396632913779E-002  0.202266068905506E+002  0.245908652818754E+000  0.993185535126186E+000  0.310214994430255E+001 -0.944372296551888E+000 -0.973750535199711E+000 -0.343114445803011E+001  0.000000000000000E+000 -0.101133034452753E+002
  0.122347521418232E-001  0.190350973685675E+002  0.263813071481574E+000  0.967430531786633E+000  0.302652100154112E+001 -0.843905076870085E+000 -0.977022230778484E+000 -0.343114445803011E+001  0.000000000000000E+000 -0.951754868428375E+001
  0.129642573641834E-001  0.188490833314660E+002  0.242114829835637E+000  0.983377280575914E+000  0.313682652262714E+001 -0.986082974309343E+000 -0.812911588090446E+000 -0.343114445803011E+001  0.000000000000000E+000 -0.942454166573299E+001
  0.125571743760777E-001  0.188427086351025E+002  0.237300220366455E+000  0.993977214611745E+000  0.315784132091772E+001 -0.102429608365619E+001 -0.788008104044057E+000 -0.343114445803011E+001  0.000000000000000E+000 -0.942135431755125E+001
  0.193260675447444E-001  0.179102006576451E+002  0.277433057390685E+000  0.940105683137449E+000  0.295646911669648E+001 -0.669148254862946E+000 -0.158169240725707E+001 -0.343114445803011E+001  0.000000000000000E+000 -0.895510032882258E+001
  0.267236609879868E-001  0.171918289825904E+002  0.280886524662574E+000  0.935731639369529E+000  0.293970887997256E+001 -0.642488323396895E+000 -0.165923030904139E+001 -0.343114445803011E+001  0.000000000000000E+000 -0.859591449129522E+001
  0.298255621360551E-001  0.169020134163399E+002  0.246191090236636E+000  0.977789222262003E+000  0.311524959090239E+001 -0.945460455255821E+000 -0.897023796982395E+000 -0.343114445803011E+001  0.000000000000000E+000 -0.845100670816997E+001
  0.294985376139006E-001  0.168538810285446E+002  0.252686345189330E+000  0.982361657726032E+000  0.306500692008395E+001 -0.886137074926531E+000 -0.115409493992033E+001 -0.343114445803011E+001  0.000000000000000E+000 -0.842694051427228E+001
  0.318910993288814E-001  0.166277258624265E+002  0.265995948102960E+000  0.955514149915153E+000  0.301302127444344E+001 -0.767082491211608E+000 -0.127142518226987E+001 -0.343114445803011E+001  0.000000000000000E+000 -0.831386293121323E+001
  0.349104956298421E-001  0.163766220919606E+002  0.269410889212634E+000  0.940527624017301E+000  0.299717820356931E+001 -0.731895644909526E+000 -0.145177857356160E+001 -0.343114445803011E+001  0.000000000000000E+000 -0.818831104598033E+001
  0.394660895331900E-001  0.161313135079924E+002  0.259620881325012E+000  0.956667276444020E+000  0.305052410405588E+001 -0.850048071287588E+000 -0.104482026770544E+001 -0.343114445803011E+001  0.000000000000000E+000 -0.806565675399619E+001
  0.422824140401714E-001  0.159207193286201E+002  0.250857049544976E+000  0.989653105795172E+000  0.309169995969851E+001 -0.958662087992801E+000 -0.661058401799057E+000 -0.343114445803011E+001  0.000000000000000E+000 -0.796035966431007E+001
  0.471576258800335E-001  0.156297350868546E+002  0.248966697542693E+000  0.992318584595991E+000  0.309401219980380E+001 -0.944079415544451E+000 -0.792347124925183E+000 -0.343114445803011E+001  0.000000000000000E+000 -0.781486754342728E+001
  0.457279271494301E-001  0.156185728464522E+002  0.257223001350748E+000  0.975633531462752E+000  0.304562071697018E+001 -0.846417812560647E+000 -0.126745395113649E+001 -0.343114445803011E+001  0.000000000000000E+000 -0.780928642322609E+001
  0.495071395111010E-001  0.153870221919030E+002  0.266762680123027E+000  0.958518079386286E+000  0.302735467240425E+001 -0.825964997501689E+000 -0.745791736621475E+000 -0.343114445803011E+001  0.000000000000000E+000 -0.769351109595150E+001
  0.636666546689389E-001  0.148111987851395E+002  0.246733648546563E+000  0.979503117092299E+000  0.309846614545460E+001 -0.897303235710853E+000 -0.130325658385647E+001 -0.343114445803011E+001  0.000000000000000E+000 -0.740559939256974E+001
  0.732016482473804E-001  0.145320848114956E+002  0.270772479368322E+000  0.951548111430340E+000  0.298419275017951E+001 -0.755919241250576E+000 -0.138649182541590E+001 -0.343114445803011E+001  0.000000000000000E+000 -0.726604240574778E+001
  0.710513788013592E-001  0.145162335101868E+002  0.255415890540840E+000  0.969781847215523E+000  0.305600661009797E+001 -0.838809030400756E+000 -0.123946418971500E+001 -0.343114445803011E+001  0.000000000000000E+000 -0.725811675509339E+001
  0.768743386797351E-001  0.142832151279738E+002  0.251075024026042E+000  0.986001074289429E+000  0.307801126137703E+001 -0.920693082536664E+000 -0.104314391863810E+001 -0.343114445803011E+001  0.000000000000000E+000 -0.714160756398691E+001
  0.852661412760069E-001  0.140005238416634E+002  0.260072089135641E+000  0.958308252343400E+000  0.305183357707434E+001 -0.842812158849018E+000 -0.927197517350548E+000 -0.343114445803011E+001  0.000000000000000E+000 -0.700026192083172E+001
  0.871403316740602E-001  0.138815584093365E+002  0.258550171853191E+000  0.972833964220516E+000  0.303337297848520E+001 -0.809251179327038E+000 -0.145092276221820E+001 -0.343114445803011E+001  0.000000000000000E+000 -0.694077920466825E+001
  0.867404241292769E-001  0.138152773510616E+002  0.245940835861432E+000  0.977540507917620E+000  0.310966937374158E+001 -0.933180033872233E+000 -0.108193058239415E+001 -0.343114445803011E+001  0.000000000000000E+000 -0.690763867553082E+001
  0.932865842430566E-001  0.135942841393960E+002  0.271263643707883E+000  0.943491695611911E+000  0.298716667711067E+001 -0.729044749203770E+000 -0.136856425028198E+001 -0.343114445803011E+001  0.000000000000000E+000 -0.679714206969800E+001
  0.919092320531218E-001  0.135485531314194E+002  0.265452335381936E+000  0.961357605423932E+000  0.303324182408238E+001 -0.855387657548978E+000 -0.660004519942999E+000 -0.343114445803011E+001  0.000000000000000E+000 -0.677427656570968E+001
  0.886455569551163E-001  0.135453836146498E+002  0.259971299019495E+000  0.972461108906124E+000  0.305327426917037E+001 -0.907601106473455E+000 -0.619043458746635E+000 -0.343114445803011E+001  0.000000000000000E+000 -0.677269180732489E+001
  0.103911111126005E+000  0.131521231173833E+002  0.275021783302556E+000  0.950638135006601E+000  0.297176526946114E+001 -0.747414419486659E+000 -0.119062460237630E+001 -0.343114445803011E+001  0.000000000000000E+000 -0.657606155869167E+001
  0.135136514850533E+000  0.126266238060856E+002  0.260400319682647E+000  0.967351811926760E+000  0.303575651590110E+001 -0.813647810185785E+000 -0.116646255172279E+001 -0.343114445803011E+001  0.000000000000000E+000 -0.631331190304281E+001
  0.135291787374894E+000  0.125458856890829E+002  0.242877571704726E+000  0.993790424289373E+000  0.314272717645032E+001 -0.102867883067073E+001 -0.405829482771704E+000 -0.343114445803011E+001  0.000000000000000E+000 -0.627294284454145E+001
  0.142726881766669E+000  0.123604461580485E+002  0.272540829958011E+000  0.950756604109689E+000  0.297578947706234E+001 -0.738826567675842E+000 -0.142040875116345E+001 -0.343114445803011E+001  0.000000000000000E+000 -0.618022307902427E+001
  0.147707305308846E+000  0.122918466331666E+002  0.262296598743862E+000  0.955509026269410E+000  0.301855207719923E+001 -0.762101734535874E+000 -0.159106544562426E+001 -0.343114445803011E+001  0.000000000000000E+000 -0.614592331658330E+001
  0.143381792248349E+000  0.122696460449895E+002  0.260593402614701E+000  0.968674706248364E+000  0.303724179974402E+001 -0.823322424625927E+000 -0.108979848114623E+001 -0.343114445803011E+001  0.000000000000000E+000 -0.613482302249474E+001
  0.150375980988096E+000  0.120927465568488E+002  0.260538839591970E+000  0.970899343640871E+000  0.302422484569851E+001 -0.804394127436876E+000 -0.142831697628742E+001 -0.343114445803011E+001  0.000000000000000E+000 -0.604637327842440E+001
  0.151964147436373E+000  0.120717347108293E+002  0.251586436698781E+000  0.974550631506252E+000  0.309644866663068E+001 -0.956120175764116E+000 -0.609023530451175E+000 -0.343114445803011E+001  0.000000000000000E+000 -0.603586735541463E+001
  0.170223280552704E+000  0.117596827431992E+002  0.256654677459881E+000  0.972806885957312E+000  0.306169707978363E+001 -0.904395876917975E+000 -0.788868992903693E+000 -0.343114445803011E+001  0.000000000000000E+000 -0.587984137159962E+001
  0.178380508575875E+000  0.115809475803135E+002  0.273860238008696E+000  0.945015890541540E+000  0.297888777535920E+001 -0.734573900823583E+000 -0.122277145957286E+001 -0.343114445803011E+001  0.000000000000000E+000 -0.579047379015673E+001
  0.177744360608537E+000  0.115029735828148E+002  0.261053301400058E+000  0.968407619550891E+000  0.302786240878697E+001 -0.809535855511236E+000 -0.133031267078324E+001 -0.343114445803011E+001  0.000000000000000E+000 -0.575148679140739E+001
  0.204149281265899E+000  0.112259632718230E+002  0.244430104225239E+000  0.991828493171302E+000  0.312388724288368E+001 -0.101198383136908E+001 -0.622918901612047E+000 -0.343114445803011E+001  0.000000000000000E+000 -0.561298163591149E+001
  0.195876147438651E+000  0.112197976236170E+002  0.253912965724299E+000  0.974476753967310E+000  0.306385026960805E+001 -0.889075222375336E+000 -0.116422585701960E+001 -0.343114445803011E+001  0.000000000000000E+000 -0.560989881180852E+001
  0.201998735291560E+000  0.110693363429256E+002  0.255409816910449E+000  0.973580139041448E+000  0.307811578520156E+001 -0.932765806282115E+000 -0.624334620990168E+000 -0.343114445803011E+001  0.000000000000000E+000 -0.553466817146279E+001
  0.210924557559905E+000  0.109828581709602E+002  0.268339624502620E+000  0.949522997875702E+000  0.299956119555084E+001 -0.770767882933081E+000 -0.131884212841610E+001 -0.343114445803011E+001  0.000000000000000E+000 -0.549142908548012E+001
  0.225296353692727E+000  0.107579858584010E+002  0.271361794115254E+000  0.950843976907135E+000  0.298266523934933E+001 -0.732571434050380E+000 -0.144978970834241E+001 -0.343114445803011E+001  0.000000000000000E+000 -0.537899292920053E+001
  0.244545391255844E+000  0.105940173025685E+002  0.261703866024607E+000  0.970197716166147E+000  0.302956913801542E+001 -0.839363132837134E+000 -0.101939312462359E+001 -0.343114445803011E+001  0.000000000000000E+000 -0.529700865128425E+001
  0.297178024631335E+000  0.101065761186910E+002  0.250044041438179E+000  0.979548071056180E+000  0.309149617239905E+001 -0.946734867085512E+000 -0.873631214610493E+000 -0.343114445803011E+001  0.000000000000000E+000 -0.505328805934552E+001
  0.304314212907780E+000  0.996153700246357E+001  0.249524595933723E+000  0.987255428151771E+000  0.310104758729393E+001 -0.985405154056415E+000 -0.558900805253123E+000 -0.343114445803011E+001  0.000000000000000E+000 -0.498076850123178E+001
  0.356062987718336E+000  0.954986290554761E+001  0.263285998592105E+000  0.966105773481890E+000  0.302039415785431E+001 -0.831209398925284E+000 -0.114229571020282E+001 -0.343114445803011E+001  0.000000000000000E+000 -0.477493145277381E+001
  0.375584005985539E+000  0.944311387182800E+001  0.257228911465107E+000  0.978172351837658E+000  0.307226061430163E+001 -0.926024049865314E+000 -0.494751186280988E+000 -0.343114445803011E+001  0.000000000000000E+000 -0.472155693591400E+001
  0.370141994363246E+000  0.936971820962702E+001  0.262024782801010E+000  0.972739557128334E+000  0.303432079000797E+001 -0.871317882948638E+000 -0.849645707633258E+000 -0.343114445803011E+001  0.000000000000000E+000 -0.468485910481351E+001
  0.451451230880813E+000  0.886997031947634E+001  0.258419783205628E+000  0.976554021246741E+000  0.304839804881662E+001 -0.875372750121945E+000 -0.950273056797855E+000 -0.343114445803011E+001  0.000000000000000E+000 -0.443498515973817E+001
  0.452243267992102E+000  0.886646454483644E+001  0.255070402073652E+000  0.984186404129334E+000  0.307026922677367E+001 -0.934297939967299E+000 -0.663694245031656E+000 -0.343114445803011E+001  0.000000000000000E+000 -0.443323227241822E+001
  0.474001245431938E+000  0.877248512361614E+001  0.249653205580956E+000  0.978518434287221E+000  0.308530894960723E+001 -0.908535222298701E+000 -0.117279909989961E+001 -0.343114445803011E+001  0.000000000000000E+000 -0.438624256180807E+001
  0.533513243643151E+000  0.842162040529241E+001  0.250678469127919E+000  0.981560963708351E+000  0.308990301130500E+001 -0.919731538449449E+000 -0.822340123946774E+000 -0.343114445803011E+001  0.000000000000000E+000 -0.421081020264621E+001
  0.477487673479476E+000  0.831847364554120E+001  0.245356597073045E+000  0.986792411126851E+000  0.311515944450063E+001 -0.975707610312459E+000 -0.832077026433127E+000 -0.343114445803011E+001  0.000000000000000E+000 -0.415923682277060E+001
  0.520768078451718E+000  0.794477382675631E+001  0.257809035160532E+000  0.967407952370775E+000  0.305658878456631E+001 -0.882962061761255E+000 -0.871229097375025E+000 -0.343114445803011E+001  0.000000000000000E+000 -0.397238691337815E+001
  0.595177809242300E+000  0.739813913351710E+001  0.252359987290982E+000  0.982046846015781E+000  0.309228902570110E+001 -0.960628386422767E+000 -0.540756086918514E+000 -0.343114445803011E+001  0.000000000000000E+000 -0.369906956675855E+001
  0.637634857843045E+000  0.717142441555434E+001  0.261904276362259E+000  0.956076758808160E+000  0.302940571939911E+001 -0.791336437873191E+000 -0.135254078640876E+001 -0.343114445803011E+001  0.000000000000000E+000 -0.358571220777717E+001
  0.614559225817813E+000  0.707112264460041E+001  0.256432249369569E+000  0.968251630356417E+000  0.306762112017773E+001 -0.899422838450878E+000 -0.777423730409255E+000 -0.343114445803011E+001  0.000000000000000E+000 -0.353556132230020E+001
  0.631756721930217E+000  0.693080525271590E+001  0.254005267117427E+000  0.967118764578478E+000  0.307466283615332E+001 -0.883829939462986E+000 -0.987852017210872E+000 -0.343114445803011E+001  0.000000000000000E+000 -0.346540262635795E+001
  0.616002049445693E+000  0.689619421555020E+001  0.253956707396005E+000  0.971760750050946E+000  0.307153258836222E+001 -0.900212343293271E+000 -0.943791237688783E+000 -0.343114445803011E+001  0.000000000000000E+000 -0.344809710777510E+001
  0.660857584479454E+000  0.658885485478714E+001  0.248596897799271E+000  0.983928483848914E+000  0.309691322261429E+001 -0.953727471775323E+000 -0.855580097994172E+000 -0.343114445803011E+001  0.000000000000000E+000 -0.329442742739357E+001
  0.661245354174588E+000  0.650603767508223E+001  0.261552907338424E+000  0.972118481597803E+000  0.304154937167860E+001 -0.874052869155248E+000 -0.771473527587546E+000 -0.343114445803011E+001  0.000000000000000E+000 -0.325301883754111E+001
  0.676020113629222E+000  0.638019794171210E+001  0.269226424696799E+000  0.949606693655642E+000  0.299399257838585E+001 -0.742346233582991E+000 -0.137845417129784E+001 -0.343114445803011E+001  0.000000000000000E+000 -0.319009897085605E+001
  0.629651094826826E+000  0.636222648887105E+001  0.260586317254566E+000  0.962975988102978E+000  0.302953697445929E+001 -0.812425488643003E+000 -0.139248742784612E+001 -0.343114445803011E+001  0.000000000000000E+000 -0.318111324443553E+001
  0.627915595076617E+000  0.621382459368998E+001  0.258767524681994E+000  0.972035593268357E+000  0.304929313443669E+001 -0.858551207842488E+000 -0.960108774659021E+000 -0.343114445803011E+001  0.000000000000000E+000 -0.310691229684499E+001
  0.648328792187976E+000  0.614984017702699E+001  0.256871858666569E+000  0.969696398161599E+000  0.304724747811762E+001 -0.827297627305247E+000 -0.133779304946930E+001 -0.343114445803011E+001  0.000000000000000E+000 -0.307492008851350E+001
  0.669008461713736E+000  0.593312060410035E+001  0.260699569517046E+000  0.965563184341662E+000  0.304515646829336E+001 -0.849379899149374E+000 -0.917305866680650E+000 -0.343114445803011E+001  0.000000000000000E+000 -0.296656030205017E+001
  0.683901176024644E+000  0.581360650945774E+001  0.259497708323326E+000  0.974103856526961E+000  0.305144843012694E+001 -0.885540443554239E+000 -0.723109866504601E+000 -0.343114445803011E+001  0.000000000000000E+000 -0.290680325472887E+001
  0.741558921234774E+000  0.557624346759013E+001  0.262737318740498E+000  0.955067228347630E+000  0.302739561957510E+001 -0.803664908437151E+000 -0.124553450435612E+001 -0.343114445803011E+001  0.000000000000000E+000 -0.278812173379507E+001
  0.698523062205052E+000  0.554760037474233E+001  0.259118506259556E+000  0.973197460067200E+000  0.303966867263872E+001 -0.842765423626926E+000 -0.112626241610585E+001 -0.343114445803011E+001  0.000000000000000E+000 -0.277380018737116E+001
  0.692269383885712E+000  0.542266851071979E+001  0.254759669840827E+000  0.979516675014529E+000  0.306266278523247E+001 -0.899465941249612E+000 -0.984750287664737E+000 -0.343114445803011E+001  0.000000000000000E+000 -0.271133425535989E+001
  0.669794667111226E+000  0.541849380014180E+001  0.255798122744720E+000  0.967738443462483E+000  0.306315102688752E+001 -0.878258325963316E+000 -0.105134831217061E+001 -0.343114445803011E+001  0.000000000000000E+000 -0.270924690007090E+001
  0.684573207493724E+000  0.530466237869319E+001  0.261578470453242E+000  0.964745684763939E+000  0.302755224460140E+001 -0.816021377275804E+000 -0.129155455373362E+001 -0.343114445803011E+001  0.000000000000000E+000 -0.265233118934660E+001
  0.711116190843111E+000  0.522858188663341E+001  0.251571722946519E+000  0.981174587181348E+000  0.308456302060153E+001 -0.917416882816118E+000 -0.865508760917841E+000 -0.343114445803011E+001  0.000000000000000E+000 -0.261429094331671E+001
  0.687245737504233E+000  0.522413441945614E+001  0.265672570928652E+000  0.955817241376996E+000  0.301523122647112E+001 -0.784359496503727E+000 -0.120548833171510E+001 -0.343114445803011E+001  0.000000000000000E+000 -0.261206720972807E+001
  0.671385361602180E+000  0.512791377802293E+001  0.261517766735289E+000  0.967429540561514E+000  0.302697491216720E+001 -0.813999310536550E+000 -0.126440522347833E+001 -0.343114445803011E+001  0.000000000000000E+000 -0.256395688901146E+001
  0.725961897733195E+000  0.497160527907293E+001  0.260247820707095E+000  0.961596582539830E+000  0.303767501932001E+001 -0.818522104681970E+000 -0.125983949818577E+001 -0.343114445803011E+001  0.000000000000000E+000 -0.248580263953646E+001
  0.715030971705342E+000  0.492921333505142E+001  0.269900683076122E+000  0.954955053415271E+000  0.299183922746082E+001 -0.763211898845504E+000 -0.124126140325077E+001 -0.343114445803011E+001  0.000000000000000E+000 -0.246460666752571E+001
  0.736204566589273E+000  0.479811371667200E+001  0.250120105773478E+000  0.986483738706802E+000  0.309601206878679E+001 -0.958147768929048E+000 -0.634951742305264E+000 -0.343114445803011E+001  0.000000000000000E+000 -0.239905685833600E+001
  0.719213316132570E+000  0.477207847964640E+001  0.254593401640219E+000  0.972169674496960E+000  0.305915132420937E+001 -0.853440767319869E+000 -0.126932835578585E+001 -0.343114445803011E+001  0.000000000000000E+000 -0.238603923982320E+001
  0.698120608781151E+000  0.475887542810742E+001  0.255327716308787E+000  0.977097258931128E+000  0.306845304917646E+001 -0.907368885315482E+000 -0.765207114188619E+000 -0.343114445803011E+001  0.000000000000000E+000 -0.237943771405371E+001
  0.680496054630592E+000  0.473727985068909E+001  0.258802784730029E+000  0.975140526904014E+000  0.304441372827262E+001 -0.867334453283687E+000 -0.970544930461646E+000 -0.343114445803011E+001  0.000000000000000E+000 -0.236863992534455E+001
  0.682266230615616E+000  0.465934871271224E+001  0.260325146770587E+000  0.960160477245121E+000  0.303299587311691E+001 -0.799896928949000E+000 -0.140716161080650E+001 -0.343114445803011E+001  0.000000000000000E+000 -0.232967435635612E+001
  0.676045820505749E+000  0.453474897191267E+001  0.267679750312112E+000  0.953749547918755E+000  0.299755765298611E+001 -0.751672689238744E+000 -0.143314521026504E+001 -0.343114445803011E+001  0.000000000000000E+000 -0.226737448595634E+001
  0.712302765615337E+000  0.443026457576687E+001  0.257827832235002E+000  0.966265243032397E+000  0.304871282073612E+001 -0.833292963236879E+000 -0.119835166761931E+001 -0.343114445803011E+001  0.000000000000000E+000 -0.221513228788343E+001
  0.717521860070100E+000  0.434292856635652E+001  0.254495444076084E+000  0.976209630740630E+000  0.307615497024309E+001 -0.907969867126996E+000 -0.737491474936315E+000 -0.343114445803011E+001  0.000000000000000E+000 -0.217146428317826E+001
  0.720646355150432E+000  0.426150305676491E+001  0.247170048310387E+000  0.985237440147509E+000  0.310906754882022E+001 -0.970013261070622E+000 -0.725997075194276E+000 -0.343114445803011E+001  0.000000000000000E+000 -0.213075152838245E+001
  0.728101885159611E+000  0.416818283691243E+001  0.257428607199040E+000  0.971823009096097E+000  0.305742905065634E+001 -0.881968181442632E+000 -0.920865190099964E+000 -0.343114445803011E+001  0.000000000000000E+000 -0.208409141845621E+001
  0.705188127033136E+000  0.415940030152294E+001  0.258709371208898E+000  0.966190609847342E+000  0.304779604645747E+001 -0.839960105005281E+000 -0.110311918081840E+001 -0.343114445803011E+001  0.000000000000000E+000 -0.207970015076147E+001
  0.706919462161245E+000  0.408176075231923E+001  0.250677240226302E+000  0.982303613131433E+000  0.309378749780321E+001 -0.941013687397483E+000 -0.694166093476221E+000 -0.343114445803011E+001  0.000000000000000E+000 -0.204088037615961E+001
  0.718465404184369E+000  0.404935913271562E+001  0.253682517641941E+000  0.982313073239358E+000  0.307199209918172E+001 -0.917868704010930E+000 -0.843552748837169E+000 -0.343114445803011E+001  0.000000000000000E+000 -0.202467956635781E+001
  0.697147454084345E+000  0.403411969786932E+001  0.259724507968396E+000  0.967615683066654E+000  0.303477395742232E+001 -0.829911448697822E+000 -0.124481915911233E+001 -0.343114445803011E+001  0.000000000000000E+000 -0.201705984893466E+001
  0.675786430050338E+000  0.402087874089524E+001  0.267018322413824E+000  0.957328294755507E+000  0.300385298296863E+001 -0.784009973707780E+000 -0.126517974469902E+001 -0.343114445803011E+001  0.000000000000000E+000 -0.201043937044762E+001
  0.653563919022227E+000  0.401227159628978E+001  0.262369193339567E+000  0.968784777138836E+000  0.303752292855790E+001 -0.859065504919045E+000 -0.804113682538489E+000 -0.343114445803011E+001  0.000000000000000E+000 -0.200613579814489E+001
  0.632617493922071E+000  0.400193968847576E+001  0.253508818343353E+000  0.980554108150508E+000  0.306915522760834E+001 -0.901079632935909E+000 -0.966404206400379E+000 -0.343114445803011E+001  0.000000000000000E+000 -0.200096984423788E+001
  0.650829795620719E+000  0.386969464676378E+001  0.255301946859537E+000  0.978874772039283E+000  0.306859754590918E+001 -0.917648067047504E+000 -0.740871292616541E+000 -0.343114445803011E+001  0.000000000000000E+000 -0.193484732338189E+001
  0.632358339601346E+000  0.385179785251375E+001  0.259528893388433E+000  0.972027767610903E+000  0.304231633565593E+001 -0.865475365801775E+000 -0.962539035974356E+000 -0.343114445803011E+001  0.000000000000000E+000 -0.192589892625688E+001
  0.619111078881893E+000  0.381866023854988E+001  0.254507877179107E+000  0.968615776579098E+000  0.307160742099705E+001 -0.885387070417549E+000 -0.974338196318385E+000 -0.343114445803011E+001  0.000000000000000E+000 -0.190933011927494E+001
  0.652715182481429E+000  0.363746726077347E+001  0.257302946371251E+000  0.974995490938420E+000  0.305959778318397E+001 -0.899683790281779E+000 -0.807053847036478E+000 -0.343114445803011E+001  0.000000000000000E+000 -0.181873363038674E+001
  0.610165061679338E+000  0.362407402232792E+001  0.258150147590892E+000  0.969861982174799E+000  0.306133278089702E+001 -0.892870831822437E+000 -0.722135538121380E+000 -0.343114445803011E+001  0.000000000000000E+000 -0.181203701116396E+001
  0.599597794866508E+000  0.358627958385264E+001  0.253313786607346E+000  0.974882125419300E+000  0.307444290218563E+001 -0.910558787260690E+000 -0.926852314163003E+000 -0.343114445803011E+001  0.000000000000000E+000 -0.179313979192632E+001
  0.623270145424655E+000  0.350883767081617E+001  0.254369717828721E+000  0.978201991923664E+000  0.307352350416277E+001 -0.914468811672142E+000 -0.754758706175751E+000 -0.343114445803011E+001  0.000000000000000E+000 -0.175441883540808E+001
  0.597887455258462E+000  0.344377674798102E+001  0.257729340723339E+000  0.976607683891970E+000  0.305286913757937E+001 -0.882106125793163E+000 -0.885851522074618E+000 -0.343114445803011E+001  0.000000000000000E+000 -0.172188837399051E+001
  0.579354866092696E+000  0.343401615902684E+001  0.252189019665525E+000  0.978841382079687E+000  0.307672644360206E+001 -0.909306686692085E+000 -0.966159075743202E+000 -0.343114445803011E+001  0.000000000000000E+000 -0.171700807951342E+001
  0.565818566518813E+000  0.340856429403428E+001  0.259782739574118E+000  0.960440803576458E+000  0.304088725859103E+001 -0.824276478468279E+000 -0.122011817385941E+001 -0.343114445803011E+001  0.000000000000000E+000 -0.170428214701714E+001
  0.547389052303679E+000  0.340205635769208E+001  0.257049641308382E+000  0.971386644096070E+000  0.306131128683031E+001 -0.897363735214662E+000 -0.809132797880403E+000 -0.343114445803011E+001  0.000000000000000E+000 -0.170102817884604E+001
  0.550188697851869E+000  0.331911805049499E+001  0.260652930726086E+000  0.962932046664572E+000  0.303319206526183E+001 -0.810416416329180E+000 -0.125946372562575E+001 -0.343114445803011E+001  0.000000000000000E+000 -0.165955902524749E+001
  0.563881987895931E+000  0.326995068670350E+001  0.255247263408404E+000  0.975824467323515E+000  0.307307886156806E+001 -0.911139636196011E+000 -0.740203933188192E+000 -0.343114445803011E+001  0.000000000000000E+000 -0.163497534335175E+001
  0.554806600265900E+000  0.322692083725137E+001  0.259938369813983E+000  0.965618455436525E+000  0.304525452190070E+001 -0.860779390935920E+000 -0.981225300724431E+000 -0.343114445803011E+001  0.000000000000000E+000 -0.161346041862569E+001
  0.536520580725447E+000  0.321846950648922E+001  0.256938229093500E+000  0.977228073753891E+000  0.305535970856496E+001 -0.884213123762581E+000 -0.916225627680501E+000 -0.343114445803011E+001  0.000000000000000E+000 -0.160923475324461E+001
  0.517080481365025E+000  0.321680163068634E+001  0.259412594494173E+000  0.968596483058579E+000  0.303831606081380E+001 -0.834605354764808E+000 -0.122209840308495E+001 -0.343114445803011E+001  0.000000000000000E+000 -0.160840081534317E+001
  0.506296313112232E+000  0.318347384555569E+001  0.256266309349638E+000  0.969120269382893E+000  0.306766896868994E+001 -0.892723597776800E+000 -0.813706601484834E+000 -0.343114445803011E+001  0.000000000000000E+000 -0.159173692277785E+001
  0.510665484797635E+000  0.316628854488066E+001  0.263329758403378E+000  0.956355299641657E+000  0.302275001793796E+001 -0.794877153544929E+000 -0.128224742889385E+001 -0.343114445803011E+001  0.000000000000000E+000 -0.158314427244033E+001
  0.481632979207938E+000  0.312943121699427E+001  0.261219012392055E+000  0.963880602214590E+000  0.303290127589802E+001 -0.830627715304047E+000 -0.112427532070858E+001 -0.343114445803011E+001  0.000000000000000E+000 -0.156471560849714E+001
  0.483734398231883E+000  0.304524331695861E+001  0.259953764387567E+000  0.962001469035936E+000  0.304055886945824E+001 -0.828422019202860E+000 -0.119209765107540E+001 -0.343114445803011E+001  0.000000000000000E+000 -0.152262165847931E+001
  0.460730420952954E+000  0.299447315329536E+001  0.266074127528210E+000  0.961080562497538E+000  0.300943651693332E+001 -0.796452031776631E+000 -0.117436243302208E+001 -0.343114445803011E+001  0.000000000000000E+000 -0.149723657664768E+001
  0.447098711975101E+000  0.298180526373754E+001  0.253411555374618E+000  0.981735436966005E+000  0.307785335367669E+001 -0.928013277184983E+000 -0.728466660518712E+000 -0.343114445803011E+001  0.000000000000000E+000 -0.149090263186877E+001
  0.432874577410370E+000  0.297373272721597E+001  0.254387490145488E+000  0.971053534127539E+000  0.307433150884281E+001 -0.904706519552635E+000 -0.857952749534041E+000 -0.343114445803011E+001  0.000000000000000E+000 -0.148686636360799E+001
  0.457891106714203E+000  0.286136598502284E+001  0.263028773938951E+000  0.959833965329709E+000  0.302866971225343E+001 -0.827946322318890E+000 -0.107338234967384E+001 -0.343114445803011E+001  0.000000000000000E+000 -0.143068299251142E+001
  0.438630099865159E+000  0.272891727470621E+001  0.259174429478585E+000  0.967700216160647E+000  0.305022314360516E+001 -0.860386151635062E+000 -0.902483095511926E+000 -0.343114445803011E+001  0.000000000000000E+000 -0.136445863735311E+001
  0.446410564191875E+000  0.269375204406849E+001  0.264524818933366E+000  0.961879800399982E+000  0.301694889878756E+001 -0.799184160578252E+000 -0.117634468139135E+001 -0.343114445803011E+001  0.000000000000000E+000 -0.134687602203424E+001
  0.443586912026595E+000  0.263370740582325E+001  0.259035350978461E+000  0.971855534248422E+000  0.304359684820573E+001 -0.854281053413169E+000 -0.102416874781315E+001 -0.343114445803011E+001  0.000000000000000E+000 -0.131685370291163E+001
  0.414954262180661E+000  0.262424037485720E+001  0.262130009123170E+000  0.965346861519088E+000  0.302817136963755E+001 -0.823327829905645E+000 -0.116471100003188E+001 -0.343114445803011E+001  0.000000000000000E+000 -0.131212018742860E+001
  0.403474427382921E+000  0.261016812290764E+001  0.252101450208435E+000  0.978874416990987E+000  0.307641690598476E+001 -0.902277687301234E+000 -0.102816382386920E+001 -0.343114445803011E+001  0.000000000000000E+000 -0.130508406145382E+001
  0.389771005845544E+000  0.260909289634727E+001  0.263764453431314E+000  0.962904648603751E+000  0.302184561096916E+001 -0.822327220626740E+000 -0.111898972967207E+001 -0.343114445803011E+001  0.000000000000000E+000 -0.130454644817364E+001
  0.380360511331903E+000  0.258779002706368E+001  0.263828920165684E+000  0.965379265820381E+000  0.302518123005248E+001 -0.828515305118889E+000 -0.994204545671059E+000 -0.343114445803011E+001  0.000000000000000E+000 -0.129389501353184E+001
  0.360466256467138E+000  0.255724661748153E+001  0.261452907059198E+000  0.965143384345360E+000  0.303273218792225E+001 -0.840745884939240E+000 -0.108517304070868E+001 -0.343114445803011E+001  0.000000000000000E+000 -0.127862330874076E+001
  0.349298685680928E+000  0.248680579094067E+001  0.264776236741259E+000  0.956400493622773E+000  0.301836569299152E+001 -0.794473213431727E+000 -0.119478268924369E+001 -0.343114445803011E+001  0.000000000000000E+000 -0.124340289547033E+001
  0.349638449464657E+000  0.241928168538030E+001  0.256023299114399E+000  0.972961479018622E+000  0.306068978496733E+001 -0.871680238251751E+000 -0.992351850151485E+000 -0.343114445803011E+001  0.000000000000000E+000 -0.120964084269015E+001
  0.350185431298769E+000  0.241615528766493E+001  0.262640558231511E+000  0.959264584863624E+000  0.302716233317344E+001 -0.807240810574397E+000 -0.122720350640864E+001 -0.343114445803011E+001  0.000000000000000E+000 -0.120807764383246E+001
  0.321375078303975E+000  0.239098295935601E+001  0.257152637385531E+000  0.968725928014523E+000  0.305714150280573E+001 -0.880155282363345E+000 -0.970509781707418E+000 -0.343114445803011E+001  0.000000000000000E+000 -0.119549147967801E+001
  0.312338958007507E+000  0.238452537726469E+001  0.263660088012664E+000  0.965247803955195E+000  0.302638527076358E+001 -0.830482962417488E+000 -0.975084632783395E+000 -0.343114445803011E+001  0.000000000000000E+000 -0.119226268863234E+001
  0.302809892350583E+000  0.238299560334477E+001  0.262099306674559E+000  0.967215643971996E+000  0.302883020882657E+001 -0.834286213344263E+000 -0.107044905434340E+001 -0.343114445803011E+001  0.000000000000000E+000 -0.119149780167238E+001
  0.308971424243268E+000  0.227921099905804E+001  0.261601940931948E+000  0.966328817636176E+000  0.303642318092959E+001 -0.838166297927320E+000 -0.980410024689769E+000 -0.343114445803011E+001  0.000000000000000E+000 -0.113960549952902E+001
  0.299889958226833E+000  0.227537998840557E+001  0.254280026788947E+000  0.975473692851325E+000  0.307017016058220E+001 -0.907318125438396E+000 -0.914394054017070E+000 -0.343114445803011E+001  0.000000000000000E+000 -0.113768999420279E+001
  0.301065895141546E+000  0.220405547163769E+001  0.259077064404390E+000  0.964180923321732E+000  0.304544388135596E+001 -0.847415398095622E+000 -0.111987008560249E+001 -0.343114445803011E+001  0.000000000000000E+000 -0.110202773581885E+001
  0.293687091621857E+000  0.219018662537356E+001  0.260708634986707E+000  0.967265634980855E+000  0.303962579153193E+001 -0.845760821628274E+000 -0.101644670406583E+001 -0.343114445803011E+001  0.000000000000000E+000 -0.109509331268678E+001
  0.301125057420422E+000  0.214016509481635E+001  0.262981749478257E+000  0.963791951404607E+000  0.302283251790263E+001 -0.816071572407425E+000 -0.119937162640794E+001 -0.343114445803011E+001  0.000000000000000E+000 -0.107008254740818E+001
  0.310811522474444E+000  0.207684301524929E+001  0.259338036972589E+000  0.963792160392537E+000  0.303981959065919E+001 -0.828852720522342E+000 -0.125267970314560E+001 -0.343114445803011E+001  0.000000000000000E+000 -0.103842150762465E+001
  0.318857752906761E+000  0.202572622269484E+001  0.262576067945443E+000  0.960945095808871E+000  0.302366792140783E+001 -0.805279909558917E+000 -0.128995461415134E+001 -0.343114445803011E+001  0.000000000000000E+000 -0.101286311134742E+001
  0.327695974107413E+000  0.197104385739908E+001  0.261034310932720E+000  0.962082848838898E+000  0.303259253060431E+001 -0.814592388825520E+000 -0.122811272806760E+001 -0.343114445803011E+001  0.000000000000000E+000 -0.985521928699542E+000
  0.330858581403550E+000  0.195183432292643E+001  0.252387925710104E+000  0.978724469298758E+000  0.308226229028312E+001 -0.926181456430768E+000 -0.823013734646891E+000 -0.343114445803011E+001  0.000000000000000E+000 -0.975917161463215E+000
  0.342964750079907E+000  0.187996105318213E+001  0.258135444727975E+000  0.966571312516656E+000  0.305017138495013E+001 -0.850789128215823E+000 -0.110177162361506E+001 -0.343114445803011E+001  0.000000000000000E+000 -0.939980526591064E+000
  0.347646712598020E+000  0.185284285719407E+001  0.255146966193457E+000  0.969684249844759E+000  0.306303326181755E+001 -0.870125101270138E+000 -0.110821863714225E+001 -0.343114445803011E+001  0.000000000000000E+000 -0.926421428597036E+000
  0.352164007107084E+000  0.182702240532257E+001  0.258812985636853E+000  0.964807381261394E+000  0.305042085293025E+001 -0.860814312280485E+000 -0.993372758954580E+000 -0.343114445803011E+001  0.000000000000000E+000 -0.913511202661285E+000
  0.356748438794413E+000  0.180115463774322E+001  0.261162424245115E+000  0.962528242293317E+000  0.303914709905236E+001 -0.837972589194965E+000 -0.103486193493804E+001 -0.343114445803011E+001  0.000000000000000E+000 -0.900577318871609E+000
  0.372688659989834E+000  0.171372963930214E+001  0.262688272781650E+000  0.963492794635352E+000  0.302813912126026E+001 -0.819345966791359E+000 -0.109208929746966E+001 -0.343114445803011E+001  0.000000000000000E+000 -0.856864819651072E+000
  0.379368992279731E+000  0.167819774635423E+001  0.254178668287125E+000  0.974928700895210E+000  0.307346237892057E+001 -0.911121470985595E+000 -0.835228286519499E+000 -0.343114445803011E+001  0.000000000000000E+000 -0.839098873177115E+000
  0.387296809826162E+000  0.163683369900151E+001  0.255813701121718E+000  0.975215562412097E+000  0.306615342629906E+001 -0.897458359999344E+000 -0.841895581164369E+000 -0.343114445803011E+001  0.000000000000000E+000 -0.818416849500757E+000
  0.395910346819357E+000  0.159284082065502E+001  0.259002219862053E+000  0.964723694141408E+000  0.304904508623593E+001 -0.856347572200415E+000 -0.101771321993390E+001 -0.343114445803011E+001  0.000000000000000E+000 -0.796420410327509E+000
  0.414623559915880E+000  0.150047434997802E+001  0.257917899818894E+000  0.969131281338641E+000  0.305112957009824E+001 -0.859978683131452E+000 -0.105993097717406E+001 -0.343114445803011E+001  0.000000000000000E+000 -0.750237174989010E+000
  0.419092599424976E+000  0.147903260502051E+001  0.255939227885280E+000  0.970215503141665E+000  0.305925637290854E+001 -0.874143832518748E+000 -0.106855446199149E+001 -0.343114445803011E+001  0.000000000000000E+000 -0.739516302510253E+000
  0.425028489142241E+000  0.145090399815176E+001  0.258462535027805E+000  0.970639644323974E+000  0.304592615465586E+001 -0.860539801966752E+000 -0.107163859748652E+001 -0.343114445803011E+001  0.000000000000000E+000 -0.725451999075879E+000
  0.446148397709888E+000  0.135391314412136E+001  0.257519502385619E+000  0.973368410925055E+000  0.305203878999577E+001 -0.869850755221833E+000 -0.985235160706552E+000 -0.343114445803011E+001  0.000000000000000E+000 -0.676956572060682E+000
  0.486433128222771E+000  0.118101752337250E+001  0.261916610495778E+000  0.963004840317652E+000  0.303448940505428E+001 -0.838209254578224E+000 -0.101745745134164E+001 -0.343114445803011E+001  0.000000000000000E+000 -0.590508761686251E+000
  0.490600921734131E+000  0.116395437683479E+001  0.258188960733746E+000  0.971208473726460E+000  0.304663854662658E+001 -0.856476443659669E+000 -0.107794299540487E+001 -0.343114445803011E+001  0.000000000000000E+000 -0.581977188417397E+000
  0.497675114025316E+000  0.113532143274707E+001  0.261908211629932E+000  0.965566789432047E+000  0.303637654213488E+001 -0.845424921588510E+000 -0.946470295657321E+000 -0.343114445803011E+001  0.000000000000000E+000 -0.567660716373535E+000
  0.503062108675787E+000  0.111378912011952E+001  0.257112230106201E+000  0.971642032127813E+000  0.305306683225744E+001 -0.871083587239356E+000 -0.103679608456564E+001 -0.343114445803011E+001  0.000000000000000E+000 -0.556894560059761E+000
  0.515150739493287E+000  0.106629728629658E+001  0.256374845226685E+000  0.969384010406858E+000  0.306239333988852E+001 -0.881350839372623E+000 -0.943869183490220E+000 -0.343114445803011E+001  0.000000000000000E+000 -0.533148643148289E+000
  0.515406993223911E+000  0.106530266473285E+001  0.259920644372696E+000  0.965718498943469E+000  0.304287995428861E+001 -0.852604334290974E+000 -0.103636058806536E+001 -0.343114445803011E+001  0.000000000000000E+000 -0.532651332366427E+000
  0.520304289174082E+000  0.104638877422301E+001  0.261848940748089E+000  0.965687632080050E+000  0.303563165471405E+001 -0.846939210109824E+000 -0.965867455514913E+000 -0.343114445803011E+001  0.000000000000000E+000 -0.523194387111506E+000
  0.547166312103805E+000  0.945710797508236E+000  0.258400454648183E+000  0.969577143280669E+000  0.305282022367265E+001 -0.867018182460360E+000 -0.918754859381268E+000 -0.343114445803011E+001  0.000000000000000E+000 -0.472855398754119E+000
  0.583681604467788E+000  0.816505125409611E+000  0.256480999607534E+000  0.970199311226133E+000  0.305771907874757E+001 -0.871018901634594E+000 -0.105094656960369E+001 -0.343114445803011E+001  0.000000000000000E+000 -0.408252562704806E+000
  0.584418730184176E+000  0.813980938771302E+000  0.257251118874288E+000  0.973603639931775E+000  0.305417002394377E+001 -0.877361104265347E+000 -0.962096065536819E+000 -0.343114445803011E+001  0.000000000000000E+000 -0.406990469385651E+000
  0.639366803820359E+000  0.634259762910182E+000  0.254862561453283E+000  0.975086034668275E+000  0.306691348019828E+001 -0.895339055044536E+000 -0.939965513610513E+000 -0.343114445803011E+001  0.000000000000000E+000 -0.317129881455091E+000
  0.641499080791827E+000  0.627600895758526E+000  0.255053290194596E+000  0.975345742685334E+000  0.306816092102563E+001 -0.902508342345390E+000 -0.858879132779234E+000 -0.343114445803011E+001  0.000000000000000E+000 -0.313800447879263E+000
  0.651947474562291E+000  0.595288401670655E+000  0.256635692350970E+000  0.970063523672972E+000  0.305619939833156E+001 -0.865541620471380E+000 -0.107324961709812E+001 -0.343114445803011E+001  0.000000000000000E+000 -0.297644200835328E+000
