  0.258441078765219E+000  0.964164595642982E+001  0.271387431585998E+000  0.950098912765190E+000  0.299307176560796E+001 -0.761782940116401E+000 -0.109018889390021E+001 -0.343114445803011E+001  0.000000000000000E+000 -0.482082297821491E+001
  0.258441078765219E+000  0.769826195228619E+001  0.269175527075851E+000  0.952643200666152E+000  0.300040074173772E+001 -0.773281330168854E+000 -0.112509155867193E+001 -0.343114445803011E+001  0.000000000000000E+000 -0.384913097614309E+001
  0.258441078765219E+000  0.774649665706314E+001  0.269203226117443E+000  0.950342488997194E+000  0.300355804613351E+001 -0.773122506950802E+000 -0.113591580056347E+001 -0.343114445803011E+001  0.000000000000000E+000 -0.387324832853157E+001
  0.258441078765219E+000  0.838930386609945E+001  0.269421687227445E+000  0.956279906034482E+000  0.300022463195365E+001 -0.795435109625167E+000 -0.102883320549127E+001 -0.343114445803011E+001  0.000000000000000E+000 -0.419465193304972E+001
  0.258441078765219E+000  0.669203187181639E+001  0.269296235501153E+000  0.955268423212479E+000  0.300301713269389E+001 -0.796252430620520E+000 -0.102446644117857E+001 -0.343114445803011E+001  0.000000000000000E+000 -0.334601593590820E+001
  0.258441078765219E+000  0.637514583660181E+001  0.268303472750037E+000  0.954888808199555E+000  0.300944944968361E+001 -0.802367077590560E+000 -0.976988186503128E+000 -0.343114445803011E+001  0.000000000000000E+000 -0.318757291830091E+001
  0.258441078765219E+000  0.629058106825270E+001  0.263024897596848E+000  0.955369344186641E+000  0.302985639239494E+001 -0.806206720442949E+000 -0.113890576578555E+001 -0.343114445803011E+001  0.000000000000000E+000 -0.314529053412635E+001
  0.258441078765219E+000  0.611426334768811E+001  0.264178334152687E+000  0.958114807972320E+000  0.302963805570061E+001 -0.819241856678436E+000 -0.959007101259520E+000 -0.343114445803011E+001  0.000000000000000E+000 -0.305713167384406E+001
  0.258441078765219E+000  0.556000915155431E+001  0.266066493783859E+000  0.959797246566434E+000  0.301934943378660E+001 -0.826608947355624E+000 -0.916705951723523E+000 -0.343114445803011E+001  0.000000000000000E+000 -0.278000457577716E+001
  0.258441078765219E+000  0.546749610158938E+001  0.263321112924120E+000  0.957605974750345E+000  0.303250552323157E+001 -0.833502321652913E+000 -0.977988362796803E+000 -0.343114445803011E+001  0.000000000000000E+000 -0.273374805079469E+001
  0.258441078765219E+000  0.463614916204033E+001  0.263840455059495E+000  0.961644267685204E+000  0.302856617550986E+001 -0.821393854427979E+000 -0.966168049031612E+000 -0.343114445803011E+001  0.000000000000000E+000 -0.231807458102017E+001
  0.258441078765219E+000  0.457888615227435E+001  0.266655976161040E+000  0.957482112493691E+000  0.301541631224680E+001 -0.813702922678813E+000 -0.986503295933613E+000 -0.343114445803011E+001  0.000000000000000E+000 -0.228944307613718E+001
  0.258441078765219E+000  0.367673266753163E+001  0.267130609103935E+000  0.955381543114706E+000  0.300904555801206E+001 -0.794304112401652E+000 -0.112721890601125E+001 -0.343114445803011E+001  0.000000000000000E+000 -0.183836633376582E+001
  0.258441078765219E+000  0.363108217363478E+001  0.266438493983519E+000  0.959206202074742E+000  0.301473380884794E+001 -0.814260810930303E+000 -0.100903042594165E+001 -0.343114445803011E+001  0.000000000000000E+000 -0.181554108681739E+001
  0.258441078765219E+000  0.276135271824795E+001  0.264165208129001E+000  0.962512166778403E+000  0.302669243216625E+001 -0.827060001993061E+000 -0.949443975764003E+000 -0.343114445803011E+001  0.000000000000000E+000 -0.138067635912397E+001
  0.258441078765219E+000  0.262665441014027E+001  0.265813721810698E+000  0.957577099500175E+000  0.301710435544669E+001 -0.803078547141116E+000 -0.106971029714027E+001 -0.343114445803011E+001  0.000000000000000E+000 -0.131332720507013E+001
  0.258441078765219E+000  0.250093908921536E+001  0.263437207017368E+000  0.962787983048586E+000  0.303022545794812E+001 -0.832464734361739E+000 -0.942331883224841E+000 -0.343114445803011E+001  0.000000000000000E+000 -0.125046954460768E+001
  0.258441078765219E+000  0.239144116455060E+001  0.264843157127847E+000  0.959009903633897E+000  0.302245366742288E+001 -0.815350742574678E+000 -0.102431874936015E+001 -0.343114445803011E+001  0.000000000000000E+000 -0.119572058227530E+001
  0.258441078765219E+000  0.176206214728300E+001  0.263648121155996E+000  0.961341320344447E+000  0.302482559618560E+001 -0.821548783150004E+000 -0.106590719606190E+001 -0.343114445803011E+001  0.000000000000000E+000 -0.881031073641501E+000
