#        weight    minuslogpost         omega_c             n_s            lnas            m_nu   minuslogprior minuslogprior__0            chi2 chi2__likelihood_CAMB
 1.9762626e-323        754.8174      0.26283912       1.0432726       3.2421599      0.75581763     -0.52966871      -0.52966871       1510.6941             1510.6941
 3.6656119e-308       719.59938      0.26491332       1.1349902       3.1241899      0.57151686     -0.52966871      -0.52966871       1440.2581             1440.2581
 6.5526598e-299       698.26446      0.25870396      0.96853418       3.2280629      0.48815136     -0.52966871      -0.52966871       1397.5883             1397.5883
 3.5776649e-298       696.53627       0.2671939       1.0418781       3.1521632      0.55698046     -0.52966871      -0.52966871       1394.1319             1394.1319
 1.3457721e-294        688.2729      0.26525402       1.0894882       3.1334356      0.55696889     -0.52966871      -0.52966871       1377.6051             1377.6051
  1.556091e-283       662.76848      0.24509929       0.9772584        3.380398      0.66215725     -0.52966871      -0.52966871       1326.5963             1326.5963
 7.5053429e-278       649.65134      0.21862771       1.0370316       3.4713666      0.48696395     -0.52966871      -0.52966871        1300.362              1300.362
 3.1896379e-275       643.56853      0.28190012       1.0446185       3.0156923      0.33586889     -0.52966871      -0.52966871       1288.1964             1288.1964
 9.6084417e-274       640.13243      0.25666674       1.1610212       3.2184708      0.75562168     -0.52966871      -0.52966871       1281.3242             1281.3242
 2.8663813e-262       613.68023      0.27079148       1.0392442       3.1683937      0.64326396     -0.52966871      -0.52966871       1228.4198             1228.4198
 1.3625753e-260       609.78797      0.26111278       1.0100553       3.2413821       0.6369595     -0.52966871      -0.52966871       1220.6353             1220.6353
 3.6411797e-255       597.26134      0.25904978       1.0470773         3.16957      0.48054924     -0.52966871      -0.52966871        1195.582              1195.582
 1.8036775e-253       593.32788      0.26916736       1.0897331       3.1392615       0.6312909     -0.52966871      -0.52966871       1187.7151             1187.7151
 1.6467575e-246       577.27003      0.23634939      0.95987061       3.1938007     0.081296442     -0.52966871      -0.52966871       1155.5994             1155.5994
 3.3809708e-243       569.61215      0.26938583        1.059361       3.1918369      0.73191606     -0.52966871      -0.52966871       1140.2836             1140.2836
  9.754172e-243       568.52184      0.24198474      0.96055301       3.3184672      0.34257158     -0.52966871      -0.52966871        1138.103              1138.103
 4.4246996e-239       560.07122      0.27166658      0.96761848       3.0938914      0.23681293     -0.52966871      -0.52966871       1121.2018             1121.2018
 1.2625726e-231       542.87382      0.27873994       1.0186352       3.0389572      0.34801714     -0.52966871      -0.52966871        1086.807              1086.807
 3.2665267e-226       530.37955      0.25287952       1.1546534       3.2611069       0.7660608     -0.52966871      -0.52966871       1061.8184             1061.8184
 2.2293415e-221       519.21787      0.24368041       1.1338994       3.2854079      0.61708281     -0.52966871      -0.52966871       1039.4951             1039.4951
 1.2201549e-215       505.97432      0.25981856      0.93090197       3.2045777      0.34199595     -0.52966871      -0.52966871        1013.008              1013.008
 1.3846784e-210       494.30413      0.27331079        1.040587        3.172286      0.62513272     -0.52966871      -0.52966871        989.6676              989.6676
 8.5517472e-208       487.84752      0.25834764       1.1070022       3.2110526      0.58731803     -0.52966871      -0.52966871       976.75438             976.75438
 3.0845376e-204       479.62614       0.2519062       1.1218527       3.2156815      0.57876542     -0.52966871      -0.52966871       960.31162             960.31162
 6.3529917e-194         455.847      0.24865726      0.95132582        3.262706      0.37727052     -0.52966871      -0.52966871       912.75333             912.75333
 5.0008382e-187       439.93745      0.27228406       0.9158618       3.0541429      0.12171402     -0.52966871      -0.52966871       880.93424             880.93424
  1.680166e-186       438.69481      0.23140501         1.04892       3.4741084      0.79032602     -0.52966871      -0.52966871       878.44895             878.44895
 6.3028824e-183       430.43416      0.25883839       1.1157231        3.257439       0.7548614     -0.52966871      -0.52966871       861.92767             861.92767
 2.2365923e-181       426.83428      0.25902724       1.0532137        3.104137      0.30497615     -0.52966871      -0.52966871       854.72789             854.72789
 3.3393847e-174       410.28458        0.273493        1.042931       3.1097877      0.49280455     -0.52966871      -0.52966871       821.62849             821.62849
 7.2940253e-171       402.56478      0.27191215       1.0366769       3.0752302      0.32149691     -0.52966871      -0.52966871        806.1889              806.1889
 8.6891414e-171       402.35899      0.26686478        1.009253       3.0594573      0.24045386     -0.52966871      -0.52966871       805.77732             805.77732
 1.3638855e-170       401.87737      0.25678246       1.0584944       3.2916665      0.68663811     -0.52966871      -0.52966871       804.81408             804.81408
 3.5612234e-167       394.00985      0.23751146       1.1228957       3.3763624      0.77665999     -0.52966871      -0.52966871       789.07903             789.07903
 3.9780817e-166       391.59657      0.25748485       1.1164233       3.2112631      0.66604009     -0.52966871      -0.52966871       784.25247             784.25247
 2.0721751e-162       382.92064      0.24057385      0.98744953        3.383183      0.58178149     -0.52966871      -0.52966871       766.90063             766.90063
 2.3667432e-159       375.76219      0.25056664       1.0258861       3.3341461      0.72856964     -0.52966871      -0.52966871       752.58372             752.58372
 3.2253975e-156       368.42711      0.24265054       1.1306022       3.3225127      0.71892157     -0.52966871      -0.52966871       737.91356             737.91356
 8.6777708e-141       332.78084      0.25188297       1.0475664       3.3096662      0.73031741     -0.52966871      -0.52966871       666.62102             666.62102
 2.1054203e-137       324.86897      0.25740947        1.008235       3.2813975      0.60002908     -0.52966871      -0.52966871       650.79727             650.79727
 1.3333557e-135       320.72061      0.23863784       1.1265829       3.3901455      0.79131343     -0.52966871      -0.52966871       642.50057             642.50057
 1.5734407e-106       253.78008      0.24364668       1.0375949       3.3591134      0.60708887     -0.52966871      -0.52966871        508.6195              508.6195
  1.9503582e-96       230.38533      0.25110072       1.0889937       3.2374354      0.56028635     -0.52966871      -0.52966871          461.83                461.83
 2.6260706e-170       401.13521      0.23601698      0.96769567       3.3691921      0.41198932     -0.52966871      -0.52966871       803.32975             803.32975
 3.6965712e-159       375.34225      0.22849509      0.99712146       3.2792247      0.15696218     -0.52966871      -0.52966871       751.74384             751.74384
 1.6017779e-150       355.41606      0.25088161       1.0613255       3.1860069       0.3938533     -0.52966871      -0.52966871       711.89145             711.89145
 3.3953025e-144       340.81005      0.26294541       1.0542528       3.1148747      0.38045844     -0.52966871      -0.52966871       682.67943             682.67943
 3.1629284e-142       336.23655      0.24306611       1.0051868        3.288824      0.44140723     -0.52966871      -0.52966871       673.53244             673.53244
 4.6587572e-142       335.81008      0.23719401      0.93629645       3.1937156     0.027181835     -0.52966871      -0.52966871        672.6795              672.6795
 6.5444865e-142       335.43098      0.23542794      0.97768641       3.2946956      0.28851517     -0.52966871      -0.52966871       671.92131             671.92131
 1.4378503e-140       332.34129      0.27753302      0.98805983       2.9798301      0.13070572     -0.52966871      -0.52966871       665.74191             665.74191
 1.3661214e-139       330.04905      0.26292397      0.97850437       3.1542241      0.35591866     -0.52966871      -0.52966871       661.15745             661.15745
 7.1999104e-131        309.8485      0.26914385        1.032153       2.9851381      0.10636718     -0.52966871      -0.52966871       620.75633             620.75633
 2.4095824e-130       308.60279      0.25031165      0.93882397       3.1363894      0.10180684     -0.52966871      -0.52966871       618.26491             618.26491
 3.8974888e-129       305.78158      0.23554724       1.0545306       3.2664349      0.29862414     -0.52966871      -0.52966871        612.6225              612.6225
 3.9857105e-129       305.72146      0.27097249       1.0358177       3.1147025      0.44211848     -0.52966871      -0.52966871       612.50226             612.50226
 8.3990811e-122       288.82022      0.27943346      0.96929696       2.9559078     0.055893703     -0.52966871      -0.52966871       578.69977             578.69977
 1.5078445e-117       278.98699      0.25566403       1.0595513       3.1191834      0.24804171     -0.52966871      -0.52966871       559.03332             559.03332
 9.0315606e-116       274.85662      0.24597792      0.94541867       3.2562721      0.29312047     -0.52966871      -0.52966871       550.77258             550.77258
 2.0552767e-114       271.69403      0.26058799      0.92140514       3.1222109      0.13786781     -0.52966871      -0.52966871       544.44739             544.44739
 1.5480151e-106       253.48267      0.26441911       1.0315793       2.9870806     0.020733071     -0.52966871      -0.52966871       508.02469             508.02469
 4.1082636e-103       245.56252      0.23551312       1.0032012       3.2265867      0.13248431     -0.52966871      -0.52966871       492.18439             492.18439
 1.2545663e-100       239.80461      0.26211217      0.97133557       3.1573714      0.28557575     -0.52966871      -0.52966871       480.66856             480.66856
  3.8510156e-99       236.34411      0.26237006      0.97405173       3.0429584    0.0076697697     -0.52966871      -0.52966871       473.74756             473.74756
  6.0496321e-99       235.85608      0.23864267       1.0231542       3.2260342      0.19280563     -0.52966871      -0.52966871       472.77151             472.77151
  1.0151726e-96        230.6969      0.25556194      0.99243929       3.1131553      0.11238265     -0.52966871      -0.52966871       462.45314             462.45314
    6.20997e-96       229.07304      0.26004452       1.0911797        3.227666      0.65858129     -0.52966871      -0.52966871       459.20541             459.20541
  7.1007305e-74       178.12797      0.25154184       1.0526775       3.3305947      0.72184348     -0.52966871      -0.52966871       357.31528             357.31528
  8.0630501e-73       175.54414      0.24119671       1.0443864       3.3961711      0.70837791     -0.52966871      -0.52966871       352.14762             352.14762
  2.8854652e-67       162.75624      0.25160702       1.0141348       3.2817549       0.5537258     -0.52966871      -0.52966871       326.57181             326.57181
  4.7754825e-67       162.07011      0.25911054       1.0447784       3.2115121      0.54519372     -0.52966871      -0.52966871       325.19955             325.19955
  5.7536627e-67       161.88377      0.25620461       1.0644823       3.3012039      0.76011851     -0.52966871      -0.52966871       324.82687             324.82687
  4.9205638e-61       148.00153      0.25863528       1.0642242       3.2696716      0.72083807     -0.52966871      -0.52966871       297.06239             297.06239
  6.5326374e-56       135.79975      0.24522314       1.0510187       3.3711879      0.74606866     -0.52966871      -0.52966871       272.65883             272.65883
  6.7612508e-54       130.97786       0.2542216       1.0140486       3.2659237      0.52242476     -0.52966871      -0.52966871       263.01505             263.01505
  2.2103396e-96       229.91881      0.26853491       1.0235842       2.9578535   0.00052372881     -0.52966871      -0.52966871       460.89696             460.89696
  1.6421346e-95       227.83927      0.26051835       1.0486465       3.1402575      0.34149431     -0.52966871      -0.52966871       456.73788             456.73788
  3.1814037e-93       222.53641      0.24515751      0.97366637       3.1363619    0.0072036786     -0.52966871      -0.52966871       446.13215             446.13215
  1.3971487e-91       218.71776        0.237622      0.98551634       3.2364394      0.15176931     -0.52966871      -0.52966871       438.49485             438.49485
  2.1100758e-90       215.96651       0.2667964      0.97471115       3.1103937      0.25161278     -0.52966871      -0.52966871       432.99237             432.99237
  1.4309968e-87       209.44711      0.25778221      0.93448954       3.0877041     0.072650713     -0.52966871      -0.52966871       419.95356             419.95356
  1.6261809e-84       202.37375       0.2504254      0.94597386       3.1521556     0.083043557     -0.52966871      -0.52966871       405.80684             405.80684
  9.7022536e-83        198.2473      0.26975025      0.96969192       2.9975055     0.060612678     -0.52966871      -0.52966871       397.55394             397.55394
  3.2764857e-73        176.2693       0.2409448       1.0520869       3.2476475      0.33852212     -0.52966871      -0.52966871       353.59793             353.59793
  8.5239829e-68       163.72615      0.26314112        1.033774       3.0874517      0.24934955     -0.52966871      -0.52966871       328.51164             328.51164
  2.0088077e-67       162.83254      0.25521604       1.0515006       3.1483986      0.32281176     -0.52966871      -0.52966871       326.72442             326.72442
  5.2337523e-67       161.76959      0.24322076       1.0349102       3.2198618      0.26179094     -0.52966871      -0.52966871       324.59853             324.59853
  3.0979054e-63       153.04976      0.24902571       1.0352647       3.1362176      0.16985022     -0.52966871      -0.52966871       307.15885             307.15885
  1.5296442e-62       151.41896      0.24723638       1.0124392       3.2078787      0.30705854     -0.52966871      -0.52966871       303.89726             303.89726
  1.0738326e-60       147.16759      0.25817865       1.0160256        3.080647      0.16573229     -0.52966871      -0.52966871       295.39452             295.39452
  1.5677627e-60       146.78918      0.25179648      0.96982497       3.2153475      0.28042516     -0.52966871      -0.52966871       294.63769             294.63769
  3.8561417e-59        143.5502      0.24533958       1.0092017       3.2117854      0.22868579     -0.52966871      -0.52966871       288.15975             288.15975
  4.2215912e-59       143.42329      0.25868302       1.0036747       3.1246631      0.20527885     -0.52966871      -0.52966871       287.90592             287.90592
  3.2339121e-57       139.04827      0.25617246       1.0226536       3.0611277     0.095293095     -0.52966871      -0.52966871       279.15589             279.15589
  3.7003214e-55       134.23692      0.26513347      0.97648918       3.0357765     0.049977175     -0.52966871      -0.52966871       269.53317             269.53317
  9.1611251e-55       133.33037      0.26493275      0.99823649        3.016475     0.037736344     -0.52966871      -0.52966871       267.72007             267.72007
  1.9857642e-52       127.88012      0.26427985       1.0125144       3.0211062     0.075379373     -0.52966871      -0.52966871       256.81958             256.81958
  5.0671836e-52       126.90825      0.25805285      0.97235964       3.1192512      0.19142312     -0.52966871      -0.52966871       254.87583             254.87583
   5.230702e-52       126.84139      0.25639799      0.95148988       3.0981147      0.04797912     -0.52966871      -0.52966871       254.74213             254.74213
  1.2939309e-51       125.72363      0.24622709       1.0787411        3.281649         0.54775     -0.52966871      -0.52966871       252.50659             252.50659
  6.8100053e-48       117.15516      0.24194711       1.0685037       3.3802715      0.74809529     -0.52966871      -0.52966871       235.36966             235.36966
  2.2610937e-47       115.95512       0.2529896       1.0617693       3.2949655        0.664387     -0.52966871      -0.52966871       232.96958             232.96958
  2.2948269e-27       69.888611      0.25092976       1.0686107       3.3047047      0.68781482     -0.52966871      -0.52966871       140.83656             140.83656
  5.7909142e-52       126.70456      0.26951931      0.99065041        3.005113     0.073792715     -0.52966871      -0.52966871       254.46846             254.46846
  9.1137979e-51       123.87948      0.24687603       0.9624148       3.1756391      0.15606594     -0.52966871      -0.52966871        248.8183              248.8183
  1.7350247e-46       113.92688      0.24582665       1.0626966        3.254115      0.44619729     -0.52966871      -0.52966871       228.91311             228.91311
  5.6552755e-44        108.1084       0.2500645      0.93578941       3.1193046     0.019550529     -0.52966871      -0.52966871       217.27613             217.27613
  6.1031827e-44       108.00043      0.26032836       1.0246872       3.1571273      0.35213722     -0.52966871      -0.52966871       217.06019             217.06019
  3.8744319e-43       106.12051      0.26329144       1.0127113        3.107198      0.26665471     -0.52966871      -0.52966871       213.30035             213.30035
  2.1345947e-42       104.38229      0.26148809       1.0091114       3.0404829     0.098349491     -0.52966871      -0.52966871       209.82392             209.82392
  2.2884234e-42       104.28096      0.24302458      0.99462749       3.1543127     0.086639969     -0.52966871      -0.52966871       209.62125             209.62125
  5.2278534e-42       103.42307      0.25644935      0.93699571       3.0743614     0.013177594     -0.52966871      -0.52966871       207.90548             207.90548
  1.6562146e-41        102.2382      0.24695931       1.0505155       3.2865276      0.50493423     -0.52966871      -0.52966871       205.53575             205.53575
  1.7224369e-41       102.16725      0.24707067      0.94918323        3.152223      0.08206623     -0.52966871      -0.52966871       205.39384             205.39384
   2.717738e-40       99.376857      0.25745356       1.0188527       3.1417054      0.29491402     -0.52966871      -0.52966871       199.81305             199.81305
  3.5063649e-40       99.090328      0.24841469       1.0181992       3.1299149      0.12449893     -0.52966871      -0.52966871       199.23999             199.23999
  4.0683681e-39       96.607332      0.23913975      0.99403538       3.2479261      0.23130886     -0.52966871      -0.52966871         194.274               194.274
  2.8316609e-38       94.635377      0.25117162      0.99178036       3.2390306      0.39076925     -0.52966871      -0.52966871       190.33009             190.33009
  5.1791481e-38       93.999851      0.25415245       1.0067662       3.2189701      0.37779966     -0.52966871      -0.52966871       189.05904             189.05904
  2.6116428e-37       92.350179      0.25489082       0.9969212       3.2252615      0.40474328     -0.52966871      -0.52966871       185.75969             185.75969
  1.9108644e-35       88.025683      0.25678908      0.99452369       3.2002957      0.37244635     -0.52966871      -0.52966871        177.1107              177.1107
  6.9140948e-35       86.707928      0.25084592      0.95072216       3.1553808      0.11773212     -0.52966871      -0.52966871       174.47519             174.47519
   1.970667e-34       85.628785      0.25381072       1.0068169       3.0755207     0.077095256     -0.52966871      -0.52966871       172.31691             172.31691
  1.8236581e-32       81.069393      0.25232118      0.96904555       3.1480554      0.13433755     -0.52966871      -0.52966871       163.19812             163.19812
  1.3068051e-30       76.765734      0.25132812      0.98860137       3.1775368      0.25219536     -0.52966871      -0.52966871        154.5908              154.5908
  2.8766056e-29       73.642374      0.24857534      0.95397459       3.1694595       0.1381651     -0.52966871      -0.52966871       148.34409             148.34409
  7.1760398e-29       72.696489      0.25279866      0.94107059       3.1037104     0.017352422     -0.52966871      -0.52966871       146.45231             146.45231
  8.1557701e-29       72.536762      0.24378742       1.0166659       3.3029755      0.46911521     -0.52966871      -0.52966871       146.13286             146.13286
  1.7581723e-28       71.736879      0.25413529       1.0275315          3.1384      0.23469445     -0.52966871      -0.52966871        144.5331              144.5331
  1.6038085e-27       69.463667      0.24265964      0.98192541       3.2435321      0.25273148     -0.52966871      -0.52966871       139.98667             139.98667
  2.7035668e-25       64.305535      0.24155084       1.0152206       3.2522346      0.30432096     -0.52966871      -0.52966871       129.67041             129.67041
  8.8694379e-25       63.086724      0.26702524      0.96574911       3.0041425     0.016575111     -0.52966871      -0.52966871       127.23278             127.23278
  1.2456925e-24       62.716287      0.26232056       0.9971377       3.0781682      0.16099959     -0.52966871      -0.52966871       126.49191             126.49191
  1.2974309e-24        62.64482      0.25406514      0.99591434        3.158377      0.25347269     -0.52966871      -0.52966871       126.34898             126.34898
  1.5546103e-24        62.43321      0.26515032      0.97515426       3.0436551     0.092113549     -0.52966871      -0.52966871       125.92576             125.92576
  5.8417952e-24       61.078625      0.24859546       1.0472381       3.2513503      0.46759737     -0.52966871      -0.52966871       123.21659             123.21659
  6.2931297e-24       60.973433      0.25700921      0.97295659        3.078268     0.083969521     -0.52966871      -0.52966871        123.0062              123.0062
   1.038242e-23       60.442006      0.24669689       1.0463232        3.273763      0.49366501     -0.52966871      -0.52966871       121.94335             121.94335
  1.3632009e-23       60.138928      0.26015815      0.96992945       3.0999489      0.13778411     -0.52966871      -0.52966871       121.33719             121.33719
  2.2927706e-22       57.285645      0.26038458      0.96201354       3.0634784     0.041592181     -0.52966871      -0.52966871       115.63063             115.63063
  4.1002359e-21       54.371005      0.26025582      0.95823085       3.0653696     0.040955395     -0.52966871      -0.52966871       109.80135             109.80135
  8.9780155e-20       51.253914      0.25412384      0.95548078       3.1102659     0.088334141     -0.52966871      -0.52966871       103.56717             103.56717
  1.0589627e-19       51.058046      0.24304761       1.0290447       3.2720077      0.39232224     -0.52966871      -0.52966871       103.17543             103.17543
  1.5596384e-19        50.64011      0.25223288       1.0055115       3.2147634      0.36780206     -0.52966871      -0.52966871       102.33956             102.33956
   2.156083e-19         50.2855      0.24688685       1.0297908       3.2620144       0.4146527     -0.52966871      -0.52966871       101.63034             101.63034
  2.2909744e-19       50.194044      0.24497318      0.98323527       3.1676706      0.12567078     -0.52966871      -0.52966871       101.44743             101.44743
  1.0296869e-18        48.66041      0.25102374        0.980146       3.2049615      0.27352957     -0.52966871      -0.52966871       98.380157             98.380157
  1.8491218e-18       48.044182      0.24627459       1.0103434       3.1893188      0.21170228     -0.52966871      -0.52966871       97.147701             97.147701
  3.0637586e-18       47.508479      0.25376091      0.96564219       3.0844078    0.0030320117     -0.52966871      -0.52966871       96.076295             96.076295
  4.3998022e-18        47.11579        0.253435       1.0290825       3.2305993      0.44475663     -0.52966871      -0.52966871       95.290917             95.290917
  1.1306227e-17       46.141224      0.25259269      0.99571435         3.09706     0.093063333     -0.52966871      -0.52966871       93.341786             93.341786
  2.7021696e-17       45.239166       0.2560713       1.0019732       3.1339759      0.22788639     -0.52966871      -0.52966871       91.537669             91.537669
  8.5678799e-17       44.054429      0.25372237      0.97143508       3.0770765     0.032230856     -0.52966871      -0.52966871       89.168196             89.168196
    2.93654e-16       42.791861       0.2516121      0.96855203       3.0963304     0.013261672     -0.52966871      -0.52966871       86.643059             86.643059
  3.6399045e-16       42.546364      0.25124282      0.99650898       3.2254242      0.35461003     -0.52966871      -0.52966871       86.152064             86.152064
  4.5409743e-16       42.294408      0.24642919      0.97719392       3.2068538      0.21928283     -0.52966871      -0.52966871       85.648153             85.648153
  7.0471111e-16        41.82416      0.25078565      0.97783466       3.1971709      0.25019139     -0.52966871      -0.52966871       84.707657             84.707657
  7.1079395e-16       41.784794      0.25254794       0.9677951       3.1371918      0.11887666     -0.52966871      -0.52966871       84.628925             84.628925
  1.9422011e-15       40.748827      0.25047728      0.96942249       3.1641203      0.17471199     -0.52966871      -0.52966871       82.556992             82.556992
  2.0423638e-15        40.66777      0.25834313      0.96396445       3.1018602      0.12776335     -0.52966871      -0.52966871       82.394877             82.394877
  5.2980834e-15       39.683761      0.24626372      0.98768895       3.1924814      0.20568201     -0.52966871      -0.52966871       80.426859             80.426859
  1.1895806e-13       36.541563      0.25350645       1.0071681       3.1459146       0.2264276     -0.52966871      -0.52966871       74.142464             74.142464
  1.6338157e-13       36.193474      0.25394552       0.9817924       3.0942206     0.087821531     -0.52966871      -0.52966871       73.446286             73.446286
  2.4007423e-13       35.777843      0.24919445       0.9704386       3.1771252      0.17369381     -0.52966871      -0.52966871       72.615023             72.615023
  7.7560064e-13       34.574382      0.25377555       1.0100418       3.1364597      0.19545818     -0.52966871      -0.52966871         70.2081               70.2081
  1.4597276e-12       33.911243      0.25573137      0.99804801       3.1689692      0.28957486     -0.52966871      -0.52966871       68.881822             68.881822
   1.928738e-12       33.601855      0.26064279      0.99182832       3.0228995    0.0059137522     -0.52966871      -0.52966871       68.263047             68.263047
  1.8980194e-12       33.587138      0.24705216      0.98747324       3.1502896      0.11096229     -0.52966871      -0.52966871       68.233614             68.233614
  3.6869958e-12       32.892365       0.2477133       1.0103331       3.1886721      0.23083421     -0.52966871      -0.52966871       66.844068             66.844068
  3.8651937e-12       32.814394      0.25706321      0.97161816       3.1260064       0.1701118     -0.52966871      -0.52966871       66.688125             66.688125
  4.0965768e-12       32.725482      0.24762378       1.0206053       3.2453926      0.37471991     -0.52966871      -0.52966871       66.510302             66.510302
  2.6887798e-11        30.81319      0.26004048      0.95280118        3.062857     0.037664894     -0.52966871      -0.52966871       62.685717             62.685717
  7.1307685e-11       29.807087       0.2541779       1.0108889         3.13495      0.20416296     -0.52966871      -0.52966871       60.673511             60.673511
  7.7689031e-11       29.690605      0.24869443       1.0238711       3.2583151      0.43479076     -0.52966871      -0.52966871       60.440547             60.440547
   7.685853e-11       29.670581      0.24957369       1.0265736       3.2141513      0.34388836     -0.52966871      -0.52966871       60.400499             60.400499
  1.1228826e-10       29.260706      0.24911781       1.0141761       3.2366307      0.38235574     -0.52966871      -0.52966871        59.58075              59.58075
  1.2892286e-10        29.09179      0.25635416      0.96640379       3.1161678      0.13651661     -0.52966871      -0.52966871       59.242917             59.242917
  1.9150561e-10       28.665315      0.25982108      0.98275553       3.0440065     0.045624473     -0.52966871      -0.52966871       58.389968             58.389968
  4.2706047e-10       27.832535      0.25176377      0.96414039       3.0977567     0.019240494     -0.52966871      -0.52966871       56.724408             56.724408
  5.4535828e-10       27.557246      0.25014088      0.97911894       3.1890987      0.22602322     -0.52966871      -0.52966871        56.17383              56.17383
  7.1787892e-10       27.251617      0.24569764      0.99937102       3.2131119      0.24525872     -0.52966871      -0.52966871       55.562571             55.562571
  1.0025698e-09       26.886824      0.26212744      0.96775093       3.0406463     0.042832499     -0.52966871      -0.52966871       54.832986             54.832986
  1.1606613e-09       26.709629       0.2583715      0.98624502       3.1077326      0.15930385     -0.52966871      -0.52966871       54.478595             54.478595
  2.0118012e-09       26.128817      0.24686147      0.99796737       3.1750646      0.17786927     -0.52966871      -0.52966871       53.316971             53.316971
  2.7388107e-09       25.789552      0.24692936      0.99466327        3.168873      0.16416989     -0.52966871      -0.52966871       52.638441             52.638441
  1.7614843e-08       23.897562      0.25130382      0.97790772       3.1700296      0.19416501     -0.52966871      -0.52966871       48.854461             48.854461
  2.9948098e-08       23.336066       0.2465489       1.0132684       3.2344395      0.32726796     -0.52966871      -0.52966871        47.73147              47.73147
  4.4860551e-08       22.901202      0.25393765       1.0113144       3.1666333         0.27219     -0.52966871      -0.52966871       46.861741             46.861741
  6.5364713e-08       22.494006      0.25702399        0.956863        3.080299      0.04052985     -0.52966871      -0.52966871        46.04735              46.04735
  6.7329564e-08       22.433618      0.25471738      0.99723941       3.1293037      0.17240999     -0.52966871      -0.52966871       45.926573             45.926573
  6.7158456e-08       22.405391      0.25796381      0.96921989       3.1007621      0.12266699     -0.52966871      -0.52966871       45.870119             45.870119
   7.502223e-08       22.263889      0.25816597      0.99072297       3.0876834      0.11834741     -0.52966871      -0.52966871       45.587116             45.587116
   1.001719e-07       21.944015      0.24783999       0.9896831       3.1887319      0.21775515     -0.52966871      -0.52966871       44.947367             44.947367
  1.2641475e-07       21.680562      0.26100185      0.98368266       3.0486331     0.064885967     -0.52966871      -0.52966871       44.420462             44.420462
  2.7868306e-07       20.859284      0.25481221      0.96510566        3.116152      0.10497853     -0.52966871      -0.52966871       42.777905             42.777905
  3.8681879e-07       20.500631      0.25152415      0.99857308       3.1277527      0.14294954     -0.52966871      -0.52966871       42.060599             42.060599
  9.9526347e-07       19.524808      0.25290043       1.0076698        3.192626      0.31517339     -0.52966871      -0.52966871       40.108954             40.108954
  9.7896933e-07       19.510544      0.24911787      0.98003786       3.1676384      0.16359693     -0.52966871      -0.52966871       40.080425             40.080425
  1.0626019e-06       19.397796      0.25419031      0.99027719       3.1531724      0.21025934     -0.52966871      -0.52966871        39.85493              39.85493
  1.1298277e-06        19.30568       0.2490276      0.99296696       3.1525309      0.15791593     -0.52966871      -0.52966871       39.670698             39.670698
  1.1198557e-06       19.283774      0.25580664      0.98547735       3.1416299      0.20592022     -0.52966871      -0.52966871       39.626885             39.626885
  1.3887862e-06       19.037772      0.25256475      0.98391968       3.0863118     0.034547499     -0.52966871      -0.52966871       39.134881             39.134881
  1.9475827e-06       18.668841      0.25551781      0.98243946       3.1409449      0.19508075     -0.52966871      -0.52966871        38.39702              38.39702
  2.3959432e-06       18.430882      0.26171881      0.97395998       3.0466783     0.051296233     -0.52966871      -0.52966871       37.921101             37.921101
  2.5533758e-06       18.336471      0.25145434      0.96995193       3.1134373     0.075280145     -0.52966871      -0.52966871       37.732279             37.732279
  2.8017382e-06       18.212875      0.25736094      0.96618172       3.0861547     0.084263252     -0.52966871      -0.52966871       37.485088             37.485088
  4.7744982e-06       17.649055      0.25096239       1.0002119        3.152533      0.19346409     -0.52966871      -0.52966871       36.357447             36.357447
  5.4575609e-06        17.48457      0.25322254       0.9746782       3.1240158      0.12870165     -0.52966871      -0.52966871       36.028478             36.028478
  5.3101173e-06       17.481187      0.25102022      0.98926034       3.1220589      0.10104317     -0.52966871      -0.52966871       36.021711             36.021711
  6.8312117e-06       17.198527      0.25689049      0.98965474       3.1219805      0.18262391     -0.52966871      -0.52966871       35.456391             35.456391
  7.2918751e-06       17.102496      0.25006964      0.99042049       3.1544202      0.15887242     -0.52966871      -0.52966871        35.26433              35.26433
   8.143732e-06       16.961237      0.25023462      0.97777225       3.1232253      0.09010009     -0.52966871      -0.52966871       34.981811             34.981811
  8.3428289e-06       16.906311      0.25072319      0.98270771       3.1448632      0.15225207     -0.52966871      -0.52966871        34.87196              34.87196
   9.944136e-06       16.699959      0.25991656      0.97318499       3.0696381     0.078555616     -0.52966871      -0.52966871       34.459256             34.459256
  1.0216454e-05       16.642171      0.24907186      0.99331711       3.1657122      0.17598597     -0.52966871      -0.52966871       34.343679             34.343679
  1.0954261e-05        16.54167      0.24840438      0.98533962       3.1797776      0.18971343     -0.52966871      -0.52966871       34.142678             34.142678
  1.2438434e-05       16.383836      0.24770948      0.98883917       3.1878619      0.20493268     -0.52966871      -0.52966871       33.827009             33.827009
  1.4697288e-05       16.186193      0.24823109       1.0038712       3.1875706      0.23466911     -0.52966871      -0.52966871       33.431723             33.431723
   1.672849e-05       16.025971      0.25018295      0.98345671       3.1277722      0.10672436     -0.52966871      -0.52966871       33.111279             33.111279
  3.4585592e-05       15.268875      0.25207716       1.0076646       3.1892207      0.29729033     -0.52966871      -0.52966871       31.597087             31.597087
  5.0020788e-05       14.869102      0.25294312       1.0054788       3.1766738       0.2743422     -0.52966871      -0.52966871       30.797541             30.797541
  7.4110244e-05       14.445215      0.25554062      0.96694942       3.0706036    0.0033311205     -0.52966871      -0.52966871       29.949768             29.949768
  9.0785691e-05       14.211496      0.25620624      0.96387816       3.0763733     0.027398086     -0.52966871      -0.52966871       29.482329             29.482329
   9.389065e-05       14.147095      0.25062774       1.0099963       3.1886886      0.27831931     -0.52966871      -0.52966871       29.353527             29.353527
  0.00010858036       13.970963      0.25158897       1.0079348       3.1898852      0.29207873     -0.52966871      -0.52966871       29.001264             29.001264
  0.00011215036       13.907842      0.25719535      0.98826563        3.076613     0.078943798     -0.52966871      -0.52966871       28.875021             28.875021
  0.00019526388       13.322559      0.25289255      0.99108066        3.161785      0.21512818     -0.52966871      -0.52966871       27.704455             27.704455
  0.00019117416       13.312954      0.25505131      0.98699643       3.1372276       0.1844504     -0.52966871      -0.52966871       27.685246             27.685246
  0.00020758009        13.19985      0.25200869      0.98298108       3.1127683     0.097984195     -0.52966871      -0.52966871       27.459038             27.459038
  0.00024531746       13.002043      0.25579004      0.99095916       3.1308067      0.18894849     -0.52966871      -0.52966871       27.063422             27.063422
   0.0002480988       12.959997      0.25905185      0.97722911       3.0576589     0.040898652     -0.52966871      -0.52966871       26.979331             26.979331
  0.00044057883       12.354963      0.25267091      0.99501635       3.1394248      0.17953149     -0.52966871      -0.52966871       25.769263             25.769263
  0.00044302472       12.318655      0.25160205      0.99196498       3.1242776      0.12672745     -0.52966871      -0.52966871       25.696648             25.696648
  0.00048639644       12.194485      0.25593706      0.98943266       3.0745052     0.062856327     -0.52966871      -0.52966871       25.448307             25.448307
  0.00050351024       12.129133      0.25810246      0.98568351       3.0592492      0.05582768     -0.52966871      -0.52966871       25.317604             25.317604
  0.00050847952       12.088541      0.25140872      0.98353815       3.1434125      0.14382226     -0.52966871      -0.52966871       25.236419             25.236419
  0.00051072265       12.053367      0.25670208       0.9662228       3.0659169    0.0088117865     -0.52966871      -0.52966871       25.166072             25.166072
  0.00052198345       12.000786      0.25597283      0.97949112       3.1079502      0.11933686     -0.52966871      -0.52966871        25.06091              25.06091
  0.00052855947       11.957495       0.2513995       1.0011768         3.16191      0.21092649     -0.52966871      -0.52966871       24.974328             24.974328
  0.00052167732        11.93983      0.25794922      0.98747686       3.0693476     0.076902893     -0.52966871      -0.52966871       24.938997             24.938997
  0.00051120012       11.929346      0.25607988      0.97800016       3.0636707     0.014178721     -0.52966871      -0.52966871        24.91803              24.91803
  0.00051682387       11.887634      0.25246205      0.99940858       3.1394237      0.17432053     -0.52966871      -0.52966871       24.834605             24.834605
  0.00062175347        11.67202      0.25096102      0.99225699       3.1824696      0.24525678     -0.52966871      -0.52966871       24.403378             24.403378
  0.00079464018       11.395903      0.25322855        1.001053       3.1458318      0.20322501     -0.52966871      -0.52966871       23.851143             23.851143
   0.0011618301       10.985269      0.25147449       1.0043039        3.171532       0.2409199     -0.52966871      -0.52966871       23.029876             23.029876
   0.0016944543       10.577133      0.25433005      0.99311564       3.1411814      0.19291776     -0.52966871      -0.52966871       22.213604             22.213604
   0.0025440005       10.139984      0.25793095      0.96375463       3.0655295     0.039414477     -0.52966871      -0.52966871       21.339306             21.339306
   0.0030431934       9.9300431       0.2544115      0.96230176       3.0902555     0.041390002     -0.52966871      -0.52966871       20.919424             20.919424
   0.0029539663       9.9290301      0.25269754      0.97669032       3.1399587      0.15409085     -0.52966871      -0.52966871       20.917398             20.917398
    0.003077284       9.8573598      0.26055514      0.97714292       3.0448057     0.038518331     -0.52966871      -0.52966871       20.774057             20.774057
   0.0032057755       9.7856815      0.25332093      0.97638072       3.0912426     0.057173974     -0.52966871      -0.52966871         20.6307               20.6307
   0.0032548878       9.7397061      0.25341024      0.96529734       3.0935148     0.039157257     -0.52966871      -0.52966871        20.53875              20.53875
    0.003260753       9.7071341      0.25464182      0.96658498       3.0859412      0.04865163     -0.52966871      -0.52966871       20.473606             20.473606
   0.0039040438       9.4963076      0.25411802      0.99624013       3.1285899      0.16973003     -0.52966871      -0.52966871       20.051953             20.051953
   0.0051582814       9.1869454      0.24953054      0.99379662        3.167936      0.19179763     -0.52966871      -0.52966871       19.433228             19.433228
   0.0053713768        9.115693      0.25521663      0.96227383       3.0898374     0.053291378     -0.52966871      -0.52966871       19.290723             19.290723
   0.0052542312       9.1069719      0.25204238      0.99663148       3.1418291      0.17037996     -0.52966871      -0.52966871       19.273281             19.273281
   0.0054675716       9.0363993      0.25706625      0.98230401       3.0930052      0.10645276     -0.52966871      -0.52966871       19.132136             19.132136
   0.0056310733       8.9761622      0.25484055      0.98117516       3.0701016     0.023690407     -0.52966871      -0.52966871       19.011662             19.011662
   0.0062483653       8.8413707      0.24978625      0.99469111       3.1826482      0.23111385     -0.52966871      -0.52966871       18.742079             18.742079
   0.0098776825        8.352641      0.25225199        0.987171       3.1606012      0.20221029     -0.52966871      -0.52966871       17.764619             17.764619
    0.012565989       8.0811534      0.25489031      0.99209856       3.1134795      0.13981426     -0.52966871      -0.52966871       17.221644             17.221644
    0.013112353       8.0078208      0.25898035      0.97031271       3.0666417     0.061043578     -0.52966871      -0.52966871       17.074979             17.074979
    0.013021953       7.9839673      0.25615456      0.98008557       3.1032021      0.11392587     -0.52966871      -0.52966871       17.027272             17.027272
    0.013705674       7.9020224      0.25156599      0.99567829       3.1579237      0.20395264     -0.52966871      -0.52966871       16.863382             16.863382
    0.014229082       7.8337728      0.25002167      0.98827636       3.1693626      0.19556355     -0.52966871      -0.52966871       16.726883             16.726883
    0.015917951       7.6908415      0.25481351      0.97869831       3.0685466     0.022609453     -0.52966871      -0.52966871        16.44102              16.44102
    0.015507521       7.6861922      0.25810802      0.97481094       3.0455941    0.0060518632     -0.52966871      -0.52966871       16.431722             16.431722
    0.027722539       7.0744999      0.25644083       0.9640999       3.0651891   0.00015815044     -0.52966871      -0.52966871       15.208337             15.208337
    0.027638595       7.0467608      0.25083034      0.99673745       3.1684627      0.21601918     -0.52966871      -0.52966871       15.152859             15.152859
    0.029091256       6.9647647      0.25671694      0.96445203       3.0641276    0.0028321488     -0.52966871      -0.52966871       14.988867             14.988867
    0.028667166       6.9486783      0.25138346      0.98798304       3.1528129      0.17292081     -0.52966871      -0.52966871       14.956694             14.956694
    0.028196481       6.9344619      0.25923037      0.95893488       3.0512721    0.0052538262     -0.52966871      -0.52966871       14.928261             14.928261
    0.028213931       6.9030715      0.25431164      0.97887156       3.1150297      0.12480231     -0.52966871      -0.52966871        14.86548              14.86548
    0.027614581       6.8937718      0.25139296      0.98020533       3.1408841      0.14383098     -0.52966871      -0.52966871       14.846881             14.846881
    0.027178834       6.8789056      0.25385124      0.96801934       3.0981818      0.06573843     -0.52966871      -0.52966871       14.817149             14.817149
    0.028000707       6.8183426      0.25246482       0.9941816       3.1360921      0.16102466     -0.52966871      -0.52966871       14.696023             14.696023
    0.030067683       6.7163498      0.25465473      0.97969429        3.103215      0.10503953     -0.52966871      -0.52966871       14.492037             14.492037
    0.036817073       6.4830674      0.25087551      0.98689161       3.1375638      0.13412178     -0.52966871      -0.52966871       14.025472             14.025472
    0.035796267       6.4804138      0.25122099      0.98590881       3.1497568      0.16186731     -0.52966871      -0.52966871       14.020165             14.020165
    0.036126348       6.4404633      0.25516391      0.97503357       3.0651649    0.0038882531     -0.52966871      -0.52966871       13.940264             13.940264
    0.038378156       6.3492257      0.25496809      0.97521583       3.1099431      0.11563853     -0.52966871      -0.52966871       13.757789             13.757789
    0.040897699       6.2548686      0.25281715      0.98388309       3.1425584      0.17033447     -0.52966871      -0.52966871       13.569075             13.569075
     0.04418359       6.1468173      0.25511844      0.97010366        3.098105     0.084830719     -0.52966871      -0.52966871       13.352972             13.352972
    0.044631221       6.1059655      0.25141118      0.98101797       3.1482503      0.15753026     -0.52966871      -0.52966871       13.271268             13.271268
    0.051027795        5.941257      0.25621226       0.9841442       3.1032922      0.12463435     -0.52966871      -0.52966871       12.941851             12.941851
    0.051455003       5.9021481      0.25772113      0.97861586       3.0807724     0.085000392     -0.52966871      -0.52966871       12.863634             12.863634
     0.05021609       5.8957487       0.2553999      0.98835191       3.1053359      0.12414756     -0.52966871      -0.52966871       12.850835             12.850835
     0.04974552       5.8743921      0.25317204      0.97497238       3.0925333     0.053108822     -0.52966871      -0.52966871       12.808122             12.808122
    0.051006225       5.8185932      0.25443516      0.98735324       3.0953895     0.090289031     -0.52966871      -0.52966871       12.696524             12.696524
    0.051201585       5.7839987      0.25449652      0.96969176       3.0723188     0.008879338     -0.52966871      -0.52966871       12.627335             12.627335
     0.05539695        5.674473      0.25552999      0.97489504       3.0624579    0.0011220994     -0.52966871      -0.52966871       12.408283             12.408283
    0.080254637       5.2730213      0.25564002      0.96772233       3.0697193     0.022675889     -0.52966871      -0.52966871        11.60538              11.60538
     0.08621567       5.1706022       0.2557917      0.97515122       3.0606481   0.00036311219     -0.52966871      -0.52966871       11.400542             11.400542
    0.092101811       5.0737879      0.25712656       0.9752924       3.0884162     0.091092835     -0.52966871      -0.52966871       11.206913             11.206913
    0.099426658       4.9664906       0.2546581      0.97390817       3.0725751     0.016718998     -0.52966871      -0.52966871       10.992319             10.992319
       0.166154       4.6559366      0.25254749      0.97478678       3.1207984      0.10306439     -0.52966871      -0.52966871       10.371211             10.371211
     0.17860777       4.2959775       0.2533593      0.97665603       3.0990145     0.065820232     -0.52966871      -0.52966871       9.6512923             9.6512923
     0.18907547       4.2390234      0.25277704      0.98259235        3.122336      0.11743556     -0.52966871      -0.52966871       9.5373842             9.5373842
     0.18402153       4.0837953      0.25338056      0.97841361        3.092232     0.057694902     -0.52966871      -0.52966871       9.2269281             9.2269281
     0.23541201       3.8375109      0.25388298      0.97758788       3.0873705     0.053329167     -0.52966871      -0.52966871       8.7343592             8.7343592
     0.26793112        3.612808      0.25355591      0.98192857       3.1285215      0.14500904     -0.52966871      -0.52966871       8.2849534             8.2849534
     0.25979422       3.5483379      0.25535276      0.97891801       3.0855473     0.063217621     -0.52966871      -0.52966871       8.1560132             8.1560132
     0.28219824       3.4656179       0.2563731       0.9805568       3.0709855     0.046876947     -0.52966871      -0.52966871       7.9905733             7.9905733
     0.25713029       3.3579741      0.25430868      0.98555535       3.1209965      0.14153371     -0.52966871      -0.52966871       7.7752856             7.7752856
     0.32501825       3.0283655      0.25680341      0.97644753       3.0684549     0.047800095     -0.52966871      -0.52966871       7.1160684             7.1160684
     0.39327468        2.655417      0.25501126      0.97640529       3.0868359     0.066702128     -0.52966871      -0.52966871       6.3701714             6.3701714
     0.13395741       4.4734886      0.26017341       0.9715527       3.0444776     0.021488068     -0.52966871      -0.52966871       10.006315             10.006315
      0.1374261       4.4479242      0.25803269      0.97772253       3.0494703    0.0090345585     -0.52966871      -0.52966871       9.9551859             9.9551859
     0.15713976       4.3138749       0.2566526      0.97595819        3.054163    0.0002263231     -0.52966871      -0.52966871       9.6870873             9.6870873
     0.16010387       4.2042159      0.26008669      0.97080378        3.045345     0.022897697     -0.52966871      -0.52966871       9.4677693             9.4677693
     0.16388688       4.1364106      0.25436992      0.97086926       3.0857679     0.040517275     -0.52966871      -0.52966871       9.3321585             9.3321585
     0.17777562       4.0106131      0.25557276      0.96625494       3.0806057     0.044143184     -0.52966871      -0.52966871       9.0805636             9.0805636
     0.19273366       3.8853743      0.25640836      0.97521898       3.0576353    0.0013140422     -0.52966871      -0.52966871       8.8300859             8.8300859
     0.20374032       3.7853855      0.25733355      0.96772469       3.0713612     0.047934825     -0.52966871      -0.52966871       8.6301084             8.6301084
      0.2010957        3.753999       0.2566432      0.96502618       3.0655972     0.020709279     -0.52966871      -0.52966871       8.5673355             8.5673355
     0.21034455       3.6645813      0.25465103      0.97648605        3.074372     0.028504146     -0.52966871      -0.52966871          8.3885                8.3885
     0.25450019       3.3870152      0.25803746      0.97722086        3.056418     0.028337929     -0.52966871      -0.52966871       7.8333679             7.8333679
     0.25911136       3.3690589      0.25620135      0.96890855       3.0657445     0.010729186     -0.52966871      -0.52966871       7.7974552             7.7974552
     0.29171299        3.163535      0.25558026       0.9657896       3.0741518     0.023372195     -0.52966871      -0.52966871       7.3864075             7.3864075
     0.29731664       3.1445077      0.25925175      0.96956576       3.0535178     0.030254591     -0.52966871      -0.52966871       7.3483529             7.3483529
     0.29617465       3.1039043      0.25544029      0.97087864       3.0835809     0.049139698     -0.52966871      -0.52966871       7.2671461             7.2671461
     0.30304625       3.0365165      0.25557828      0.97137664       3.0668897     0.017811143     -0.52966871      -0.52966871       7.1323704             7.1323704
     0.29546425       3.0174023      0.25710931      0.97206212       3.0588885     0.010154267     -0.52966871      -0.52966871        7.094142              7.094142
     0.29822407       2.9636533       0.2582378        0.976545        3.053352      0.02903261     -0.52966871      -0.52966871       6.9866439             6.9866439
     0.28535269       2.9633207      0.25729471      0.96723833       3.0549786    0.0033395177     -0.52966871      -0.52966871       6.9859788             6.9859788
     0.28182013       2.9313258      0.25561315      0.97045652       3.0803924     0.043351191     -0.52966871      -0.52966871       6.9219891             6.9219891
      0.2731283       2.9182014      0.26054718      0.97027864       3.0375485    0.0050512075     -0.52966871      -0.52966871       6.8957403             6.8957403
     0.27433178       2.8693531      0.25937415      0.97356702       3.0457915     0.014017948     -0.52966871      -0.52966871       6.7980436             6.7980436
     0.28928531       2.8162779      0.25585681      0.97064143        3.071105      0.02374705     -0.52966871      -0.52966871       6.6918932             6.6918932
     0.37979238       2.6032892      0.25287511      0.97888639       3.1159662      0.10179193     -0.52966871      -0.52966871       6.2659158             6.2659158
     0.38944357       2.5781949      0.25735173      0.97510385       3.0747704     0.065400063     -0.52966871      -0.52966871       6.2157273             6.2157273
     0.37226784       2.5279901      0.25636184        0.977575       3.0743838     0.049469836     -0.52966871      -0.52966871       6.1153177             6.1153177
      0.5198265       2.0117871      0.25667374      0.97535646       3.0805405      0.07052823     -0.52966871      -0.52966871       5.0829116             5.0829116
     0.47954938       2.0054239      0.25372584       0.9802128       3.1050316     0.094217851     -0.52966871      -0.52966871       5.0701853             5.0701853
     0.65782935       1.5222712      0.25480776      0.97942411       3.0849959     0.060042744     -0.52966871      -0.52966871       4.1038798             4.1038798
     0.58904397       1.4785652      0.25684186      0.97744046       3.0750164     0.062087757     -0.52966871      -0.52966871       4.0164678             4.0164678
     0.59764125       1.4640754      0.25716123      0.97713736       3.0670557     0.047608875     -0.52966871      -0.52966871       3.9874882             3.9874882
     0.64404303       1.3893005      0.25399897      0.97567181        3.105263     0.089548445     -0.52966871      -0.52966871       3.8379384             3.8379384
     0.65197665       1.3770573      0.25364076      0.97790713       3.1054031     0.089690905     -0.52966871      -0.52966871        3.813452              3.813452
     0.68311664       1.3304004      0.25413149      0.97457876       3.0993534     0.076204211     -0.52966871      -0.52966871       3.7201383             3.7201383
     0.64612746       1.2807087      0.25447416      0.97699152       3.1047263     0.097367667     -0.52966871      -0.52966871       3.6207549             3.6207549
     0.72467583       1.1659811      0.25541833      0.97350786       3.0884668     0.069691732     -0.52966871      -0.52966871       3.3912996             3.3912996
     0.75149923       1.1296353      0.25436024      0.97361151        3.093254     0.065749292     -0.52966871      -0.52966871       3.3186081             3.3186081
     0.77130075       1.1036272      0.25638325      0.97570352       3.0811993       0.0681481     -0.52966871      -0.52966871       3.2665917             3.2665917
     0.31078552       2.6536165      0.25654961      0.96714192       3.0597831    0.0036327784     -0.52966871      -0.52966871       6.3665705             6.3665705
     0.31649909       2.5909474      0.25587306      0.97154626       3.0621777    0.0033055813     -0.52966871      -0.52966871       6.2412323             6.2412323
     0.41976227       2.2641275      0.25740961      0.96571312       3.0645652      0.02407655     -0.52966871      -0.52966871       5.5875924             5.5875924
     0.42967374       2.1963381      0.25691024      0.96434688       3.0613676     0.008502239     -0.52966871      -0.52966871       5.4520136             5.4520136
       0.511596        2.021829      0.25892894      0.96805218       3.0508139     0.011270981     -0.52966871      -0.52966871       5.1029955             5.1029955
     0.47187305       2.0116825      0.25863806      0.97239421       3.0577756      0.03573446     -0.52966871      -0.52966871       5.0827024             5.0827024
     0.57255793       1.7738268      0.25771561      0.96719178       3.0628217     0.026108218     -0.52966871      -0.52966871        4.606991              4.606991
     0.55168837       1.7665056      0.25845281      0.97561758        3.045721     0.005868635     -0.52966871      -0.52966871       4.5923487             4.5923487
     0.53346651       1.7556409      0.25782517      0.97585867       3.0560142     0.028393753     -0.52966871      -0.52966871       4.5706192             4.5706192
     0.55111286       1.7230976      0.25847763      0.96770306       3.0482651    0.0025450722     -0.52966871      -0.52966871       4.5055326             4.5055326
     0.53170176       1.7124344      0.25510674      0.96908106       3.0811258     0.040316351     -0.52966871      -0.52966871       4.4842063             4.4842063
      0.5427305       1.6453843      0.25664871      0.96705182       3.0597129    0.0031803666     -0.52966871      -0.52966871        4.350106              4.350106
     0.53059227       1.6214833      0.25566713      0.97416726       3.0689475     0.023228973     -0.52966871      -0.52966871        4.302304              4.302304
     0.60702352       1.4869096      0.25669453      0.97516538       3.0612843     0.018975631     -0.52966871      -0.52966871       4.0331567             4.0331567
      0.6046447       1.3085146      0.25731511        0.970623       3.0711207     0.047763297     -0.52966871      -0.52966871       3.6763666             3.6763666
     0.62014479        1.199821      0.25804009      0.97343353       3.0544624     0.017477333     -0.52966871      -0.52966871       3.4589794             3.4589794
     0.60588287       1.1053043      0.25673743      0.97078388       3.0762248      0.05341411     -0.52966871      -0.52966871       3.2699459             3.2699459
     0.60275508        1.036372      0.25506734      0.97358886       3.0777214     0.039379569     -0.52966871      -0.52966871       3.1320815             3.1320815
     0.80489911      0.90683791      0.25604623      0.97570747       3.0870057     0.075155451     -0.52966871      -0.52966871       2.8730132             2.8730132
      0.8213289      0.88663122      0.25565245      0.97926283       3.0868218     0.074678518     -0.52966871      -0.52966871       2.8325999             2.8325999
              1      0.68979957      0.25431281      0.97665094       3.0964469     0.075916738     -0.52966871      -0.52966871       2.4389366             2.4389366
     0.80637871       0.6818578      0.25676169      0.97526859       3.0724195     0.048776874     -0.52966871      -0.52966871        2.423053              2.423053
     0.69639402      0.60535213      0.25555118      0.97805535       3.0892008     0.077088861     -0.52966871      -0.52966871       2.2700417             2.2700417
     0.74386895      0.53940287      0.25629982      0.97459499       3.0798948     0.062103774     -0.52966871      -0.52966871       2.1381432             2.1381432
     0.85732287      0.39745315       0.2558058       0.9763776       3.0759254     0.046772877     -0.52966871      -0.52966871       1.8542437             1.8542437
     0.61492891      0.98000867      0.25588808      0.97517509       3.0720598     0.040408303     -0.52966871      -0.52966871       3.0193548             3.0193548
      0.5966037      0.97389461      0.25947016      0.97087941       3.0435374    0.0040609146     -0.52966871      -0.52966871       3.0071266             3.0071266
     0.58326685      0.96013524      0.25653884      0.97144468       3.0588223    0.0046517756     -0.52966871      -0.52966871       2.9796079             2.9796079
     0.57412191      0.93957064      0.25685754      0.97231358       3.0716061     0.048111722     -0.52966871      -0.52966871       2.9384787             2.9384787
     0.58106293       0.8911857      0.25546081      0.97481643       3.0737315     0.037026046     -0.52966871      -0.52966871       2.8417088             2.8417088
     0.55325148      0.86877315      0.25845241      0.96563603       3.0526938    0.0064924582     -0.52966871      -0.52966871       2.7968837             2.7968837
     0.56000536      0.82154812      0.25647424      0.96770808       3.0631417     0.010277854     -0.52966871      -0.52966871       2.7024337             2.7024337
     0.56670414      0.77456578      0.25749007      0.97532232       3.0558775      0.01813274     -0.52966871      -0.52966871        2.608469              2.608469
     0.55603358      0.75848315      0.25961679      0.96977203       3.0428553    0.0025320221     -0.52966871      -0.52966871       2.5763037             2.5763037
     0.53698517      0.75825004      0.25696864      0.96660801        3.059866    0.0054395214     -0.52966871      -0.52966871       2.5758375             2.5758375
     0.51919957      0.75684086      0.25489634      0.97258194       3.0847892      0.05183572     -0.52966871      -0.52966871       2.5730191             2.5730191
     0.54291102      0.64319089      0.25883552      0.96987109       3.0485065     0.012361955     -0.52966871      -0.52966871       2.3457192             2.3457192
     0.54928292      0.63152268        0.258199      0.97076407       3.0578857     0.028826056     -0.52966871      -0.52966871       2.3223828             2.3223828
     0.53710624      0.61884909      0.25698221      0.97230746        3.057046     0.006634334     -0.52966871      -0.52966871       2.2970356             2.2970356
     0.52431388      0.60786317      0.25662489      0.96812032       3.0670141     0.023656542     -0.52966871      -0.52966871       2.2750638             2.2750638
     0.50637052      0.57369216      0.25747399      0.96747505       3.0584943      0.01049698     -0.52966871      -0.52966871       2.2067218             2.2067218
     0.49495093      0.56260064      0.25754541      0.96853437       3.0633128     0.029119881     -0.52966871      -0.52966871       2.1845387             2.1845387
     0.48579027      0.54738072      0.25593214      0.97252912       3.0685277     0.027292476     -0.52966871      -0.52966871       2.1540989             2.1540989
     0.47126084      0.51105458      0.25667424      0.97028875       3.0590834    0.0053010938     -0.52966871      -0.52966871       2.0814466             2.0814466
     0.46004216      0.50235837      0.25904832      0.97252982       3.0439042    0.0011734343     -0.52966871      -0.52966871       2.0640542             2.0640542
      0.4461123      0.50031597      0.25590496      0.97177032       3.0690448     0.026883484     -0.52966871      -0.52966871       2.0599694             2.0599694
     0.45883298       0.4394106      0.25610467      0.97001237       3.0701037     0.029826782     -0.52966871      -0.52966871       1.9381586             1.9381586
     0.44465247      0.43801403      0.25548893       0.9718732       3.0754619     0.035538979     -0.52966871      -0.52966871       1.9353655             1.9353655
     0.43818284      0.38813227       0.2556798      0.97313652       3.0721259     0.031507318     -0.52966871      -0.52966871        1.835602              1.835602
     0.43593913      0.36151721      0.25875823       0.9678816       3.0501209     0.010620245     -0.52966871      -0.52966871       1.7823718             1.7823718
     0.59811434     0.064338635      0.25544936      0.97400971       3.0803589     0.050522935     -0.52966871      -0.52966871       1.1880147             1.1880147
      0.6178891     0.031811569      0.25555762      0.97334001       3.0806856     0.051364826     -0.52966871      -0.52966871       1.1229606             1.1229606
     0.62253954     0.024313418      0.25549831      0.97451631       3.0809606     0.053298349     -0.52966871      -0.52966871       1.1079643             1.1079643
     0.44569094       0.3391061      0.25894397      0.96961262       3.0471108     0.002896534     -0.52966871      -0.52966871       1.7375496             1.7375496
      0.4321114      0.32559666      0.25889046      0.96946792       3.0475356    0.0030201386     -0.52966871      -0.52966871       1.7105307             1.7105307
     0.41343438      0.32532951      0.25924694      0.96868148       3.0455398    0.0011412728     -0.52966871      -0.52966871       1.7099964             1.7099964
      0.3960435      0.32385249      0.25864838      0.96954405       3.0515192     0.015980603     -0.52966871      -0.52966871       1.7070424             1.7070424
     0.38033575      0.31987039      0.25753269      0.97295883        3.056555     0.015583271     -0.52966871      -0.52966871       1.6990782             1.6990782
     0.37604137      0.28677387      0.25884945      0.97207054       3.0461626    0.0049793759     -0.52966871      -0.52966871       1.6328852             1.6328852
     0.36658382      0.26779408      0.25672145      0.97021033       3.0658098     0.024343695     -0.52966871      -0.52966871       1.5949256             1.5949256
     0.37857363      0.19115892      0.25782183      0.97379493       3.0524292     0.011937903     -0.52966871      -0.52966871       1.4416553             1.4416553
     0.36477646      0.18383301      0.25885733      0.97160106        3.046943    0.0077288958     -0.52966871      -0.52966871       1.4270034             1.4270034
     0.35124815      0.17717304      0.25732375      0.97345082       3.0550677     0.010772564     -0.52966871      -0.52966871       1.4136835             1.4136835
     0.35170521      0.17587264      0.25775915      0.97360807       3.0586742     0.028726847     -0.52966871      -0.52966871       1.4110827             1.4110827
     0.35486763      0.16692114      0.25791133      0.97223494        3.049976   0.00058505073     -0.52966871      -0.52966871       1.3931797             1.3931797
     0.33235435       0.1371541      0.25712244      0.96893018       3.0567206    0.0046276856     -0.52966871      -0.52966871       1.3336456             1.3336456
     0.32132997      0.12436724      0.25818043      0.97090668       3.0520918     0.014160648     -0.52966871      -0.52966871       1.3080719             1.3080719
     0.30007127      0.10184399      0.25711047      0.97336557       3.0581701     0.018049935     -0.52966871      -0.52966871       1.2630254             1.2630254
     0.30085915      0.09922181      0.25842558      0.96848705       3.0515594     0.011401177     -0.52966871      -0.52966871        1.257781              1.257781
     0.25865291     0.036802845      0.25646489      0.97209133       3.0631677     0.018621479     -0.52966871      -0.52966871       1.1329431             1.1329431
     0.35285899      0.25532504      0.25610024      0.97056742       3.0755471     0.042411454     -0.52966871      -0.52966871       1.5699875             1.5699875
     0.35717143      0.14786753      0.25618704      0.97497356       3.0688268     0.033733685     -0.52966871      -0.52966871       1.3550725             1.3550725
     0.37000485      0.11256726      0.25622614      0.97041463         3.07289     0.037417528     -0.52966871      -0.52966871       1.2844719             1.2844719
     0.38262493     0.079028176      0.25606912      0.97127317       3.0716716     0.032755955     -0.52966871      -0.52966871       1.2173938             1.2173938
     0.34213281     0.073101343      0.25638175       0.9713451       3.0739999     0.043253139     -0.52966871      -0.52966871       1.2055401             1.2055401
     0.35061172     0.048620936      0.25653369      0.97012939       3.0704131     0.035316274     -0.52966871      -0.52966871       1.1565793             1.1565793
     0.35145241     0.046226039      0.25700717      0.97457326       3.0638059      0.03291992     -0.52966871      -0.52966871       1.1517895             1.1517895
     0.24490082     0.014475541      0.25618728      0.97150528       3.0673812     0.025079681     -0.52966871      -0.52966871       1.0882885             1.0882885
     0.24906092   -0.0023686601      0.25688581      0.97211237        3.060053       0.0179331     -0.52966871      -0.52966871       1.0546001             1.0546001
     0.25678115    -0.032895306      0.25839015      0.97148673        3.047729    0.0028970726     -0.52966871      -0.52966871      0.99354681            0.99354681
     0.25689595    -0.033342258         0.25756      0.96759897       3.0568589     0.010689109     -0.52966871      -0.52966871      0.99265291            0.99265291
     0.26205309    -0.053218251      0.25784859      0.97241166       3.0530795     0.010321425     -0.52966871      -0.52966871      0.95290092            0.95290092
     0.31728635   -0.0056550239      0.25687477      0.97280868       3.0645077     0.031057821     -0.52966871      -0.52966871       1.0480274             1.0480274
     0.31783811   -0.0073924883      0.25663895      0.97507801       3.0674201      0.03668533     -0.52966871      -0.52966871       1.0445524             1.0445524
     0.31842899   -0.0092498415      0.25707459        0.971754        3.066334     0.033828208     -0.52966871      -0.52966871       1.0408377             1.0408377
     0.32580407    -0.032146507      0.25599029      0.97226568       3.0714275     0.034081592     -0.52966871      -0.52966871      0.99504441            0.99504441
     0.33893059    -0.071645663      0.25685358      0.97373504       3.0694851     0.042322937     -0.52966871      -0.52966871       0.9160461             0.9160461
     0.34142067    -0.078965675      0.25683033      0.97106231       3.0684429     0.036602836     -0.52966871      -0.52966871      0.90140607            0.90140607
     0.27094206    -0.086576146      0.25780461      0.97275274       3.0568059     0.021790113     -0.52966871      -0.52966871      0.88618513            0.88618513
     0.27350799    -0.096001975      0.25639775      0.97300032       3.0662252     0.026504246     -0.52966871      -0.52966871      0.86733347            0.86733347
     0.28253883     -0.12848714      0.25685502      0.97150838       3.0605622     0.015198566     -0.52966871      -0.52966871      0.80236314            0.80236314
     0.28308383     -0.13041422      0.25737396      0.96999054       3.0625061     0.026549068     -0.52966871      -0.52966871      0.79850899            0.79850899
     0.28694379     -0.14395748      0.25698406      0.97020319       3.0619207     0.021431275     -0.52966871      -0.52966871      0.77142246            0.77142246
     0.29105866     -0.15819597      0.25774464      0.97100006       3.0576021     0.022215145     -0.52966871      -0.52966871      0.74294548            0.74294548
     0.29608135     -0.17530539      0.25697201      0.96970571       3.0594337      0.01123002     -0.52966871      -0.52966871      0.70872664            0.70872664
       0.302013      -0.1951412       0.2573506      0.96862575       3.0595707     0.016045954     -0.52966871      -0.52966871      0.66905502            0.66905502
     0.30331816     -0.19945341      0.25763483      0.96999892        3.059276     0.022842983     -0.52966871      -0.52966871       0.6604306             0.6604306
     0.30615679     -0.20876849      0.25770177      0.97144522       3.0591621     0.025371764     -0.52966871      -0.52966871      0.64180045            0.64180045
     0.31027366      -0.2221258       0.2574816      0.96991969       3.0588234     0.017078183     -0.52966871      -0.52966871      0.61508583            0.61508583
      0.3107045     -0.22351344      0.25690935      0.97116261        3.062897     0.021700373     -0.52966871      -0.52966871      0.61231055            0.61231055
     0.32208315     -0.25948089      0.25816699      0.97049441       3.0534139     0.014073685     -0.52966871      -0.52966871      0.54037565            0.54037565
     0.32461891     -0.26732305      0.25754638      0.97089237       3.0538337    0.0047503378     -0.52966871      -0.52966871      0.52469132            0.52469132
     0.32693556     -0.27443421      0.25724791      0.97148489       3.0591421     0.019816836     -0.52966871      -0.52966871      0.51046901            0.51046901
     0.33114638     -0.28723165      0.25788802      0.96943014       3.0535456    0.0063101437     -0.52966871      -0.52966871      0.48487413            0.48487413
     0.33297883     -0.29275004      0.25762177      0.96945177       3.0557111     0.012243993     -0.52966871      -0.52966871      0.47383735            0.47383735
     0.34328788     -0.32324053      0.25667313       0.9712681       3.0643518     0.023719552     -0.52966871      -0.52966871      0.41285636            0.41285636
     0.35721739     -0.36301566       0.2586268      0.96864696       3.0481683    0.0019326253     -0.52966871      -0.52966871      0.33330609            0.33330609
     0.36230253     -0.37715071      0.25685653      0.97199366       3.0641131     0.027327932     -0.52966871      -0.52966871        0.305036              0.305036
     0.37963511     -0.42388168      0.25804991      0.96895709       3.0523308    0.0048028543     -0.52966871      -0.52966871      0.21157407            0.21157407
