#        weight    minuslogpost         omega_c             n_s            lnas   minuslogprior minuslogprior__0            chi2 chi2__likelihood_CAMB
 9.8813129e-324       755.74904       0.2653366       1.0638517       3.0044874     -0.30652516      -0.30652516       1512.1111             1512.1111
 1.7460369e-317       741.30504      0.23327851      0.96259501       3.2137106     -0.30652516      -0.30652516       1483.2231             1483.2231
 9.6429081e-311       725.74988       0.2246096      0.92530219       3.3100008     -0.30652516      -0.30652516       1452.1128             1452.1128
  2.672391e-310       724.69977       0.2592808        1.015866       3.0242972     -0.30652516      -0.30652516       1450.0126             1450.0126
 2.9889114e-291       680.80795      0.26617752      0.88831854       3.1028078     -0.30652516      -0.30652516        1362.229              1362.229
 8.5524928e-290       677.42328      0.27155116      0.95328537       2.9985603     -0.30652516      -0.30652516       1355.4596             1355.4596
 1.5311672e-289       676.81012       0.2647388      0.97287178       3.0203421     -0.30652516      -0.30652516       1354.2333             1354.2333
 4.1475736e-289       675.78285      0.27676238       1.0544075       2.9397058     -0.30652516      -0.30652516       1352.1788             1352.1788
 7.2206614e-287       670.59249      0.22513041       1.0165556       3.2681586     -0.30652516      -0.30652516        1341.798              1341.798
 2.1683521e-280        655.6466       0.2720986      0.97407298       3.0338907     -0.30652516      -0.30652516       1311.9062             1311.9062
 3.8494138e-278        650.4367       0.2259993      0.96573409       3.2968382     -0.30652516      -0.30652516       1301.4865             1301.4865
 4.5202643e-278       650.24528      0.28230731      0.93532051       2.9654049     -0.30652516      -0.30652516       1301.1036             1301.1036
 1.5593915e-276       646.67361      0.22776304       1.0290631       3.2430279     -0.30652516      -0.30652516       1293.9603             1293.9603
 1.7003056e-266       623.53048      0.25251786      0.94313805       3.1609774     -0.30652516      -0.30652516        1247.674              1247.674
 1.9461704e-265       621.06207      0.25558099       1.0373857       3.0828687     -0.30652516      -0.30652516       1242.7372             1242.7372
 4.8800599e-261       610.90166      0.22502584      0.95088248       3.2897996     -0.30652516      -0.30652516       1222.4164             1222.4164
 4.2776492e-256       599.48972      0.26513222       1.0286251       3.0339994     -0.30652516      -0.30652516       1199.5925             1199.5925
 1.2991166e-250       586.83515      0.26349132       1.0279854       2.9991774     -0.30652516      -0.30652516       1174.2834             1174.2834
 6.7145608e-249        582.8592      0.26236483       1.0616252       2.9938244     -0.30652516      -0.30652516       1166.3315             1166.3315
 1.9412395e-239       561.04353      0.22469922      0.97556939       3.2809689     -0.30652516      -0.30652516       1122.7001             1122.7001
 5.3812038e-231        541.5725      0.27998563       0.9213019       2.9935091     -0.30652516      -0.30652516        1083.758              1083.758
 5.4649991e-227       532.31593      0.23488023       1.0443156       3.1786913     -0.30652516      -0.30652516       1065.2449             1065.2449
 4.6643305e-221       518.62807      0.25450909      0.96781673       3.1348726     -0.30652516      -0.30652516       1037.8692             1037.8692
 1.1866443e-217       510.75577      0.26844704      0.90292475         3.05728     -0.30652516      -0.30652516       1022.1246             1022.1246
 1.1771657e-205         483.102      0.23288863       1.0201761       3.1982799     -0.30652516      -0.30652516       966.81705             966.81705
 3.5192416e-203       477.37092         0.24759      0.99578346       3.1091568     -0.30652516      -0.30652516       955.35489             955.35489
 4.1218958e-196       461.06399      0.27570488      0.94730325        3.020788     -0.30652516      -0.30652516       922.74102             922.74102
 7.5858581e-194       455.81807      0.23125988       1.0000773       3.2419884     -0.30652516      -0.30652516       912.24919             912.24919
 3.6309153e-192       451.91893       0.2370595      0.90995816       3.2409669     -0.30652516      -0.30652516       904.45091             904.45091
 6.7489285e-191       448.96567      0.25842224      0.94321952       3.1231253     -0.30652516      -0.30652516        898.5444              898.5444
 3.2963227e-185       435.83597      0.27613511      0.92090275       3.0223359     -0.30652516      -0.30652516       872.28499             872.28499
 2.0230966e-180       424.78045      0.25394558       0.9110696       3.1278817     -0.30652516      -0.30652516       850.17395             850.17395
 8.3129931e-165       388.79771      0.26931501       1.0424727       2.9794365     -0.30652516      -0.30652516       778.20847             778.20847
   2.95912e-156        369.0766      0.27415031       1.0018918       2.9683757     -0.30652516      -0.30652516       738.76625             738.76625
 8.1249576e-156       368.03578      0.25809305      0.91665214       3.1028917     -0.30652516      -0.30652516       736.68461             736.68461
 1.3722128e-155       367.48094      0.23969229       1.0231866       3.1756804     -0.30652516      -0.30652516       735.57493             735.57493
 8.1327279e-150       354.15777      0.26549001      0.92704002       3.0853218     -0.30652516      -0.30652516       708.92859             708.92859
 3.7576359e-149       352.59652       0.2308256      0.97622764       3.2411628     -0.30652516      -0.30652516       705.80609             705.80609
 1.7867638e-147       348.70396      0.24719635       1.0460725       3.1008808     -0.30652516      -0.30652516       698.02098             698.02098
 6.6116373e-147       347.36477      0.23565338       0.9293065       3.2434358     -0.30652516      -0.30652516       695.34258             695.34258
 2.7285887e-142       336.70612      0.27556806      0.99907642        2.966247     -0.30652516      -0.30652516       674.02528             674.02528
 1.4744409e-131       311.96241      0.26889268       0.9242693       3.0623358     -0.30652516      -0.30652516       624.53788             624.53788
 1.6266662e-130        309.5308      0.24425781       1.0300779       3.1414107     -0.30652516      -0.30652516       619.67466             619.67466
 1.7886384e-129       307.10252      0.24107499      0.99444738       3.1882634     -0.30652516      -0.30652516        614.8181              614.8181
 1.1299721e-128       305.22843       0.2344268      0.96796643       3.2190387     -0.30652516      -0.30652516       611.06991             611.06991
 1.2040584e-120       286.71347       0.2354494       1.0104419       3.1970708     -0.30652516      -0.30652516          574.04                574.04
 1.2690747e-120       286.63011      0.25328296       1.0368997       3.0826134     -0.30652516      -0.30652516       573.87327             573.87327
 7.0793489e-117       277.97269      0.25926863      0.91681825       3.1016991     -0.30652516      -0.30652516       556.55843             556.55843
 1.0581515e-115       275.23741       0.2411755       1.0224162       3.1486623     -0.30652516      -0.30652516       551.08786             551.08786
 2.9767993e-113       269.56714      0.23543186      0.94484394       3.2341535     -0.30652516      -0.30652516       539.74733             539.74733
  9.344903e-113       268.39239      0.27261252      0.98654585       3.0084181     -0.30652516      -0.30652516       537.39782             537.39782
 1.8928956e-110       263.05058      0.26043317      0.97658221       3.0884553     -0.30652516      -0.30652516       526.71421             526.71421
 4.0003534e-110       262.27154      0.23335069      0.97420245       3.2339349     -0.30652516      -0.30652516       525.15612             525.15612
 9.9259776e-108       256.72682      0.26690935      0.94662311       3.0653092     -0.30652516      -0.30652516       514.06669             514.06669
 4.6831449e-105       250.53948      0.23990233      0.99711495       3.1669066     -0.30652516      -0.30652516       501.69201             501.69201
 3.6778369e-104       248.44777      0.26531616      0.94771856       3.0740692     -0.30652516      -0.30652516       497.50859             497.50859
  5.271208e-103       245.75448      0.24089576        1.021776       3.1546495     -0.30652516      -0.30652516         492.122               492.122
 7.2908252e-103       245.39935      0.26732009      0.96892317       3.0514464     -0.30652516      -0.30652516       491.41174             491.41174
 1.0558776e-102       244.99823      0.26687167      0.93907617       3.0471585     -0.30652516      -0.30652516       490.60952             490.60952
 1.6259318e-102       244.53575      0.24320714      0.98737375       3.1492674     -0.30652516      -0.30652516       489.68456             489.68456
 1.2259012e-101        242.4848      0.23623632      0.94726502        3.227192     -0.30652516      -0.30652516       485.58266             485.58266
 1.3956009e-101       242.32438      0.27088486       0.9596645       3.0338956     -0.30652516      -0.30652516       485.26181             485.26181
  8.381716e-101       240.50088       0.2681606      0.95836117       3.0270531     -0.30652516      -0.30652516       481.61482             481.61482
 1.9631031e-100       239.61905      0.25323437       1.0267816       3.0909953     -0.30652516      -0.30652516       479.85115             479.85115
 3.8822197e-100        238.9064      0.26488916      0.92172967        3.080862     -0.30652516      -0.30652516       478.42585             478.42585
  1.4354888e-97       232.96277      0.26228329       0.9972171       3.0331695     -0.30652516      -0.30652516        466.5386              466.5386
  6.5203355e-96         229.116      0.23758227      0.98727024       3.1896056     -0.30652516      -0.30652516       458.84505             458.84505
  6.0264853e-93       222.25623      0.25859306      0.97330411       3.0995365     -0.30652516      -0.30652516       445.12552             445.12552
  1.6042507e-92       221.24638      0.27114373      0.94415361       3.0289533     -0.30652516      -0.30652516       443.10582             443.10582
  1.5636777e-83       200.51796      0.26688928      0.98562421       3.0182027     -0.30652516      -0.30652516       401.64897             401.64897
  3.2299182e-83       199.76177      0.25361848      0.98077562       3.1228306     -0.30652516      -0.30652516        400.1366              400.1366
  3.7175677e-83       199.59039      0.25077716       1.0070013       3.1206704     -0.30652516      -0.30652516       399.79383             399.79383
  1.3340859e-82       198.28186      0.23925545      0.94292757       3.2106977     -0.30652516      -0.30652516       397.17676             397.17676
  1.9694972e-82       197.86155      0.26463457       1.0191533       3.0158766     -0.30652516      -0.30652516       396.33615             396.33615
  7.0071231e-81       194.25905      0.25079921      0.91954956       3.1558004     -0.30652516      -0.30652516       389.13114             389.13114
  1.0746694e-80        193.8006      0.24996128       0.9987947       3.1032649     -0.30652516      -0.30652516       388.21426             388.21426
  5.9263851e-80       192.06243      0.26588512      0.97012382       3.0324869     -0.30652516      -0.30652516       384.73791             384.73791
  9.8364411e-78       186.91981      0.23757644      0.95907654       3.2106049     -0.30652516      -0.30652516       374.45267             374.45267
  3.2918508e-74       178.77334       0.2575366       1.0198324       3.0524095     -0.30652516      -0.30652516       358.15973             358.15973
  5.5987932e-74       178.21147      0.25367093      0.96411479       3.1011199     -0.30652516      -0.30652516       357.03599             357.03599
  1.8830126e-73       176.96779      0.24206071      0.95550293       3.1980718     -0.30652516      -0.30652516       354.54863             354.54863
  2.3476337e-73       176.71648      0.27053044      0.99113173       3.0027256     -0.30652516      -0.30652516       354.04602             354.04602
  3.2305855e-73       176.36646      0.24804741      0.94137462       3.1504096     -0.30652516      -0.30652516       353.34596             353.34596
  2.7648746e-72       174.18877      0.24827165      0.92486855       3.1681194     -0.30652516      -0.30652516       348.99059             348.99059
  5.3370111e-70       168.89516      0.24918573       1.0237574       3.1102108     -0.30652516      -0.30652516       338.40336             338.40336
   2.911099e-69       167.16793      0.25600298      0.95663428       3.1208633     -0.30652516      -0.30652516       334.94892             334.94892
  2.6398703e-68       164.93238      0.26755133      0.94715581       3.0540933     -0.30652516      -0.30652516       330.47781             330.47781
  2.9662445e-68       164.78504       0.2456502      0.95369245       3.1794823     -0.30652516      -0.30652516       330.18313             330.18313
  1.0019522e-67       163.53703       0.2607742      0.92944584       3.0912542     -0.30652516      -0.30652516       327.68711             327.68711
  6.1298815e-67       161.69503      0.24383792       0.9522153       3.1892586     -0.30652516      -0.30652516       324.00311             324.00311
  1.1916854e-65        158.6969      0.25999718      0.97440228        3.087975     -0.30652516      -0.30652516       318.00684             318.00684
  3.5000799e-65       157.58871      0.25016092       1.0035738       3.1246739     -0.30652516      -0.30652516       315.79047             315.79047
  3.4457929e-65       157.57357      0.26168487       1.0038826       3.0372779     -0.30652516      -0.30652516       315.76019             315.76019
  5.4556844e-65       157.08329       0.2608091      0.94592445       3.0967277     -0.30652516      -0.30652516       314.77964             314.77964
  2.0033742e-64       155.75176      0.25659382      0.92681858       3.1243968     -0.30652516      -0.30652516       312.11657             312.11657
  3.5673625e-64         155.144      0.26260191      0.95034814       3.0639755     -0.30652516      -0.30652516       310.90104             310.90104
  1.2693994e-62       151.54134      0.24314478       0.9979746       3.1502326     -0.30652516      -0.30652516       303.69572             303.69572
  1.6466545e-61       148.94778      0.25485089       0.9263893       3.1331283     -0.30652516      -0.30652516       298.50861             298.50861
  1.1685838e-60       146.95737      0.26879426      0.97109411       3.0342172     -0.30652516      -0.30652516        294.5278              294.5278
  3.0119593e-60        145.9798       0.2395376      0.97390876       3.1885444     -0.30652516      -0.30652516       292.57266             292.57266
  6.7791725e-59       142.83518      0.26802148      0.96517708       3.0422566     -0.30652516      -0.30652516       286.28342             286.28342
  3.3594002e-58       141.20392      0.25075715      0.95562511       3.1254586     -0.30652516      -0.30652516       283.02089             283.02089
  3.7310536e-58       141.06822      0.24575151      0.97429119       3.1678348     -0.30652516      -0.30652516       282.74949             282.74949
   2.613235e-57       139.09096      0.24068136      0.98178494       3.1760984     -0.30652516      -0.30652516       278.79498             278.79498
  1.0494577e-55       135.36734      0.24618655       0.9688173       3.1455847     -0.30652516      -0.30652516       271.34773             271.34773
  1.1629677e-55       135.23386      0.24755702      0.95093748       3.1487933     -0.30652516      -0.30652516       271.08078             271.08078
  2.8544821e-55       134.30518        0.269042      0.96238129       3.0318619     -0.30652516      -0.30652516       269.22341             269.22341
  5.4841973e-55       133.62143      0.25171375       1.0119807       3.1069834     -0.30652516      -0.30652516        267.8559              267.8559
  2.0329235e-54       132.28046      0.25251453      0.93599675       3.1311485     -0.30652516      -0.30652516       265.17398             265.17398
  8.8927066e-54       130.77394      0.26318264      0.99729033       3.0345677     -0.30652516      -0.30652516       262.16092             262.16092
  4.4820387e-53       129.12573      0.26658367      0.95032907       3.0552968     -0.30652516      -0.30652516       258.86452             258.86452
  1.1416775e-52       128.15996      0.25973736       1.0178107       3.0491978     -0.30652516      -0.30652516       256.93296             256.93296
  8.1319216e-50       121.56072      0.26653258      0.98560987       3.0257998     -0.30652516      -0.30652516       243.73448             243.73448
    1.57496e-49       120.86893      0.25326212      0.93875842       3.1398606     -0.30652516      -0.30652516        242.3509              242.3509
  2.1977709e-48       118.20236       0.2413891      0.95836436        3.194121     -0.30652516      -0.30652516       237.01776             237.01776
  2.4327194e-48       118.07002      0.25209687      0.93304723       3.1387524     -0.30652516      -0.30652516       236.75309             236.75309
   1.574423e-47       116.17178      0.26489223      0.96540052        3.045276     -0.30652516      -0.30652516       232.95661             232.95661
  1.3517919e-45        111.6883      0.24236853      0.99741225       3.1619337     -0.30652516      -0.30652516       223.98965             223.98965
  2.8042241e-45       110.92783       0.2496487        1.008958       3.1192824     -0.30652516      -0.30652516       222.46871             222.46871
  1.2175566e-44       109.42875      0.24186144      0.97437316       3.1850176     -0.30652516      -0.30652516       219.47056             219.47056
  1.4979254e-44       109.19075      0.24188021      0.96285261       3.1899641     -0.30652516      -0.30652516       218.99455             218.99455
  2.3773461e-42        104.0929      0.25534604       1.0018672       3.0931475     -0.30652516      -0.30652516       208.79886             208.79886
  3.8322224e-42       103.58467      0.26326382      0.95467512       3.0616613     -0.30652516      -0.30652516       207.78239             207.78239
  1.6477723e-41       102.09533      0.24182864      0.97164371       3.1769633     -0.30652516      -0.30652516       204.80372             204.80372
  1.9248779e-41       101.90912      0.25964457      0.93939796       3.0931317     -0.30652516      -0.30652516        204.4313              204.4313
  3.6752713e-40       98.929003      0.24465302       1.0020822       3.1448818     -0.30652516      -0.30652516       198.47106             198.47106
  4.5672072e-39       96.378372      0.25895264      0.94835787       3.1026096     -0.30652516      -0.30652516       193.36979             193.36979
  1.2304193e-38       95.356562      0.24842527        1.006669       3.1170958     -0.30652516      -0.30652516       191.32617             191.32617
  1.3875386e-37       92.903029       0.2537102      0.93620552       3.1297482     -0.30652516      -0.30652516       186.41911             186.41911
  3.8860459e-37       91.842396      0.25872536       1.0088953       3.0644278     -0.30652516      -0.30652516       184.29784             184.29784
  7.3159639e-37       91.178958      0.25225697      0.93902222        3.134323     -0.30652516      -0.30652516       182.97097             182.97097
  6.4843456e-36       88.966269       0.2654829      0.96656292       3.0452563     -0.30652516      -0.30652516       178.54559             178.54559
  2.8013202e-35       87.472212      0.24939383      0.96887012       3.1478365     -0.30652516      -0.30652516       175.55748             175.55748
  1.2565685e-34       85.940562       0.2513724       1.0060346        3.099248     -0.30652516      -0.30652516       172.49417             172.49417
   2.561721e-34       85.197496       0.2581302      0.94439551       3.1072181     -0.30652516      -0.30652516       171.00804             171.00804
  8.8960568e-34       83.921795      0.26267819       1.0012665       3.0425835     -0.30652516      -0.30652516       168.45664             168.45664
  3.4625873e-32       80.229445      0.24468688      0.96121876       3.1748065     -0.30652516      -0.30652516       161.07194             161.07194
  3.7848609e-32       80.109681      0.25955802      0.96743016       3.0722963     -0.30652516      -0.30652516       160.83241             160.83241
  4.8124543e-31       77.536126      0.25289426       1.0002035       3.1065353     -0.30652516      -0.30652516        155.6853              155.6853
  2.6101753e-30       75.814559      0.25782617       0.9651749       3.0830887     -0.30652516      -0.30652516       152.24217             152.24217
  3.1017889e-30       75.611225      0.25567268       1.0091315       3.0801192     -0.30652516      -0.30652516        151.8355              151.8355
  5.6167785e-29       72.684089      0.25437704      0.95394385       3.1256254     -0.30652516      -0.30652516       145.98123             145.98123
  5.6559205e-29       72.646373      0.25760854      0.96109877        3.087259     -0.30652516      -0.30652516        145.9058              145.9058
  7.0309256e-28       70.095401      0.24813832      0.98825339       3.1415025     -0.30652516      -0.30652516       140.80385             140.80385
  1.0097915e-27       69.702619      0.24713549      0.97364995       3.1560423     -0.30652516      -0.30652516       140.01829             140.01829
  1.8549771e-26       66.761133      0.25281103      0.96340978       3.1127735     -0.30652516      -0.30652516       134.13532             134.13532
   6.290523e-26        65.50919      0.25016516      0.98008116       3.1186579     -0.30652516      -0.30652516       131.63143             131.63143
  2.9573091e-25       63.930598      0.25376911      0.95044956       3.1292917     -0.30652516      -0.30652516       128.47425             128.47425
  4.6181501e-24       61.151526      0.26116915      0.96861525       3.0776804     -0.30652516      -0.30652516        122.9161              122.9161
   5.547065e-24        60.93748      0.24550965      0.98824647       3.1532322     -0.30652516      -0.30652516       122.48801             122.48801
  7.5479266e-24       60.598704       0.2450464      0.96505111       3.1689799     -0.30652516      -0.30652516       121.81046             121.81046
  7.9205307e-24       60.519747      0.26266955      0.97504259       3.0545797     -0.30652516      -0.30652516       121.65255             121.65255
  1.0609312e-23       60.196702      0.26133177      0.96103424       3.0701425     -0.30652516      -0.30652516       121.00645             121.00645
  1.1917929e-22       57.747033      0.25133802      0.96136275       3.1236316     -0.30652516      -0.30652516       116.10712             116.10712
  1.0910105e-21       55.502031       0.2632092      0.97934524       3.0510172     -0.30652516      -0.30652516       111.61711             111.61711
  1.5100738e-21       55.146205      0.24971623      0.94931594       3.1447084     -0.30652516      -0.30652516       110.90546             110.90546
  1.8813321e-20       52.593027      0.26355308      0.97856789       3.0526568     -0.30652516      -0.30652516        105.7991              105.7991
  6.2506197e-20       51.361555      0.25781074      0.95609132       3.1026893     -0.30652516      -0.30652516       103.33616             103.33616
  3.9270597e-19       49.492988      0.26091754      0.96743635       3.0686276     -0.30652516      -0.30652516       99.599026             99.599026
  1.4259619e-18       48.172675      0.25033446      0.95442799       3.1451351     -0.30652516      -0.30652516       96.958401             96.958401
  9.2391752e-18       46.273298      0.25730695      0.99590387        3.072649     -0.30652516      -0.30652516       93.159645             93.159645
  1.0949669e-17       46.072669      0.24873165      0.97803009       3.1305088     -0.30652516      -0.30652516       92.758389             92.758389
  5.6934199e-17       44.393311      0.26247892      0.97153198       3.0644097     -0.30652516      -0.30652516       89.399672             89.399672
  5.5965278e-17       44.379704       0.2541319      0.95613696       3.1235415     -0.30652516      -0.30652516       89.372458             89.372458
  1.5390121e-16       43.337353      0.25617941      0.94987651       3.1119189     -0.30652516      -0.30652516       87.287756             87.287756
  7.4575557e-16       41.728494      0.25083192      0.97685856       3.1320482     -0.30652516      -0.30652516       84.070038             84.070038
  9.7484347e-16       41.429843      0.25234953      0.95253613       3.1267159     -0.30652516      -0.30652516       83.472737             83.472737
  9.7565952e-16       41.398235      0.25657818      0.99979751       3.0782412     -0.30652516      -0.30652516        83.40952              83.40952
  1.0599557e-15       41.284595      0.24586326       0.9695074       3.1571145     -0.30652516      -0.30652516       83.182239             83.182239
  1.6765787e-15       40.795295       0.2545647      0.98129297        3.094094     -0.30652516      -0.30652516        82.20364              82.20364
  4.1374366e-15       39.861202      0.24945816      0.99622403       3.1227693     -0.30652516      -0.30652516       80.335454             80.335454
  7.5887897e-15       39.223835      0.24822742      0.95717133       3.1504654     -0.30652516      -0.30652516       79.060719             79.060719
  1.5622315e-14       38.471035      0.25865369      0.99564892       3.0696566     -0.30652516      -0.30652516        77.55512              77.55512
  1.7603611e-14       38.320859      0.26214777      0.97578833       3.0624174     -0.30652516      -0.30652516       77.254769             77.254769
  2.2036994e-14       38.065469      0.25054389      0.95971718       3.1413317     -0.30652516      -0.30652516       76.743989             76.743989
  2.1426355e-14       38.062798      0.25883477      0.95585041        3.089936     -0.30652516      -0.30652516       76.738647             76.738647
  5.8612054e-14       37.025708      0.25086547       0.9597946       3.1394804     -0.30652516      -0.30652516       74.664466             74.664466
  7.6128184e-14       36.733458      0.26034046      0.98324801       3.0639265     -0.30652516      -0.30652516       74.079967             74.079967
  1.4252172e-13       36.075611       0.2613493      0.97439298       3.0645499     -0.30652516      -0.30652516       72.764272             72.764272
  1.5038158e-13       35.991157      0.24976655      0.99505823       3.1194854     -0.30652516      -0.30652516       72.595365             72.595365
  2.5779415e-13         35.4214      0.25340296       0.9772582       3.1169188     -0.30652516      -0.30652516       71.455851             71.455851
  3.9984581e-13       34.951711      0.26169307      0.97115661       3.0674407     -0.30652516      -0.30652516       70.516472             70.516472
  4.9282296e-13       34.711868      0.24754639        0.981271       3.1384916     -0.30652516      -0.30652516       70.036787             70.036787
  4.2972454e-12       32.515517      0.25787735      0.97019804       3.0942975     -0.30652516      -0.30652516       65.644085             65.644085
  1.0263091e-11       31.614166      0.25759772       0.9665184       3.0875406     -0.30652516      -0.30652516       63.841382             63.841382
  1.5383216e-11       31.178671        0.248612      0.97121843        3.137086     -0.30652516      -0.30652516       62.970393             62.970393
  1.5774243e-11       31.122798      0.24909079      0.96789924       3.1360865     -0.30652516      -0.30652516       62.858647             62.858647
  1.6951858e-11       31.020027      0.25352343      0.96681733       3.1214221     -0.30652516      -0.30652516       62.653105             62.653105
  1.8336047e-11       30.910764       0.2512046      0.96100092       3.1276948     -0.30652516      -0.30652516       62.434579             62.434579
  1.9782053e-11       30.804086      0.25535235      0.98727642       3.0879709     -0.30652516      -0.30652516       62.221223             62.221223
  1.0542248e-10       29.100114       0.2513114      0.95525672       3.1360601     -0.30652516      -0.30652516       58.813278             58.813278
  1.9185606e-10       28.470573      0.25707929      0.95950562       3.0962121     -0.30652516      -0.30652516       57.554196             57.554196
  2.9152995e-10       28.021404      0.25163357      0.99467973       3.1113805     -0.30652516      -0.30652516       56.655858             56.655858
  4.2500483e-10       27.613674      0.25168213      0.95628817       3.1341005     -0.30652516      -0.30652516       55.840399             55.840399
  4.3728742e-10       27.554413      0.25523462       0.9824305       3.1021695     -0.30652516      -0.30652516       55.721875             55.721875
  9.1930573e-10       26.780613      0.24753227      0.98097092       3.1431745     -0.30652516      -0.30652516       54.174276             54.174276
  1.3630605e-09       26.355972      0.25466598      0.98918228       3.0916903     -0.30652516      -0.30652516       53.324995             53.324995
  4.4829167e-09       25.134659      0.25787928      0.97016557       3.0845228     -0.30652516      -0.30652516       50.882369             50.882369
  6.3412431e-09       24.757087      0.25486513      0.98297367       3.0933155     -0.30652516      -0.30652516       50.127223             50.127223
  9.9324338e-09       24.277584      0.25431895      0.96495386       3.1168886     -0.30652516      -0.30652516       49.168219             49.168219
  9.8617925e-09        24.25395      0.24888338      0.96601174       3.1451443     -0.30652516      -0.30652516        49.12095              49.12095
  1.7412463e-08        23.65466      0.25778355      0.98341816        3.085407     -0.30652516      -0.30652516       47.922371             47.922371
  2.4331711e-08       23.289294      0.24841222      0.97836929        3.135894     -0.30652516      -0.30652516       47.191639             47.191639
  3.5241558e-08       22.888077      0.25998285      0.97218081       3.0745763     -0.30652516      -0.30652516       46.389204             46.389204
  6.5182866e-08       22.242335      0.25796151      0.96024421        3.094195     -0.30652516      -0.30652516        45.09772              45.09772
  6.6353867e-08       22.193758      0.25595656      0.96830185       3.0960978     -0.30652516      -0.30652516       45.000566             45.000566
  6.9624164e-08       22.114876      0.25314278      0.97827918       3.1163091     -0.30652516      -0.30652516       44.842803             44.842803
  7.4110915e-08       22.021654      0.25386219      0.95602601        3.119024     -0.30652516      -0.30652516       44.656357             44.656357
  7.5986546e-08       21.965888      0.25590618      0.99252102       3.0879453     -0.30652516      -0.30652516       44.544827             44.544827
  8.4722455e-08       21.826292       0.2590555      0.97831021       3.0803707     -0.30652516      -0.30652516       44.265635             44.265635
   9.240481e-08       21.708722      0.25816645      0.98662908       3.0796058     -0.30652516      -0.30652516       44.030495             44.030495
  1.0600386e-07       21.540654      0.25508448       0.9837303       3.1013393     -0.30652516      -0.30652516       43.694359             43.694359
  1.0406317e-07        21.52836      0.25978615      0.98041337       3.0718022     -0.30652516      -0.30652516        43.66977              43.66977
  1.1682025e-07        21.38195       0.2535309      0.99351384       3.0992638     -0.30652516      -0.30652516        43.37695              43.37695
  1.2495126e-07       21.283891      0.25383824      0.99258828       3.0969084     -0.30652516      -0.30652516       43.180832             43.180832
  1.4062284e-07       21.134962      0.25850573      0.98635755       3.0771183     -0.30652516      -0.30652516       42.882974             42.882974
  4.9192752e-07        19.85194      0.25651533      0.96206374       3.0984601     -0.30652516      -0.30652516        40.31693              40.31693
  7.7443887e-07       19.367361      0.24946278      0.98626377       3.1279614     -0.30652516      -0.30652516       39.347773             39.347773
  7.7756589e-07        19.33256      0.25972623      0.97406669        3.076619     -0.30652516      -0.30652516        39.27817              39.27817
  8.2174865e-07       19.246522      0.25721495      0.96690111       3.0910976     -0.30652516      -0.30652516       39.106094             39.106094
  1.3524975e-06       18.717477       0.2528017       0.9920451       3.1045183     -0.30652516      -0.30652516       38.048004             38.048004
  1.3640347e-06       18.678211      0.25661452      0.96579272       3.0950522     -0.30652516      -0.30652516       37.969472             37.969472
  1.7527116e-06       18.396722      0.25241953      0.99070717       3.1063546     -0.30652516      -0.30652516       37.406495             37.406495
  1.8040793e-06       18.337064      0.25332411      0.99189179       3.1028898     -0.30652516      -0.30652516       37.287179             37.287179
  1.7769444e-06       18.321448      0.25523054      0.97349368       3.1066642     -0.30652516      -0.30652516       37.255946             37.255946
   1.961595e-06       18.191813      0.24893713      0.96936494        3.142057     -0.30652516      -0.30652516       36.996677             36.996677
  3.2802244e-06       17.646888      0.25388002      0.99185987       3.0983487     -0.30652516      -0.30652516       35.906826             35.906826
  3.3860437e-06       17.584366      0.25736806       0.9816764       3.0882619     -0.30652516      -0.30652516       35.781782             35.781782
   3.806374e-06       17.436579       0.2576671      0.96521075       3.0951826     -0.30652516      -0.30652516       35.486209             35.486209
  4.0918529e-06       17.333487      0.25019721      0.97398401       3.1340214     -0.30652516      -0.30652516       35.280024             35.280024
  5.4963214e-06       17.007634      0.25293573       0.9682569       3.1138142     -0.30652516      -0.30652516       34.628318             34.628318
  2.2812353e-05       15.553639      0.25516237       0.9745977       3.1060437     -0.30652516      -0.30652516       31.720329             31.720329
  2.2417639e-05       15.540322      0.25317368       0.9646982       3.1153181     -0.30652516      -0.30652516       31.693693             31.693693
  4.1592933e-05       14.891468      0.25352968      0.99005302       3.1008847     -0.30652516      -0.30652516       30.395986             30.395986
  4.9015692e-05       14.696486      0.25821988      0.96758913       3.0874782     -0.30652516      -0.30652516       30.006022             30.006022
   4.846029e-05        14.67711      0.25106362      0.96526229       3.1328411     -0.30652516      -0.30652516        29.96727              29.96727
  5.0649403e-05       14.602156      0.25787351      0.96947221        3.087138     -0.30652516      -0.30652516       29.817361             29.817361
  7.5916728e-05       14.166674      0.25098988      0.98002024       3.1193241     -0.30652516      -0.30652516       28.946399             28.946399
  8.5160681e-05          14.021      0.25654924      0.98748798       3.0869507     -0.30652516      -0.30652516        28.65505              28.65505
  0.00010413011       13.789127      0.25815477      0.97419497       3.0829225     -0.30652516      -0.30652516       28.191304             28.191304
  0.00010120524       13.786846       0.2578892      0.97203391       3.0901202     -0.30652516      -0.30652516       28.186742             28.186742
  0.00014282013       13.411639       0.2517125      0.97657609       3.1239763     -0.30652516      -0.30652516       27.436328             27.436328
  0.00017098794        13.20086      0.25609197      0.97525847       3.0997088     -0.30652516      -0.30652516        27.01477              27.01477
  0.00020202047       13.003312      0.25832068      0.98015729         3.08105     -0.30652516      -0.30652516       26.619675             26.619675
  0.00020181325       12.973567      0.25528167      0.97245514       3.1061159     -0.30652516      -0.30652516       26.560184             26.560184
  0.00027244331       12.642708      0.25714841      0.98257658       3.0877346     -0.30652516      -0.30652516       25.898465             25.898465
  0.00027255679       12.611519       0.2500492       0.9829759       3.1261165     -0.30652516      -0.30652516       25.836089             25.836089
  0.00031951979       12.421776      0.25531315      0.97807891       3.0950783     -0.30652516      -0.30652516       25.456601             25.456601
  0.00035264102       12.292373      0.25417274      0.96206343       3.1161986     -0.30652516      -0.30652516       25.197795             25.197795
  0.00037644606       12.196277         0.25554       0.9783237       3.0937749     -0.30652516      -0.30652516       25.005604             25.005604
  0.00052558253       11.831773      0.25450111         0.96132       3.1137675     -0.30652516      -0.30652516       24.276595             24.276595
  0.00084789009       11.322757       0.2521705      0.96425927       3.1265343     -0.30652516      -0.30652516       23.258565             23.258565
  0.00083012423       11.313161      0.25812916      0.97699115       3.0845467     -0.30652516      -0.30652516       23.239373             23.239373
  0.00098066554       11.115733      0.25326574      0.96398908       3.1207381     -0.30652516      -0.30652516       22.844517             22.844517
   0.0011638512       10.913703      0.25527726      0.96705181       3.1081989     -0.30652516      -0.30652516       22.440457             22.440457
   0.0011556808       10.889977       0.2552517      0.97117439       3.0997548     -0.30652516      -0.30652516       22.393004             22.393004
   0.0018312607        10.39889      0.25494253      0.98736049       3.0948084     -0.30652516      -0.30652516        21.41083              21.41083
   0.0021910733       10.188731      0.25574838      0.98475634       3.0941146     -0.30652516      -0.30652516       20.990513             20.990513
   0.0021289541        10.18672      0.25493138      0.97805091       3.1043929     -0.30652516      -0.30652516       20.986491             20.986491
   0.0043379495       9.4441778      0.25168293      0.97545451       3.1240256     -0.30652516      -0.30652516       19.501406             19.501406
   0.0042911962       9.4242424      0.25112913      0.97802504       3.1252039     -0.30652516      -0.30652516       19.461535             19.461535
   0.0044885004       9.3485176      0.25639013        0.966006       3.1008263     -0.30652516      -0.30652516       19.310086             19.310086
   0.0043971754       9.3383022      0.25353891      0.98712059       3.1031975     -0.30652516      -0.30652516       19.289655             19.289655
   0.0063216522       8.9445124      0.25172369      0.97890212       3.1214808     -0.30652516      -0.30652516       18.502075             18.502075
   0.0062603178       8.9234904       0.2505532      0.96879109        3.131635     -0.30652516      -0.30652516       18.460031             18.460031
   0.0090290031       8.5265077      0.25028499      0.97370381       3.1312136     -0.30652516      -0.30652516       17.666066             17.666066
    0.011577889       8.2470809      0.25392724      0.98037608        3.108237     -0.30652516      -0.30652516       17.107212             17.107212
    0.018838291       7.7295148      0.25212782      0.97408134       3.1165967     -0.30652516      -0.30652516        16.07208              16.07208
    0.018988562       7.6907979      0.25434145      0.97782021       3.1014713     -0.30652516      -0.30652516       15.994646             15.994646
    0.019108053       7.6537531      0.25678539      0.97797923       3.0888143     -0.30652516      -0.30652516       15.920557             15.920557
    0.018576248       7.6512076      0.25067125      0.97898162       3.1240812     -0.30652516      -0.30652516       15.915466             15.915466
    0.020014804       7.5458475      0.25542272      0.98193824       3.0979309     -0.30652516      -0.30652516       15.704745             15.704745
    0.030270112       7.1013872       0.2572447      0.97198649       3.0918048     -0.30652516      -0.30652516       14.815825             14.815825
     0.03023529       7.0717666      0.25344087       0.9851455       3.1045411     -0.30652516      -0.30652516       14.756583             14.756583
    0.029449546       7.0673262       0.2518704      0.97173929       3.1198947     -0.30652516      -0.30652516       14.747703             14.747703
    0.033633294       6.9037166      0.25205878        0.976081       3.1160917     -0.30652516      -0.30652516       14.420483             14.420483
    0.046841658       6.5416885      0.25375079      0.96744974       3.1118672     -0.30652516      -0.30652516       13.696427             13.696427
    0.080131244       5.9740239      0.25112105       0.9790605       3.1229889     -0.30652516      -0.30652516       12.561098             12.561098
    0.079473552       5.9514938      0.25573635      0.97066705        3.098797     -0.30652516      -0.30652516       12.516038             12.516038
    0.085290643       5.8500817      0.25638499      0.97005255       3.0984233     -0.30652516      -0.30652516       12.313214             12.313214
    0.088402067       5.7834794      0.25210743      0.97546546       3.1208948     -0.30652516      -0.30652516       12.180009             12.180009
     0.14415163       5.2637374      0.25272596      0.97366174       3.1137953     -0.30652516      -0.30652516       11.140525             11.140525
     0.13985923        5.263195       0.2528371      0.97379237       3.1178406     -0.30652516      -0.30652516        11.13944              11.13944
     0.13904195       5.2382841      0.25418625       0.9665315       3.1129363     -0.30652516      -0.30652516       11.089618             11.089618
     0.16082094       5.0619966       0.2544944      0.97458435       3.1030125     -0.30652516      -0.30652516       10.737043             10.737043
     0.23387535       4.6567282        0.254716      0.96999388       3.1050178     -0.30652516      -0.30652516       9.9265067             9.9265067
     0.24833249       4.5659763      0.25496546      0.97140971       3.1026618     -0.30652516      -0.30652516       9.7450029             9.7450029
     0.24921752       4.5316471      0.25630816      0.97915635       3.0925206     -0.30652516      -0.30652516       9.6763445             9.6763445
     0.25790711        4.466602      0.25318963      0.97425059       3.1154465     -0.30652516      -0.30652516       9.5462544             9.5462544
     0.25320461        4.454232      0.25185108      0.97616328       3.1212897     -0.30652516      -0.30652516       9.5215142             9.5215142
     0.27004104       4.3590842      0.25441561      0.96909049        3.110755     -0.30652516      -0.30652516       9.3312188             9.3312188
     0.26843572        4.334275      0.25171617      0.97346991       3.1233967     -0.30652516      -0.30652516       9.2816004             9.2816004
     0.27925069       4.2640049      0.25443294      0.98242781       3.1021192     -0.30652516      -0.30652516       9.1410602             9.1410602
     0.28051945       4.2287001      0.25171523      0.97307145       3.1210714     -0.30652516      -0.30652516       9.0704506             9.0704506
     0.30470468       4.1152285      0.25234439      0.97539318       3.1154997     -0.30652516      -0.30652516       8.8435073             8.8435073
     0.32641796       4.0156212      0.25260068      0.97920319       3.1152118     -0.30652516      -0.30652516       8.6442928             8.6442928
     0.32692481        3.983298      0.25230378      0.97025257       3.1217195     -0.30652516      -0.30652516       8.5796463             8.5796463
     0.32799282       3.9492648      0.25464133       0.9801246       3.1029905     -0.30652516      -0.30652516         8.51158               8.51158
     0.32194198       3.9371136      0.25345795      0.98257143        3.107238     -0.30652516      -0.30652516       8.4872774             8.4872774
     0.33288762       3.8729083      0.25504414      0.97441718       3.1044437     -0.30652516      -0.30652516       8.3588669             8.3588669
     0.33414602       3.8383635      0.25534734      0.98119798       3.0963844     -0.30652516      -0.30652516       8.2897773             8.2897773
     0.35858856       3.7369943      0.25422559      0.97841938       3.1067167     -0.30652516      -0.30652516       8.0870389             8.0870389
     0.37452171       3.6627485      0.25331853      0.96812287       3.1167911     -0.30652516      -0.30652516       7.9385473             7.9385473
     0.39952925       3.5673396      0.25534565       0.9744781       3.0990144     -0.30652516      -0.30652516       7.7477296             7.7477296
     0.45206874       3.4130207       0.2542728      0.97068186        3.107353     -0.30652516      -0.30652516       7.4390917             7.4390917
     0.52706361       3.2287621      0.25425714      0.97467426       3.1048126     -0.30652516      -0.30652516       7.0705745             7.0705745
     0.55553685       3.1453767      0.25447815      0.97066904       3.1063503     -0.30652516      -0.30652516       6.9038037             6.9038037
     0.55705602       3.1118742      0.25401632      0.98187176       3.1042264     -0.30652516      -0.30652516       6.8367987             6.8367987
     0.58798706       3.0270634      0.25458142      0.97333131       3.1039311     -0.30652516      -0.30652516       6.6671771             6.6671771
     0.60851048       2.9619825      0.25212601      0.97853379       3.1173601     -0.30652516      -0.30652516       6.5370154             6.5370154
     0.60190161        2.942131       0.2552232      0.97023263       3.1046815     -0.30652516      -0.30652516       6.4973124             6.4973124
     0.59489984       2.9230603      0.25321505      0.98061488       3.1101706     -0.30652516      -0.30652516       6.4591709             6.4591709
     0.61406311        2.860584      0.25341551      0.98028631        3.107293     -0.30652516      -0.30652516       6.3342183             6.3342183
     0.63140232       2.8019668      0.25355396      0.96960081        3.114837     -0.30652516      -0.30652516       6.2169839             6.2169839
     0.65352772       2.7367534      0.25552753      0.97198296       3.1020061     -0.30652516      -0.30652516       6.0865572             6.0865572
     0.63911188       2.7282872      0.25187651      0.97547128       3.1194244     -0.30652516      -0.30652516       6.0696247             6.0696247
     0.63561298       2.7030052      0.25554446      0.97078468       3.1017659     -0.30652516      -0.30652516       6.0190607             6.0190607
     0.68111285       2.6030954      0.25311279      0.97163227       3.1164915     -0.30652516      -0.30652516       5.8192411             5.8192411
      0.6626601       2.5997896      0.25533314       0.9768596       3.1005811     -0.30652516      -0.30652516       5.8126294             5.8126294
      0.6758516       2.5493066      0.25498406      0.96958721        3.105837     -0.30652516      -0.30652516       5.7116634             5.7116634
     0.74482712       2.4213563       0.2537395      0.97586474       3.1107842     -0.30652516      -0.30652516       5.4557629             5.4557629
     0.83154158       2.2804555      0.25571264      0.97551174        3.097483     -0.30652516      -0.30652516       5.1739612             5.1739612
     0.81444356         2.27046      0.25383225      0.97552296       3.1070784     -0.30652516      -0.30652516       5.1539703             5.1539703
     0.80571663       2.2504613      0.25553498      0.97380736       3.1008571     -0.30652516      -0.30652516        5.113973              5.113973
     0.80593617       2.2194172       0.2557676      0.97432311        3.098137     -0.30652516      -0.30652516       5.0518848             5.0518848
     0.88792412       2.0917638       0.2545385      0.97698727       3.1024689     -0.30652516      -0.30652516        4.796578              4.796578
     0.95557282       1.9875675      0.25380948      0.97101012        3.110378     -0.30652516      -0.30652516       4.5881853             4.5881853
     0.94077002       1.9724081      0.25527338      0.97759687       3.0986691     -0.30652516      -0.30652516       4.5578665             4.5578665
     0.92147025       1.9623647      0.25296683      0.97383879       3.1133777     -0.30652516      -0.30652516       4.5377796             4.5377796
     0.90997789       1.9441432      0.25333997      0.97910369       3.1103553     -0.30652516      -0.30652516       4.5013367             4.5013367
     0.88842888       1.9373372      0.25444781      0.97009001       3.1078136     -0.30652516      -0.30652516       4.4877248             4.4877248
     0.86186629         1.93692       0.2553977      0.97466039       3.1011401     -0.30652516      -0.30652516       4.4868904             4.4868904
     0.86863472       1.8983258       0.2528707      0.97684765       3.1123645     -0.30652516      -0.30652516        4.409702              4.409702
     0.86485616       1.8719137      0.25326896      0.97925944       3.1104969     -0.30652516      -0.30652516       4.3568776             4.3568776
     0.86325307       1.8429973      0.25539047       0.9773456       3.0991053     -0.30652516      -0.30652516       4.2990449             4.2990449
     0.87453706       1.7992389      0.25550851      0.97341488       3.1006665     -0.30652516      -0.30652516        4.211528              4.211528
     0.90395309       1.7353844      0.25424435      0.97010518       3.1090822     -0.30652516      -0.30652516       4.0838192             4.0838192
     0.90156177       1.7072617      0.25494603      0.97129377       3.1043821     -0.30652516      -0.30652516       4.0275736             4.0275736
     0.87666537       1.7044932      0.25522141       0.9758248       3.0998228     -0.30652516      -0.30652516       4.0220367             4.0220367
     0.87018127       1.6811454       0.2539025      0.97117347       3.1118145     -0.30652516      -0.30652516        3.975341              3.975341
     0.92080065       1.5938317      0.25277353      0.97496184       3.1161248     -0.30652516      -0.30652516       3.8007137             3.8007137
     0.93534388       1.5473893      0.25500106      0.97208523       3.1046276     -0.30652516      -0.30652516        3.707829              3.707829
              1       1.4497767      0.25356318      0.97163554       3.1116381     -0.30652516      -0.30652516       3.5126036             3.5126036
     0.98885015       1.4302175      0.25295053      0.97156088        3.115693     -0.30652516      -0.30652516       3.4734853             3.4734853
     0.96544864       1.4233957       0.2548244      0.97802002       3.1010948     -0.30652516      -0.30652516       3.4598417             3.4598417
     0.94137494       1.4178755      0.25405326      0.97699804       3.1077684     -0.30652516      -0.30652516       3.4488012             3.4488012
     0.96967112       1.3574883      0.25451273      0.97611125        3.103414     -0.30652516      -0.30652516        3.328027              3.328027
     0.94869606       1.3485852      0.25383021      0.97917827       3.1062266     -0.30652516      -0.30652516       3.3102206             3.3102206
     0.92263461       1.3456687       0.2536502      0.97157473       3.1128853     -0.30652516      -0.30652516       3.3043877             3.3043877
     0.91805557       1.3198724      0.25489807      0.97558426       3.1034977     -0.30652516      -0.30652516       3.2527951             3.2527951
      0.8952606       1.3142438      0.25410167      0.97631703       3.1055696     -0.30652516      -0.30652516       3.2415379             3.2415379
     0.89429018       1.2845567      0.25524289      0.97491997       3.1006649     -0.30652516      -0.30652516       3.1821637             3.1821637
     0.91553123       1.2303109      0.25290152      0.97771159       3.1124988     -0.30652516      -0.30652516        3.073672              3.073672
     0.91830276       1.1965165      0.25514001      0.97318696       3.1026175     -0.30652516      -0.30652516       3.0060834             3.0060834
     0.91378069       1.1706814      0.25351517      0.97263027       3.1113135     -0.30652516      -0.30652516       2.9544132             2.9544132
     0.88648296       1.1702385      0.25281103      0.97300998       3.1164848     -0.30652516      -0.30652516       2.9535272             2.9535272
     0.86824085       1.1602596      0.25479735      0.97394272       3.1033361     -0.30652516      -0.30652516       2.9335694             2.9335694
     0.84534704       1.1562098      0.25499881      0.97697473       3.1015371     -0.30652516      -0.30652516       2.9254699             2.9254699
     0.82260636       1.1527076      0.25409822       0.9774125       3.1052175     -0.30652516      -0.30652516       2.9184655             2.9184655
     0.80249275       1.1466909      0.25273315      0.97483769       3.1148677     -0.30652516      -0.30652516       2.9064322             2.9064322
     0.78409999       1.1391055      0.25378235      0.97787726       3.1084523     -0.30652516      -0.30652516       2.8912614             2.8912614
     0.78927162       1.1017599      0.25331917       0.9725061       3.1141745     -0.30652516      -0.30652516       2.8165701             2.8165701
     0.77350692       1.0911641      0.25393202      0.97109462       3.1110581     -0.30652516      -0.30652516       2.7953786             2.7953786
     0.76892669       1.0663315      0.25415467       0.9786939       3.1048466     -0.30652516      -0.30652516       2.7457133             2.7457133
     0.76016277       1.0470229      0.25351058      0.97692565       3.1106537     -0.30652516      -0.30652516        2.707096              2.707096
     0.73989462        1.043276      0.25390305      0.97521436       3.1096022     -0.30652516      -0.30652516       2.6996023             2.6996023
     0.72433591       1.0337569      0.25362125      0.97804172       3.1078863     -0.30652516      -0.30652516       2.6805641             2.6805641
     0.70434366       1.0309741      0.25420967      0.97243872       3.1091589     -0.30652516      -0.30652516       2.6749985             2.6749985
     0.70785491      0.99522966       0.2536494      0.97623614       3.1083991     -0.30652516      -0.30652516       2.6035096             2.6035096
     0.69304541      0.98560162      0.25463334      0.97789658       3.1027724     -0.30652516      -0.30652516       2.5842536             2.5842536
     0.67587401      0.97991881      0.25337439      0.97832054       3.1097007     -0.30652516      -0.30652516       2.5728879             2.5728879
     0.66176569      0.97024227      0.25428143      0.97678497       3.1062792     -0.30652516      -0.30652516       2.5535349             2.5535349
     0.65475932      0.95011445      0.25318847      0.97290715       3.1145576     -0.30652516      -0.30652516       2.5132792             2.5132792
     0.63805738      0.94518229      0.25486122      0.97381757       3.1033389     -0.30652516      -0.30652516       2.5034149             2.5034149
     0.62106442      0.94140404      0.25419087       0.9736137       3.1068667     -0.30652516      -0.30652516       2.4958584             2.4958584
     0.60765824      0.93245457      0.25358358      0.97144112       3.1126881     -0.30652516      -0.30652516       2.4779595             2.4779595
     0.59160829       0.9284508      0.25492038      0.97561804       3.1020148     -0.30652516      -0.30652516       2.4699519             2.4699519
       0.595735      0.89072793      0.25328051      0.97477332       3.1131778     -0.30652516      -0.30652516       2.3945062             2.3945062
     0.57900257       0.8884453      0.25490412       0.9739245       3.1039428     -0.30652516      -0.30652516       2.3899409             2.3899409
     0.57651669      0.86197626      0.25384664      0.97334623       3.1107999     -0.30652516      -0.30652516       2.3370028             2.3370028
     0.58871728      0.81026284      0.25452222      0.97717091       3.1042712     -0.30652516      -0.30652516        2.233576              2.233576
     0.57453075      0.80388363      0.25442959      0.97668647       3.1040063     -0.30652516      -0.30652516       2.2208176             2.2208176
     0.57682033      0.76913476      0.25452924      0.97242283       3.1063424     -0.30652516      -0.30652516       2.1513198             2.1513198
     0.56612244      0.75708354      0.25437875      0.97381701        3.107349     -0.30652516      -0.30652516       2.1272174             2.1272174
     0.54903399      0.75696191      0.25447782      0.97328039       3.1069494     -0.30652516      -0.30652516       2.1269741             2.1269741
     0.53425669      0.75347419      0.25347437      0.97725542       3.1102962     -0.30652516      -0.30652516       2.1199987             2.1199987
     0.52467753       0.7407951      0.25423176      0.97787325       3.1052183     -0.30652516      -0.30652516       2.0946405             2.0946405
      0.5159823      0.72673482      0.25383053      0.97193342       3.1105523     -0.30652516      -0.30652516         2.06652               2.06652
     0.50154737      0.72433756      0.25385111       0.9776052       3.1069687     -0.30652516      -0.30652516       2.0617254             2.0617254
     0.48670675      0.72360218      0.25444863      0.97520434        3.106137     -0.30652516      -0.30652516       2.0602547             2.0602547
     0.47278601      0.72184944      0.25365676      0.97785854       3.1086256     -0.30652516      -0.30652516       2.0567492             2.0567492
     0.46120004      0.71588879      0.25455322      0.97262317       3.1064733     -0.30652516      -0.30652516       2.0448279             2.0448279
     0.44936916      0.71110427      0.25299009      0.97560486       3.1138578     -0.30652516      -0.30652516       2.0352589             2.0352589
     0.43725904      0.70765154       0.2539662      0.97763047       3.1063375     -0.30652516      -0.30652516       2.0283534             2.0283534
     0.42624977      0.70238019      0.25352394      0.97227056       3.1120782     -0.30652516      -0.30652516       2.0178107             2.0178107
     0.41410571      0.70051275      0.25454291      0.97548418        3.105338     -0.30652516      -0.30652516       2.0140758             2.0140758
     0.40166534      0.70024311      0.25368523      0.97646385       3.1097686     -0.30652516      -0.30652516       2.0135365             2.0135365
     0.39066137      0.69724958      0.25370422      0.97244453       3.1117453     -0.30652516      -0.30652516       2.0075495             2.0075495
     0.38223521       0.6882829      0.25303666      0.97644929       3.1127283     -0.30652516      -0.30652516       1.9896161             1.9896161
     0.37951703      0.66464792      0.25371396      0.97684333       3.1092781     -0.30652516      -0.30652516       1.9423462             1.9423462
     0.38333031      0.62387868      0.25301769      0.97400486       3.1143837     -0.30652516      -0.30652516       1.8608077             1.8608077
     0.35707417       0.5773064      0.25358893      0.97747005       3.1089222     -0.30652516      -0.30652516       1.7676631             1.7676631
     0.36632149      0.55173859      0.25329308      0.97648481       3.1115712     -0.30652516      -0.30652516       1.7165275             1.7165275
     0.37199341      0.53637378      0.25450281      0.97650024       3.1045651     -0.30652516      -0.30652516       1.6857979             1.6857979
     0.37216136      0.53592241      0.25432022      0.97546012       3.1065957     -0.30652516      -0.30652516       1.6848952             1.6848952
     0.37367545       0.5318623      0.25348973      0.97715332       3.1098814     -0.30652516      -0.30652516       1.6767749             1.6767749
     0.39017761      0.48864787      0.25389406      0.97708178       3.1078088     -0.30652516      -0.30652516       1.5903461             1.5903461
     0.40996886      0.43916873      0.25402387      0.97632545       3.1066928     -0.30652516      -0.30652516       1.4913878             1.4913878
     0.41258332      0.43281175      0.25431049      0.97590481       3.1053535     -0.30652516      -0.30652516       1.4786738             1.4786738
     0.41795828      0.41986831      0.25435343      0.97611824       3.1057369     -0.30652516      -0.30652516       1.4527869             1.4527869
     0.42062392       0.4135108      0.25422523      0.97657369       3.1056216     -0.30652516      -0.30652516       1.4400719             1.4400719
     0.42378067       0.4060339      0.25337644      0.97504519       3.1120387     -0.30652516      -0.30652516       1.4251181             1.4251181
     0.43993702      0.36861834      0.25452221      0.97471926       3.1053719     -0.30652516      -0.30652516        1.350287              1.350287
     0.44997818      0.34605083      0.25376581      0.97497303       3.1089203     -0.30652516      -0.30652516        1.305152              1.305152
     0.45078837      0.34425195      0.25436143      0.97551068       3.1054304     -0.30652516      -0.30652516       1.3015542             1.3015542
     0.45615049      0.33242715      0.25365327      0.97585203       3.1099772     -0.30652516      -0.30652516       1.2779046             1.2779046
     0.45872979      0.32678857      0.25366211      0.97519386       3.1094441     -0.30652516      -0.30652516       1.2666275             1.2666275
     0.46212474      0.31941506      0.25358925      0.97639415       3.1097408     -0.30652516      -0.30652516       1.2518804             1.2518804
     0.48119027      0.27898717      0.25434604      0.97526111       3.1061297     -0.30652516      -0.30652516       1.1710247             1.1710247
     0.49007204      0.26069752      0.25373216      0.97632554       3.1088411     -0.30652516      -0.30652516       1.1344454             1.1344454
     0.50001559      0.24061065      0.25410655      0.97605811       3.1067731     -0.30652516      -0.30652516       1.0942716             1.0942716
     0.37372824      0.61105124      0.25372874      0.97219471        3.111429     -0.30652516      -0.30652516       1.8351528             1.8351528
     0.37680974      0.60283974      0.25458459      0.97317224        3.105958     -0.30652516      -0.30652516       1.8187298             1.8187298
     0.39103061      0.56579427      0.25420624      0.97276321       3.1085679     -0.30652516      -0.30652516       1.7446389             1.7446389
     0.39302373      0.56071014      0.25436229      0.97266058       3.1073654     -0.30652516      -0.30652516       1.7344706             1.7344706
     0.40679189      0.52627839      0.25340232      0.97290607        3.112569     -0.30652516      -0.30652516       1.6656071             1.6656071
     0.40769947      0.52404981      0.25416533      0.97390605       3.1071555     -0.30652516      -0.30652516       1.6611499             1.6611499
     0.42552213      0.48126317      0.25445421      0.97342992       3.1061765     -0.30652516      -0.30652516       1.5755767             1.5755767
      0.4309488      0.46859084      0.25363583      0.97370419       3.1114534     -0.30652516      -0.30652516        1.550232              1.550232
     0.52313261      0.27474513      0.25362703      0.97367118       3.1108567     -0.30652516      -0.30652516       1.1625406             1.1625406
     0.53465747      0.25295384      0.25376227      0.97406039       3.1096862     -0.30652516      -0.30652516        1.118958              1.118958
     0.54783257      0.22861043      0.25377831       0.9737812       3.1099164     -0.30652516      -0.30652516       1.0702712             1.0702712
     0.51061803      0.21962812      0.25355107      0.97549742       3.1104632     -0.30652516      -0.30652516       1.0523066             1.0523066
     0.55643553      0.13369861      0.25397565      0.97486376       3.1082565     -0.30652516      -0.30652516      0.88044754            0.88044754
