#        weight    minuslogpost         omega_c             n_s            lnas            m_nu   minuslogprior minuslogprior__0            chi2 chi2__likelihood_CAMB
 8.4335929e-302       704.53868      0.27135362       1.0997493       2.9530592      0.72044479     -0.52966871      -0.52966871       1410.1367             1410.1367
  2.936858e-300       700.95762      0.24879063       1.0757424       3.1623617      0.77744664     -0.52966871      -0.52966871       1402.9746             1402.9746
 3.7593086e-295       689.16703      0.25440934      0.89935038       3.0671463      0.31732506     -0.52966871      -0.52966871       1379.3934             1379.3934
 3.2453652e-292       682.37551      0.22719501      0.95270497       3.1568616      0.25395374     -0.52966871      -0.52966871       1365.8104             1365.8104
 7.7150307e-291       679.17621      0.23414876       1.0328193       3.2913042      0.78012418     -0.52966871      -0.52966871       1359.4118             1359.4118
 7.8472735e-286       667.61552       0.2327392        1.005165       3.1467311      0.36126931     -0.52966871      -0.52966871       1336.2904             1336.2904
 3.6802969e-284       663.73675      0.28439786       1.0656315       2.8944967      0.67891465     -0.52966871      -0.52966871       1328.5328             1328.5328
 2.0047903e-271       634.37982      0.24904412       1.0306405       2.9975934      0.31196027     -0.52966871      -0.52966871        1269.819              1269.819
 2.5518285e-271       634.10778      0.25579291       1.0592853       3.0804077      0.78658541     -0.52966871      -0.52966871       1269.2749             1269.2749
 2.0832323e-242       567.50493      0.27328908      0.93788453       2.9304647      0.30484728     -0.52966871      -0.52966871       1136.0692             1136.0692
 6.9148394e-234       547.85373      0.24908442       1.0117498       3.0571392       0.4949415     -0.52966871      -0.52966871       1096.7668             1096.7668
 2.3986042e-218       512.04038      0.22945128      0.98346344       3.1951193      0.41886668     -0.52966871      -0.52966871       1025.1401             1025.1401
 7.2770467e-215       503.99201      0.27688009       1.0086002       2.9970932      0.68463372     -0.52966871      -0.52966871       1009.0434             1009.0434
 7.4225042e-210       492.42853      0.23720254      0.90528892       3.1389013      0.33013233     -0.52966871      -0.52966871       985.91639             985.91639
 2.9068002e-205       481.82229       0.2766259      0.98494377       2.9968693      0.74618974     -0.52966871      -0.52966871       964.70392             964.70392
 8.0946033e-204       478.46479      0.27558861      0.82900324       2.9103832      0.19905312     -0.52966871      -0.52966871       957.98892             957.98892
 1.2938876e-187       441.12362      0.24571978      0.94327982       3.1879545      0.57143158     -0.52966871      -0.52966871       883.30657             883.30657
 2.9239658e-187       440.27756      0.25138102      0.91476418       2.9506999       0.1410042     -0.52966871      -0.52966871       881.61445             881.61445
 7.2450804e-182       427.82648      0.27436391       1.0080533        2.850719      0.29695358     -0.52966871      -0.52966871       856.71229             856.71229
 2.6627932e-174       410.37597      0.25881168      0.97756345       2.9054153      0.14705947     -0.52966871      -0.52966871       821.81128             821.81128
 3.5055171e-173       407.76765      0.27921073      0.91716675       2.9750544      0.52579431     -0.52966871      -0.52966871       816.59464             816.59464
 9.5737485e-172       404.42961      0.27106384      0.94774212       2.8502028      0.20879559     -0.52966871      -0.52966871       809.91856             809.91856
  5.282684e-168       395.78309      0.27563298       1.0190858       2.9932869      0.78379476     -0.52966871      -0.52966871       792.62551             792.62551
 3.7061873e-166       391.50158      0.24231127      0.90955666       2.9834356      0.05233035     -0.52966871      -0.52966871       784.06249             784.06249
 5.5717754e-164       386.45793       0.2565413      0.98741619       2.9864992      0.38835277     -0.52966871      -0.52966871       773.97519             773.97519
 1.7842557e-155        366.8426      0.27796625      0.95027279       2.7743332     0.045587683     -0.52966871      -0.52966871       734.74454             734.74454
  3.353748e-150       354.66783      0.27191843      0.95144882       2.7931689     0.013882363     -0.52966871      -0.52966871       710.39499             710.39499
 2.8838959e-146       345.57765      0.26480636      0.90599296        2.863054    0.0084107733     -0.52966871      -0.52966871       692.21464             692.21464
 1.1797096e-141       334.92783       0.2623047      0.84590502        2.953506      0.17453882     -0.52966871      -0.52966871       670.91499             670.91499
 1.1878311e-141       334.89019       0.2672157      0.98092332       2.8500328      0.18144358     -0.52966871      -0.52966871       670.83973             670.83973
 5.9531713e-139       328.64246      0.25502129      0.98553439       3.1241573      0.62058811     -0.52966871      -0.52966871       658.34425             658.34425
 7.0231917e-134       316.93347      0.28703472      0.88031739       2.8287264      0.20178376     -0.52966871      -0.52966871       634.92627             634.92627
 3.3333553e-132       313.04276       0.2514809      0.94471201       3.0742597      0.37096132     -0.52966871      -0.52966871       627.14486             627.14486
 5.6768944e-129       305.57181      0.24655041         0.89821       3.1002645      0.32146498     -0.52966871      -0.52966871       612.20296             612.20296
 4.5575543e-126        298.8529      0.25445839       1.0171743       3.0013804      0.38737358     -0.52966871      -0.52966871       598.76514             598.76514
 5.0455208e-124       294.11525      0.26854877      0.87368922       2.9143654      0.14234062     -0.52966871      -0.52966871       589.28983             589.28983
 1.3796307e-123       293.07857      0.23768589      0.98311867       3.1853469      0.55474117     -0.52966871      -0.52966871       587.21649             587.21649
 4.9231352e-118       280.26275      0.26528106      0.89869083       2.8622597     0.006849915     -0.52966871      -0.52966871       561.58483             561.58483
 5.8192536e-118       280.06475      0.24520511      0.89476832       3.0757115      0.24914369     -0.52966871      -0.52966871       561.18884             561.18884
 8.1643042e-115       272.78762      0.25622198       1.0443061       3.0358884      0.55570499     -0.52966871      -0.52966871       546.63458             546.63458
 7.2922517e-112       265.96206      0.24053375      0.94259914       3.0771292      0.25339103     -0.52966871      -0.52966871       532.98345             532.98345
 1.7556532e-111       265.05267      0.25706482      0.90701043       2.9345506     0.089263063     -0.52966871      -0.52966871       531.16468             531.16468
 2.2509178e-107       255.56306      0.26516323      0.98053517       3.0397397      0.55785727     -0.52966871      -0.52966871       512.18546             512.18546
 2.3320294e-106        253.1943      0.26172502      0.95059074       3.0907174      0.67354456     -0.52966871      -0.52966871       507.44794             507.44794
 6.8401174e-104        247.4823      0.26350647      0.96042403       2.8412931     0.074812304     -0.52966871      -0.52966871       496.02393             496.02393
 6.2991061e-103       245.23134      0.23939901       0.9376816       3.1598628      0.42396443     -0.52966871      -0.52966871       491.52201             491.52201
 2.0994411e-102       243.99672      0.26648763      0.98496473       3.0610266      0.65651155     -0.52966871      -0.52966871       489.05277             489.05277
 6.4721723e-102        242.8401      0.26497083      0.99946421       3.0329236      0.66614488     -0.52966871      -0.52966871       486.73954             486.73954
  5.0826618e-99       236.14325      0.27113426      0.90583348       2.9032815      0.19011585     -0.52966871      -0.52966871       473.34584             473.34584
  3.0320568e-97       232.02391       0.2712108      0.84135744       2.8358483    0.0024846266     -0.52966871      -0.52966871       465.10715             465.10715
  1.1213575e-96       230.68525      0.28504478      0.92007901       2.8221171      0.23594143     -0.52966871      -0.52966871       462.42984             462.42984
    1.45376e-95       228.09228      0.25481821      0.88527773       2.9625052      0.10530782     -0.52966871      -0.52966871        457.2439              457.2439
  1.6121008e-95       227.95812      0.25606821      0.97882957       2.9406392      0.22338114     -0.52966871      -0.52966871       456.97558             456.97558
  5.2306947e-92       219.84259      0.27024083      0.85488886       2.9147849      0.16997215     -0.52966871      -0.52966871       440.74452             440.74452
   2.182933e-90       216.08052      0.26134778      0.94767141       2.8633041     0.057420501     -0.52966871      -0.52966871       433.22038             433.22038
  6.1707389e-90       214.94529      0.26332235       1.0212118       3.0737948      0.70915242     -0.52966871      -0.52966871       430.94992             430.94992
  1.1752583e-85       205.04987      0.26740534      0.95230184       3.0177994      0.49424474     -0.52966871      -0.52966871       411.15908             411.15908
  5.4093216e-82       196.53544      0.25868576       1.0442922       3.1135547      0.79358975     -0.52966871      -0.52966871       394.13022             394.13022
  7.7573909e-82       196.17492      0.27286117      0.96107905       2.9569827      0.43642072     -0.52966871      -0.52966871       393.40917             393.40917
  1.0659147e-81       195.81632       0.2482878       1.0209065       3.0839679      0.51084877     -0.52966871      -0.52966871       392.69198             392.69198
  2.8468881e-74       178.71583      0.27748812      0.96231571        2.872924      0.31526107     -0.52966871      -0.52966871         358.491               358.491
   4.982024e-72       173.46767      0.24414362      0.94458139       3.1629775      0.52742176     -0.52966871      -0.52966871       347.99468             347.99468
  2.3213057e-71       171.88797      0.25199045      0.93644577       3.1225972      0.55531773     -0.52966871      -0.52966871       344.83528             344.83528
  3.4588348e-70       169.14576      0.26773219      0.97070245       2.9590707      0.38162176     -0.52966871      -0.52966871       339.35086             339.35086
  1.7913178e-66       160.55258      0.26126627      0.98323236       2.9594129      0.32217202     -0.52966871      -0.52966871        322.1645              322.1645
  1.0711525e-64        156.4208      0.26516376       1.0448036       3.0404405      0.75942234     -0.52966871      -0.52966871       313.90095             313.90095
  2.0806678e-64       155.71603      0.24356812       1.0420808       3.1789928      0.73633967     -0.52966871      -0.52966871       312.49139             312.49139
  2.2932114e-64       155.57794      0.25851988      0.97690863       3.1443039      0.78266081     -0.52966871      -0.52966871       312.21522             312.21522
  2.5789561e-64       155.41969      0.26896902       1.0089968       3.0362462      0.74886987     -0.52966871      -0.52966871       311.89871             311.89871
  9.5421591e-64       154.07053      0.25139792      0.98823877       3.1287069      0.59214673     -0.52966871      -0.52966871        309.2004              309.2004
   8.210167e-63       151.91829      0.27466818      0.97786309       2.9645275      0.53462294     -0.52966871      -0.52966871       304.89592             304.89592
   3.265953e-62       150.49497      0.26276063       1.0358094       3.0288478      0.62905581     -0.52966871      -0.52966871       302.04928             302.04928
   2.174154e-61       148.55674      0.24789398      0.99983175       3.0980668      0.52626209     -0.52966871      -0.52966871       298.17281             298.17281
  4.3142949e-60        145.5263      0.26788169      0.95598103       3.0346578      0.61132725     -0.52966871      -0.52966871       292.11193             292.11193
  1.2190441e-59       144.44502      0.27134183      0.99721209       2.9875134      0.61208139     -0.52966871      -0.52966871       289.94938             289.94938
  1.7023085e-57       139.50593       0.2539589      0.95055571       3.0704639      0.48506374     -0.52966871      -0.52966871        280.0712              280.0712
  2.9630389e-56       136.60466      0.26542502      0.91718231       3.0031555      0.38432888     -0.52966871      -0.52966871       274.26867             274.26867
  2.8751097e-56       136.59034      0.25622969       1.0080968       3.0576584      0.52620181     -0.52966871      -0.52966871       274.24001             274.24001
  1.5687082e-52         127.858      0.26835799        1.002017       3.0602505      0.78692931     -0.52966871      -0.52966871       256.77534             256.77534
  3.7364387e-52       126.99012      0.25728508       1.0260299       3.0651784      0.60442175     -0.52966871      -0.52966871       255.03958             255.03958
  1.1237715e-87       209.76314      0.26286719      0.95153968       2.9178355      0.18853271     -0.52966871      -0.52966871       420.58561             420.58561
  1.2192411e-83       200.47126      0.27933229      0.93141723       2.7998368      0.10467808     -0.52966871      -0.52966871       402.00185             402.00185
  6.4026423e-75       180.16895      0.26818714      0.86794104       2.9002753      0.15519683     -0.52966871      -0.52966871       361.39724             361.39724
  3.2237764e-74       178.44716      0.28288548      0.88013562       2.7918504     0.055840329     -0.52966871      -0.52966871       357.95366             357.95366
  1.0975579e-61       149.48566      0.26591929       0.8684597        2.882665     0.088853896     -0.52966871      -0.52966871       300.03066             300.03066
   4.598399e-56       136.25243      0.26307317      0.90806414       2.9286006      0.15858312     -0.52966871      -0.52966871        273.5642              273.5642
  5.7893131e-56       136.02213      0.27569836      0.85838492       2.8399919     0.071678921     -0.52966871      -0.52966871       273.10359             273.10359
  2.9751776e-55       134.38525      0.28120805      0.92248814       2.7471227    0.0016390625     -0.52966871      -0.52966871       269.82984             269.82984
  1.9323739e-52       127.80369      0.27567768      0.90732827       2.8054624     0.082775451     -0.52966871      -0.52966871       256.66672             256.66672
  1.6788099e-50         123.185      0.26868646        0.948475       3.0050232      0.52890326     -0.52966871      -0.52966871       247.42934             247.42934
  2.4322481e-48       118.16465      0.24876453       1.0306541       3.1383305      0.70820597     -0.52966871      -0.52966871       237.38863             237.38863
  2.8012499e-47        115.6338      0.25885347       1.0546848       3.0799631      0.76318159     -0.52966871      -0.52966871       232.32694             232.32694
   1.894672e-46       113.67968      0.26152567      0.91893091       3.0440613      0.44866735     -0.52966871      -0.52966871       228.41869             228.41869
  9.6965164e-46       111.96357      0.25484046       0.9851493       3.1201105      0.62968492     -0.52966871      -0.52966871       224.98648             224.98648
  1.5516919e-45       111.45259       0.2616552      0.94028695       3.0370816       0.4455584     -0.52966871      -0.52966871       223.96451             223.96451
  1.2906855e-44       109.29335      0.26369622       1.0295095       3.0302041        0.642333     -0.52966871      -0.52966871       219.64604             219.64604
  1.9771023e-44       108.86689      0.26309025      0.97359184       3.0048977       0.4364114     -0.52966871      -0.52966871       218.79312             218.79312
  2.3554856e-44       108.69178      0.24771913       1.0475524       3.1637558      0.79165874     -0.52966871      -0.52966871       218.44289             218.44289
  2.8875644e-44       108.44366      0.24265429       1.0022384       3.2022596      0.69674935     -0.52966871      -0.52966871       217.94666             217.94666
  3.6932737e-43       105.89498      0.26461291       1.0405427       3.0544306      0.77704962     -0.52966871      -0.52966871       212.84929             212.84929
  4.9832077e-42       103.29283      0.25110797      0.93091761       3.1006045      0.44796171     -0.52966871      -0.52966871         207.645               207.645
    2.54092e-40       99.312417      0.26624269       1.0327011       3.0507187      0.75095097     -0.52966871      -0.52966871       199.68417             199.68417
  3.0533328e-40        99.07992      0.25534072       1.0534318       3.1064633      0.76135406     -0.52966871      -0.52966871       199.21918             199.21918
  5.7556941e-40       98.397173      0.27118944      0.92822176       2.9610544      0.40625489     -0.52966871      -0.52966871       197.85368             197.85368
  1.5688876e-37       92.649479      0.26604782      0.99308078       3.0314474      0.59788842     -0.52966871      -0.52966871        186.3583              186.3583
  4.5100691e-36       89.163115      0.25304738      0.94048619       3.1068921      0.51010792     -0.52966871      -0.52966871       179.38557             179.38557
  1.4220731e-35       87.973905      0.26263926       1.0397568        3.057674      0.73657936     -0.52966871      -0.52966871       177.00715             177.00715
  2.4874619e-34        85.07135      0.25704717      0.96441818       3.1191033      0.66649343     -0.52966871      -0.52966871       171.20204             171.20204
  1.6762983e-33       83.083397      0.24564963       1.0046181       3.2029118      0.76958447     -0.52966871      -0.52966871       167.22613             167.22613
  1.8647908e-33       82.937616      0.26591549      0.99422107       3.0736475      0.74250968     -0.52966871      -0.52966871       166.93457             166.93457
  3.3911927e-32       79.997777      0.25780903       1.0003557       3.0558341      0.58430354     -0.52966871      -0.52966871       161.05489             161.05489
   8.699755e-48       116.86364      0.26440933      0.86828939       2.9007532     0.080016493     -0.52966871      -0.52966871       234.78662             234.78662
  1.2061378e-42         104.554      0.27220246      0.93303132       2.8087086     0.062656408     -0.52966871      -0.52966871       210.16734             210.16734
  4.0026983e-38         93.8928      0.27169523      0.90495423       2.8312839     0.088966712     -0.52966871      -0.52966871       188.84494             188.84494
  1.1077232e-37       92.874877      0.28240824      0.89558984       2.7644889        0.020591     -0.52966871      -0.52966871       186.80909             186.80909
  3.9014582e-36       89.313248      0.25908328       0.9155728       2.9379744      0.14831697     -0.52966871      -0.52966871       179.68583             179.68583
   4.195778e-32       79.876029      0.27827249      0.88052948       2.8092946     0.059280777     -0.52966871      -0.52966871        160.8114              160.8114
  2.0655802e-46       113.56714      0.27592751      0.92274861       2.8623401      0.20010705     -0.52966871      -0.52966871       228.19363             228.19363
  3.0582024e-40       99.176897      0.26520057      0.92723765       2.8968998       0.1887699     -0.52966871      -0.52966871       199.41313             199.41313
  1.2583508e-37       92.974845      0.27179589      0.95487205       2.8940753      0.28654526     -0.52966871      -0.52966871       187.00903             187.00903
  1.4053982e-36       90.561741      0.27589969      0.92894057       2.8511479      0.19569963     -0.52966871      -0.52966871       182.18282             182.18282
  3.6615037e-35       87.301603      0.27210617      0.90428907        2.892737      0.22614838     -0.52966871      -0.52966871       175.66254             175.66254
  1.0867165e-34       85.926049      0.25868559      0.91108978       2.9574334      0.21769469     -0.52966871      -0.52966871       172.91144             172.91144
  9.8324243e-34       83.723524      0.25857802      0.89804078       2.9818918      0.24704994     -0.52966871      -0.52966871       168.50639             168.50639
   7.683505e-31       76.680765      0.27730825      0.88971069       2.8150842     0.085618377     -0.52966871      -0.52966871       154.42087             154.42087
  1.0292899e-28       71.783216      0.27443251      0.92133715       2.8341506      0.13636862     -0.52966871      -0.52966871       144.62577             144.62577
  1.5443794e-28       71.377463      0.26840774      0.92197611       2.8422746     0.088645361     -0.52966871      -0.52966871       143.81426             143.81426
  7.8436256e-26       65.147214      0.25909943      0.91739684       2.9314968      0.14230675     -0.52966871      -0.52966871       131.35377             131.35377
  2.4174902e-17       45.195454      0.27437665       0.8958518       2.8026824     0.026575583     -0.52966871      -0.52966871       91.450246             91.450246
   1.488291e-22       56.727797       0.2709379      0.93060153       2.8755233      0.18764894     -0.52966871      -0.52966871       114.51493             114.51493
  7.2691067e-20       50.536622      0.26480004      0.90672368       2.9635643      0.29113643     -0.52966871      -0.52966871       102.13258             102.13258
  8.0914413e-16       41.036787      0.25272663       0.9615173       3.0375269      0.37411552     -0.52966871      -0.52966871       83.132911             83.132911
  1.7294373e-30       76.144397      0.26182861       1.0052553       3.0810794      0.74063749     -0.52966871      -0.52966871       153.34813             153.34813
   9.763527e-30       74.308179      0.25356784       1.0403454       3.1102569      0.71578617     -0.52966871      -0.52966871        149.6757              149.6757
  2.2587616e-29       73.469431      0.25416685       1.0368279       3.1330758      0.76698927     -0.52966871      -0.52966871        147.9982              147.9982
  6.2912903e-26       65.314183      0.26288866        1.012798       3.0840793      0.78055022     -0.52966871      -0.52966871        131.6877              131.6877
  2.2157447e-25       64.055175       0.2604832       1.0023584       3.0979148      0.75755618     -0.52966871      -0.52966871       129.16969             129.16969
  2.1459571e-25       63.969395      0.25006491       1.0206558       3.1455299      0.73260825     -0.52966871      -0.52966871       128.99813             128.99813
  1.3293739e-24       62.027905      0.25369444       1.0357351       3.1299425      0.78980521     -0.52966871      -0.52966871       125.11515             125.11515
  1.1235798e-21       55.065194      0.24939988       1.0212525       3.1749873      0.77376512     -0.52966871      -0.52966871       111.18973             111.18973
  1.7961977e-20       52.293457       0.2582318       1.0397393       3.0963141      0.75675126     -0.52966871      -0.52966871       105.64625             105.64625
  8.0735684e-20        50.67275      0.25378637       1.0354613       3.1322006      0.79555879     -0.52966871      -0.52966871       102.40484             102.40484
  7.8924301e-18       46.090271      0.26294378       1.0149007       3.0694613       0.7084148     -0.52966871      -0.52966871        93.23988              93.23988
  9.1498332e-17       43.639855      0.25660413       1.0265867       3.0941095      0.68885029     -0.52966871      -0.52966871       88.339047             88.339047
   1.332302e-15       40.961512      0.24837277       1.0246577       3.1796794      0.79740497     -0.52966871      -0.52966871       82.982362             82.982362
  4.8426928e-32       79.460417      0.25641874       0.9545652       3.1061314      0.60434219     -0.52966871      -0.52966871       159.98017             159.98017
  5.5097412e-32       79.270746      0.26818732      0.95398047       2.9986246      0.50739605     -0.52966871      -0.52966871       159.60083             159.60083
  4.8596958e-31       77.093703      0.25406709      0.95379004         3.10975      0.54941819     -0.52966871      -0.52966871       155.24674             155.24674
  1.1462392e-27       69.202689      0.25653048      0.98118726       3.0888436      0.56979376     -0.52966871      -0.52966871       139.46471             139.46471
  1.3466402e-27       68.980938      0.24636974      0.98388818       3.1377841      0.56334723     -0.52966871      -0.52966871       139.02121             139.02121
  3.0085278e-26       65.874514      0.26497478      0.98058592       3.0456932      0.60212895     -0.52966871      -0.52966871       132.80837             132.80837
  8.4652933e-24       60.109657      0.26200477       1.0065176       3.0471499      0.60382425     -0.52966871      -0.52966871       121.27865             121.27865
   4.347421e-22       56.170879      0.25852021      0.99262003       3.0217457      0.46318606     -0.52966871      -0.52966871        113.4011              113.4011
  2.1481079e-20       52.145541      0.25519745      0.96791675       3.0569956      0.48569253     -0.52966871      -0.52966871       105.35042             105.35042
  5.7374876e-18       46.497312      0.25852414      0.98994377       3.0542831      0.53133764     -0.52966871      -0.52966871       94.053962             94.053962
  1.1896465e-17       45.650309      0.25808476      0.96483444       3.0911087      0.60973781     -0.52966871      -0.52966871       92.359956             92.359956
  4.4938902e-17       44.264088      0.26123054      0.94812245        3.047169      0.51311015     -0.52966871      -0.52966871       89.587514             89.587514
  1.0469203e-16       43.307143      0.25876672      0.99312602       3.0283019      0.48614636     -0.52966871      -0.52966871       87.673624             87.673624
    2.10142e-16       42.556316      0.25124472      0.94998066       3.0917148       0.4599156     -0.52966871      -0.52966871       86.171969             86.171969
  4.6736401e-14       37.292018      0.26009328      0.92939184       2.9296229      0.18256124     -0.52966871      -0.52966871       75.643374             75.643374
  6.8340912e-13       34.455297       0.2681174      0.88886645       2.8679284     0.088674539     -0.52966871      -0.52966871       69.969932             69.969932
  6.9359732e-13         34.4405      0.26671751      0.91890565       2.8687067      0.11374748     -0.52966871      -0.52966871       69.940337             69.940337
   2.323404e-12       33.231602      0.26612463      0.90302656       2.9110624      0.16961846     -0.52966871      -0.52966871       67.522542             67.522542
  8.4111385e-11       29.642494      0.27040983      0.89768587       2.8566735      0.10024108     -0.52966871      -0.52966871       60.344325             60.344325
  7.1641385e-10       27.500378       0.2671468      0.90975673       2.8753722      0.12530124     -0.52966871      -0.52966871       56.060093             56.060093
  3.8175159e-09       25.827281      0.26588567      0.91153806        2.879795      0.12002531     -0.52966871      -0.52966871       52.713899             52.713899
  1.0935461e-09       26.226925      0.26721182      0.91636165       2.9312157      0.25846246     -0.52966871      -0.52966871       53.513187             53.513187
  1.8249359e-14        38.34429       0.2603657      0.99339675       3.1016356      0.73292756     -0.52966871      -0.52966871       77.747918             77.747918
  1.7304652e-11       30.573399      0.25960332       0.9975645        3.101808      0.73080848     -0.52966871      -0.52966871       62.206135             62.206135
  4.1322225e-11       29.597613      0.25734879       1.0122334       3.1252312      0.79249714     -0.52966871      -0.52966871       60.254564             60.254564
  2.6537074e-10       27.737886      0.25078628       1.0191768        3.166786      0.78229288     -0.52966871      -0.52966871       56.535109             56.535109
  2.9620286e-10       27.627969      0.25700397       1.0193327       3.1074158      0.71767565     -0.52966871      -0.52966871       56.315276             56.315276
  8.4859638e-15        38.75257      0.25205391        0.971911       3.1280223      0.60509431     -0.52966871      -0.52966871       78.564477             78.564477
  3.0560249e-14       37.471283      0.25507308      0.96222653       3.0878595      0.52106748     -0.52966871      -0.52966871       76.001904             76.001904
  3.3021618e-14        37.28846      0.25231323      0.98171398        3.068984      0.46813604     -0.52966871      -0.52966871       75.636258             75.636258
  4.1382449e-14       37.011473      0.26371111      0.95288916       3.0094356      0.46480961     -0.52966871      -0.52966871       75.082283             75.082283
  3.0367351e-13       35.018376      0.25329155      0.96420193       3.0990959      0.54985477     -0.52966871      -0.52966871        71.09609              71.09609
  8.2413911e-13       33.965923       0.2588928       1.0065521       3.0655633      0.60655565     -0.52966871      -0.52966871       68.991184             68.991184
   1.364897e-12       33.407361      0.25048422       0.9827553       3.1221959      0.57517907     -0.52966871      -0.52966871       67.874059             67.874059
  3.2043426e-12       32.499866      0.26442454      0.96170714       3.0162438      0.50472128     -0.52966871      -0.52966871       66.059069             66.059069
  5.6706932e-12       31.929061      0.25550171      0.96807454        3.106027      0.60655973     -0.52966871      -0.52966871        64.91746              64.91746
  6.7039023e-12       31.761683      0.25888694      0.98150465       3.0358399      0.50573684     -0.52966871      -0.52966871       64.582703             64.582703
  9.8102397e-12       31.380946      0.25281331       0.9639636       3.0820251      0.47416262     -0.52966871      -0.52966871       63.821229             63.821229
  1.0683792e-11       31.231106      0.25372384      0.97399568        3.086894      0.54432887     -0.52966871      -0.52966871        63.52155              63.52155
  1.3546761e-11       30.993687      0.25644932      0.98890633       3.0569778      0.53305773     -0.52966871      -0.52966871       63.046711             63.046711
  1.5039284e-11       30.889168      0.26410137      0.99347572       3.0310063      0.58764203     -0.52966871      -0.52966871       62.837674             62.837674
  4.3820858e-11       29.745616      0.25192748      0.97523032       3.0720081      0.46674321     -0.52966871      -0.52966871        60.55057              60.55057
  4.4405117e-11       29.589271      0.25468367       1.0072355       3.0840331      0.60042515     -0.52966871      -0.52966871       60.237879             60.237879
  2.3443387e-09       25.358987      0.25727511      0.92983975       2.9869695       0.2643769     -0.52966871      -0.52966871       51.777311             51.777311
  4.1522216e-09       24.857071      0.25569689      0.97881128       3.0476082      0.47578439     -0.52966871      -0.52966871       50.773478             50.773478
  4.8831698e-09       24.519835      0.25948397      0.91630672       2.9878323      0.28640658     -0.52966871      -0.52966871       50.099008             50.099008
   1.694577e-08       23.275611      0.25848305       0.9485772       2.9787071        0.294021     -0.52966871      -0.52966871        47.61056              47.61056
   7.975549e-08       21.608881      0.26358778      0.95831179       2.9764278      0.36909785     -0.52966871      -0.52966871         44.2771               44.2771
  8.5418652e-08       21.422499      0.25804813      0.93082831       3.0192759      0.36440477     -0.52966871      -0.52966871       43.904336             43.904336
  2.7463891e-07       20.254606      0.26173596      0.92439063       2.9364907      0.21364676     -0.52966871      -0.52966871        41.56855              41.56855
  5.1250807e-07       19.497216      0.26554095      0.91632989        2.906149      0.17277561     -0.52966871      -0.52966871       40.053769             40.053769
  5.3834724e-07       19.448028      0.26086941      0.91851941       2.9386823       0.1966876     -0.52966871      -0.52966871       39.955394             39.955394
  1.1496263e-05       16.386755      0.26524296      0.93170784       2.9498732      0.29937777     -0.52966871      -0.52966871       33.832847             33.832847
  3.6640827e-05       15.227614      0.25896052       0.9374806       2.9782963      0.27971732     -0.52966871      -0.52966871       31.514565             31.514565
  0.00027416708       13.215039      0.26510295      0.92267979       2.9420223      0.26014332     -0.52966871      -0.52966871       27.489416             27.489416
  8.0221595e-09       24.195519       0.2607825      0.99540123       3.0902241      0.70689365     -0.52966871      -0.52966871       49.450376             49.450376
  8.3432727e-08       21.602372      0.25726387        1.007207       3.1100911      0.70674583     -0.52966871      -0.52966871       44.264081             44.264081
  1.0319414e-07       21.389801      0.25086529       1.0079644       3.1530337      0.72408961     -0.52966871      -0.52966871       43.838939             43.838939
    0.000235512       12.769592      0.25832698       1.0213829        3.110171      0.76964653     -0.52966871      -0.52966871       26.598522             26.598522
  8.5754095e-09       23.959965      0.26047177      0.98915639       3.0682558      0.63366736     -0.52966871      -0.52966871       48.979268             48.979268
  1.1258487e-08       23.687742      0.26323144      0.98226228       3.0443215      0.58158354     -0.52966871      -0.52966871        48.43482              48.43482
  6.4290463e-08       21.888294      0.25835179      0.97031797       3.0708902      0.54537839     -0.52966871      -0.52966871       44.835926             44.835926
  2.3039213e-07       20.449404      0.25426987      0.97696632       3.0558895      0.46085363     -0.52966871      -0.52966871       41.958145             41.958145
  2.6125044e-07       20.323707      0.25702615      0.95348386       3.0461898      0.43214326     -0.52966871      -0.52966871       41.706751             41.706751
  3.9714492e-07       19.904885      0.26202152      0.95669833       3.0378198       0.5011423     -0.52966871      -0.52966871       40.869108             40.869108
  4.4099603e-07       19.742992      0.25706701       1.0038043       3.0852914      0.62556744     -0.52966871      -0.52966871       40.545322             40.545322
  1.0338784e-06       18.728437      0.26300786      0.97575473       3.0434398      0.57141204     -0.52966871      -0.52966871       38.516211             38.516211
  1.0441609e-06       18.667247      0.26170349      0.98730034       3.0403607      0.55310337     -0.52966871      -0.52966871       38.393831             38.393831
  1.5053505e-06       18.250141      0.25418208       0.9830549       3.0799078      0.54371075     -0.52966871      -0.52966871        37.55962              37.55962
  1.8325731e-06       18.002153      0.25617936       1.0011666       3.0826799      0.59970716     -0.52966871      -0.52966871       37.063643             37.063643
   2.664631e-06       17.576515      0.25263591      0.98698369       3.1023559      0.58280657     -0.52966871      -0.52966871       36.212368             36.212368
   3.233737e-06       17.331649      0.25989921      0.99280385       3.0801213      0.64235337     -0.52966871      -0.52966871       35.722635             35.722635
  7.1116591e-06       16.492258      0.25525883      0.98398296       3.0898635      0.56925473     -0.52966871      -0.52966871       34.043854             34.043854
   8.728941e-06       16.187267      0.25436784      0.97341795       3.1057218      0.59089818     -0.52966871      -0.52966871       33.433871             33.433871
  1.4628445e-05       15.622153      0.25540958      0.97564968       3.0784637      0.52701695     -0.52966871      -0.52966871       32.303643             32.303643
  1.7422531e-05       15.447356      0.25819249      0.97870492        3.043557      0.50586145     -0.52966871      -0.52966871        31.95405              31.95405
  2.9488904e-05       14.921106      0.25369095      0.95990623       3.0560249      0.42744867     -0.52966871      -0.52966871        30.90155              30.90155
  6.6976432e-05        14.10078       0.2584986       0.9790716         3.03278      0.47779155     -0.52966871      -0.52966871       29.260897             29.260897
  7.6284498e-05       13.970651      0.25448798      0.97598368       3.0812135      0.52158345     -0.52966871      -0.52966871       29.000639             29.000639
  7.7719646e-05       13.952012      0.25853533       1.0032916       3.0692977      0.61459956     -0.52966871      -0.52966871       28.963362             28.963362
  8.7468222e-05       13.833845      0.26222022      0.95181036       3.0062323      0.41029935     -0.52966871      -0.52966871       28.727027             28.727027
   0.0010532707       11.869121      0.26358532      0.92586353       2.9447228      0.25631366     -0.52966871      -0.52966871        24.79758              24.79758
  0.00083869227       11.691468      0.25876068      0.93665597       2.9822912      0.29240461     -0.52966871      -0.52966871       24.442273             24.442273
  0.00041249559       11.985985      0.25399838       1.0161995       3.1441507      0.78016538     -0.52966871      -0.52966871       25.031308             25.031308
  0.00048591513       11.822177      0.25720432       1.0092341       3.1098068      0.71406586     -0.52966871      -0.52966871       24.703691             24.703691
  0.00050001213       11.739511      0.25528019       1.0057208       3.1240153      0.71336988     -0.52966871      -0.52966871        24.53836              24.53836
  0.00051556479        11.70888      0.25682407       1.0144814       3.1268309      0.77816686     -0.52966871      -0.52966871       24.477098             24.477098
  0.00076229814       11.155287       0.2552052       1.0221892       3.1312484      0.78032804     -0.52966871      -0.52966871       23.369911             23.369911
  0.00088675984       10.952757      0.26018368      0.99434548       3.0802541      0.66134375     -0.52966871      -0.52966871       22.964851             22.964851
   0.0011445603       10.646262      0.25893158       1.0117728       3.0971855      0.72071175     -0.52966871      -0.52966871       22.351862             22.351862
    0.001209977       10.539388      0.25366909       1.0070135       3.1143506      0.66193004     -0.52966871      -0.52966871       22.138113             22.138113
   0.0012267246       10.474348       0.2591626       1.0002905       3.0851735      0.66147028     -0.52966871      -0.52966871       22.008034             22.008034
   0.0013460004       10.381559      0.25369352       1.0147419       3.1341054      0.74236092     -0.52966871      -0.52966871       21.822454             21.822454
   0.0019980058       9.9865464      0.25443674       1.0172441       3.1376448         0.77211     -0.52966871      -0.52966871        21.03243              21.03243
   0.0024478575       9.7834829      0.25615288       1.0200783       3.1292443      0.78182667     -0.52966871      -0.52966871       20.626303             20.626303
    0.002654137       9.7025765      0.25584559        1.010327       3.1283462      0.75529098     -0.52966871      -0.52966871        20.46449              20.46449
   0.0033394945       9.4728766      0.25685906        1.016698       3.1134215      0.73738758     -0.52966871      -0.52966871       20.005091             20.005091
   0.0049711991        9.075035      0.25563269       1.0190421       3.1182956      0.73794827     -0.52966871      -0.52966871       19.209407             19.209407
   0.0049440251       9.0064083      0.25400096      0.99924857       3.1232346      0.67715109     -0.52966871      -0.52966871       19.072154             19.072154
   0.0052096631       8.8799649      0.25340994      0.99497162       3.1190104      0.65308577     -0.52966871      -0.52966871       18.819267             18.819267
   0.0053540301       8.7785225      0.25455852       1.0172228       3.1351984      0.76372918     -0.52966871      -0.52966871       18.616383             18.616383
   0.0066320318       8.4903529      0.25415836       1.0050105       3.1299952      0.71632571     -0.52966871      -0.52966871       18.040043             18.040043
     0.00674738       8.4731099        0.257051       1.0100334       3.1162759      0.73804837     -0.52966871      -0.52966871       18.005557             18.005557
   0.0063044847       8.4609602      0.25869187       1.0027173       3.0955257      0.69134127     -0.52966871      -0.52966871       17.981258             17.981258
   0.0096456142       8.0357181      0.25680276       1.0115127       3.1013054      0.69607377     -0.52966871      -0.52966871       17.130774             17.130774
   0.0098235771       8.0174361      0.25563537       1.0073317       3.1174653      0.71679831     -0.52966871      -0.52966871        17.09421              17.09421
  0.00022845502        12.74025      0.26124231      0.97699202       3.0550652      0.57957134     -0.52966871      -0.52966871       26.539837             26.539837
   0.0002618796       12.603704      0.25826798       0.9672663       3.0729137      0.55168049     -0.52966871      -0.52966871       26.266746             26.266746
  0.00030743027       12.443341      0.25957273      0.98622948       3.0394765      0.51975147     -0.52966871      -0.52966871       25.946019             25.946019
  0.00042760032         12.1134      0.26452829      0.94655568       2.9719429        0.359585     -0.52966871      -0.52966871       25.286138             25.286138
  0.00062717869       11.576207      0.26079905      0.98348588       3.0673287      0.61459781     -0.52966871      -0.52966871       24.211751             24.211751
   0.0011537391       10.892567      0.25809736      0.98938783        3.076582      0.61291121     -0.52966871      -0.52966871       22.844471             22.844471
   0.0016685868       10.523598      0.25501221      0.95813852       3.0480746      0.42114295     -0.52966871      -0.52966871       22.106534             22.106534
   0.0066276819       8.7388549      0.25798412      0.98933646       3.0838398      0.62966133     -0.52966871      -0.52966871       18.537047             18.537047
   0.0077082556       8.4765924      0.25934786      0.98891171       3.0668137      0.58979744     -0.52966871      -0.52966871       18.012522             18.012522
    0.014014865       7.7246151      0.25431964      0.96844722       3.0699083      0.48780888     -0.52966871      -0.52966871       16.508568             16.508568
     0.01708531       7.4777245      0.25729916      0.98988958       3.0688242       0.5630787     -0.52966871      -0.52966871       16.014786             16.014786
    0.098035717       6.2370776      0.26102748      0.93298731       2.9729027      0.29458846     -0.52966871      -0.52966871       13.533493             13.533493
     0.25188536       4.4461375      0.25950008      0.93938152       3.0063341      0.36143644     -0.52966871      -0.52966871       9.9516125             9.9516125
     0.31223019       4.2313708      0.26067227      0.94124307       2.9931901      0.35126266     -0.52966871      -0.52966871       9.5220791             9.5220791
    0.040923401       6.5905194      0.25492998       1.0073955       3.1236849      0.71842735     -0.52966871      -0.52966871       14.240376             14.240376
    0.037692298        6.472095      0.25647846       1.0096764        3.114565       0.7260388     -0.52966871      -0.52966871       14.003527             14.003527
    0.048252627       6.2251005      0.25722895       1.0066057       3.0989919      0.68136217     -0.52966871      -0.52966871       13.509538             13.509538
    0.082319192       5.6909465      0.25560133      0.99592331        3.104331      0.65513659     -0.52966871      -0.52966871        12.44123              12.44123
     0.10157632       5.4807403      0.25571425       1.0040225        3.115367       0.6971925     -0.52966871      -0.52966871       12.020818             12.020818
     0.10941886       5.4063675      0.25635877       1.0074064       3.1127753      0.71284772     -0.52966871      -0.52966871       11.872072             11.872072
     0.12159294       5.3008718      0.25571871       1.0029975       3.1060266      0.66614971     -0.52966871      -0.52966871       11.661081             11.661081
     0.16650837       4.9865052      0.25592297       1.0033818       3.1054813       0.6770806     -0.52966871      -0.52966871       11.032348             11.032348
     0.22892355       4.6681626      0.25601318       1.0046757       3.1116338      0.69752802     -0.52966871      -0.52966871       10.395663             10.395663
     0.28112382       4.4627555        0.257786      0.99971313       3.0890628      0.65547814     -0.52966871      -0.52966871       9.9848485             9.9848485
     0.26992703        4.097934      0.25716144       1.0004723       3.0907864      0.65015329     -0.52966871      -0.52966871       9.2552054             9.2552054
    0.019478302       7.2978522      0.25692973      0.95617298       3.0229945      0.38777332     -0.52966871      -0.52966871       15.655042             15.655042
    0.020097739       7.2177559      0.25570228      0.98214529        3.065696      0.51735412     -0.52966871      -0.52966871       15.494849             15.494849
    0.020082596       7.1697195      0.26138823      0.95106397       3.0123917      0.42595875     -0.52966871      -0.52966871       15.398776             15.398776
    0.027769469       6.7968457      0.26220726      0.96066797       3.0031538      0.42472414     -0.52966871      -0.52966871       14.653029             14.653029
    0.035660399       6.4979519      0.26241529      0.95907415       3.0109572      0.44630782     -0.52966871      -0.52966871       14.055241             14.055241
    0.050440397       6.0558901      0.25861894      0.94736474       3.0110114       0.3760466     -0.52966871      -0.52966871       13.171118             13.171118
    0.066612026       5.7312774      0.26072949       0.9535351        3.008295      0.39891699     -0.52966871      -0.52966871       12.521892             12.521892
     0.06683786       5.7278928      0.25772618      0.95768717        3.041473       0.4554917     -0.52966871      -0.52966871       12.515123             12.515123
    0.074803503       5.4755358      0.25948671      0.96902996       3.0226955      0.44706253     -0.52966871      -0.52966871       12.010409             12.010409
    0.078643543       5.2976417      0.25696244      0.98601633       3.0746212      0.56547391     -0.52966871      -0.52966871       11.654621             11.654621
    0.087718449        5.147613      0.26055651      0.95096103       3.0158882      0.41180726     -0.52966871      -0.52966871       11.354563             11.354563
    0.090028407       5.0807979      0.25800324      0.96911707       3.0458467      0.47657348     -0.52966871      -0.52966871       11.220933             11.220933
     0.10793856        4.858539      0.25965826      0.97825469       3.0404155      0.51349585     -0.52966871      -0.52966871       10.776415             10.776415
     0.12003832       4.7114682      0.25665466      0.97310996       3.0565299      0.49088823     -0.52966871      -0.52966871       10.482274             10.482274
      0.1378111       4.5325733      0.25581466      0.98845716       3.0800097      0.57513842     -0.52966871      -0.52966871       10.124484             10.124484
     0.14178322        4.463336      0.26060716      0.97346132       3.0325321      0.49548127     -0.52966871      -0.52966871       9.9860094             9.9860094
     0.13019817       4.4307945      0.25628518      0.96058175       3.0594759      0.47458219     -0.52966871      -0.52966871       9.9209264             9.9209264
     0.14614141       4.2775372      0.26211982       0.9462007       2.9946535      0.37932555     -0.52966871      -0.52966871       9.6144118             9.6144118
     0.20109369       3.9206006      0.26088481      0.95421812       2.9997828      0.38565187     -0.52966871      -0.52966871       8.9005386             8.9005386
      0.3690917       3.8817449      0.25805237      0.94558752       3.0149028      0.36987868     -0.52966871      -0.52966871       8.8228272             8.8228272
     0.55487221       3.4740522      0.26032919      0.94104131        2.994439      0.34433603     -0.52966871      -0.52966871       8.0074417             8.0074417
     0.47908381       3.3977709      0.25999249      0.94022909       2.9958118      0.34290244     -0.52966871      -0.52966871       7.8548792             7.8548792
     0.64115237       3.1063793      0.26036097      0.94203174       2.9940988       0.3460758     -0.52966871      -0.52966871        7.272096              7.272096
     0.85732055       2.8158346      0.26085681      0.94402423       2.9972317      0.36322843     -0.52966871      -0.52966871       6.6910066             6.6910066
     0.96572692       2.6967654       0.2604235       0.9428079       3.0022593      0.36897833     -0.52966871      -0.52966871       6.4528681             6.4528681
     0.37964957       3.0467119       0.2600827      0.96666304       3.0272632      0.46054916     -0.52966871      -0.52966871       7.1527611             7.1527611
     0.20111148       3.9052447      0.25674936      0.96181737       3.0621888      0.49540598     -0.52966871      -0.52966871       8.8698268             8.8698268
     0.23724676       3.6754647      0.25554812      0.97204003       3.0675401      0.50216679     -0.52966871      -0.52966871       8.4102669             8.4102669
     0.24846403       3.5647289      0.25662947      0.98169126       3.0722947      0.54701078     -0.52966871      -0.52966871       8.1887953             8.1887953
     0.27278758       3.4713336      0.26022386      0.96799647       3.0382928      0.49293192     -0.52966871      -0.52966871       8.0020047             8.0020047
     0.26649517       3.3611395      0.25967911      0.98076605        3.048658      0.53869491     -0.52966871      -0.52966871       7.7816164             7.7816164
     0.31253948       3.0766017      0.25814438      0.98199709       3.0544807      0.52873468     -0.52966871      -0.52966871       7.2125408             7.2125408
     0.31651259       3.0033449      0.26059614      0.96499117        3.032079      0.48409955     -0.52966871      -0.52966871       7.0660271             7.0660271
     0.37690602        2.710929      0.25738748      0.97871608       3.0652595      0.53570894     -0.52966871      -0.52966871       6.4811953             6.4811953
     0.63469492        2.549794      0.25688302      0.99164202       3.0946383       0.6376124     -0.52966871      -0.52966871       6.1589255             6.1589255
     0.84597591       2.2624476      0.25720516      0.99512141       3.0882208      0.63255677     -0.52966871      -0.52966871       5.5842326             5.5842326
     0.89033198       2.2113441      0.25751602      0.99426981       3.0877698      0.63428923     -0.52966871      -0.52966871       5.4820255             5.4820255
     0.50674584       2.6779082      0.25670824      0.96143064       3.0478766      0.45863463     -0.52966871      -0.52966871       6.4151539             6.4151539
     0.64243816       2.4406472      0.25961597      0.96495572       3.0275261      0.45775516     -0.52966871      -0.52966871       5.9406319             5.9406319
     0.65504807       2.3341978      0.25908042       0.9515848       3.0184675      0.40573282     -0.52966871      -0.52966871        5.727733              5.727733
     0.64872798       2.2568815       0.2578988      0.96280955       3.0308805      0.43351441     -0.52966871      -0.52966871       5.5731005             5.5731005
     0.66554495       2.2312889      0.25903208      0.95969838       3.0201988      0.41686948     -0.52966871      -0.52966871       5.5219152             5.5219152
     0.35006885       2.6735693       0.2562382      0.96846943       3.0662006      0.51026075     -0.52966871      -0.52966871       6.4064761             6.4064761
     0.33748412       2.6561135      0.25949406      0.97322064       3.0410744      0.50478916     -0.52966871      -0.52966871       6.3715644             6.3715644
     0.35184478       2.5090813      0.25831726      0.97456177       3.0537435      0.51324497     -0.52966871      -0.52966871       6.0775001             6.0775001
     0.34075415       2.4898169      0.25540889      0.97529083       3.0801787      0.54157309     -0.52966871      -0.52966871       6.0389712             6.0389712
     0.34143618       2.4365241      0.25789106      0.97120791       3.0480765      0.49523477     -0.52966871      -0.52966871       5.9323856             5.9323856
     0.57164653       1.9779091      0.25974329       0.9515736       3.0069655      0.38334713     -0.52966871      -0.52966871       5.0151556             5.0151556
      0.5450558       1.9565489      0.25954088       0.9548197       3.0127585      0.39835659     -0.52966871      -0.52966871       4.9724352             4.9724352
     0.57282731       1.9068528      0.25888469      0.94844542       3.0168816      0.38939523     -0.52966871      -0.52966871        4.873043              4.873043
     0.70388767       1.7008183      0.25926543      0.95775869       3.0327592      0.44747674     -0.52966871      -0.52966871        4.460974              4.460974
     0.75044722       1.4826171      0.25994636      0.96540541       3.0267093       0.4577857     -0.52966871      -0.52966871       4.0245716             4.0245716
     0.77787909       1.4467153      0.25829406      0.95379601       3.0274483      0.41438778     -0.52966871      -0.52966871        3.952768              3.952768
     0.86617132       1.3392037       0.2583822      0.96376475       3.0313751      0.44221376     -0.52966871      -0.52966871       3.7377448             3.7377448
     0.87434318       1.3298134      0.26032733       0.9586051       3.0260428      0.45105515     -0.52966871      -0.52966871       3.7189643             3.7189643
     0.89770358       1.3034465      0.25808184      0.95745283       3.0431128      0.45794839     -0.52966871      -0.52966871       3.6662303             3.6662303
              1       1.0901706      0.25850649      0.96532578       3.0339111      0.45257801     -0.52966871      -0.52966871       3.2396786             3.2396786
     0.99111587      0.99373391       0.2578703        0.965614       3.0401734      0.45870874     -0.52966871      -0.52966871       3.0468052             3.0468052
     0.38396503       2.1280782      0.25907232      0.96795931       3.0527376       0.5188829     -0.52966871      -0.52966871       5.3154937             5.3154937
     0.38446512       2.1267766      0.25969965       0.9700412       3.0422828      0.49911708     -0.52966871      -0.52966871       5.3128905             5.3128905
     0.39338009       2.1038533      0.25630685       0.9720525       3.0726036      0.53369507     -0.52966871      -0.52966871       5.2670441             5.2670441
     0.38969478       2.0644757      0.25634953      0.97681276       3.0658181      0.52488186     -0.52966871      -0.52966871       5.1882887             5.1882887
     0.39481484       2.0514226      0.25952957      0.97314183       3.0543807      0.53682449     -0.52966871      -0.52966871       5.1621826             5.1621826
     0.38665448       2.0210147        0.257473      0.97997379       3.0796215      0.58401357     -0.52966871      -0.52966871       5.1013668             5.1013668
      0.3741009       2.0027273      0.25944296      0.97864845       3.0548474      0.54507291     -0.52966871      -0.52966871       5.0647921             5.0647921
     0.38049949       1.9344747      0.25935154      0.97145847       3.0355982      0.48226358     -0.52966871      -0.52966871       4.9282869             4.9282869
     0.36974262       1.9118592      0.25809204      0.96889912       3.0465579       0.4817437     -0.52966871      -0.52966871       4.8830557             4.8830557
     0.39264445       1.7516783      0.25756943      0.97973266       3.0633128      0.54425461     -0.52966871      -0.52966871       4.5626941             4.5626941
     0.44921607       1.5682887      0.25748312      0.97267169       3.0674377      0.53487297     -0.52966871      -0.52966871       4.1959147             4.1959147
     0.44514905       1.5285933      0.26034522      0.96494639       3.0311949      0.47459654     -0.52966871      -0.52966871       4.1165241             4.1165241
       0.446677       1.5251668      0.25659302       0.9762946       3.0724924      0.54624568     -0.52966871      -0.52966871        4.109671              4.109671
     0.43617824       1.4488681      0.25738624      0.96604018       3.0490195       0.4801541     -0.52966871      -0.52966871       3.9570736             3.9570736
     0.42441497       1.2530638      0.25867266      0.97213136       3.0565684      0.52444724     -0.52966871      -0.52966871        3.565465              3.565465
     0.42746557       1.2459017      0.25860933      0.98363295       3.0648465      0.56829705     -0.52966871      -0.52966871       3.5511409             3.5511409
     0.46605124       1.1169203      0.25779675      0.98051523       3.0591921      0.53363796     -0.52966871      -0.52966871        3.293178              3.293178
     0.46459392       1.0774925      0.25628365      0.97496581       3.0753283      0.54247891     -0.52966871      -0.52966871       3.2143225             3.2143225
     0.44593568       1.0759219      0.25851688       0.9775405       3.0658474      0.55880544     -0.52966871      -0.52966871       3.2111813             3.2111813
     0.43836065       1.0504951      0.25735687       0.9710323       3.0498356      0.48824193     -0.52966871      -0.52966871       3.1603275             3.1603275
     0.42778003       1.0323683      0.25789604      0.98283026       3.0699577      0.56681717     -0.52966871      -0.52966871        3.124074              3.124074
     0.82514261      0.88932706      0.25893638      0.96343451       3.0292281      0.44473958     -0.52966871      -0.52966871       2.8379915             2.8379915
     0.78305591       0.7746251      0.25865998      0.95729389       3.0378765      0.45332619     -0.52966871      -0.52966871       2.6085876             2.6085876
     0.72282966      0.77461289      0.25901749      0.95624193       3.0252706      0.42766971     -0.52966871      -0.52966871       2.6085632             2.6085632
     0.68637019      0.74632667      0.25961352      0.95808201       3.0241964      0.43672148     -0.52966871      -0.52966871       2.5519908             2.5519908
     0.65889622      0.70713504       0.2585126      0.95577748        3.032987      0.43535044     -0.52966871      -0.52966871       2.4736075             2.4736075
     0.65946737      0.70626858      0.25962674      0.96020295       3.0245545      0.44074672     -0.52966871      -0.52966871       2.4718746             2.4718746
       0.612046      0.69388226      0.25904476      0.95461936       3.0278741       0.4287836     -0.52966871      -0.52966871       2.4471019             2.4471019
     0.56398483      0.68865096      0.26000365      0.95591097       3.0201649      0.42693094     -0.52966871      -0.52966871       2.4366393             2.4366393
     0.56777693      0.68194971      0.25916061      0.95545539       3.0269844      0.43252425     -0.52966871      -0.52966871       2.4232368             2.4232368
     0.51694728      0.68042725      0.25919989      0.95837482       3.0319763      0.45076603     -0.52966871      -0.52966871       2.4201919             2.4201919
     0.44536922      0.64714294        0.257907      0.95915769       3.0355703       0.4380596     -0.52966871      -0.52966871       2.3536233             2.3536233
     0.45410948      0.62770826      0.25831033      0.95891791       3.0401157      0.45822239     -0.52966871      -0.52966871        2.314754              2.314754
     0.42282493       0.6037782      0.25830895      0.95614794       3.0304608      0.42872531     -0.52966871      -0.52966871       2.2668938             2.2668938
     0.43023422      0.98408805      0.25847628      0.97256925       3.0552347      0.52460909     -0.52966871      -0.52966871       3.0275135             3.0275135
     0.42645154      0.95035945      0.25697275      0.96712631       3.0610848      0.50460951     -0.52966871      -0.52966871       2.9600563             2.9600563
      0.4107716      0.94526124      0.25707101      0.97513741       3.0735007      0.55177271     -0.52966871      -0.52966871       2.9498599             2.9498599
     0.41240696      0.94128793      0.25818785       0.9672082       3.0415214      0.46905708     -0.52966871      -0.52966871       2.9419133             2.9419133
     0.40857535      0.90617046      0.25929013      0.96379998       3.0427081      0.48523163     -0.52966871      -0.52966871       2.8716783             2.8716783
     0.39120171      0.90517173      0.25962817       0.9686681       3.0431863      0.50240848     -0.52966871      -0.52966871       2.8696809             2.8696809
     0.37915603      0.89199548      0.25938453      0.97229325        3.042128      0.50046946     -0.52966871      -0.52966871       2.8433284             2.8433284
     0.38184759      0.88492173      0.25842886      0.96862583       3.0462087      0.48670614     -0.52966871      -0.52966871       2.8291809             2.8291809
     0.40148191      0.83478081      0.25938022      0.97246578       3.0485018      0.51685286     -0.52966871      -0.52966871        2.728899              2.728899
     0.38435299      0.82959176      0.25712324      0.97459417       3.0716106      0.54758725     -0.52966871      -0.52966871       2.7185209             2.7185209
     0.38193147      0.69614998      0.25708345      0.96414684       3.0543985      0.48323537     -0.52966871      -0.52966871       2.4516374             2.4516374
     0.37824236      0.66140427      0.25800861      0.98231777       3.0636482      0.55286356     -0.52966871      -0.52966871        2.382146              2.382146
     0.36691667      0.64735289      0.25831686      0.97768448       3.0636187      0.54806579     -0.52966871      -0.52966871       2.3540432             2.3540432
     0.35278421      0.64217931      0.25708463      0.97618719        3.070065       0.5467702     -0.52966871      -0.52966871        2.343696              2.343696
     0.34136226      0.63063986      0.25820485      0.97966019       3.0637095      0.55406439     -0.52966871      -0.52966871       2.3206171             2.3206171
     0.33020809      0.61940934      0.25764771      0.96665343       3.0530081      0.48941045     -0.52966871      -0.52966871       2.2981561             2.2981561
     0.33024675      0.53228087      0.25866939      0.97198715        3.048259      0.50254657     -0.52966871      -0.52966871       2.1238992             2.1238992
      0.3310466      0.52986183      0.25665408      0.98140707       3.0741048      0.55870694     -0.52966871      -0.52966871       2.1190611             2.1190611
      0.3184494      0.52420563      0.25721829       0.9801421       3.0763194       0.5709976     -0.52966871      -0.52966871       2.1077487             2.1077487
     0.33146981      0.43968073      0.25872082      0.97668825       3.0550021      0.53292763     -0.52966871      -0.52966871       1.9386989             1.9386989
     0.33173605      0.43887784      0.25918895      0.96546436       3.0376576      0.47678708     -0.52966871      -0.52966871       1.9370931             1.9370931
     0.42099015      0.42580542      0.25932175      0.95808618       3.0277284      0.43770255     -0.52966871      -0.52966871       1.9109483             1.9109483
      0.4260289      0.41390765      0.25942291      0.95884419       3.0323202      0.45316144     -0.52966871      -0.52966871       1.8871527             1.8871527
     0.39991283      0.38185807      0.25903375      0.95826692       3.0349842      0.45400682     -0.52966871      -0.52966871       1.8230536             1.8230536
     0.36748142      0.37112172      0.25915487      0.95739372       3.0247611      0.42922919     -0.52966871      -0.52966871       1.8015809             1.8015809
     0.36832808      0.36882043      0.25963072       0.9601347       3.0309849      0.45507222     -0.52966871      -0.52966871       1.7969783             1.7969783
     0.34571864       0.3268087      0.25819722      0.95929879       3.0401319      0.45451093     -0.52966871      -0.52966871       1.7129548             1.7129548
     0.37681719      0.24067382      0.25906878      0.96417195       3.0321454       0.4564806     -0.52966871      -0.52966871       1.5406851             1.5406851
     0.37893185       0.2350776       0.2582424       0.9587525       3.0336502      0.43950458     -0.52966871      -0.52966871       1.5294926             1.5294926
     0.35666683      0.16210048      0.25917154      0.95932357       3.0284456      0.43981055     -0.52966871      -0.52966871       1.3835384             1.3835384
     0.35950132      0.15418474      0.25814307      0.96010103       3.0404354      0.45583897     -0.52966871      -0.52966871       1.3677069             1.3677069
     0.36842459      0.12966653      0.25893175      0.96088398        3.036607      0.45902979     -0.52966871      -0.52966871       1.3186705             1.3186705
     0.38064644     0.097031612      0.25837837      0.96150705       3.0340554      0.44619492     -0.52966871      -0.52966871       1.2534006             1.2534006
     0.39173905     0.068306638      0.25785061      0.96151764       3.0413266      0.45631757     -0.52966871      -0.52966871       1.1959507             1.1959507
     0.40615382     0.032170617       0.2581677      0.96447754       3.0407792      0.46364097     -0.52966871      -0.52966871       1.1236787             1.1236787
     0.43206644    -0.029676783      0.25857463      0.96232675       3.0350645      0.45428619     -0.52966871      -0.52966871      0.99998386            0.99998386
      0.3008267      0.40315173      0.25745139      0.96654035       3.0566642      0.49962576     -0.52966871      -0.52966871       1.8656409             1.8656409
     0.30795236      0.37974097      0.25700891      0.97338886       3.0576937      0.50514711     -0.52966871      -0.52966871       1.8188194             1.8188194
     0.29693259      0.37172916       0.2573657      0.96781944       3.0596496      0.50627219     -0.52966871      -0.52966871       1.8027958             1.8027958
     0.27503583      0.36132154      0.25799072      0.96838391       3.0540812      0.50086272     -0.52966871      -0.52966871       1.7819805             1.7819805
     0.26691727      0.30790257      0.25782606      0.96835626       3.0493774      0.49084831     -0.52966871      -0.52966871       1.6751426             1.6751426
     0.27356876      0.24246634      0.25738948      0.97518741       3.0672859      0.54192161     -0.52966871      -0.52966871       1.5442701             1.5442701
     0.25575223      0.22976749      0.25832459      0.96211521       3.0457325      0.47619019     -0.52966871      -0.52966871       1.5188724             1.5188724
     0.24830941      0.22008032      0.25823994      0.96719837       3.0517811      0.50117439     -0.52966871      -0.52966871       1.4994981             1.4994981
     0.24352829      0.20030207      0.25752868      0.97307581       3.0533008      0.50218301     -0.52966871      -0.52966871       1.4599416             1.4599416
     0.24443532      0.19658444      0.25820206        0.966535       3.0485389      0.48674285     -0.52966871      -0.52966871       1.4525063             1.4525063
     0.24466756       0.1956348      0.25730406         0.97993       3.0671883       0.5481893     -0.52966871      -0.52966871        1.450607              1.450607
     0.24776245      0.18306476      0.25821128      0.96788956        3.044454      0.48292002     -0.52966871      -0.52966871       1.4254669             1.4254669
     0.24993278       0.1743432      0.25877162       0.9655163       3.0473932      0.49346168     -0.52966871      -0.52966871       1.4080238             1.4080238
      0.2523779      0.16460763      0.25711731      0.96984831       3.0622812      0.51308262     -0.52966871      -0.52966871       1.3885527             1.3885527
     0.25810787      0.14215759       0.2580963      0.97228101       3.0535455      0.51250993     -0.52966871      -0.52966871       1.3436526             1.3436526
     0.25973195      0.13588505      0.25836047      0.96410613       3.0482883      0.48665725     -0.52966871      -0.52966871       1.3311075             1.3311075
     0.27988464     0.061157682      0.25759623      0.98118726       3.0679993      0.55656324     -0.52966871      -0.52966871       1.1816528             1.1816528
     0.28469846     0.044104598      0.25860466      0.97096083       3.0490015      0.50236948     -0.52966871      -0.52966871       1.1475466             1.1475466
     0.28831549     0.031479845      0.25848813      0.96598125       3.0456025      0.48705634     -0.52966871      -0.52966871       1.1222971             1.1222971
     0.29205035     0.018608975      0.25866812      0.96897332       3.0447474      0.49238715     -0.52966871      -0.52966871       1.0965554             1.0965554
     0.30044705   -0.0097363282      0.25816225       0.9781879       3.0622324       0.5441436     -0.52966871      -0.52966871       1.0398648             1.0398648
     0.30422121    -0.022219914      0.25785364      0.97349858       3.0628796      0.53376853     -0.52966871      -0.52966871       1.0148976             1.0148976
     0.31045321    -0.042498017       0.2575699      0.97565414       3.0584281      0.52110829     -0.52966871      -0.52966871      0.97434139            0.97434139
     0.31854654     -0.06823341       0.2585466        0.968033       3.0500256      0.49980333     -0.52966871      -0.52966871       0.9228706             0.9228706
      0.3322671     -0.11040396      0.25833927      0.97027162        3.045958      0.49138645     -0.52966871      -0.52966871       0.8385295             0.8385295
     0.34071373     -0.13550742      0.25810925      0.96927718       3.0483969      0.49347057     -0.52966871      -0.52966871      0.78832257            0.78832257
     0.34521692     -0.14863777      0.25745205      0.97581395       3.0629638      0.53210855     -0.52966871      -0.52966871      0.76206189            0.76206189
     0.36377328     -0.20099563      0.25775013      0.97580466        3.060436      0.53007532     -0.52966871      -0.52966871      0.65734616            0.65734616
     0.37860707     -0.24096372      0.25778359      0.96902377       3.0525197      0.49551255     -0.52966871      -0.52966871      0.57740998            0.57740998
      0.3874105     -0.26394966      0.25773537      0.97196021       3.0592829      0.51788141     -0.52966871      -0.52966871       0.5314381             0.5314381
     0.39267809     -0.27745497      0.25733229      0.97603479       3.0656685      0.53684322     -0.52966871      -0.52966871      0.50442748            0.50442748
     0.40492068     -0.30815601      0.25770859      0.97653834       3.0638859      0.53837094     -0.52966871      -0.52966871      0.44302541            0.44302541
     0.41114049     -0.32339978       0.2583758      0.97200562       3.0546028      0.51706887     -0.52966871      -0.52966871      0.41253787            0.41253787
