#        weight    minuslogpost         omega_c             n_s            lnas            m_nu   minuslogprior minuslogprior__0            chi2 chi2__likelihood_CAMB
 1.0375379e-322       753.70042      0.25822264       1.0071488       2.8915537      0.14606685      -1.2228159       -1.2228159       1509.8465             1509.8465
 8.5621576e-321       749.27536      0.30976946      0.91291812        2.645462     0.072771886      -1.2228159       -1.2228159       1500.9963             1500.9963
 1.0395141e-320       749.04048      0.27471921      0.83397951       2.9713366      0.31759441      -1.2228159       -1.2228159       1500.5266             1500.5266
 3.7162963e-316       738.51524       0.2872807       1.0075397       2.7421599      0.20392302      -1.2228159       -1.2228159       1479.4761             1479.4761
 3.6188574e-307       717.77772      0.30500583      0.93045024       2.6878392      0.14907289      -1.2228159       -1.2228159       1438.0011             1438.0011
 3.9864462e-304       710.73241      0.25222753      0.99921151       2.9442046       0.1687279      -1.2228159       -1.2228159       1423.9104             1423.9104
 7.9926765e-300       700.78562      0.30556991      0.84604827       2.7039356       0.0873845      -1.2228159       -1.2228159       1404.0169             1404.0169
 6.3737552e-290       677.94528      0.30131165      0.85857283       2.7417679       0.1136338      -1.2228159       -1.2228159       1358.3362             1358.3362
 2.8658252e-282       660.32393      0.26694055      0.96603425       2.8990169      0.31308593      -1.2228159       -1.2228159       1323.0935             1323.0935
 5.2631367e-274       641.25282        0.298725      0.92094968       2.7039011      0.14683828      -1.2228159       -1.2228159       1284.9513             1284.9513
 4.7817025e-255       597.55708      0.24201314      0.91184374       3.1010077      0.34511797      -1.2228159       -1.2228159       1197.5598             1197.5598
 2.5167654e-241       565.87933      0.23376066       1.0005472       3.1244173      0.33889948      -1.2228159       -1.2228159       1134.2043             1134.2043
  1.479939e-237       557.11992      0.25211295      0.99323832       2.9125525       0.1164559      -1.2228159       -1.2228159       1116.6855             1116.6855
 4.1470882e-233       546.83995      0.29942813      0.91439672       2.7035974       0.0831154      -1.2228159       -1.2228159       1096.1255             1096.1255
 1.3292971e-213       501.84904      0.25808604      0.83482182         2.94719     0.048672814      -1.2228159       -1.2228159       1006.1437             1006.1437
 2.9216916e-210       494.11603      0.26526706      0.92322037       2.8790299     0.069580418      -1.2228159       -1.2228159        990.6777              990.6777
 5.6301036e-210       493.42233      0.24319978      0.95626007        2.976615     0.085039943      -1.2228159       -1.2228159       989.29029             989.29029
 1.0146718e-207        488.1904      0.28844396      0.98102771       2.7849711      0.27719705      -1.2228159       -1.2228159       978.82642             978.82642
 5.0327024e-188       442.69679       0.2687962      0.97514666       2.8705835      0.18271071      -1.2228159       -1.2228159        887.8392              887.8392
 7.3737261e-188       442.28092      0.28703927      0.87893558       2.8544295      0.29057066      -1.2228159       -1.2228159       887.00747             887.00747
 3.3051231e-176       415.41845       0.2802115      0.96687204        2.827322      0.22040835      -1.2228159       -1.2228159       833.28252             833.28252
  7.800158e-175       412.22329      0.27297783      0.82192807       2.8731142     0.091901481      -1.2228159       -1.2228159       826.89221             826.89221
 8.7899939e-169       398.25441      0.29692482      0.91757623       2.6951874      0.07027698      -1.2228159       -1.2228159       798.95444             798.95444
 6.3062392e-166       391.64482      0.25483195      0.88002086       3.0672084      0.33062659      -1.2228159       -1.2228159       785.73528             785.73528
 9.3951029e-302       705.47451      0.29805836      0.87732214       2.7729566      0.16745832      -1.2228159       -1.2228159       1413.3946             1413.3946
 1.5756938e-244       573.50939      0.29088398      0.83978127       2.8166468      0.15379448      -1.2228159       -1.2228159       1149.4644             1149.4644
 5.4542184e-243       569.96511      0.29797755       0.8915039       2.7651666      0.22287521      -1.2228159       -1.2228159       1142.3759             1142.3759
 3.5975229e-239       561.17092      0.27775962      0.81775623        2.890296      0.15123147      -1.2228159       -1.2228159       1124.7875             1124.7875
   6.72294e-222       521.40169      0.29139229      0.87945035       2.7890725      0.20185972      -1.2228159       -1.2228159        1045.249              1045.249
 3.7595485e-195       459.81312      0.29398268      0.87259771       2.7761009      0.17362031      -1.2228159       -1.2228159       922.07187             922.07187
 5.2228204e-195       459.48438      0.29363934      0.85516808       2.7824886      0.14521895      -1.2228159       -1.2228159       921.41439             921.41439
 4.5759489e-188       443.49851      0.28065305      0.84128843       2.8772428      0.21007203      -1.2228159       -1.2228159       889.44265             889.44265
 1.8019261e-165       390.56102      0.26945641       1.0011632        2.905053      0.38793801      -1.2228159       -1.2228159       783.56767             783.56767
 5.0531603e-159       375.68045      0.26396441       0.8858532       2.8831535     0.018492246      -1.2228159       -1.2228159       753.80653             753.80653
 4.9997756e-158       373.35459      0.28579696      0.89776142       2.7700404     0.041922728      -1.2228159       -1.2228159        749.1548              749.1548
 4.0366354e-153       362.02174      0.29342268      0.89021629       2.7026278     0.028870171      -1.2228159       -1.2228159       726.48911             726.48911
 1.4036011e-144       342.32094      0.27976869      0.87857965       2.9059307      0.28590348      -1.2228159       -1.2228159       687.08752             687.08752
 9.0251197e-144       340.42607      0.26713291       0.9800624       2.8372238      0.14538289      -1.2228159       -1.2228159       683.29777             683.29777
 4.4960605e-140       331.87864      0.28556162      0.96046626       2.8226844      0.29044321      -1.2228159       -1.2228159       666.20291             666.20291
 1.6704666e-137       325.96098      0.27502531      0.91983185       2.8598552      0.23656168      -1.2228159       -1.2228159        654.3676              654.3676
 3.7621169e-123       292.84392      0.27530301      0.97742757       2.8841885      0.31580172      -1.2228159       -1.2228159       588.13347             588.13347
 8.1092525e-116        275.9239       0.2407585      0.95363192       3.1014216      0.35448569      -1.2228159       -1.2228159       554.29343             554.29343
 1.2617832e-115       275.44789      0.26147074       0.9695945       2.9634914      0.37261181      -1.2228159       -1.2228159       553.34141             553.34141
 2.0325188e-115       274.93724        0.272688      0.96190139       2.7844007     0.052271195      -1.2228159       -1.2228159       552.32011             552.32011
 8.7384845e-114       271.14229      0.25387446      0.96563016       2.9545547      0.22842573      -1.2228159       -1.2228159       544.73022             544.73022
 2.7420441e-108       258.45191      0.26930333      0.92404172        2.956481       0.3943162      -1.2228159       -1.2228159       519.34946             519.34946
 6.7428128e-107       255.21565      0.27785291       0.9756377       2.8683403      0.35226283      -1.2228159       -1.2228159       512.87694             512.87694
  1.414695e-101       242.96171       0.2670635      0.90251695       2.9109768      0.22662003      -1.2228159       -1.2228159       488.36904             488.36904
   5.377582e-99       237.02121      0.25822843      0.93630335       2.9252934       0.1246142      -1.2228159       -1.2228159       476.48805             476.48805
  2.2649901e-97       233.28071       0.2904036      0.88830943       2.7330179      0.01111543      -1.2228159       -1.2228159       469.00705             469.00705
  1.6543169e-96       231.25457      0.26680441      0.88188139       2.8797612      0.12418703      -1.2228159       -1.2228159       464.95476             464.95476
  2.5257103e-94       226.18852       0.2609324      0.93581563       2.9174358      0.20556983      -1.2228159       -1.2228159       454.82267             454.82267
  2.1609534e-91         219.399      0.26445708      0.90981833        2.863012     0.023350798      -1.2228159       -1.2228159       441.24363             441.24363
  7.6470611e-89       213.45595       0.2541692      0.95314732       2.9690743      0.19677737      -1.2228159       -1.2228159       429.35753             429.35753
  2.7772702e-88       212.12985      0.26393329      0.94677883       2.9612563      0.36485751      -1.2228159       -1.2228159       426.70533             426.70533
  2.0540215e-85       205.48739      0.28165957      0.93397289       2.8781751      0.34202342      -1.2228159       -1.2228159       413.42042             413.42042
  1.0619047e-84       203.80818      0.25344722      0.96976043       2.9607897      0.22705526      -1.2228159       -1.2228159       410.06199             410.06199
  8.9861782e-84       201.60109      0.26888683      0.87184307       2.8764955      0.12286675      -1.2228159       -1.2228159       405.64782             405.64782
  1.7298149e-82        198.5746      0.25868292       0.9496005       2.9121669      0.17308296      -1.2228159       -1.2228159       399.59484             399.59484
  1.9130207e-82       198.44003      0.25021766       0.9402568       3.0654268      0.33760048      -1.2228159       -1.2228159        399.3257              399.3257
  3.9621219e-82       197.67804      0.27367519      0.95888656       2.9042201      0.36722824      -1.2228159       -1.2228159        397.8017              397.8017
  1.3069502e-79       191.84546      0.26126988      0.96316418       2.8852364      0.14374276      -1.2228159       -1.2228159       386.13656             386.13656
  2.1054832e-76       184.42696      0.26890834      0.92645496       2.7996606    0.0093911715      -1.2228159       -1.2228159       371.29955             371.29955
  8.0409722e-75       180.75047      0.25961251      0.92682609       3.0014433      0.29791802      -1.2228159       -1.2228159       363.94656             363.94656
 2.9115426e-135       321.69049       0.2496108      0.87915179       3.0646557      0.26134822      -1.2228159       -1.2228159        645.8266              645.8266
  9.5895187e-90       216.32255      0.25527004      0.87737057       3.0176932      0.23279778      -1.2228159       -1.2228159       435.09074             435.09074
  1.2809935e-83       202.21749      0.26115489      0.86931092       2.9652168      0.21193831      -1.2228159       -1.2228159       406.88062             406.88062
  5.9761615e-83       200.67735      0.28212759      0.87911716       2.8399719      0.17875826      -1.2228159       -1.2228159       403.80033             403.80033
  1.6577287e-73       178.93383      0.24803631      0.89862409       3.0463502      0.24814055      -1.2228159       -1.2228159       360.31329             360.31329
  3.8768942e-68       166.57132      0.25536575      0.88304091       3.0116496      0.25180675      -1.2228159       -1.2228159       335.58827             335.58827
  1.2636542e-54       135.45615      0.26747294       0.8662711       2.9101874      0.15393333      -1.2228159       -1.2228159       273.35794             273.35794
  4.4942642e-64       155.77936      0.26737605      0.94964862       2.9364111      0.34826119      -1.2228159       -1.2228159       314.00435             314.00435
  1.3123367e-58       143.19484      0.27512169      0.96779346       2.9072025      0.37703034      -1.2228159       -1.2228159       288.83531             288.83531
  4.9454404e-58       141.81412      0.25101333      0.98174437        3.036214       0.3580412      -1.2228159       -1.2228159       286.07386             286.07386
  1.3023823e-56       138.54322      0.25157166      0.94009954        3.002517       0.2252454      -1.2228159       -1.2228159       279.53207             279.53207
  2.8651262e-74       179.40728      0.26869942      0.93292595       2.8884211      0.16902647      -1.2228159       -1.2228159       361.26019             361.26019
  3.7338874e-56       137.48827       0.2798834      0.91794997       2.8157963      0.16047922      -1.2228159       -1.2228159       277.42217             277.42217
  6.6853571e-54       132.24516      0.27576224       0.9174188       2.9058193       0.2949491      -1.2228159       -1.2228159       266.93596             266.93596
  3.9999091e-50       123.49131      0.27059244      0.88191869       2.9113475        0.217088      -1.2228159       -1.2228159       249.42826             249.42826
  1.0073897e-48       120.20789      0.27394595      0.90111236       2.9065881      0.27336794      -1.2228159       -1.2228159       242.86142             242.86142
  3.8662629e-46       114.20064      0.26089498       0.8928629       2.9903602      0.26485486      -1.2228159       -1.2228159       230.84691             230.84691
  5.5693814e-46       113.77848      0.26478416      0.92429516       2.9606174      0.27620213      -1.2228159       -1.2228159        230.0026              230.0026
  1.9256074e-45       112.48078      0.27067826      0.91113128       2.9387185      0.29338384      -1.2228159       -1.2228159        227.4072              227.4072
  4.7164586e-44       109.28238      0.26319414      0.96867828       2.9249195      0.26707781      -1.2228159       -1.2228159        221.0104              221.0104
  8.3886664e-42       104.04076       0.2521774      0.90984787       3.0466974      0.31980555      -1.2228159       -1.2228159       210.52716             210.52716
  3.6431884e-41       102.51158      0.27422905      0.95271767       2.9276267       0.3965961      -1.2228159       -1.2228159       207.46878             207.46878
  5.7830927e-41        102.0495       0.2726884      0.90652077       2.8858242      0.22392519      -1.2228159       -1.2228159       206.54463             206.54463
  8.3181437e-51       125.10982      0.26556913      0.85918057       2.8618438    0.0005266865      -1.2228159       -1.2228159       252.66527             252.66527
  1.1816927e-50       124.69418      0.28298142      0.90918348       2.7555853     0.038240072      -1.2228159       -1.2228159         251.834               251.834
  1.0585014e-48       120.07395      0.27211911      0.95034832       2.8526551      0.18403057      -1.2228159       -1.2228159       242.59352             242.59352
  9.2559829e-46       113.23973      0.27587387      0.89402624       2.8150678     0.043880953      -1.2228159       -1.2228159        228.9251              228.9251
  4.4873351e-43       106.93821      0.26363142       0.9223835       2.8552195     0.034168731      -1.2228159       -1.2228159       216.32205             216.32205
  3.6074117e-40       100.13749      0.26782828      0.86648185        2.882829     0.094838043      -1.2228159       -1.2228159       202.72062             202.72062
  3.1829552e-39       97.906023      0.26486717      0.92645261       2.8386058     0.027732018      -1.2228159       -1.2228159       198.25768             198.25768
  3.3020442e-39       97.815224      0.27455555      0.93411609       2.8642865      0.20845763      -1.2228159       -1.2228159       198.07608             198.07608
  2.0638322e-34       86.772276       0.2618873      0.91469657       2.8588032     0.025237484      -1.2228159       -1.2228159       175.99018             175.99018
  1.7990586e-33       84.606992      0.26170031      0.88706614       2.9203031      0.11097817      -1.2228159       -1.2228159       171.65962             171.65962
  2.1596724e-33       84.424299      0.26012329      0.93416141       2.9265486      0.19544447      -1.2228159       -1.2228159       171.29423             171.29423
   2.176744e-33       84.351886      0.27753209      0.87330218       2.7893117    0.0018255597      -1.2228159       -1.2228159        171.1494              171.1494
  2.3488374e-33       84.275796       0.2744945      0.90669571       2.8571339      0.14905751      -1.2228159       -1.2228159       170.99722             170.99722
  7.5384822e-33       83.109696      0.27751047      0.90473461       2.7867481     0.017988476      -1.2228159       -1.2228159       168.66502             168.66502
  8.8370986e-33        82.87665      0.25226662      0.91842323       2.9910388      0.19490324      -1.2228159       -1.2228159       168.19893             168.19893
  8.9069415e-33        82.79467      0.26614785      0.91928478       2.8289851     0.016028849      -1.2228159       -1.2228159       168.03497             168.03497
  6.8249864e-31       78.312639      0.27182608      0.86452988       2.8340066     0.016890619      -1.2228159       -1.2228159       159.07091             159.07091
  1.0833103e-30       77.850623      0.27304962      0.87285311       2.8272352     0.016069387      -1.2228159       -1.2228159       158.14688             158.14688
  5.5417519e-30       76.218334      0.27156049      0.91529214       2.8772374      0.20063238      -1.2228159       -1.2228159        154.8823              154.8823
  6.9082013e-30       75.997935      0.26373372      0.94367961       2.9006158      0.17139997      -1.2228159       -1.2228159        154.4415              154.4415
  1.5611239e-25       65.731151      0.26796919      0.89114545       2.9061183       0.1623459      -1.2228159       -1.2228159       133.90793             133.90793
  1.2616815e-24       63.567419      0.26955284      0.87678636       2.8738027      0.10280659      -1.2228159       -1.2228159       129.58047             129.58047
  2.1156215e-24       63.050515      0.27970622      0.88562858       2.7794675      0.01049933      -1.2228159       -1.2228159       128.54666             128.54666
  3.7949376e-24       62.466196      0.26517469      0.91335951       2.8711013     0.077802894      -1.2228159       -1.2228159       127.37802             127.37802
  6.6644716e-38       94.796949       0.2730347      0.92699809       2.9388151      0.36372178      -1.2228159       -1.2228159       192.03953             192.03953
  1.7755941e-32       82.016412      0.25904902      0.97900089       2.9929422      0.39629771      -1.2228159       -1.2228159       166.47846             166.47846
  6.1585105e-31       78.470127      0.25741141      0.91619177        3.025932      0.35921468      -1.2228159       -1.2228159       159.38589             159.38589
  5.0875398e-29       73.768315      0.26122889      0.93591804       3.0191989      0.39109841      -1.2228159       -1.2228159       149.98226             149.98226
  1.0231273e-30       78.170731      0.26976671      0.90051055       2.9222343      0.25552004      -1.2228159       -1.2228159       158.78709             158.78709
  4.0595721e-30       76.610196      0.26209415      0.91265034       2.9491135      0.24535982      -1.2228159       -1.2228159       155.66602             155.66602
  7.7158664e-28       71.362824      0.25136833       0.9309189       3.0139497      0.25008592      -1.2228159       -1.2228159       145.17128             145.17128
  9.8310033e-28       71.120562       0.2514106       0.9271177       3.0146181      0.24775269      -1.2228159       -1.2228159       144.68676             144.68676
  2.8614122e-25        65.15935      0.26115381      0.90474781       2.9777841      0.25498553      -1.2228159       -1.2228159       132.76433             132.76433
  1.2547571e-35       89.376721      0.25504824      0.96835524       2.9973851      0.30973681      -1.2228159       -1.2228159       181.19907             181.19907
  5.0684163e-31       78.164158      0.26370369      0.96311875       2.9321733      0.28493312      -1.2228159       -1.2228159       158.77395             158.77395
  1.0936817e-28        72.60756      0.26850106      0.96431482       2.9311583      0.33787886      -1.2228159       -1.2228159       147.66075             147.66075
   3.114371e-27       69.171486      0.25810543      0.92331179       3.0136537      0.31735697      -1.2228159       -1.2228159        140.7886              140.7886
  1.7290854e-26       67.457336      0.26728386       0.9547116       2.9252287      0.30874569      -1.2228159       -1.2228159        137.3603              137.3603
  2.3759121e-24       62.534377      0.26848264      0.95320174       2.9406162      0.33602177      -1.2228159       -1.2228159       127.51438             127.51438
  2.8992017e-23       60.432843      0.27526093      0.90374603       2.8188641     0.089485854      -1.2228159       -1.2228159       123.31132             123.31132
  7.6180787e-21       54.861584      0.27084127      0.92374021       2.8560495      0.14775199      -1.2228159       -1.2228159        112.1688              112.1688
   1.137712e-20       54.355144      0.27021642      0.89567276       2.8320311     0.024369541      -1.2228159       -1.2228159       111.15592             111.15592
  2.5833482e-19       51.127131      0.26602653      0.93641319       2.8878722      0.16642504      -1.2228159       -1.2228159       104.69989             104.69989
  5.4612835e-17       45.572693       0.2698882      0.90345581       2.8953025      0.18047997      -1.2228159       -1.2228159       93.591017             93.591017
  7.2685646e-17       45.286818      0.27489101      0.88796763       2.8041931    0.0071624752      -1.2228159       -1.2228159       93.019267             93.019267
  1.4508515e-15       42.187695      0.26376872      0.90935946       2.8704176     0.068424589      -1.2228159       -1.2228159       86.821022             86.821022
  3.3521284e-14       39.047665      0.27502753      0.89399056       2.7966573    0.0021944615      -1.2228159       -1.2228159       80.540962             80.540962
   1.491033e-13       37.437424      0.27107015      0.91616914       2.8589584       0.1360469      -1.2228159       -1.2228159       77.320479             77.320479
  1.8286156e-13       37.233333      0.27199009      0.90157245       2.8504432      0.10628463      -1.2228159       -1.2228159       76.912299             76.912299
  1.6827065e-13       37.182958      0.27176692      0.89244958       2.8407453     0.068957809      -1.2228159       -1.2228159       76.811547             76.811547
    3.34482e-13       36.495948      0.26629488      0.88964003       2.8704474     0.075801402      -1.2228159       -1.2228159       75.437529             75.437529
  3.2878326e-22       57.547789      0.27069689      0.94388312       2.9461215      0.38101275      -1.2228159       -1.2228159       117.54121             117.54121
  7.2828084e-21       54.282862      0.25057895      0.95235435       3.0628123      0.39515001      -1.2228159       -1.2228159       111.01136             111.01136
  1.3690888e-20       53.651648      0.25519521      0.92475929       3.0484991      0.38535245      -1.2228159       -1.2228159       109.74893             109.74893
  5.9042282e-19       49.800528      0.26853026      0.93703618       2.9553078      0.37008856      -1.2228159       -1.2228159       102.04669             102.04669
  9.9642624e-19       49.277192      0.25638634      0.95088368       3.0377039      0.39033924      -1.2228159       -1.2228159       101.00002             101.00002
  4.1335013e-18       47.854487      0.25971411      0.97546528       2.9981009      0.38987613      -1.2228159       -1.2228159       98.154605             98.154605
  1.1284459e-15       42.245015      0.25893361      0.92608248       3.0255239      0.37014819      -1.2228159       -1.2228159       86.935662             86.935662
  4.7910823e-15       40.575956      0.26897668      0.94693536       2.9535034        0.375985      -1.2228159       -1.2228159       83.597545             83.597545
  5.8739001e-15       40.372194      0.26597757      0.93051971       2.9873103      0.39284233      -1.2228159       -1.2228159        83.19002              83.19002
  1.2446074e-14       39.503524      0.25176679      0.94098736       3.0623301      0.38788257      -1.2228159       -1.2228159       81.452681             81.452681
  5.3501137e-21       54.812382      0.26720452      0.90254595       2.9377631      0.25798396      -1.2228159       -1.2228159        112.0704              112.0704
  1.7564328e-20       53.218164      0.25776405      0.90041006       2.9747173      0.21089886      -1.2228159       -1.2228159       108.88196             108.88196
  2.0058936e-19       50.782775      0.27019472      0.90753022       2.9113134      0.24088253      -1.2228159       -1.2228159       104.01118             104.01118
  1.4607091e-18       48.797357      0.25891393      0.94531448       2.9479571      0.22661409      -1.2228159       -1.2228159       100.04035             100.04035
  7.8038436e-16       42.516493      0.26212567      0.94713574       2.9392574      0.24400922      -1.2228159       -1.2228159       87.478617             87.478617
   4.760307e-16       42.976932       0.2525774      0.93797835       3.0347622      0.32164039      -1.2228159       -1.2228159       88.399496             88.399496
   5.807822e-16       42.703931       0.2659544      0.95474633       2.9522402      0.33382321      -1.2228159       -1.2228159       87.853494             87.853494
     4.0209e-15       40.625945      0.25778948      0.95383304        2.993884       0.3405944      -1.2228159       -1.2228159       83.697521             83.697521
  6.4611971e-15       40.018105      0.25520216      0.92339421         3.01585      0.30766385      -1.2228159       -1.2228159       82.481841             82.481841
  8.7289953e-15       39.717269      0.26368118      0.95501355       2.9459069      0.30369608      -1.2228159       -1.2228159        81.88017              81.88017
  3.1833469e-12       33.566916      0.26026811      0.96500215       2.9804323       0.3478336      -1.2228159       -1.2228159       69.579464             69.579464
  5.4109402e-12       32.979268       0.2657398      0.92323282       2.9651606       0.3317283      -1.2228159       -1.2228159       68.404168             68.404168
  1.7562396e-10       29.826966      0.26204858       0.9178319        2.909029      0.13975361      -1.2228159       -1.2228159       62.099564             62.099564
  2.9164212e-10       29.319784      0.26333245      0.91031389       2.8938938      0.11906236      -1.2228159       -1.2228159       61.085199             61.085199
  5.2872509e-10       28.724842      0.26315685       0.9168102       2.9012073       0.1423626      -1.2228159       -1.2228159       59.895317             59.895317
  6.9453105e-10       28.452074      0.26369723      0.91845824       2.8961162      0.13844266      -1.2228159       -1.2228159        59.34978              59.34978
  7.0031201e-10       28.443785      0.26731223      0.91521489       2.8810171      0.13538664      -1.2228159       -1.2228159       59.333202             59.333202
  3.8162707e-09       26.748282       0.2612108      0.91764379       2.9247111      0.16212981      -1.2228159       -1.2228159       55.942196             55.942196
  1.1091905e-08       25.393658      0.26466593      0.89941143       2.8967511      0.12231182      -1.2228159       -1.2228159       53.232948             53.232948
  3.3113706e-08       24.299926      0.26098209      0.91728306       2.9444669      0.19955579      -1.2228159       -1.2228159       51.045485             51.045485
  2.7990534e-07       21.759957      0.26512667      0.90589151       2.9056898      0.16190439      -1.2228159       -1.2228159       45.965546             45.965546
  1.8260058e-11       32.094675      0.26008341      0.92569191       3.0187963      0.38178932      -1.2228159       -1.2228159       66.634982             66.634982
  2.1571559e-11       31.928016      0.25457185      0.94145238       3.0524333      0.39465468      -1.2228159       -1.2228159       66.301663             66.301663
  3.7330486e-11        31.24605      0.26498757      0.95056426       2.9709151      0.38061419      -1.2228159       -1.2228159       64.937731             64.937731
   3.377861e-11       31.212501      0.26350628      0.94572034       2.9866081      0.39291269      -1.2228159       -1.2228159       64.870634             64.870634
  8.3460908e-10       27.243225      0.25559981      0.93201937       3.0408385      0.37600518      -1.2228159       -1.2228159       56.932082             56.932082
  1.2840493e-09       26.743422      0.25504566      0.93841927       3.0515981      0.39955482      -1.2228159       -1.2228159       55.932475             55.932475
  1.7709773e-09       26.288378      0.26628655      0.94353924       2.9669515       0.3740358      -1.2228159       -1.2228159       55.022387             55.022387
  3.3818247e-08       23.338909      0.25397934      0.95289265       3.0431301      0.38250258      -1.2228159       -1.2228159       49.123449             49.123449
  1.5347899e-11       31.879554      0.25956744       0.9483173       2.9847552      0.33593703      -1.2228159       -1.2228159        66.20474              66.20474
  2.3391523e-11       31.401001      0.26416541      0.94988043       2.9516379      0.31917363      -1.2228159       -1.2228159       65.247633             65.247633
  3.2025967e-11       31.029669      0.26100775      0.94001876       2.9684454       0.3055632      -1.2228159       -1.2228159       64.504969             64.504969
  3.8575976e-11       30.843586      0.25643919      0.94952856       3.0083057      0.32639113      -1.2228159       -1.2228159       64.132804             64.132804
  3.9509508e-11        30.75905      0.26728784      0.91969099       2.9463977      0.29808186      -1.2228159       -1.2228159       63.963731             63.963731
  4.5620568e-11       30.615233      0.25496897      0.93805083       3.0232869      0.34389574      -1.2228159       -1.2228159       63.676097             63.676097
  6.2474787e-11       30.300828      0.26354313      0.91404199       2.9727519       0.3019136      -1.2228159       -1.2228159       63.047288             63.047288
  9.5320956e-11       29.878342       0.2667075      0.94356238       2.9631895      0.35600378      -1.2228159       -1.2228159       62.202315             62.202315
  2.1170159e-10       29.006306      0.25661706      0.92866083       2.9996019      0.28136965      -1.2228159       -1.2228159       60.458243             60.458243
  2.4902236e-10       28.843941      0.26546451      0.94421643       2.9479648      0.31991354      -1.2228159       -1.2228159       60.133513             60.133513
  4.2847736e-10       28.147095      0.25456341      0.93147205       3.0217968      0.31420237      -1.2228159       -1.2228159       58.739821             58.739821
  2.0934271e-09       26.486667      0.26285278      0.93818624       2.9864498      0.34583949      -1.2228159       -1.2228159       55.418965             55.418965
  7.4194573e-08        22.84467      0.26102777       0.9249888       2.9949857      0.34072376      -1.2228159       -1.2228159       48.134972             48.134972
  8.9999485e-08       22.577449      0.26544689      0.93836791       2.9679182      0.35731649      -1.2228159       -1.2228159       47.600531             47.600531
  1.2526142e-07       22.172742      0.26373696      0.93569037       2.9652418      0.30549902      -1.2228159       -1.2228159       46.791117             46.791117
  4.4571156e-07       20.903473      0.25547603      0.93841928       3.0196894      0.33970598      -1.2228159       -1.2228159       44.252578             44.252578
  3.7546894e-06       19.163648      0.26354338      0.93180228       2.9261751      0.21629601      -1.2228159       -1.2228159       40.772927             40.772927
  4.5472997e-07       20.606674      0.25970391      0.96339666       2.9977389      0.38525492      -1.2228159       -1.2228159        43.65898              43.65898
   4.563638e-07       20.538549      0.26555915      0.94531811        2.971848      0.37735259      -1.2228159       -1.2228159       43.522729             43.522729
  6.1558004e-07       20.239274      0.25900274      0.95576373        3.002993      0.38003232      -1.2228159       -1.2228159        42.92418              42.92418
  1.4263036e-06       19.660261      0.25910433      0.94981804       2.9963816      0.33675694      -1.2228159       -1.2228159       41.766154             41.766154
  1.8310509e-06       19.080201      0.26093723      0.93529991       3.0128564      0.39715491      -1.2228159       -1.2228159       40.606034             40.606034
  1.7130365e-05       16.650082       0.2598683      0.96392461       3.0007306      0.38443768      -1.2228159       -1.2228159       35.745796             35.745796
  2.3916007e-05       16.144537      0.25851363       0.9585473       3.0068476      0.36923211      -1.2228159       -1.2228159       34.734705             34.734705
  3.2265948e-05       15.739712      0.25500272      0.94447147       3.0437943      0.39724093      -1.2228159       -1.2228159       33.925055             33.925055
  5.1160887e-05       15.178665      0.25671229      0.93766376       3.0361388      0.39055252      -1.2228159       -1.2228159       32.802963             32.802963
  9.9137395e-05       14.468344      0.25934616      0.96243489       3.0100493      0.39477761      -1.2228159       -1.2228159       31.382319             31.382319
  0.00010072778       14.452429       0.2593633      0.93643222       3.0204234      0.39321799      -1.2228159       -1.2228159        31.35049              31.35049
  0.00020053328        13.76387      0.26106023      0.96289841       2.9959078       0.3894732      -1.2228159       -1.2228159       29.973372             29.973372
   0.0002121056       13.602406      0.25452696        0.948646       3.0463226      0.39834567      -1.2228159       -1.2228159       29.650443             29.650443
  0.00021360188       13.544083      0.25958539      0.95186258       3.0028898       0.3812023      -1.2228159       -1.2228159       29.533797             29.533797
  0.00040174766       12.861079      0.26344839      0.95513084       2.9825276      0.37883689      -1.2228159       -1.2228159        28.16779              28.16779
  0.00057238508       12.507091      0.25500982      0.94645948       3.0398717      0.38725283      -1.2228159       -1.2228159       27.459815             27.459815
   0.0005490452       12.494655      0.26364579      0.95693279       2.9823471       0.3883354      -1.2228159       -1.2228159       27.434943             27.434943
  0.00013190169       15.053763      0.26342829       0.9255074       2.9476779      0.24977021      -1.2228159       -1.2228159       32.553158             32.553158
  0.00047371104       13.669862      0.26453413      0.91496131       2.9336217      0.22499321      -1.2228159       -1.2228159       29.785356             29.785356
  0.00047839342       13.660026      0.26506743      0.92000006       2.9425479      0.25801983      -1.2228159       -1.2228159       29.765684             29.765684
  0.00045606533       13.590041      0.26385909      0.92560229       2.9460854      0.25287731      -1.2228159       -1.2228159       29.625713             29.625713
   0.0006703061       13.087159      0.26224367      0.92210479       2.9524147      0.24218749      -1.2228159       -1.2228159        28.61995              28.61995
  0.00084679933        12.85343      0.26166108      0.92114421       2.9565287      0.24346124      -1.2228159       -1.2228159       28.152491             28.152491
  0.00088004654       12.681387      0.26130651      0.93078822        2.952733      0.24437255      -1.2228159       -1.2228159       27.808407             27.808407
  4.1214268e-06       18.599148      0.25832096        0.946974       3.0095441      0.35202647      -1.2228159       -1.2228159       39.643928             39.643928
  1.2618725e-05       17.480166      0.26470042      0.93463298       2.9606325      0.30925564      -1.2228159       -1.2228159       37.405963             37.405963
  2.1784853e-05       16.838822      0.25990277       0.9232573       2.9964604       0.3193583      -1.2228159       -1.2228159       36.123276             36.123276
  4.0361759e-05       16.222154      0.26125453      0.95300849        2.981458      0.35270827      -1.2228159       -1.2228159       34.889941             34.889941
  4.1036962e-05       16.205564       0.2562646      0.94278649       3.0148578      0.34589886      -1.2228159       -1.2228159        34.85676              34.85676
  5.8142553e-05       15.857139      0.25672172      0.94295121       3.0018253      0.31296591      -1.2228159       -1.2228159       34.159911             34.159911
  9.2862863e-05       15.388913      0.26513543      0.94328356       2.9701537      0.35432392      -1.2228159       -1.2228159       33.223459             33.223459
  0.00011368598       15.186597      0.26199938      0.93977883       2.9876561      0.34214948      -1.2228159       -1.2228159       32.818826             32.818826
  0.00062857083        12.30532      0.25526264      0.94486631       3.0362383      0.37938473      -1.2228159       -1.2228159       27.056272             27.056272
  0.00091136974        11.93382      0.26107241      0.93784871       3.0113066      0.39611693      -1.2228159       -1.2228159       26.313272             26.313272
   0.0010138551       11.770095      0.26293633      0.95459435       2.9873059      0.38107047      -1.2228159       -1.2228159       25.985822             25.985822
   0.0012938801       11.414984      0.25692486      0.94098547       3.0310253      0.38958043      -1.2228159       -1.2228159         25.2756               25.2756
   0.0013002316       11.410087      0.26002207      0.95737223       3.0025886      0.37912238      -1.2228159       -1.2228159       25.265806             25.265806
   0.0018605896       10.840427      0.26197504      0.93969417       3.0071041      0.39930031      -1.2228159       -1.2228159       24.126486             24.126486
   0.0019514688       10.743948      0.25546532      0.95535329       3.0350623      0.39874453      -1.2228159       -1.2228159       23.933528             23.933528
   0.0025489639       10.476843      0.25906763      0.94879323        3.008436      0.38168922      -1.2228159       -1.2228159       23.399319             23.399319
   0.0025586501       10.372967      0.25826471      0.94280236       3.0180473      0.36909362      -1.2228159       -1.2228159       23.191566             23.191566
   0.0027910073       10.237254      0.26155769      0.93970599       3.0093516      0.39599451      -1.2228159       -1.2228159        22.92014              22.92014
   0.0049403336       9.6174338      0.26114036      0.95560121       3.0035919      0.39467545      -1.2228159       -1.2228159       21.680499             21.680499
   0.0020026961        11.62464       0.2568489      0.93596319       3.0117617      0.33039868      -1.2228159       -1.2228159       25.694913             25.694913
   0.0032309227       11.146367      0.26401271       0.9361225       2.9660083      0.31739964      -1.2228159       -1.2228159       24.738366             24.738366
   0.0042347907       10.875801      0.26283525      0.94410684       2.9709668      0.33492014      -1.2228159       -1.2228159       24.197233             24.197233
   0.0064637449       10.000941      0.25681291      0.94265811       3.0135299      0.34158307      -1.2228159       -1.2228159       22.447513             22.447513
   0.0073694784       9.7744925      0.26060945      0.93800419       2.9703977      0.29285647      -1.2228159       -1.2228159       21.994617             21.994617
  0.00077424947       11.945049      0.26256312      0.93226261        2.944473      0.24921337      -1.2228159       -1.2228159        26.33573              26.33573
   0.0015060859       11.279674      0.26250458      0.92489472       2.9573407      0.26087443      -1.2228159       -1.2228159       25.004979             25.004979
   0.0015300959       11.263858       0.2606854      0.92368271       2.9739272      0.27502705      -1.2228159       -1.2228159       24.973347             24.973347
   0.0019680771       10.724449      0.26194562      0.92756298       2.9577264       0.2677985      -1.2228159       -1.2228159        23.89453              23.89453
   0.0027049971       10.406405      0.26134525      0.92998444       2.9554762      0.25080142      -1.2228159       -1.2228159       23.258442             23.258442
   0.0012066314       12.477365      0.26410744       0.9181889       2.9380683      0.23579727      -1.2228159       -1.2228159       27.400363             27.400363
   0.0048912823       10.566918      0.26213511      0.92223557       2.9453854      0.23136191      -1.2228159       -1.2228159       23.579467             23.579467
   0.0047245983       10.378446      0.26358804      0.92385744       2.9357639      0.22929276      -1.2228159       -1.2228159       23.202524             23.202524
    0.004980674       10.325664       0.2615914       0.9223718        2.951231      0.23650709      -1.2228159       -1.2228159       23.096959             23.096959
   0.0054001589       9.9571183      0.26325651      0.92091846        2.942013      0.23462366      -1.2228159       -1.2228159       22.359868             22.359868
   0.0069030383       9.7115851      0.26316533      0.92287847       2.9431052      0.24062708      -1.2228159       -1.2228159       21.868802             21.868802
   0.0077710494       9.5931415      0.26200544      0.92564044       2.9492489      0.24324298      -1.2228159       -1.2228159       21.631915             21.631915
   0.0087934943       8.9455443      0.25745816      0.95944968       3.0170203      0.38803353      -1.2228159       -1.2228159        20.33672              20.33672
    0.011041127       8.6269576       0.2570697      0.94238333       3.0316344      0.38896239      -1.2228159       -1.2228159       19.699547             19.699547
    0.013320874       8.4392524      0.26279746      0.94487296       2.9859045      0.37118127      -1.2228159       -1.2228159       19.324137             19.324137
     0.01276859       8.4350764      0.26024747      0.95082421        3.000525       0.3673246      -1.2228159       -1.2228159       19.315785             19.315785
    0.015808712       8.9159681      0.26140759       0.9316001       2.9926119      0.34125902      -1.2228159       -1.2228159       20.277568             20.277568
    0.026002981       8.4183181      0.26191817      0.94984938        2.978204      0.34111106      -1.2228159       -1.2228159       19.282268             19.282268
    0.018735227       7.9606873      0.26361923      0.94489204       2.9817453      0.36934093      -1.2228159       -1.2228159       18.367006             18.367006
    0.034136803       8.1461532      0.26115606      0.92914745       2.9833008      0.31649111      -1.2228159       -1.2228159       18.737938             18.737938
    0.013334162       8.1180294      0.26321394      0.92796739       2.9528858      0.26709853      -1.2228159       -1.2228159       18.681691             18.681691
     0.01407204       8.0641689      0.26062669      0.92969751       2.9660146      0.26747455      -1.2228159       -1.2228159        18.57397              18.57397
    0.017241055       7.8610653      0.26265715      0.92988941       2.9522138      0.26383217      -1.2228159       -1.2228159       18.167762             18.167762
    0.028008109       7.5141471      0.25795474      0.94354955       3.0207179       0.3741316      -1.2228159       -1.2228159       17.473926             17.473926
    0.034920439       7.2935688      0.26031949      0.95968775       3.0004448      0.38909307      -1.2228159       -1.2228159       17.032769             17.032769
    0.042579182       7.0043039      0.25930897      0.94007161       3.0150725      0.37599906      -1.2228159       -1.2228159        16.45424              16.45424
    0.050543016       6.7883928      0.25700839      0.95275189       3.0187134      0.37404165      -1.2228159       -1.2228159       16.022417             16.022417
    0.058393695       6.5161763      0.25802447      0.94220189       3.0274747      0.39565277      -1.2228159       -1.2228159       15.477984             15.477984
    0.077287619       6.1950284      0.26205886      0.94754324       2.9871592      0.35854939      -1.2228159       -1.2228159       14.835689             14.835689
    0.075273516       6.1806119      0.26219451       0.9493906       2.9983387      0.39044666      -1.2228159       -1.2228159       14.806856             14.806856
    0.072402967        6.178671      0.25793625      0.94473402       3.0189392      0.38101941      -1.2228159       -1.2228159       14.802974             14.802974
    0.083534004       5.9178814      0.25794051      0.94919111       3.0080545      0.35837464      -1.2228159       -1.2228159       14.281395             14.281395
     0.15995613       5.2304953      0.26129605      0.95161137       3.0020192      0.39940126      -1.2228159       -1.2228159       12.906622             12.906622
     0.16872511       5.1771241       0.2612209      0.95564867       2.9963462      0.38384683      -1.2228159       -1.2228159        12.79988              12.79988
      0.1726963       5.1538603      0.25980313      0.94365955       3.0149553      0.38815311      -1.2228159       -1.2228159       12.753352             12.753352
     0.16967215       5.1307048      0.25876333      0.94721475       3.0118859      0.38017748      -1.2228159       -1.2228159       12.707041             12.707041
     0.17032109       5.1268875      0.26155602      0.94714717       3.0026574      0.39706986      -1.2228159       -1.2228159       12.699407             12.699407
     0.16472166       5.1177561      0.25972952      0.95146111        2.997896      0.36391122      -1.2228159       -1.2228159       12.681144             12.681144
     0.15871029       5.1123732      0.25969512      0.94210088       3.0070763      0.37365854      -1.2228159       -1.2228159       12.670378             12.670378
    0.053420574       7.2928682      0.26062289      0.94421014       2.9783215      0.31814906      -1.2228159       -1.2228159       17.031368             17.031368
    0.059682277        7.182029      0.26191301      0.93794115       2.9816001      0.33797214      -1.2228159       -1.2228159        16.80969              16.80969
    0.055475946       7.1598044      0.26123322      0.93524771       2.9726894      0.30279173      -1.2228159       -1.2228159       16.765241             16.765241
    0.063838745       6.9240835      0.26164402      0.94069427       2.9689539      0.30320006      -1.2228159       -1.2228159       16.293799             16.293799
    0.064926286        6.811881      0.26066053      0.93991371       2.9853907      0.33265585      -1.2228159       -1.2228159       16.069394             16.069394
    0.070896415       6.6286036      0.25980444      0.93146983       2.9901595      0.31590273      -1.2228159       -1.2228159       15.702839             15.702839
    0.075995705       6.5591466      0.26244291      0.94311537       2.9775772      0.34196977      -1.2228159       -1.2228159       15.563925             15.563925
     0.12446967       6.0657614      0.26223434      0.94026323       2.9763332      0.33184533      -1.2228159       -1.2228159       14.577155             14.577155
     0.14173839       5.9358404      0.25948423      0.93389099       2.9890153       0.3103098      -1.2228159       -1.2228159       14.317313             14.317313
     0.22311856       5.3485888      0.26092957      0.93717916       2.9998765      0.36128909      -1.2228159       -1.2228159       13.142809             13.142809
     0.20001797       5.3243535      0.26082987      0.93194809       2.9812395      0.30758437      -1.2228159       -1.2228159       13.094339             13.094339
     0.16771802       5.0146099      0.25857036      0.94228249       3.0184678       0.3779651      -1.2228159       -1.2228159       12.474852             12.474852
     0.17382646       4.9788366      0.25794502      0.95658297       3.0168728       0.3877813      -1.2228159       -1.2228159       12.403305             12.403305
     0.17523372       4.9707734      0.25931932       0.9534402       3.0021213      0.37014043      -1.2228159       -1.2228159       12.387179             12.387179
     0.17598421       4.9199798      0.26142619      0.93964001       2.9984925      0.36764615      -1.2228159       -1.2228159       12.285591             12.285591
     0.20031328       4.7904915      0.26016489      0.95361919       2.9989306      0.37599834      -1.2228159       -1.2228159       12.026615             12.026615
     0.19355141       4.7760407      0.26221547      0.94921914       2.9885344      0.36901632      -1.2228159       -1.2228159       11.997713             11.997713
       0.185124       4.7717678      0.26232156      0.95006824       2.9928909        0.386453      -1.2228159       -1.2228159       11.989167             11.989167
     0.18675034       4.7142309      0.26149161      0.95271921       2.9969436      0.38986288      -1.2228159       -1.2228159       11.874093             11.874093
     0.25863655       4.3885797      0.25977136      0.94770335        3.008979      0.37798931      -1.2228159       -1.2228159       11.222791             11.222791
     0.27292535       4.2835119       0.2620116      0.94767591       2.9907456      0.37350994      -1.2228159       -1.2228159       11.012656             11.012656
     0.30805988       4.1624161      0.25858896      0.94423633       3.0234671      0.39800278      -1.2228159       -1.2228159       10.770464             10.770464
     0.39413108       3.8106662      0.25905201      0.94236351       3.0156175      0.38280152      -1.2228159       -1.2228159       10.066964             10.066964
     0.38697788       3.7288987      0.26049881      0.95019551       3.0073633      0.38889087      -1.2228159       -1.2228159       9.9034292             9.9034292
     0.42226231       3.5928494      0.25944713      0.95059945       3.0079545      0.37626542      -1.2228159       -1.2228159       9.6313305             9.6313305
     0.46398431       3.3588634      0.25979534      0.94164208        3.006583       0.3711149      -1.2228159       -1.2228159       9.1633586             9.1633586
     0.49727564       3.2451179      0.25923303      0.95535384       3.0088971      0.38846994      -1.2228159       -1.2228159       8.9358676             8.9358676
     0.49498005       3.2052932      0.26122519      0.95216317       2.9960558      0.37878331      -1.2228159       -1.2228159       8.8562181             8.8562181
     0.46280366       3.1854963      0.25856206       0.9471639       3.0114048      0.37364266      -1.2228159       -1.2228159       8.8166245             8.8166245
     0.46127239       3.1462509      0.26177636      0.95268673       2.9989056      0.39516878      -1.2228159       -1.2228159       8.7381336             8.7381336
     0.30129288       4.1525378      0.26041822      0.94624651       2.9885256      0.34040797      -1.2228159       -1.2228159       10.750707             10.750707
     0.31772777       4.0304328      0.25917834      0.94036696       2.9961869      0.33366446      -1.2228159       -1.2228159       10.506497             10.506497
     0.34733064       3.8723577      0.26096817      0.93809894       2.9913223      0.34545103      -1.2228159       -1.2228159       10.190347             10.190347
     0.39117849       3.7534709      0.26142562      0.94056679       2.9909838      0.35497179      -1.2228159       -1.2228159       9.9525736             9.9525736
     0.39757395       3.7372539      0.26008325      0.93692186       2.9910654      0.32810495      -1.2228159       -1.2228159       9.9201396             9.9201396
     0.38750622       3.6828602      0.26149054      0.93981209       2.9839524      0.33353634      -1.2228159       -1.2228159       9.8113523             9.8113523
     0.37703266       3.6302176       0.2605658      0.93677959        2.987364      0.32551144      -1.2228159       -1.2228159        9.706067              9.706067
     0.41995059       3.4423697      0.26148674      0.94070065       2.9859196      0.33956039      -1.2228159       -1.2228159       9.3303711             9.3303711
     0.44822847       3.3772036      0.26064104       0.9459982       2.9904912       0.3467585      -1.2228159       -1.2228159       9.2000391             9.2000391
     0.43092683        3.329557      0.26020614      0.93857552         2.99002      0.32953684      -1.2228159       -1.2228159       9.1047458             9.1047458
     0.39575408        3.327691      0.25956352      0.93972276       2.9977235      0.34245642      -1.2228159       -1.2228159       9.1010137             9.1010137
     0.38411087       3.2705413      0.26178855      0.94264321       2.9911689      0.35999571      -1.2228159       -1.2228159       8.9867145             8.9867145
     0.41151814       3.2016195      0.25985325      0.94095208       3.0016262      0.35409797      -1.2228159       -1.2228159       8.8488707             8.8488707
     0.41811374       3.1857191      0.26036686      0.94170836       3.0018265      0.36278594      -1.2228159       -1.2228159         8.81707               8.81707
     0.41827502       3.0799729      0.25942007      0.94187567       2.9989018      0.34657824      -1.2228159       -1.2228159       8.6055776             8.6055776
     0.46146736       3.0624467      0.25971495      0.94503054       3.0159168      0.39303473      -1.2228159       -1.2228159       8.5705252             8.5705252
     0.42088058       3.0003582      0.26039538      0.95028972       3.0021181      0.38295627      -1.2228159       -1.2228159       8.4463482             8.4463482
     0.41869826       2.9691892      0.26184886      0.94736289       2.9938197      0.37509998      -1.2228159       -1.2228159       8.3840102             8.3840102
     0.44122444        2.845327      0.25870564      0.94891623       3.0077071      0.36730349      -1.2228159       -1.2228159       8.1362859             8.1362859
     0.45270012       2.7506579      0.26156317      0.94634058       2.9971988      0.37974397      -1.2228159       -1.2228159       7.9469477             7.9469477
     0.44086828       2.7432402      0.25841447      0.94748912       3.0107748      0.36722907      -1.2228159       -1.2228159       7.9321121             7.9321121
     0.44129451       2.7083723      0.25849983      0.95596379       3.0165356      0.39422533      -1.2228159       -1.2228159       7.8623763             7.8623763
     0.46244844       2.6276481      0.25870982      0.95442252       3.0171318      0.39464843      -1.2228159       -1.2228159        7.700928              7.700928
     0.54516784       2.3963981      0.26048521      0.94782112       3.0025423      0.37493016      -1.2228159       -1.2228159        7.238428              7.238428
     0.54211982        2.369215      0.25850926      0.95299143        3.014988      0.38942821      -1.2228159       -1.2228159       7.1840617             7.1840617
     0.54452404       2.3320001      0.25897272      0.94949417       3.0076576      0.37012042      -1.2228159       -1.2228159        7.109632              7.109632
     0.52731051       2.3313328      0.25901697      0.95306447       3.0115278      0.38893075      -1.2228159       -1.2228159       7.1082973             7.1082973
     0.51068782       2.3305741      0.26115039      0.94781987        2.994466      0.36869689      -1.2228159       -1.2228159       7.1067799             7.1067799
     0.49476974       2.3294502      0.25879383      0.94460794       3.0163633      0.38290542      -1.2228159       -1.2228159       7.1045323             7.1045323
     0.49815201       2.2898476      0.25946968      0.95700957       3.0113288      0.39818086      -1.2228159       -1.2228159        7.025327              7.025327
     0.43329323       3.0446974      0.25962591      0.94019568       2.9995378      0.34593571      -1.2228159       -1.2228159       8.5350265             8.5350265
     0.43522787       3.0402423      0.26032811      0.93882425       2.9920293      0.33624611      -1.2228159       -1.2228159       8.5261165             8.5261165
     0.45260816       3.0010853      0.26067985      0.94218028       2.9876849       0.3360071      -1.2228159       -1.2228159       8.4478024             8.4478024
     0.49429491       2.9129798      0.26036455      0.94100604       2.9898899      0.33508839      -1.2228159       -1.2228159       8.2715913             8.2715913
     0.56601066       2.7774992      0.25998751      0.94134489       3.0004604      0.35418309      -1.2228159       -1.2228159       8.0006301             8.0006301
     0.70069147       2.5640444      0.25997616      0.94434824       2.9988914      0.35438644      -1.2228159       -1.2228159       7.5737206             7.5737206
     0.98178397       2.2267408      0.26088667       0.9419028       2.9942668      0.35472386      -1.2228159       -1.2228159       6.8991133             6.8991133
              1       2.2083568      0.26105001      0.94393423       2.9921336      0.35483478      -1.2228159       -1.2228159       6.8623454             6.8623454
     0.51789402       2.1556721      0.26009965      0.94411947       3.0055218      0.37207149      -1.2228159       -1.2228159        6.756976              6.756976
     0.53017931       2.1014558      0.26059136      0.94914347       3.0078786      0.39760749      -1.2228159       -1.2228159       6.6485434             6.6485434
      0.5165343       2.0967577       0.2578274      0.95042091       3.0219964      0.39094909      -1.2228159       -1.2228159       6.6391472             6.6391472
     0.50407185       2.0904089      0.25959404      0.94285056       3.0028504      0.35800123      -1.2228159       -1.2228159       6.6264496             6.6264496
     0.49957812       2.0685921      0.26063629      0.94374392       2.9965619      0.36093629      -1.2228159       -1.2228159        6.582816              6.582816
     0.48486162       2.0677209       0.2599756      0.94296407       3.0067324      0.37353967      -1.2228159       -1.2228159       6.5810736             6.5810736
     0.48389807       2.0389385      0.25855533      0.94891469         3.01642      0.38791524      -1.2228159       -1.2228159       6.5235088             6.5235088
     0.46927579       2.0388505      0.25996489      0.94528992       3.0086522      0.38381356      -1.2228159       -1.2228159       6.5233327             6.5233327
     0.49340809       1.9579329      0.26102882      0.94555931       2.9954191      0.36568312      -1.2228159       -1.2228159       6.3614975             6.3614975
     0.48441511       1.9455556      0.25913536      0.95642572       3.0136341      0.39800066      -1.2228159       -1.2228159       6.3367429             6.3367429
     0.49253237       1.8981659      0.25957375      0.94463828       3.0024391      0.35928961      -1.2228159       -1.2228159       6.2419637             6.2419637
     0.49022162       1.8720969      0.25819234      0.95218972       3.0220035       0.3964996      -1.2228159       -1.2228159       6.1898256             6.1898256
     0.48654259       1.8488584      0.25939236       0.9534299        3.009438      0.38893578      -1.2228159       -1.2228159       6.1433485             6.1433485
     0.48718174       1.8167739      0.25931309      0.95142164       3.0075091      0.37880047      -1.2228159       -1.2228159       6.0791796             6.0791796
     0.47962937       1.8016258      0.25785415      0.95171872       3.0242638      0.39749743      -1.2228159       -1.2228159       6.0488835             6.0488835
     0.49718588       1.7349039      0.26032823      0.94735994       3.0073072      0.38433213      -1.2228159       -1.2228159       5.9154395             5.9154395
     0.49365156       1.7112662      0.25995777      0.94657578         3.00022      0.36262473      -1.2228159       -1.2228159       5.8681643             5.8681643
     0.48742312       1.6931919       0.2588371      0.94989071       3.0194983       0.3958663      -1.2228159       -1.2228159       5.8320157             5.8320157
     0.47299167       1.6924751      0.25970897      0.95022006       3.0150369      0.39781407      -1.2228159       -1.2228159        5.830582              5.830582
     0.45979773       1.6899945      0.26064621       0.9459124       3.0006925      0.37437206      -1.2228159       -1.2228159       5.8256208             5.8256208
     0.44602931       1.6896249      0.25973457      0.94982961       3.0067446      0.38274812      -1.2228159       -1.2228159       5.8248815             5.8248815
      0.4339029       1.6864171      0.26035464      0.94505162       3.0013376      0.37047822      -1.2228159       -1.2228159        5.818466              5.818466
     0.42389652       1.6789769       0.2593067      0.94484067       3.0075734       0.3691925      -1.2228159       -1.2228159       5.8035855             5.8035855
     0.41732387        1.663832      0.26034749      0.94782187        2.999056      0.36757497      -1.2228159       -1.2228159       5.7732957             5.7732957
     0.40827655       1.6549781      0.26048265      0.94963567        3.003262       0.3805387      -1.2228159       -1.2228159       5.7555881             5.7555881
     0.40562459       1.6307232      0.25987762       0.9530223       3.0071619      0.38710975      -1.2228159       -1.2228159       5.7070781             5.7070781
     0.40584354       1.5994119      0.25897116      0.94992827       3.0133453      0.38350007      -1.2228159       -1.2228159       5.6444555             5.6444555
     0.39396131       1.5983552       0.2610889      0.95008929       3.0054359      0.39663488      -1.2228159       -1.2228159       5.6423423             5.6423423
     0.38481442       1.5910751      0.26012258      0.94704811       3.0012701      0.36981567      -1.2228159       -1.2228159       5.6277819             5.6277819
     0.37568051       1.5843255      0.25987402      0.94807303       3.0054574      0.37464127      -1.2228159       -1.2228159       5.6142829             5.6142829
     0.37096887       1.5661748      0.25999447      0.94574684       3.0006197      0.36332094      -1.2228159       -1.2228159       5.5779814             5.5779814
     0.36428016       1.5535981      0.26008585      0.95018979       3.0048322      0.38332388      -1.2228159       -1.2228159       5.5528279             5.5528279
     0.35754672       1.5414836      0.25807071      0.95178011        3.022458      0.39634261      -1.2228159       -1.2228159        5.528599              5.528599
       0.350106        1.531742      0.25966741      0.94555613       3.0108141      0.38413808      -1.2228159       -1.2228159       5.5091158             5.5091158
     0.34078005       1.5279691      0.26056719      0.94792892       2.9993111      0.37142431      -1.2228159       -1.2228159       5.5015699             5.5015699
     0.33510057        1.514004      0.25905284      0.94583152       3.0124114      0.37841535      -1.2228159       -1.2228159       5.4736397             5.4736397
     0.32594603       1.5109312       0.2594446      0.94719902       3.0053536      0.36883861      -1.2228159       -1.2228159       5.4674941             5.4674941
     0.31737025       1.5068223      0.25803769      0.95106513       3.0222923      0.39514451      -1.2228159       -1.2228159       5.4592763             5.4592763
     0.31586402       1.4808079      0.25945986      0.94942864       3.0071243      0.37808668      -1.2228159       -1.2228159       5.4072476             5.4072476
     0.32404235       1.4244738      0.25989129      0.95144524       3.0056068      0.38318309      -1.2228159       -1.2228159       5.2945794             5.2945794
     0.31601899        1.418774      0.25914083      0.94704489       3.0098086      0.37439644      -1.2228159       -1.2228159       5.2831799             5.2831799
     0.30720447       1.4162912      0.26038533      0.94594906       3.0027729      0.37539747      -1.2228159       -1.2228159       5.2782141             5.2782141
     0.29815162       1.4154309      0.26063854      0.94644661       3.0036409      0.38006437      -1.2228159       -1.2228159       5.2764936             5.2764936
     0.29790802       1.3854766      0.25993704      0.94535779       3.0028842      0.36739547      -1.2228159       -1.2228159        5.216585              5.216585
     0.28960276       1.3829796      0.25874212      0.94933587       3.0176351      0.39385689      -1.2228159       -1.2228159       5.2115909             5.2115909
     0.28092667       1.3826244      0.25933498      0.94583531       3.0086215      0.37322636      -1.2228159       -1.2228159       5.2108806             5.2108806
     0.27657267       1.3674728      0.25963122      0.94895557       3.0057493      0.37439025      -1.2228159       -1.2228159       5.1805774             5.1805774
     0.28508483        1.306388      0.25873499      0.95186601       3.0161506       0.3936743      -1.2228159       -1.2228159       5.0584077             5.0584077
     0.28068943       1.2911543      0.25896239      0.94951412        3.016011       0.3893525      -1.2228159       -1.2228159       5.0279403             5.0279403
     0.27615238       1.2766786      0.25848452      0.94897296       3.0185336      0.38993675      -1.2228159       -1.2228159        4.998989              4.998989
     0.27000844       1.2684066      0.26017943      0.95240439       3.0058671      0.38918039      -1.2228159       -1.2228159       4.9824449             4.9824449
     0.26780956        1.245812      0.25942405      0.94894682       3.0079431      0.37845322      -1.2228159       -1.2228159       4.9372557             4.9372557
     0.26322948       1.2322903      0.25872429      0.95095461       3.0147752      0.38675307      -1.2228159       -1.2228159       4.9102123             4.9102123
     0.25845849       1.2198097      0.26071129      0.94920286        3.003694      0.38556451      -1.2228159       -1.2228159       4.8852512             4.8852512
     0.26351024       1.1696809      0.25902144      0.94796645       3.0131978      0.38392649      -1.2228159       -1.2228159       4.7849936             4.7849936
     0.26092697       1.1487609      0.25996908      0.95281424        3.008914      0.39532921      -1.2228159       -1.2228159       4.7431537             4.7431537
     0.25355459       1.1466507      0.25919571      0.95433325       3.0134618      0.39549369      -1.2228159       -1.2228159       4.7389331             4.7389331
     0.24639094       1.1445387      0.26027987      0.94770699       3.0108081      0.39479985      -1.2228159       -1.2228159       4.7347092             4.7347092
     0.24245399       1.1298746      0.25972447      0.94792376       3.0121036       0.3922261      -1.2228159       -1.2228159       4.7053809             4.7053809
     0.23566319       1.1275112      0.25909942       0.9505728       3.0180224      0.39756878      -1.2228159       -1.2228159       4.7006543             4.7006543
     0.23224168       1.1113646      0.25982388      0.95207826        3.011351      0.39426611      -1.2228159       -1.2228159       4.6683611             4.6683611
      0.2306068       1.0876574      0.26050412      0.94932175       3.0041778      0.38519481      -1.2228159       -1.2228159       4.6209466             4.6209466
      0.2250119       1.0814466       0.2592396      0.94873681       3.0101324      0.38031412      -1.2228159       -1.2228159       4.6085249             4.6085249
     0.22216099       1.0634259      0.26002309      0.94692395       3.0102464      0.38856779      -1.2228159       -1.2228159       4.5724836             4.5724836
     0.21549075       1.0631386      0.26004774      0.95202498       3.0068654      0.38843296      -1.2228159       -1.2228159        4.571909              4.571909
     0.21780664       1.0524489      0.25944748      0.95098612       3.0132728      0.39185482      -1.2228159       -1.2228159       4.5505295             4.5505295
     0.22106072       1.0376192      0.25996977      0.94709068       3.0054062      0.37682965      -1.2228159       -1.2228159       4.5208701             4.5208701
     0.22257751       1.0307811       0.2583603      0.95015248       3.0224109      0.39912182      -1.2228159       -1.2228159       4.5071941             4.5071941
     0.22352898       1.0265155      0.25974814      0.94820342       3.0062572      0.37688589      -1.2228159       -1.2228159       4.4986627             4.4986627
     0.22397145        1.024538      0.25846882      0.94977925       3.0223794      0.39969464      -1.2228159       -1.2228159       4.4947078             4.4947078
     0.22439538        1.022647      0.26009968       0.9529447         3.00778      0.39330773      -1.2228159       -1.2228159       4.4909258             4.4909258
     0.22579067       1.0164482      0.26055715      0.95098631       3.0079025      0.39824197      -1.2228159       -1.2228159       4.4785282             4.4785282
     0.23443664      0.97887122      0.25940027      0.94803312       3.0132304      0.38749038      -1.2228159       -1.2228159       4.4033742             4.4033742
     0.23649204      0.97014203      0.26013231      0.95267074       3.0076614      0.39276781      -1.2228159       -1.2228159       4.3859158             4.3859158
     0.24926612      0.91753546      0.25995065      0.94959079       3.0138763      0.39911474      -1.2228159       -1.2228159       4.2807027             4.2807027
     0.25377915      0.89959214      0.25992195       0.9512247       3.0074917       0.3871622      -1.2228159       -1.2228159       4.2448161             4.2448161
     0.26576321      0.85345082      0.25990585      0.94780496       3.0074151      0.38134616      -1.2228159       -1.2228159       4.1525334             4.1525334
     0.26605234      0.85236352      0.26036228      0.95214553       3.0077068      0.39511927      -1.2228159       -1.2228159       4.1503588             4.1503588
     0.27909446      0.80450628      0.25993773      0.94797111       3.0083012       0.3840327      -1.2228159       -1.2228159       4.0546443             4.0546443
     0.28071126      0.79872998       0.2600481      0.95193752       3.0106769      0.39954298      -1.2228159       -1.2228159       4.0430917             4.0430917
     0.28156339      0.79569895      0.26025968      0.94928047       3.0086327      0.39268256      -1.2228159       -1.2228159       4.0370297             4.0370297
     0.28661238      0.77792586      0.25945002      0.94958244       3.0119341      0.38983906      -1.2228159       -1.2228159       4.0014835             4.0014835
      0.3030699      0.72209308      0.26002862      0.95131479       3.0089192      0.39317752      -1.2228159       -1.2228159        3.889818              3.889818
      0.3035126      0.72063342      0.26038899      0.95041859       3.0102121      0.39891912      -1.2228159       -1.2228159       3.8868986             3.8868986
     0.33198403      0.63096971      0.26017991      0.94982565       3.0094867      0.39328784      -1.2228159       -1.2228159       3.7075712             3.7075712
     0.33503083        0.621834      0.26001252      0.95172113       3.0102809       0.3951617      -1.2228159       -1.2228159       3.6892998             3.6892998
     0.35328732       0.5687749      0.25868221      0.95227125       3.0193378      0.39992317      -1.2228159       -1.2228159       3.5831816             3.5831816
     0.35791745      0.55575419      0.25948962      0.95109134        3.014819      0.39715035      -1.2228159       -1.2228159       3.5571402             3.5571402
     0.35880494      0.55327765      0.25992053      0.94943735       3.0111924      0.39309179      -1.2228159       -1.2228159       3.5521871             3.5521871
     0.36343817      0.54044737       0.2597433      0.95072293       3.0107559      0.39226873      -1.2228159       -1.2228159       3.5265265             3.5265265
      0.3801794      0.49541332      0.25941281      0.94941719       3.0152716      0.39601302      -1.2228159       -1.2228159       3.4364584             3.4364584
     0.38682505      0.47808404      0.25906309      0.95010739       3.0184533      0.39951584      -1.2228159       -1.2228159       3.4017999             3.4017999
     0.40725235      0.42662353      0.25969516      0.95011999        3.014976      0.39993187      -1.2228159       -1.2228159       3.2988788             3.2988788
     0.41072521      0.41813215      0.25976792      0.94998387       3.0142357      0.39977811      -1.2228159       -1.2228159       3.2818961             3.2818961
     0.47006821      0.28317875      0.25969534      0.95174811       3.0133665      0.39908545      -1.2228159       -1.2228159       3.0119893             3.0119893
     0.47798347       0.2664804      0.25930903      0.95109406       3.0162925      0.39966665      -1.2228159       -1.2228159       2.9785926             2.9785926
