#        weight    minuslogpost         omega_c             n_s            lnas            m_nu   minuslogprior minuslogprior__0            chi2 chi2__likelihood_CAMB
 1.9762626e-323       754.04395      0.22864309      0.94498174       3.4062448      0.36494659     -0.52966871      -0.52966871       1509.1472             1509.1472
 1.7050205e-320       747.17521      0.26105945       1.1537491        3.199246      0.68688567     -0.52966871      -0.52966871       1495.4097             1495.4097
 7.5604754e-312       727.23427      0.27224516       1.0718173       3.0072174      0.18162134     -0.52966871      -0.52966871       1455.5279             1455.5279
  3.198379e-271        633.6578      0.24432836      0.89355558       3.2688946      0.18754084     -0.52966871      -0.52966871       1268.3749             1268.3749
 5.3067494e-270       630.81811      0.24310408       1.0448429        3.140779     0.041472566     -0.52966871      -0.52966871       1262.6956             1262.6956
 3.6717467e-267       624.24789      0.26602042       1.0930399       3.2078657      0.74840184     -0.52966871      -0.52966871       1249.5551             1249.5551
 2.5807188e-262       613.05679      0.24772755        1.098619        3.195918      0.38263872     -0.52966871      -0.52966871       1227.1729             1227.1729
 4.8939573e-260       607.78092      0.26674476       1.0663446       3.1411886      0.40228423     -0.52966871      -0.52966871       1216.6212             1216.6212
 3.8488266e-258       603.38521      0.22537975       1.0208661       3.4188744      0.44860582     -0.52966871      -0.52966871       1207.8298             1207.8298
 2.6694753e-255       596.81257      0.26361863       1.0612784        3.231337       0.5792455     -0.52966871      -0.52966871       1194.6845             1194.6845
 8.0509546e-239       558.83653      0.26603557       1.0320141       3.2355008      0.68796353     -0.52966871      -0.52966871       1118.7324             1118.7324
 1.8394108e-236       553.37435      0.25909668       1.0607056       3.0152336     0.062427071     -0.52966871      -0.52966871        1107.808              1107.808
 2.9451204e-217       509.12375      0.24969459      0.94282851       3.2573433      0.25069317     -0.52966871      -0.52966871       1019.3068             1019.3068
 6.2949935e-217       508.33338      0.27778981       1.0176852       2.9420137     0.063665648     -0.52966871      -0.52966871       1017.7261             1017.7261
 3.1111838e-209       490.58668      0.25689409       1.0148153       3.3341841      0.76235708     -0.52966871      -0.52966871       982.23269             982.23269
 1.7622867e-205       481.91396      0.25598383       1.0660789       3.1917081      0.46447802     -0.52966871      -0.52966871       964.88725             964.88725
 3.8873393e-201       471.88173      0.27378889      0.97676803       3.1147478      0.33320997     -0.52966871      -0.52966871        944.8228              944.8228
 8.0648416e-201       471.12117      0.25863218      0.96942535       3.2668906      0.46504558     -0.52966871      -0.52966871       943.30168             943.30168
 7.0079586e-195       457.41536      0.26488193       1.0651269       3.0456495       0.1847082     -0.52966871      -0.52966871       915.89005             915.89005
 2.4007079e-193        453.8507       0.2557135       1.0718274       3.2873461      0.74874405     -0.52966871      -0.52966871       908.76073             908.76073
 9.2950467e-186       436.34811      0.22948231       1.0037992        3.455173      0.56642291     -0.52966871      -0.52966871       873.75556             873.75556
 1.8418762e-185       435.63345      0.25310413       1.1251407       3.2411955       0.6088232     -0.52966871      -0.52966871       872.32624             872.32624
  6.864471e-182       427.37935      0.22903972       1.0274679       3.4893935      0.64088624     -0.52966871      -0.52966871       855.81804             855.81804
 1.9408567e-181       426.30922      0.23907978       1.0360445       3.1737885     0.065339137     -0.52966871      -0.52966871       853.67778             853.67778
 3.3718079e-181       425.72613      0.25388448       1.0737519       3.2613943      0.63603345     -0.52966871      -0.52966871        852.5116              852.5116
 7.4511974e-174       408.78434      0.25554979       0.9220743       3.1978781       0.2279741     -0.52966871      -0.52966871       818.62801             818.62801
 3.7134975e-171       402.54221      0.26229144       1.0900269       3.2204036       0.6081736     -0.52966871      -0.52966871       806.14376             806.14376
 4.6767069e-170       399.97824      0.26294083        1.000414       3.2265733      0.46689549     -0.52966871      -0.52966871       801.01581             801.01581
 2.2113109e-168        396.0913      0.24996927       1.0844717       3.2582786      0.47824486     -0.52966871      -0.52966871       793.24194             793.24194
 2.0090766e-164        386.9461          0.2262       1.0380823       3.3938167      0.40159704     -0.52966871      -0.52966871       774.95154             774.95154
  3.537315e-149       351.81086       0.2533929       1.0078946       3.3408982      0.66342223     -0.52966871      -0.52966871       704.68106             704.68106
 7.3318918e-145       341.84088      0.24027936       1.0663607       3.4081919      0.78295223     -0.52966871      -0.52966871        684.7411              684.7411
  5.061222e-142       335.27298      0.26267631       1.0414911       3.1392282      0.37449643     -0.52966871      -0.52966871        671.6053              671.6053
 1.3820489e-141       334.23766      0.24251347        1.092196       3.2946895       0.4792163     -0.52966871      -0.52966871       669.53467             669.53467
 3.3963625e-136       321.79483      0.26348516       1.0951255       3.2002596      0.61971999     -0.52966871      -0.52966871         644.649               644.649
 6.0086866e-136       321.19356       0.2359358       1.0155063       3.3684982      0.49025661     -0.52966871      -0.52966871       643.44645             643.44645
 1.6184056e-135       320.17196      0.24775489       1.0353862       3.1915212      0.20528458     -0.52966871      -0.52966871       641.40327             641.40327
 4.5816422e-132       312.19282      0.23890628       1.0562159       3.2541549      0.26889337     -0.52966871      -0.52966871       625.44498             625.44498
 3.0571647e-128       303.35628      0.24477413      0.98354625       3.3291349      0.41597958     -0.52966871      -0.52966871        607.7719              607.7719
 8.1041481e-124       293.14028      0.23222452       1.0250948        3.421944      0.50932713     -0.52966871      -0.52966871        587.3399              587.3399
 1.4114793e-119       283.34432      0.27085721       1.0099937       3.0461686      0.16532428     -0.52966871      -0.52966871       567.74798             567.74798
 3.5786086e-118       280.08063        0.260749       1.0585197       3.2407695      0.64604901     -0.52966871      -0.52966871       561.22059             561.22059
 3.6169983e-118       280.03919      0.26916729       1.0155992       3.0835203      0.23784729     -0.52966871      -0.52966871       561.13771             561.13771
  4.858261e-117       277.41079      0.26783533       1.0034513       3.0918257       0.2594165     -0.52966871      -0.52966871       555.88092             555.88092
 5.9955074e-117       277.16969      0.22855963       1.0629366       3.4360286      0.56756279     -0.52966871      -0.52966871       555.39872             555.39872
 1.3552681e-114       271.71817      0.25243173       1.0330161       3.3565852      0.76188862     -0.52966871      -0.52966871       544.49569             544.49569
  1.320281e-114       271.71356      0.25850431       1.0482865       3.3149942      0.76875313     -0.52966871      -0.52966871       544.48645             544.48645
 1.7800467e-114       271.38399      0.24758569       1.0458063       3.2751736      0.50027302     -0.52966871      -0.52966871       543.82732             543.82732
 3.9225243e-114       270.56312      0.25939409       1.0158765        3.048792     0.011506803     -0.52966871      -0.52966871       542.18559             542.18559
 3.8763027e-114       270.54421      0.26198566       1.0851029       3.2443905      0.68123151     -0.52966871      -0.52966871       542.14775             542.14775
 1.7563306e-112       266.69992      0.26524898       1.0314377       3.0177009     0.065948907     -0.52966871      -0.52966871       534.45918             534.45918
 3.4126319e-112       266.00489      0.25920958         1.05431       3.2812794      0.72647251     -0.52966871      -0.52966871       533.06912             533.06912
 1.0309476e-110       262.56595       0.2574228      0.98374724       3.1840967      0.31906487     -0.52966871      -0.52966871       526.19125             526.19125
 1.0693391e-110       262.49862      0.24077468      0.98936236       3.3335077      0.43603581     -0.52966871      -0.52966871       526.05658             526.05658
 1.9678213e-104       248.04245      0.25098766       1.0641103       3.3468531      0.79901221     -0.52966871      -0.52966871       497.14424             497.14424
 3.7417896e-104       247.36904      0.25313059       1.0816057       3.3448756      0.79583194     -0.52966871      -0.52966871       495.79742             495.79742
 5.6436698e-104        246.9273      0.25203724      0.91713563       3.1613757     0.065800604     -0.52966871      -0.52966871       494.91394             494.91394
  1.0553111e-99        237.0603      0.24943013       1.0630911       3.2200938      0.40173286     -0.52966871      -0.52966871       475.17994             475.17994
  1.2567977e-99        236.8548      0.27021026      0.99927082        3.039991      0.15353395     -0.52966871      -0.52966871       474.76894             474.76894
  1.1072625e-98       234.64812      0.23656922      0.98672623       3.3350991      0.36438852     -0.52966871      -0.52966871       470.35558             470.35558
  2.7814656e-98       233.69626      0.25776719       1.0398554       3.0753039      0.11514576     -0.52966871      -0.52966871       468.45186             468.45186
  1.3594095e-94       225.17108      0.23728339       1.0568451       3.3618094      0.55453384     -0.52966871      -0.52966871       451.40149             451.40149
  5.1649965e-90       214.59511      0.23680596       1.0260042       3.4298588      0.64685204     -0.52966871      -0.52966871       430.24956             430.24956
   1.642032e-89       213.40772      0.24477445       1.0943346       3.3015106      0.55820485     -0.52966871      -0.52966871       427.87478             427.87478
  4.0959309e-89       212.53068      0.23860366       1.0394389       3.3898517      0.55991182     -0.52966871      -0.52966871       426.12069             426.12069
  8.7065355e-88       209.41339      0.25718935       1.0373355       3.2919076      0.63734624     -0.52966871      -0.52966871       419.88611             419.88611
  5.9265462e-84       200.52705      0.24279429       1.0253129       3.3354171       0.5327342     -0.52966871      -0.52966871       402.11345             402.11345
  1.5295828e-76       183.34304       0.2565713       1.0547255         3.24743      0.52257992     -0.52966871      -0.52966871       367.74541             367.74541
  2.9833787e-71       171.16205      0.24175427       1.0619785       3.3727975      0.61379473     -0.52966871      -0.52966871       343.38344             343.38344
  3.6379537e-70       168.60048      0.25270305       1.0539021       3.3442733      0.77130233     -0.52966871      -0.52966871       338.26029             338.26029
  1.7787526e-67       162.29045      0.24344558       1.0585909       3.3998715      0.77774737     -0.52966871      -0.52966871       325.64023             325.64023
  1.3376436e-64       155.55647       0.2549644       1.0561668       3.3183946      0.73831464     -0.52966871      -0.52966871       312.17227             312.17227
  1.3567221e-63       153.23972      0.25451664       1.0802836       3.2528889      0.58514672     -0.52966871      -0.52966871       307.53878             307.53878
  5.2860607e-57       137.95298      0.23621858       1.0458304       3.3724342      0.49826988     -0.52966871      -0.52966871        276.9653              276.9653
  3.8104864e-56       135.97771      0.24722018       1.0740774        3.279998      0.50226273     -0.52966871      -0.52966871       273.01477             273.01477
  1.1775426e-55        134.7923      0.24545824       1.0318608       3.3604831       0.6414026     -0.52966871      -0.52966871       270.64393             270.64393
   2.682637e-55       133.91177      0.25777646        1.056013        3.223169      0.51233621     -0.52966871      -0.52966871       268.88288             268.88288
  2.5013756e-54       131.56792      0.23713327       1.0742084       3.3911493      0.62747442     -0.52966871      -0.52966871       264.19517             264.19517
  4.6229286e-53       128.59708       0.2471963       1.0851692       3.3149502      0.64443526     -0.52966871      -0.52966871       258.25349             258.25349
  3.2440862e-52       126.59462      0.24653943        1.045185        3.374313      0.71045387     -0.52966871      -0.52966871       254.24858             254.24858
  6.6003234e-51       123.58175      0.24686099       1.0417284       3.3589662      0.64984254     -0.52966871      -0.52966871       248.22284             248.22284
  1.6927073e-49       120.28021      0.25699177        1.016942       3.2447786      0.47814076     -0.52966871      -0.52966871       241.61976             241.61976
  4.5628758e-46       112.32367       0.2374726       1.0514381       3.3707767      0.55127407     -0.52966871      -0.52966871       225.70669             225.70669
  7.7458019e-46       111.79448      0.24667081       1.0303116       3.3368928      0.59572031     -0.52966871      -0.52966871       224.64829             224.64829
  1.7750588e-45       110.96521      0.25339221       1.0822138       3.2985147        0.697695     -0.52966871      -0.52966871       222.98975             222.98975
    9.25252e-45       109.31415      0.25242087       1.0692919       3.3316188      0.74583396     -0.52966871      -0.52966871       219.68763             219.68763
  4.4648349e-89       212.18143      0.24289266       1.0276085        3.265763      0.29763146     -0.52966871      -0.52966871       425.42219             425.42219
  7.9800385e-86       204.69296      0.25309749       1.0208086       3.1460578      0.16232996     -0.52966871      -0.52966871       410.44526             410.44526
  7.0813936e-77       184.02854      0.24230524       1.0212602       3.2791651      0.37609167     -0.52966871      -0.52966871       369.11643             369.11643
  4.1154655e-69       166.08996       0.2471932       1.0284442       3.2224871      0.32338142     -0.52966871      -0.52966871       333.23925             333.23925
  3.8441276e-65       156.94782       0.2560352       1.0008227       3.1693985      0.22647995     -0.52966871      -0.52966871       314.95498             314.95498
  8.9207433e-64       153.73887      0.24186538      0.98919138       3.2806013      0.27001606     -0.52966871      -0.52966871       308.53707             308.53707
  3.2924499e-60       145.46073      0.25495659       0.9798225       3.2045552      0.31271683     -0.52966871      -0.52966871       291.98081             291.98081
  8.9595995e-58       139.85447      0.24446786       1.0145505       3.2793329      0.39610861     -0.52966871      -0.52966871       280.76828             280.76828
  2.8269174e-54       131.66414      0.24713595      0.97864268       3.2628264      0.33523012     -0.52966871      -0.52966871       264.38761             264.38761
   1.811104e-52       127.43968      0.24266062       1.0057902       3.1626221      0.07943894     -0.52966871      -0.52966871        255.9387              255.9387
  1.7100304e-48        118.1616      0.24116372       1.0440262       3.3074639      0.41048322     -0.52966871      -0.52966871       237.38254             237.38254
  1.3639422e-44       108.95425      0.24618937      0.95353258       3.2299181      0.19212997     -0.52966871      -0.52966871       218.96784             218.96784
  3.3102951e-44       108.03942      0.24054706        1.065152       3.3448917      0.56238994     -0.52966871      -0.52966871       217.13818             217.13818
  1.1345278e-43       106.73355      0.25116417       1.0316706       3.3159164      0.59766022     -0.52966871      -0.52966871       214.52643             214.52643
  1.3893688e-43       106.45681        0.236862       1.0143086       3.3578757       0.4358246     -0.52966871      -0.52966871       213.97295             213.97295
  1.1919893e-42       104.30745      0.23849168       1.0393182        3.385166       0.5685123     -0.52966871      -0.52966871       209.67423             209.67423
  4.3002429e-37       91.223792       0.2541854       1.0330011       3.2473103       0.4844614     -0.52966871      -0.52966871       183.50692             183.50692
  5.1205097e-37       91.049209      0.25166999       1.0762986       3.3217733      0.71665106     -0.52966871      -0.52966871       183.15776             183.15776
  1.6646906e-36       89.801246      0.24282569       1.0788554       3.3548409       0.6477693     -0.52966871      -0.52966871       180.66183             180.66183
  6.1569109e-36       88.424317      0.23977963       1.0554804        3.355758      0.54071457     -0.52966871      -0.52966871       177.90797             177.90797
  7.3219085e-36       88.251021      0.23957102       1.0223379       3.3618744      0.50447449     -0.52966871      -0.52966871       177.56138             177.56138
  2.1775808e-35       87.161093       0.2508751       1.0546982       3.2589893      0.47179648     -0.52966871      -0.52966871       175.38152             175.38152
  9.5114928e-35       85.606764      0.24445781       1.0664273        3.325231      0.55976981     -0.52966871      -0.52966871       172.27286             172.27286
  1.1409402e-34       85.424827      0.24937503       1.0738454       3.3251099      0.68959767     -0.52966871      -0.52966871       171.90899             171.90899
  5.8149695e-34       83.796244      0.25049456       1.0451701       3.2831958      0.50680072     -0.52966871      -0.52966871       168.65183             168.65183
  4.3432408e-31       76.917939      0.24692309       1.0672478       3.3076509      0.57631962     -0.52966871      -0.52966871       154.89522             154.89522
  4.7059814e-31       76.837726      0.24013718       1.0532482       3.3672377      0.57818843     -0.52966871      -0.52966871       154.73479             154.73479
  1.8743623e-30       75.455706      0.24208189       1.0358403       3.3599551      0.57433516     -0.52966871      -0.52966871       151.97075             151.97075
  7.2913911e-30        74.09728      0.24096163       1.0599109       3.3578607      0.58615861     -0.52966871      -0.52966871        149.2539              149.2539
  1.1000449e-29       73.580678      0.24884801       1.0710621       3.3396778      0.70611433     -0.52966871      -0.52966871       148.22069             148.22069
  1.1577269e-42       104.41292      0.25537718      0.98650482       3.2015397      0.28372025     -0.52966871      -0.52966871       209.88517             209.88517
  1.3322983e-42       104.17716       0.2514367      0.98536993       3.1408055      0.13574302     -0.52966871      -0.52966871       209.41366             209.41366
  1.2742554e-41       101.91912      0.24351468      0.98333134       3.2898761      0.34454846     -0.52966871      -0.52966871       204.89757             204.89757
  3.0619666e-40       98.739837      0.24413319       1.0217646       3.2240552      0.22956283     -0.52966871      -0.52966871       198.53901             198.53901
  1.2048303e-37         92.7648      0.25968948      0.94789508       3.1003358     0.064049049     -0.52966871      -0.52966871       186.58894             186.58894
  1.2033238e-37       92.711984      0.24209277      0.97661414       3.2465861      0.22114544     -0.52966871      -0.52966871       186.48331             186.48331
  1.2164214e-34       85.639253      0.25633367       1.0305602       3.1874138      0.35464618     -0.52966871      -0.52966871       172.33784             172.33784
  1.3668064e-34       85.382927      0.25473201       1.0128774       3.0914612     0.074358995     -0.52966871      -0.52966871       171.82519             171.82519
  1.2223172e-33       83.105059      0.25031375       1.0092489       3.2044311      0.29044269     -0.52966871      -0.52966871       167.26946             167.26946
  6.7588662e-33       81.352393       0.2527542      0.99764124       3.2246108      0.35006337     -0.52966871      -0.52966871       163.76412             163.76412
  2.1900334e-32       80.176746      0.26123231       0.9537598       3.0927085     0.079392092     -0.52966871      -0.52966871       161.41283             161.41283
  2.6147007e-32       79.999513       0.2638857      0.98359785        3.070668      0.10858378     -0.52966871      -0.52966871       161.05836             161.05836
  8.2980399e-32       78.798123       0.2508164       1.0175947        3.130559      0.12385132     -0.52966871      -0.52966871       158.65558             158.65558
  2.6040475e-31       77.607971      0.24107689       1.0367225       3.3097472      0.40986124     -0.52966871      -0.52966871       156.27528             156.27528
  6.0102109e-31       76.680606      0.25343156       1.0303866        3.216739      0.38954317     -0.52966871      -0.52966871       154.42055             154.42055
  1.0998978e-29       73.645845      0.24507137       0.9694367       3.2493246      0.24030822     -0.52966871      -0.52966871       148.35103             148.35103
  1.4528401e-29       73.367542      0.25204795       1.0097406       3.1901793      0.24213526     -0.52966871      -0.52966871       147.79442             147.79442
  5.9562197e-29       71.786233       0.2513299        1.049428       3.2500048      0.46578231     -0.52966871      -0.52966871        144.6318              144.6318
  6.9236012e-29       71.635733       0.2470001       1.0599165       3.3502616      0.68401459     -0.52966871      -0.52966871        144.3308              144.3308
  1.2666278e-26       66.426555      0.24383043       1.0502828       3.3017811      0.46228435     -0.52966871      -0.52966871       133.91245             133.91245
  2.6085079e-25        63.40155      0.25258985       1.0384515       3.2535954      0.47798319     -0.52966871      -0.52966871       127.86244             127.86244
   2.127869e-24       61.148471      0.24961649        1.053491       3.2749955      0.49783929     -0.52966871      -0.52966871       123.35628             123.35628
  2.2103673e-18       47.140773      0.24546133       1.0512112       3.3248447        0.560497     -0.52966871      -0.52966871       95.340883             95.340883
  2.0064415e-16       42.478248      0.24638445       1.0434335       3.3115733      0.53058899     -0.52966871      -0.52966871       86.015833             86.015833
  2.8671681e-16       42.121286      0.24746149       1.0350047       3.2915252      0.48577065     -0.52966871      -0.52966871       85.301909             85.301909
   1.112788e-15       40.765157      0.24379217       1.0321031       3.2839062      0.39153104     -0.52966871      -0.52966871       82.589651             82.589651
  2.7930825e-14       37.542294      0.24431758       1.0257969       3.3112667      0.46087996     -0.52966871      -0.52966871       76.143926             76.143926
  2.5459701e-29       72.763991      0.24187339      0.97697697       3.2688203      0.25209991     -0.52966871      -0.52966871       146.58732             146.58732
  1.7024007e-26       66.098365      0.24152377        1.016201       3.2671144      0.28628505     -0.52966871      -0.52966871       133.25607             133.25607
  3.0804366e-25       63.165008      0.25201713       0.9967225       3.1719512       0.1826917     -0.52966871      -0.52966871       127.38935             127.38935
  3.1158772e-25       63.115828      0.24573224      0.99752113       3.1524579     0.085703622     -0.52966871      -0.52966871       127.29099             127.29099
  4.5108436e-24       60.369162      0.25442557        1.019296       3.1530316      0.22767219     -0.52966871      -0.52966871       121.79766             121.79766
   8.939765e-24       59.648769      0.26134144      0.98796407       3.0685884     0.087984303     -0.52966871      -0.52966871       120.35688             120.35688
  1.5098969e-23       59.088284      0.25214872      0.98643511       3.1320906       0.1206378     -0.52966871      -0.52966871       119.23591             119.23591
  6.5645294e-22       55.279692      0.25329803      0.97064749       3.1388935     0.093485505     -0.52966871      -0.52966871       111.61872             111.61872
  4.5326638e-20       51.008525      0.25561705       1.0101009       3.1692568      0.27024238     -0.52966871      -0.52966871       103.07639             103.07639
  2.7179931e-19       49.180989      0.25122645       1.0082895       3.1616968      0.17213458     -0.52966871      -0.52966871       99.421314             99.421314
  3.7449938e-19       48.824095      0.25190559      0.97366887       3.2027341      0.23720026     -0.52966871      -0.52966871       98.707527             98.707527
  1.4017228e-18       47.504228      0.24269113      0.99357003       3.2261082      0.19991245     -0.52966871      -0.52966871       96.067792             96.067792
  2.2564881e-18        46.99038      0.25406664       1.0154132       3.2002373      0.32896227     -0.52966871      -0.52966871       95.040096             95.040096
   4.204248e-17       44.027768      0.25455498      0.99430593         3.18547       0.2708946     -0.52966871      -0.52966871       89.114874             89.114874
  3.5041742e-16       41.798125      0.24916975      0.98115585       3.1764854      0.13875321     -0.52966871      -0.52966871       84.655586             84.655586
  3.8992045e-16       41.656216      0.24741596      0.97422005       3.1358222     0.023546322     -0.52966871      -0.52966871       84.371768             84.371768
  5.4974907e-16       41.277605       0.2449622       1.0064577        3.253155      0.31297173     -0.52966871      -0.52966871       83.614547             83.614547
   1.015999e-15       40.594446      0.25701243      0.97017527       3.0901881     0.063507675     -0.52966871      -0.52966871        82.24823              82.24823
  2.2638218e-15       39.759363      0.24548307      0.96946198       3.1872552      0.10942094     -0.52966871      -0.52966871       80.578063             80.578063
  2.2304844e-15       39.740297      0.25774596      0.95821351       3.1020821     0.075892122     -0.52966871      -0.52966871       80.539931             80.539931
    3.51626e-15       39.251216      0.24830096      0.97248194       3.2061811      0.20300565     -0.52966871      -0.52966871        79.56177              79.56177
  1.3231909e-14       37.892081       0.2541025       1.0004236       3.0945495      0.06061259     -0.52966871      -0.52966871         76.8435               76.8435
  4.9507587e-14       36.505895      0.25890644      0.97377795        3.110111      0.11956179     -0.52966871      -0.52966871       74.071128             74.071128
  9.0787074e-14       35.866714      0.24930911       1.0053836       3.1829293      0.21275974     -0.52966871      -0.52966871       72.792766             72.792766
  4.6574778e-13       34.728381      0.24519644       1.0248407       3.3032771      0.45106753     -0.52966871      -0.52966871         70.5161               70.5161
  1.0044289e-10       28.661534      0.24877883       1.0275959        3.253392      0.39315357     -0.52966871      -0.52966871       58.382404             58.382404
  1.2928412e-10        28.40911      0.24767573       1.0299936       3.2647416      0.40325508     -0.52966871      -0.52966871       57.877558             57.877558
  7.5425955e-10       26.239921      0.24763244       1.0268897       3.2608753      0.38725594     -0.52966871      -0.52966871        53.53918              53.53918
   1.177696e-09       25.794342      0.24732365       1.0263094        3.256374       0.3729882     -0.52966871      -0.52966871       52.648022             52.648022
  3.0657976e-09       24.144447      0.24743382       1.0239331       3.2640905      0.38728899     -0.52966871      -0.52966871       49.348232             49.348232
  1.3880976e-13        35.40624      0.25601441      0.98341938       3.1577809      0.20617564     -0.52966871      -0.52966871       71.871818             71.871818
   3.498795e-13       34.348224      0.24351197      0.99598907       3.2154566      0.18110892     -0.52966871      -0.52966871       69.755786             69.755786
  1.1987404e-12       33.116787      0.25163065      0.99251589       3.2000876      0.24272678     -0.52966871      -0.52966871       67.292911             67.292911
  3.9409967e-12       31.926624      0.25353159      0.97120793       3.1688328      0.17947746     -0.52966871      -0.52966871       64.912586             64.912586
  3.8118514e-12       31.913423      0.24499279      0.97799136       3.2236859      0.19646214     -0.52966871      -0.52966871       64.886183             64.886183
  1.1182839e-11       30.837158      0.24728868      0.99681416       3.1573519      0.10829792     -0.52966871      -0.52966871       62.733653             62.733653
  1.2217245e-11       30.699899      0.24715658      0.99861874       3.2285259      0.27578446     -0.52966871      -0.52966871       62.459136             62.459136
   2.768148e-10       27.484089       0.2510904       0.9733046       3.1812114      0.17165908     -0.52966871      -0.52966871       56.027515             56.027515
  4.2502526e-10       26.964317       0.2468205      0.98915754       3.1912296      0.15593176     -0.52966871      -0.52966871       54.987972             54.987972
  4.8275322e-10        26.83696      0.25608358      0.99206943       3.1218758      0.14360513     -0.52966871      -0.52966871       54.733258             54.733258
  4.8781227e-10       26.826535      0.24624545       1.0064468       3.2243014      0.24527621     -0.52966871      -0.52966871       54.712408             54.712408
  5.6690159e-10        26.67628      0.24544962      0.99111985       3.2293737      0.24025937     -0.52966871      -0.52966871       54.411898             54.411898
  7.8479576e-10       26.299749      0.25440654       0.9882432       3.1321765      0.14349096     -0.52966871      -0.52966871       53.658835             53.658835
  2.8898694e-13        34.57823      0.25737705      0.97652723       3.1007279     0.073128879     -0.52966871      -0.52966871       70.215797             70.215797
  1.8324661e-10       27.925352      0.24901673      0.98020378       3.1242592     0.028224137     -0.52966871      -0.52966871       56.910042             56.910042
  4.7543171e-10       26.971962      0.25102496      0.95699546        3.134684     0.059355916     -0.52966871      -0.52966871       55.003261             55.003261
  4.7810715e-10       26.678668      0.25772752      0.98592475       3.0744049     0.051560006     -0.52966871      -0.52966871       54.416674             54.416674
  6.6670989e-10       26.104986      0.25164209      0.95603038       3.1355638     0.064495893     -0.52966871      -0.52966871        53.26931              53.26931
  9.6213027e-09       23.742144      0.24816566       1.0213767        3.236921      0.32928249     -0.52966871      -0.52966871       48.543626             48.543626
  2.7388654e-08       22.644702      0.25158545       1.0099001       3.1919949      0.25439741     -0.52966871      -0.52966871       46.348741             46.348741
  7.5539393e-08       21.530093      0.24672156       1.0034769        3.257067      0.33313672     -0.52966871      -0.52966871       44.119523             44.119523
  2.4335366e-07       20.311441      0.24904623       1.0032693        3.231335      0.29807232     -0.52966871      -0.52966871        41.68222              41.68222
   4.138598e-07        19.68512      0.25038903      0.98599895       3.1546734      0.11810537     -0.52966871      -0.52966871       40.429577             40.429577
  4.8142168e-07       19.533903       0.2527904      0.98309375       3.1762218      0.19780622     -0.52966871      -0.52966871       40.127144             40.127144
  2.5142076e-08       22.400935      0.25702256      0.96748725       3.0814936     0.035330806     -0.52966871      -0.52966871       45.861208             45.861208
  3.2169681e-07       19.851868      0.25128038      0.97351444       3.1267752     0.051582707     -0.52966871      -0.52966871       40.763074             40.763074
  4.4316004e-07       19.451504      0.25451496      0.97066455       3.1326739      0.10527908     -0.52966871      -0.52966871       39.962346             39.962346
  6.2086148e-07       19.034284      0.24995641      0.97130691        3.115961     0.018689582     -0.52966871      -0.52966871       39.127906             39.127906
  1.4795375e-06       18.362372      0.24753496       1.0061293       3.2037788      0.22857262     -0.52966871      -0.52966871       37.784081             37.784081
  2.4703291e-06        17.75444      0.24968365       1.0133095       3.2290603      0.32267848     -0.52966871      -0.52966871       36.568217             36.568217
  4.5366245e-06       17.055636       0.2493108        1.010009       3.2321028      0.32239934     -0.52966871      -0.52966871        35.17061              35.17061
  5.8549318e-06       16.800535      0.25509764      0.98430976       3.1333656      0.13299981     -0.52966871      -0.52966871       34.660408             34.660408
  1.2291098e-05       16.012424      0.24777537        1.009847       3.2238445      0.28179959     -0.52966871      -0.52966871       33.084186             33.084186
  1.4183161e-05       15.822724      0.25220008       0.9958935       3.1348909      0.12524288     -0.52966871      -0.52966871       32.704785             32.704785
  1.4421176e-05       15.759562       0.2471114       0.9842499       3.1845054      0.15340536     -0.52966871      -0.52966871       32.578461             32.578461
  1.5616965e-05       15.633382      0.24619857      0.99419892       3.2111164      0.21083138     -0.52966871      -0.52966871       32.326101             32.326101
  1.7343468e-05       15.528523      0.24671415      0.98631402       3.2160811      0.21257058     -0.52966871      -0.52966871       32.116384             32.116384
  1.8475473e-05       15.416505      0.25292688      0.99217424       3.1791148      0.22103764     -0.52966871      -0.52966871       31.892348             31.892348
  2.4499798e-05       15.085494      0.24719185        1.009436       3.2276812      0.27714483     -0.52966871      -0.52966871       31.230326             31.230326
  2.6770311e-05       14.948075      0.24635911      0.99993884       3.2296375      0.25453237     -0.52966871      -0.52966871       30.955488             30.955488
    2.94569e-05       14.803651       0.2516962      0.99939223       3.1959427      0.25184905     -0.52966871      -0.52966871       30.666639             30.666639
  5.8000695e-05       14.077334      0.24817795       1.0027036          3.1911      0.20038828     -0.52966871      -0.52966871       29.214005             29.214005
  6.8116042e-05       13.916576      0.25250433      0.99575725       3.1382561      0.12887789     -0.52966871      -0.52966871       28.892489             28.892489
  0.00010796617       13.404677      0.24928601      0.99668024       3.1623264      0.14634518     -0.52966871      -0.52966871       27.868692             27.868692
  0.00010495648       13.381656      0.24813381      0.99663148       3.1775475      0.16483939     -0.52966871      -0.52966871        27.82265              27.82265
  0.00014353183       13.017352      0.24852831      0.99346966       3.1817638      0.17857077     -0.52966871      -0.52966871       27.094041             27.094041
  0.00016874255       12.855535      0.25080848       1.0041712       3.1882981      0.23314905     -0.52966871      -0.52966871       26.770406             26.770406
  0.00016726501       12.810262      0.25416435      0.99246378       3.1293755      0.13242556     -0.52966871      -0.52966871       26.679862             26.679862
  0.00018141586       12.674982      0.25038334       1.0008238       3.1685279       0.1785897     -0.52966871      -0.52966871       26.409302             26.409302
  0.00029296236       12.141663      0.25079678       1.0036278       3.1872764       0.2285387     -0.52966871      -0.52966871       25.342663             25.342663
  0.00051331108       11.580825      0.25016532       0.9989434        3.170784      0.17442546     -0.52966871      -0.52966871       24.220987             24.220987
  6.4600348e-07       18.914545      0.25757061       0.9871373       3.0825908     0.064882979     -0.52966871      -0.52966871       38.888427             38.888427
  1.0424524e-06       18.281868      0.25225719      0.96526285       3.1461886       0.1022582     -0.52966871      -0.52966871       37.623073             37.623073
  1.0674172e-06       18.258202      0.25375466       0.9648633       3.1325802     0.089954643     -0.52966871      -0.52966871       37.575741             37.575741
  3.0937583e-06       17.194057       0.2487293      0.97354102       3.1466272     0.068120966     -0.52966871      -0.52966871       35.447452             35.447452
  3.8952347e-06       16.876678      0.25791764      0.97045984       3.0926289     0.070249554     -0.52966871      -0.52966871       34.812694             34.812694
  7.3916357e-06       16.069029      0.25708869      0.97856016       3.0671565     0.012457193     -0.52966871      -0.52966871       33.197396             33.197396
  5.3202095e-05       13.872137      0.25157752      0.97645779       3.1350252     0.096859258     -0.52966871      -0.52966871       28.803611             28.803611
  5.6108515e-05       13.749954      0.25246678      0.96152891       3.1241304     0.052017173     -0.52966871      -0.52966871       28.559246             28.559246
  6.8680354e-05       13.547779      0.24949726      0.98077855       3.1312173     0.062005759     -0.52966871      -0.52966871       28.154895             28.154895
  0.00013796646       12.642592      0.25149093      0.97051843        3.107859     0.021181022     -0.52966871      -0.52966871       26.344521             26.344521
    0.001292866       10.117304      0.25574108      0.98310752       3.1121215     0.095447961     -0.52966871      -0.52966871       21.293945             21.293945
    0.010287704       7.8521606      0.25364079      0.98420751       3.1170194     0.079288171     -0.52966871      -0.52966871       16.763659             16.763659
    0.012346706       7.6252688      0.25424831      0.97041858       3.0917004   0.00051104661     -0.52966871      -0.52966871       16.309875             16.309875
    0.012267033        7.587291      0.25597721      0.96259508       3.0889631     0.012814308     -0.52966871      -0.52966871       16.233919             16.233919
    0.012232598       7.5456503      0.25553194      0.98431318       3.1018248     0.076997438     -0.52966871      -0.52966871       16.150638             16.150638
    0.014247927       7.3931432      0.25032806      0.97344905       3.1349622     0.065076018     -0.52966871      -0.52966871       15.845624             15.845624
    0.023619778       6.8876702      0.25206326      0.96972426       3.1364269     0.085522455     -0.52966871      -0.52966871       14.834678             14.834678
    0.029300637       6.6233552      0.25220394       0.9818804       3.1313772      0.10084914     -0.52966871      -0.52966871       14.306048             14.306048
    0.028952946       6.5865023       0.2547712      0.96748287       3.0947656     0.016754162     -0.52966871      -0.52966871       14.232342             14.232342
    0.031084384       6.4201586       0.2503954      0.97888586        3.135772     0.081430475     -0.52966871      -0.52966871       13.899655             13.899655
    0.034560308       6.2231865       0.2571823      0.97129644        3.077852     0.013742003     -0.52966871      -0.52966871        13.50571              13.50571
  0.00084623414       10.836475      0.25111532      0.97544168        3.166873      0.14707397     -0.52966871      -0.52966871       22.732287             22.732287
   0.0071843055       8.6976168      0.25142447      0.97377699       3.1499119      0.11038153     -0.52966871      -0.52966871       18.454571             18.454571
    0.018627088       7.5217553      0.24874109      0.99021956       3.1704889       0.1454783     -0.52966871      -0.52966871       16.102848             16.102848
    0.035864158       6.5789517       0.2507321      0.98616124       3.1582351      0.14529823     -0.52966871      -0.52966871       14.217241             14.217241
    0.043986009       6.3748185      0.25081494      0.98880012       3.1546517       0.1411998     -0.52966871      -0.52966871       13.808974             13.808974
  0.00062736426       11.516516      0.24796705       1.0036804       3.2076961      0.23649101     -0.52966871      -0.52966871        24.09237              24.09237
   0.0013238773       10.769723      0.24850674      0.99988712       3.2213027      0.26941432     -0.52966871      -0.52966871       22.598784             22.598784
   0.0035632686       9.6254592      0.25108495      0.99587288       3.1690358      0.17744111     -0.52966871      -0.52966871       20.310256             20.310256
   0.0034213906       9.5119398      0.25219323      0.98923337       3.1695669      0.18437466     -0.52966871      -0.52966871       20.083217             20.083217
   0.0035513613       9.4746558      0.24754657      0.98779841       3.2019343      0.19617795     -0.52966871      -0.52966871       20.008649             20.008649
    0.016868799       7.9165211      0.25041052      0.99522306        3.162695      0.15884763     -0.52966871      -0.52966871        16.89238              16.89238
    0.017752569       7.8654566       0.2496703        0.994893       3.1800511      0.18909245     -0.52966871      -0.52966871       16.790251             16.790251
    0.058685764       6.6697897      0.25103657       0.9883455       3.1674981      0.17147658     -0.52966871      -0.52966871       14.398917             14.398917
    0.093955876       6.1991616      0.25079481      0.99386907         3.16584       0.1693316     -0.52966871      -0.52966871       13.457661             13.457661
    0.042320274       5.9336147      0.25600709      0.96514745       3.0798168    0.0031501893     -0.52966871      -0.52966871       12.926567             12.926567
    0.058693885       6.0863545      0.24900344      0.98719926       3.1660115      0.13775377     -0.52966871      -0.52966871       13.232046             13.232046
    0.054644569       6.0524797      0.25403438      0.97876677       3.1340257      0.12166338     -0.52966871      -0.52966871       13.164297             13.164297
    0.055500048       5.7492636      0.25020714      0.97873236       3.1679533      0.14619935     -0.52966871      -0.52966871       12.557865             12.557865
    0.073637079       5.4664988      0.25157414      0.99072845       3.1645445      0.16907765     -0.52966871      -0.52966871       11.992335             11.992335
     0.12589247       4.7478978      0.25004181       0.9919685        3.177596      0.18079678     -0.52966871      -0.52966871       10.555133             10.555133
     0.11707754       4.7334781      0.25147955      0.98389477         3.16346       0.1602598     -0.52966871      -0.52966871       10.526294             10.526294
      0.1196891        4.711417      0.25062986      0.98442753       3.1640392      0.14608036     -0.52966871      -0.52966871       10.482171             10.482171
     0.12151354       4.6962889      0.25136687      0.98883005       3.1615966      0.16172132     -0.52966871      -0.52966871       10.451915             10.451915
     0.15135514       4.4766856      0.25253899      0.97770492       3.1458209      0.12336102     -0.52966871      -0.52966871       10.012709             10.012709
     0.23957885       3.8996489      0.25081288      0.98153059       3.1643427      0.14770861     -0.52966871      -0.52966871       8.8586353             8.8586353
     0.19927822        3.860686      0.25161059      0.98348577       3.1560966       0.1459076     -0.52966871      -0.52966871       8.7807095             8.7807095
     0.21190508       3.7992495      0.25047156      0.98391854       3.1636361      0.14816176     -0.52966871      -0.52966871       8.6578365             8.6578365
     0.21759017       3.6549916      0.25102572      0.98227556       3.1368767     0.095136573     -0.52966871      -0.52966871       8.3693206             8.3693206
     0.22665846       3.6141606      0.25002027      0.98474784       3.1682425      0.15230799     -0.52966871      -0.52966871       8.2876587             8.2876587
     0.31097493       3.2978926      0.25064215      0.98374149       3.1513521      0.11889957     -0.52966871      -0.52966871       7.6551227             7.6551227
     0.34264146       3.2009203      0.25056295      0.98035619       3.1515669      0.11838041     -0.52966871      -0.52966871       7.4611781             7.4611781
    0.040222794       5.8334069      0.25511167      0.97235569       3.0926888     0.023930224     -0.52966871      -0.52966871       12.726151             12.726151
      0.1455257         4.11217      0.25476216      0.97995873       3.0910625     0.030318117     -0.52966871      -0.52966871       9.2836774             9.2836774
     0.14141142       4.0802245       0.2574552      0.97411845       3.0784962     0.032345648     -0.52966871      -0.52966871       9.2197865             9.2197865
     0.14713921       3.9798943      0.25272502      0.97583224       3.1005108     0.022052087     -0.52966871      -0.52966871        9.019126              9.019126
     0.14595834       3.9273275      0.25230084      0.97473307       3.1056182     0.027774114     -0.52966871      -0.52966871       8.9139925             8.9139925
     0.14607186       3.8659255      0.25309677      0.97221184        3.099111     0.014627827     -0.52966871      -0.52966871       8.7911884             8.7911884
     0.17179619       3.5859323      0.25510301      0.96615696       3.0942328      0.02143955     -0.52966871      -0.52966871       8.2312021             8.2312021
    0.046518689       5.8142803      0.25108674       0.9774151       3.1316035     0.080090509     -0.52966871      -0.52966871       12.687898             12.687898
    0.051740034       5.6278599      0.25444852      0.98545943       3.1096813      0.08105649     -0.52966871      -0.52966871       12.315057             12.315057
    0.058979973       5.3427431      0.25185165       0.9801233       3.1142123     0.047554577     -0.52966871      -0.52966871       11.744824             11.744824
    0.081560511       5.0185959      0.25202851      0.98766756       3.1304535     0.098257637     -0.52966871      -0.52966871       11.096529             11.096529
    0.083829612       4.9911548      0.25548411      0.97362211       3.1083466     0.076721017     -0.52966871      -0.52966871       11.041647             11.041647
    0.083957027        4.989636       0.2549378      0.97072846       3.1053933     0.052249881     -0.52966871      -0.52966871       11.038609             11.038609
    0.086629631       4.9582991      0.25226524      0.97240863        3.118981     0.050972097     -0.52966871      -0.52966871       10.975936             10.975936
     0.11256566       4.6964044      0.25414525      0.98398656       3.1091722     0.071146023     -0.52966871      -0.52966871       10.452146             10.452146
     0.14464601       4.3278686      0.25490584      0.97941397        3.113734     0.084596802     -0.52966871      -0.52966871       9.7150746             9.7150746
     0.15719697       4.1268754      0.25221947      0.97669921       3.1099355     0.042765884     -0.52966871      -0.52966871       9.3130882             9.3130882
     0.28192778       3.2242703      0.25489699      0.96670043       3.1028615      0.04545163     -0.52966871      -0.52966871       7.5078781             7.5078781
     0.24985939       3.1627014       0.2543236      0.96797944       3.1098377     0.054505469     -0.52966871      -0.52966871       7.3847402             7.3847402
     0.26779157       3.0933908      0.25313709      0.96996119       3.1136332     0.054758268     -0.52966871      -0.52966871       7.2461189             7.2461189
     0.38311792       3.0892621      0.25231103      0.98555046       3.1471635      0.13639914     -0.52966871      -0.52966871       7.2378616             7.2378616
     0.48811916       2.6239018      0.25129517      0.98586202       3.1533097         0.13751     -0.52966871      -0.52966871       6.3071411             6.3071411
     0.50920204       2.5816165      0.25180675      0.98467764        3.152093      0.13908595     -0.52966871      -0.52966871       6.2225705             6.2225705
     0.94141982       1.9670722      0.25135162      0.98396363       3.1444721      0.11534095     -0.52966871      -0.52966871       4.9934818             4.9934818
              1       1.9067061      0.25135591      0.97786831       3.1412577      0.10181511     -0.52966871      -0.52966871       4.8727496             4.8727496
      0.2351009       3.0609173      0.25409633      0.96865704       3.0917184     0.011291202     -0.52966871      -0.52966871       7.1811719             7.1811719
     0.24982224       2.9513923       0.2568605      0.96936017       3.0754911     0.011182202     -0.52966871      -0.52966871       6.9621219             6.9621219
     0.25197644       2.9428063      0.25457031      0.96479081       3.0922145     0.012312463     -0.52966871      -0.52966871         6.94495               6.94495
      0.2413616       2.9345524       0.2562717      0.96738441       3.0860262     0.019167062     -0.52966871      -0.52966871       6.9284422             6.9284422
     0.24511445       2.9191233      0.25634504      0.97333342       3.0833078     0.021741016     -0.52966871      -0.52966871       6.8975841             6.8975841
     0.26225558       2.7974618      0.25429749      0.96549736       3.0926725    0.0099210458     -0.52966871      -0.52966871       6.6542611             6.6542611
     0.23782968        2.789866      0.25714747      0.97014178       3.0777324     0.014025183     -0.52966871      -0.52966871       6.6390695             6.6390695
     0.24737969       2.6992032      0.25276034      0.97307942       3.1031893     0.024543308     -0.52966871      -0.52966871       6.4577438             6.4577438
     0.25804631       2.6056952      0.25532729      0.97798791       3.0877926     0.033415443     -0.52966871      -0.52966871       6.2707278             6.2707278
     0.24590783       2.6025842      0.25571784      0.97395248       3.0802728    0.0014463892     -0.52966871      -0.52966871       6.2645058             6.2645058
      0.2507829       2.5829534      0.25428276      0.97252716       3.0905277    0.0083145033     -0.52966871      -0.52966871       6.2252441             6.2252441
     0.26877835       2.4082934      0.25488243      0.96953392       3.0921759     0.027121865     -0.52966871      -0.52966871       5.8759242             5.8759242
     0.31538547       2.1970915      0.25659024      0.97649699       3.0731438    0.0050724221     -0.52966871      -0.52966871       5.4535205             5.4535205
     0.33869302       2.0744997      0.25614248      0.96815129       3.0860637     0.018944314     -0.52966871      -0.52966871       5.2083368             5.2083368
     0.32786289        2.795694      0.25377102      0.97789921       3.1083435     0.062427595     -0.52966871      -0.52966871       6.6507255             6.6507255
     0.44802932       2.3011093      0.25198279      0.97438165       3.1173763     0.052074631     -0.52966871      -0.52966871        5.661556              5.661556
     0.42551491       2.1856139      0.25361867      0.97670173       3.1206499     0.085294354     -0.52966871      -0.52966871       5.4305652             5.4305652
     0.53748227       1.9520181      0.25185927      0.97390856       3.1227233     0.060738623     -0.52966871      -0.52966871       4.9633737             4.9633737
      0.5102831       1.9169368        0.254138      0.97484033       3.1177694     0.081176797     -0.52966871      -0.52966871       4.8932111             4.8932111
     0.33947817        1.881129      0.25578062      0.97208582       3.0906441     0.038354803     -0.52966871      -0.52966871       4.8215954             4.8215954
     0.34989304       1.7638997      0.25530027       0.9693736       3.0838308     0.009247489     -0.52966871      -0.52966871       4.5871369             4.5871369
     0.58363641       1.7826243       0.2543579      0.97500594       3.1018011     0.050623167     -0.52966871      -0.52966871        4.624586              4.624586
     0.56861585       1.7133872       0.2529269      0.97731455       3.1193189     0.074564504     -0.52966871      -0.52966871       4.4861119             4.4861119
     0.57405125       1.7038737      0.25306053      0.97297793       3.1184573     0.063001766     -0.52966871      -0.52966871       4.4670847             4.4670847
     0.36485696       1.6386402      0.25373279      0.97021742       3.1059886      0.04450338     -0.52966871      -0.52966871       4.3366179             4.3366179
     0.35611284        1.622076      0.25656822      0.97126726       3.0785186      0.01719878     -0.52966871      -0.52966871       4.3034894             4.3034894
     0.40476703        1.494012      0.25460139      0.96819637       3.0882914    0.0063945291     -0.52966871      -0.52966871       4.0473614             4.0473614
     0.43239518       1.3854241      0.25405437      0.96774645       3.0992629     0.027262772     -0.52966871      -0.52966871       3.8301856             3.8301856
     0.41845791       1.3756281      0.25650615      0.96918274       3.0847237     0.025357347     -0.52966871      -0.52966871       3.8105936             3.8105936
     0.41580924       1.2985962      0.25733517      0.96830566       3.0753365     0.010364984     -0.52966871      -0.52966871       3.6565299             3.6565299
     0.39934868       1.2981659      0.25465218      0.96838474        3.095405     0.028377907     -0.52966871      -0.52966871       3.6556692             3.6556692
     0.38379668       1.2970659      0.25506689      0.97025203        3.084204    0.0066349502     -0.52966871      -0.52966871       3.6534692             3.6534692
     0.36346288       1.2714589      0.25557167      0.96534518         3.08604     0.010068468     -0.52966871      -0.52966871       3.6022553             3.6022553
     0.40592117       1.0476484      0.25594769      0.97522232       3.0779452    0.0092119251     -0.52966871      -0.52966871       3.1546343             3.1546343
      0.4109162       1.0354181      0.25432511      0.96813537       3.0975332     0.027592554     -0.52966871      -0.52966871       3.1301737             3.1301737
     0.40823428       1.0042259      0.25463566      0.96955305       3.0939503     0.026445153     -0.52966871      -0.52966871       3.0677892             3.0677892
     0.40018907      0.98638965       0.2570881      0.97346771       3.0723904     0.005054214     -0.52966871      -0.52966871       3.0321167             3.0321167
     0.39580447      0.95966612      0.25353135      0.97420437        3.099567     0.030222708     -0.52966871      -0.52966871       2.9786697             2.9786697
     0.38477997      0.95017445      0.25563759      0.97286113       3.0821215     0.015023022     -0.52966871      -0.52966871       2.9596863             2.9596863
     0.36362669      0.93261036      0.25380796      0.97183775       3.0957543     0.020711103     -0.52966871      -0.52966871       2.9245581             2.9245581
      0.3591874      0.90852623      0.25512298      0.97438455       3.0829814    0.0092157924     -0.52966871      -0.52966871       2.8763899             2.8763899
     0.35412999      0.85124747      0.25505212      0.97506419       3.0843515      0.01139538     -0.52966871      -0.52966871       2.7618324             2.7618324
      0.3429173       0.8483309      0.25414942      0.97121914       3.0949949     0.024153652     -0.52966871      -0.52966871       2.7559992             2.7559992
     0.34425429      0.84443962        0.255284      0.96589684       3.0863781    0.0058791587     -0.52966871      -0.52966871       2.7482167             2.7482167
     0.35237617      0.82112094      0.25510114      0.96621748       3.0879804    0.0082724914     -0.52966871      -0.52966871       2.7015793             2.7015793
     0.34629737      0.80078202      0.25561207      0.97299228       3.0859955     0.025259622     -0.52966871      -0.52966871       2.6609015             2.6609015
     0.34679208      0.79935448      0.25767615      0.96929925       3.0701992    0.0017690825     -0.52966871      -0.52966871       2.6580464             2.6580464
     0.34816568      0.75618072      0.25641528       0.9736256       3.0763812    0.0050219091     -0.52966871      -0.52966871       2.5716989             2.5716989
     0.34019667      0.74011456       0.2549608      0.96693619        3.087214     0.002584534     -0.52966871      -0.52966871       2.5395665             2.5395665
     0.61272489       1.6166974      0.25301649      0.98196339       3.1217847     0.085124176     -0.52966871      -0.52966871       4.2927322             4.2927322
     0.53811977       1.4588502      0.25163277      0.97784496       3.1296772      0.07900578     -0.52966871      -0.52966871       3.9770378             3.9770378
     0.66571299       1.2460727      0.25278094      0.97951439       3.1258267     0.088882513     -0.52966871      -0.52966871       3.5514829             3.5514829
     0.50816079       1.3730326      0.25211119      0.97562679       3.1198936     0.060528661     -0.52966871      -0.52966871       3.8054026             3.8054026
     0.55612049       1.2828455      0.25218188      0.97730835       3.1201276      0.06451493     -0.52966871      -0.52966871       3.6250285             3.6250285
     0.57145591       1.2556432       0.2522113      0.97657596       3.1201275     0.064261904     -0.52966871      -0.52966871       3.5706238             3.5706238
     0.65664435       0.9343664       0.2534442      0.97187413       3.1146551     0.059483943     -0.52966871      -0.52966871       2.9280702             2.9280702
     0.67401581      0.90825539      0.25366714       0.9759964       3.1123821     0.061285741     -0.52966871      -0.52966871       2.8758482             2.8758482
     0.80825729      0.72662851      0.25371534        0.978216       3.1081736     0.056524346     -0.52966871      -0.52966871       2.5125944             2.5125944
      0.3450994      0.64884491       0.2544938      0.96888397       3.0922033     0.017187778     -0.52966871      -0.52966871       2.3570272             2.3570272
     0.34972903      0.56141079      0.25461903      0.97098214        3.089034     0.014092306     -0.52966871      -0.52966871        2.182159              2.182159
     0.34329564      0.50851848      0.25386699       0.9701354       3.1031787     0.036178325     -0.52966871      -0.52966871       2.0763744             2.0763744
     0.34300187      0.47428327      0.25578887      0.96987099       3.0843393     0.011787425     -0.52966871      -0.52966871        2.007904              2.007904
     0.34590847      0.46584496      0.25677522      0.96892604       3.0761344    0.0071597294     -0.52966871      -0.52966871       1.9910273             1.9910273
     0.33364475      0.46557471      0.25520063       0.9715431       3.0855364    0.0084910174     -0.52966871      -0.52966871       1.9904868             1.9904868
     0.33587173      0.45892217      0.25567074      0.97306574       3.0791087     0.001955277     -0.52966871      -0.52966871       1.9771818             1.9771818
      0.3413672      0.44269277       0.2559695      0.97370223       3.0776028    0.0047204228     -0.52966871      -0.52966871        1.944723              1.944723
     0.33571414      0.42017078      0.25422451      0.97113619       3.0991953     0.035323867     -0.52966871      -0.52966871        1.899679              1.899679
       0.314781       0.4075926      0.25474367      0.97230719       3.0898257     0.015730231     -0.52966871      -0.52966871       1.8745226             1.8745226
     0.30450444      0.40304377      0.25431307      0.96927847       3.0956522     0.021806511     -0.52966871      -0.52966871        1.865425              1.865425
      0.2818531      0.33724259      0.25580417      0.97011872       3.0794267     0.001163822     -0.52966871      -0.52966871       1.7338226             1.7338226
     0.26829381      0.31985454      0.25697951      0.97092061       3.0743252    0.0075593554     -0.52966871      -0.52966871       1.6990465             1.6990465
     0.26037274      0.31703317      0.25531953      0.96756836       3.0874159     0.010872555     -0.52966871      -0.52966871       1.6934038             1.6934038
     0.25262788         0.31444      0.25473101      0.97432547       3.0999261     0.047992143     -0.52966871      -0.52966871       1.6882174             1.6882174
     0.52659348      0.56421175      0.25335827      0.97860578       3.1190657     0.078192247     -0.52966871      -0.52966871       2.1877609             2.1877609
     0.35031947      0.41217931      0.25303685      0.97526055       3.1198577     0.071898084     -0.52966871      -0.52966871        1.883696              1.883696
     0.35547072      0.39758194       0.2527881      0.97692942       3.1209103      0.07231134     -0.52966871      -0.52966871       1.8545013             1.8545013
     0.36026079      0.38419666      0.25344186       0.9770917       3.1175574     0.073355157     -0.52966871      -0.52966871       1.8277307             1.8277307
     0.37395719       0.3468835      0.25296076      0.97680057       3.1212114     0.075641229     -0.52966871      -0.52966871       1.7531044             1.7531044
     0.37977363      0.33144946      0.25334981      0.97770359       3.1152613     0.068847778     -0.52966871      -0.52966871       1.7222363             1.7222363
     0.39497409      0.29220467      0.25304785      0.97685607       3.1181863     0.069406391     -0.52966871      -0.52966871       1.6437468             1.6437468
     0.92762743      0.58887877      0.25382252      0.97584927       3.1086681      0.05494996     -0.52966871      -0.52966871        2.237095              2.237095
     0.65915873      0.52507947      0.25437996      0.97601285       3.1076344     0.062725929     -0.52966871      -0.52966871       2.1094964             2.1094964
     0.53077467      0.33624116      0.25371837       0.9770815       3.1107424     0.063030537     -0.52966871      -0.52966871       1.7318197             1.7318197
      0.2440439      0.28447094      0.25574614       0.9728874       3.0896769     0.033327532     -0.52966871      -0.52966871       1.6282793             1.6282793
     0.25732637      0.19972514      0.25528978      0.97145806        3.091724     0.031831502     -0.52966871      -0.52966871       1.4587877             1.4587877
     0.25185723      0.18945926      0.25473783      0.97225487       3.0993051      0.04083589     -0.52966871      -0.52966871       1.4382559             1.4382559
     0.24545732      0.18344988      0.25664901      0.96653332       3.0776899    0.0019329399     -0.52966871      -0.52966871       1.4262372             1.4262372
     0.23799416       0.1825781      0.25408551      0.97406177       3.0970138     0.029260933     -0.52966871      -0.52966871       1.4244936             1.4244936
     0.62322327      0.17567391      0.25342606      0.97672915       3.1114572      0.05897276     -0.52966871      -0.52966871       1.4106852             1.4106852
      0.2265263      0.16944284       0.2561322      0.97044085       3.0845144     0.021232517     -0.52966871      -0.52966871       1.3982231             1.3982231
     0.22099439      0.16339494      0.25429547      0.97471468       3.0947171     0.027966109     -0.52966871      -0.52966871       1.3861273             1.3861273
     0.21489918      0.16059159      0.25492258      0.97400018       3.0991906     0.046836908     -0.52966871      -0.52966871       1.3805206             1.3805206
     0.21496448      0.12951613      0.25618082      0.97160314       3.0777039    0.0065273019     -0.52966871      -0.52966871       1.3183697             1.3183697
     0.21109868      0.11689154      0.25428608      0.97200439       3.0956281     0.028053293     -0.52966871      -0.52966871       1.2931205             1.2931205
     0.21120148       0.1164047      0.25593961      0.97248478       3.0836644     0.018210519     -0.52966871      -0.52966871       1.2921468             1.2921468
     0.21711577     0.088786565      0.25479178      0.97449422       3.0897707     0.022018152     -0.52966871      -0.52966871       1.2369106             1.2369106
     0.21795402     0.084933159       0.2560002      0.96822987       3.0801051    0.0040190919     -0.52966871      -0.52966871       1.2292037             1.2292037
     0.22187338     0.067110395      0.25452101      0.97224865       3.0931117     0.025459551     -0.52966871      -0.52966871       1.1935582             1.1935582
     0.22192228     0.066890052      0.25504403      0.97515452       3.0927801     0.035052519     -0.52966871      -0.52966871       1.1931175             1.1931175
     0.22416488     0.056835391      0.25488313      0.97112978       3.0864573    0.0092341616     -0.52966871      -0.52966871       1.1730082             1.1730082
     0.22531067      0.05173706      0.25543126      0.96932563       3.0887452     0.019557819     -0.52966871      -0.52966871       1.1628115             1.1628115
     0.22949092     0.033353816      0.25587575      0.96967392       3.0813419     0.002858205     -0.52966871      -0.52966871       1.1260451             1.1260451
     0.23212212     0.021953644       0.2552595      0.97325085       3.0851147      0.01319276     -0.52966871      -0.52966871       1.1032447             1.1032447
     0.23888061   -0.0067466392      0.25423861      0.97098692       3.0979666     0.029514714     -0.52966871      -0.52966871       1.0458441             1.0458441
     0.24060671    -0.013946448      0.25514363      0.97451402       3.0881195     0.023533495     -0.52966871      -0.52966871       1.0314445             1.0314445
     0.24079644    -0.014734663       0.2552211      0.97273596       3.0925055     0.031608149     -0.52966871      -0.52966871       1.0298681             1.0298681
      0.2490952    -0.048617901      0.25549418      0.97126398       3.0891217     0.024562326     -0.52966871      -0.52966871      0.96210162            0.96210162
     0.25301506    -0.064231734      0.25624609      0.97097523       3.0809676     0.013140779     -0.52966871      -0.52966871      0.93087396            0.93087396
     0.25864524    -0.086240122      0.25660788      0.97189834       3.0748403    0.0023294004     -0.52966871      -0.52966871      0.88685718            0.88685718
     0.25872526    -0.086549453      0.25523155      0.96878133        3.086373    0.0085870786     -0.52966871      -0.52966871      0.88623852            0.88623852
      0.2593286    -0.088878738      0.25561284      0.97329479       3.0819203     0.011079726     -0.52966871      -0.52966871      0.88157995            0.88157995
     0.27379009     -0.14314445      0.25564796      0.97197166       3.0882687     0.027020723     -0.52966871      -0.52966871      0.77304851            0.77304851
      0.2980622     -0.22808493      0.25528786      0.96986348       3.0851614    0.0075601474     -0.52966871      -0.52966871      0.60316756            0.60316756
     0.29807391     -0.22812421      0.25606441      0.97180714       3.0816787     0.015819598     -0.52966871      -0.52966871        0.603089              0.603089
     0.30036271     -0.23577351      0.25455985      0.97087913       3.0946231     0.026172211     -0.52966871      -0.52966871       0.5877904             0.5877904
      0.3069304     -0.25740377      0.25676516        0.969689       3.0749492    0.0012871904     -0.52966871      -0.52966871      0.54452989            0.54452989
     0.30822359     -0.26160819      0.25528642      0.96955964        3.085581     0.010836941     -0.52966871      -0.52966871      0.53612105            0.53612105
     0.31225483     -0.27460235      0.25487393       0.9727217       3.0927464     0.027565346     -0.52966871      -0.52966871      0.51013272            0.51013272
     0.31836287     -0.29397459      0.25501005      0.97304587       3.0933741     0.032193622     -0.52966871      -0.52966871      0.47138825            0.47138825
     0.31988316     -0.29873854      0.25572537      0.97233285       3.0828058      0.01473244     -0.52966871      -0.52966871      0.46186035            0.46186035
     0.32484635     -0.31413505      0.25558262      0.96887999       3.0827449    0.0030733689     -0.52966871      -0.52966871      0.43106732            0.43106732
     0.33573205      -0.3470961      0.25517921       0.9703256       3.0865723     0.011701862     -0.52966871      -0.52966871      0.36514523            0.36514523
     0.33649242     -0.34935837      0.25625836      0.97105631        3.079303    0.0092058089     -0.52966871      -0.52966871      0.36062068            0.36062068
     0.36856744     -0.44040644      0.25607936       0.9700709       3.0800852    0.0057107793     -0.52966871      -0.52966871      0.17852453            0.17852453
     0.38198172     -0.47615548      0.25599529      0.97081976       3.0810434    0.0099612191     -0.52966871      -0.52966871      0.10702646            0.10702646
