#        weight    minuslogpost         omega_c             n_s            lnas            m_nu   minuslogprior minuslogprior__0            chi2 chi2__likelihood_CAMB
 4.1192531e-313        727.8182      0.28539798        1.033048       2.9131117       0.1463097      -1.2228159       -1.2228159        1458.082              1458.082
 9.9557137e-309       717.69462       0.2925905      0.95178758       2.8990351     0.062022977      -1.2228159       -1.2228159       1437.8349             1437.8349
  1.935391e-305       710.09134      0.24906976       1.0675033       3.1042411      0.11588371      -1.2228159       -1.2228159       1422.6283             1422.6283
 4.0946986e-305       709.31119      0.25836815      0.90361945       3.1047463      0.10527478      -1.2228159       -1.2228159        1421.068              1421.068
 4.9891797e-297       690.66215       0.2469314      0.89231961       3.1475425     0.034565031      -1.2228159       -1.2228159       1383.7699             1383.7699
 6.9048427e-291       676.49092      0.23673329        1.068518       3.2400577      0.24429545      -1.2228159       -1.2228159       1355.4275             1355.4275
  1.900729e-288       670.84238        0.267526       1.0732781        3.038394      0.22751402      -1.2228159       -1.2228159       1344.1304             1344.1304
 2.3393067e-283       659.09106      0.22802644      0.97722762       3.2512177      0.10161583      -1.2228159       -1.2228159       1320.6278             1320.6278
 2.9703531e-280       651.91371      0.27216425      0.94569343        3.107243      0.24365603      -1.2228159       -1.2228159       1306.2731             1306.2731
 5.5361136e-269       625.93189      0.25343245      0.97085157       3.1437066      0.22306229      -1.2228159       -1.2228159       1254.3094             1254.3094
 9.5012332e-269       625.36099      0.28146808       1.0208843       2.9664677      0.21263731      -1.2228159       -1.2228159       1253.1676             1253.1676
 3.9740862e-268       623.89926      0.23008949      0.91688535       3.3122031      0.14727241      -1.2228159       -1.2228159       1250.2442             1250.2442
 4.4941498e-266       619.14034      0.28644025      0.97512625       2.9462161     0.098716079      -1.2228159       -1.2228159       1240.7263             1240.7263
   2.38173e-264       615.13935      0.27239319       1.0089522       3.0038358      0.08709135      -1.2228159       -1.2228159       1232.7243             1232.7243
 1.9555792e-263       613.00313      0.27146254       1.0625174        2.938059     0.061689929      -1.2228159       -1.2228159       1228.4519             1228.4519
 1.7020374e-254       592.38795      0.23091732       1.0180504       3.2725319       0.1613833      -1.2228159       -1.2228159       1187.2215             1187.2215
 7.9913721e-247       574.69255      0.27497704       1.0381839       3.0731982      0.35055932      -1.2228159       -1.2228159       1151.8307             1151.8307
 3.0557167e-244       568.71537      0.26781469       1.0524282       3.0303924       0.2476865      -1.2228159       -1.2228159       1139.8764             1139.8764
 1.4721433e-223       521.06061      0.23058875      0.94147984       3.3472148      0.24347835      -1.2228159       -1.2228159       1044.5668             1044.5668
 1.1254492e-215       502.87769      0.25361993       1.0659287       3.0926406      0.16130708      -1.2228159       -1.2228159        1008.201              1008.201
 3.3516883e-211        492.5453      0.24398922      0.90098985       3.2388035      0.17014944      -1.2228159       -1.2228159       987.53623             987.53623
 1.1719149e-210       491.26277      0.24222288       1.0499409        3.131154      0.11239824      -1.2228159       -1.2228159       984.97116             984.97116
 1.1294018e-209       488.96636      0.27057025      0.98301531       3.0200264     0.064811576      -1.2228159       -1.2228159       980.37835             980.37835
 4.7594932e-204       475.98421      0.24963707      0.89925752       3.1507527   0.00076591337      -1.2228159       -1.2228159       954.41405             954.41405
 9.3222913e-202         470.676      0.28346889        1.002238       2.9175284      0.07394546      -1.2228159       -1.2228159       943.79763             943.79763
 5.1136868e-198       462.03538       0.2789801      0.93868393        2.998534     0.079791654      -1.2228159       -1.2228159       926.51638             926.51638
 1.7814939e-192       449.24356      0.28566588      0.98680475       2.9084899     0.039952863      -1.2228159       -1.2228159       900.93276             900.93276
 1.4822622e-186       435.58116       0.2333134       1.0035557       3.2056799     0.052082671      -1.2228159       -1.2228159       873.60796             873.60796
 8.7244873e-186       433.77783      0.27110979      0.93230668       3.0875139      0.18786588      -1.2228159       -1.2228159       870.00129             870.00129
 2.4215017e-185       432.72622      0.27969528      0.98460327       2.9326064     0.056428622      -1.2228159       -1.2228159       867.89806             867.89806
 9.3287817e-181       422.13639       0.2380886       1.0322537       3.1634909     0.070669694      -1.2228159       -1.2228159       846.71841             846.71841
 1.5076207e-160        375.5739      0.25783187      0.93178532       3.2014035      0.30656856      -1.2228159       -1.2228159       753.59343             753.59343
  2.725855e-160       374.95088      0.23818747       1.0615725       3.2395557      0.27915791      -1.2228159       -1.2228159       752.34739             752.34739
 5.9757134e-160       374.13519      0.25347422       1.0273437       3.1144561      0.13398821      -1.2228159       -1.2228159         750.716               750.716
 9.6731276e-158        369.0176      0.27173929      0.98434528       3.1264958       0.3816476      -1.2228159       -1.2228159       740.48082             740.48082
 9.6872925e-156       364.38019      0.27712463      0.93128171       2.9937639     0.039004778      -1.2228159       -1.2228159       731.20601             731.20601
 1.2660354e-153       359.47659      0.25127434      0.96995167       3.1573241      0.20760615      -1.2228159       -1.2228159       721.39881             721.39881
 1.4190585e-145       340.91103      0.26010488      0.97943834       3.0308169     0.050971446      -1.2228159       -1.2228159        684.2677              684.2677
 4.3467753e-140        328.2479      0.26849632      0.97501177       3.0375009     0.078196447      -1.2228159       -1.2228159       658.94142             658.94142
 4.3674967e-133       312.09427      0.27207267      0.93933319       3.0118512     0.080046624      -1.2228159       -1.2228159       626.63418             626.63418
 6.3496548e-131       307.08412      0.25953534      0.96620215       3.1779895       0.3452394      -1.2228159       -1.2228159       616.61387             616.61387
 4.0300612e-126       295.99504      0.24165798      0.91889981       3.2063214     0.084394392      -1.2228159       -1.2228159       594.43572             594.43572
 1.8085255e-123       289.85778      0.23961964       1.0063038       3.1531939     0.067269457      -1.2228159       -1.2228159        582.1612              582.1612
 3.1198751e-123       289.28173      0.23306449       1.0005179       3.2460952      0.13892429      -1.2228159       -1.2228159        581.0091              581.0091
 1.8493254e-122       287.47135      0.24674831       0.9444597       3.2723223      0.33484675      -1.2228159       -1.2228159       577.38833             577.38833
 7.8601792e-122       285.99359      0.24033439       1.0191809       3.1693597      0.12896872      -1.2228159       -1.2228159       574.43281             574.43281
 5.3126252e-114       267.93386      0.25028584       1.0544697       3.1365078      0.22234182      -1.2228159       -1.2228159       538.31335             538.31335
 2.1662458e-110       259.58984      0.24298147       1.0082357       3.2116817      0.25556022      -1.2228159       -1.2228159        521.6253              521.6253
 4.3371169e-108       254.25968      0.26571744      0.98232338       3.1593653      0.36746872      -1.2228159       -1.2228159       510.96499             510.96499
 8.9043931e-108       253.50957      0.23880736       0.9621346       3.2353857      0.13285401      -1.2228159       -1.2228159       509.46478             509.46478
 8.4407243e-107       251.22969      0.27002123       1.0224328        3.065884      0.27927056      -1.2228159       -1.2228159       504.90502             504.90502
 3.5214581e-100       235.95502      0.23729187      0.98805316       3.3203905      0.33060896      -1.2228159       -1.2228159       474.35567             474.35567
 4.4427674e-100        235.5081      0.25554334      0.99623779       3.1019925     0.092322573      -1.2228159       -1.2228159       473.46184             473.46184
   8.078081e-96       225.69989      0.26723396       1.0186277       2.9961048     0.083784788      -1.2228159       -1.2228159       453.84541             453.84541
  1.4899057e-92       218.04646      0.23887072      0.99787942       3.1790678     0.070567681      -1.2228159       -1.2228159       438.53855             438.53855
  8.4614604e-89       209.40189      0.26039798       1.0277919       3.0221846     0.063570889      -1.2228159       -1.2228159       421.24942             421.24942
  3.5170004e-82       194.00756      0.25899465       0.9808117       3.0845369     0.078493587      -1.2228159       -1.2228159       390.46075             390.46075
   2.144717e-60       143.69114      0.26121198      0.96902888       3.0963143      0.12533251      -1.2228159       -1.2228159       289.82791             289.82791
   9.482379e-55       130.53763      0.25226787      0.97156891       3.1109415      0.10285033      -1.2228159       -1.2228159        263.5209              263.5209
  3.6778532e-49       117.66923      0.25155974      0.96973545       3.1426002       0.1060432      -1.2228159       -1.2228159       237.78409             237.78409
  1.1175795e-97         230.085      0.24254237      0.96374624       3.3125892      0.38717777      -1.2228159       -1.2228159       462.61563             462.61563
   1.394297e-95       225.20454      0.23294677      0.99243158       3.2896275      0.22065205      -1.2228159       -1.2228159       452.85471             452.85471
  5.5249577e-95       223.77358      0.26767833      0.94474692       3.0794812      0.16801446      -1.2228159       -1.2228159        449.9928              449.9928
  1.1829879e-87       206.73999      0.25418894       1.0344753       3.1310191      0.25470676      -1.2228159       -1.2228159        415.9256              415.9256
  1.3187721e-86       204.27995      0.26587207      0.95429559       3.0688212      0.14997164      -1.2228159       -1.2228159       411.00554             411.00554
  3.0827088e-85       201.12826      0.23484588      0.99621126       3.2899503      0.24661406      -1.2228159       -1.2228159       404.70215             404.70215
  8.2701224e-83       195.53625      0.26260919      0.98893726       3.1381721      0.31848076      -1.2228159       -1.2228159       393.51813             393.51813
  9.4996707e-83       195.29228      0.25687516      0.97456842       3.1765933       0.3130308      -1.2228159       -1.2228159       393.03019             393.03019
  6.1346812e-82       193.32691      0.25441958       1.0141026       3.1716528      0.26241522      -1.2228159       -1.2228159       389.09945             389.09945
   7.356725e-79        186.2375      0.24116412       1.0184855       3.2416919      0.30121483      -1.2228159       -1.2228159       374.92063             374.92063
  4.8747282e-77       181.99259      0.23754721       1.0030452       3.2782061      0.26254387      -1.2228159       -1.2228159        366.4308              366.4308
  6.0698449e-75       177.11685      0.26009978      0.94389062        3.144928       0.2083302      -1.2228159       -1.2228159       356.67934             356.67934
  6.8439539e-74       174.64294      0.24120268       1.0227231       3.2411551      0.25842812      -1.2228159       -1.2228159       351.73152             351.73152
  5.7738774e-66       156.39228       0.2425377       1.0038547       3.2175241      0.24567303      -1.2228159       -1.2228159        315.2302              315.2302
  4.3152234e-59       140.56538      0.23754657       1.0250758       3.2747589      0.30301936      -1.2228159       -1.2228159        283.5764              283.5764
   2.146072e-55       131.99639      0.24897976      0.94378116       3.1966858      0.17522344      -1.2228159       -1.2228159       266.43842             266.43842
  4.2942609e-55        131.2456      0.26392798      0.98819032       3.0873892      0.20943257      -1.2228159       -1.2228159       264.93682             264.93682
  3.2600354e-53       126.85881       0.2609343      0.98695395       3.1721848      0.35258008      -1.2228159       -1.2228159       256.16325             256.16325
  8.1407566e-51       121.28133      0.24565092       1.0167294       3.2589281      0.35230603      -1.2228159       -1.2228159        245.0083              245.0083
  3.0998107e-49       117.53048      0.25918467       0.9562359       3.1083637      0.15498137      -1.2228159       -1.2228159       237.50659             237.50659
  3.1847477e-91       215.17837      0.27262547      0.93878614       3.0014114      0.04681762      -1.2228159       -1.2228159       432.80237             432.80237
   3.923115e-88        208.0621      0.26481598      0.92416214       3.0654548     0.079770616      -1.2228159       -1.2228159       418.56983             418.56983
  9.4086822e-83       195.42311      0.26530327      0.98097905       3.0259896     0.024990065      -1.2228159       -1.2228159       393.29186             393.29186
  7.5833393e-63       149.26864      0.25599946      0.94763408       3.0887889    0.0039744132      -1.2228159       -1.2228159        300.9829              300.9829
  6.0176614e-58       137.98697      0.26855231      0.92970385       3.0152558    0.0055394862      -1.2228159       -1.2228159       278.41956             278.41956
  6.8066004e-53       126.06316      0.25763706      0.99450241       3.0560232     0.023515469      -1.2228159       -1.2228159       254.57196             254.57196
  2.6430881e-52       124.61951      0.24432448      0.97425234       3.1277102      0.02206755      -1.2228159       -1.2228159       251.68466             251.68466
  2.0411001e-41       99.837389      0.25885486      0.97374813       3.0920474     0.094448115      -1.2228159       -1.2228159       202.12041             202.12041
  7.1934579e-29       70.387069      0.25730759       1.0049586       3.0569352     0.066960917      -1.2228159       -1.2228159       143.21977             143.21977
  2.7682364e-20       50.331083      0.24481284      0.98026039       3.1640425      0.10692427      -1.2228159       -1.2228159        103.1078              103.1078
  1.9489881e-19       48.379398      0.25580991      0.99597979       3.0881714      0.11358483      -1.2228159       -1.2228159       99.204427             99.204427
   3.711994e-48       115.04767      0.26256298       1.0162943       3.1424023      0.35036595      -1.2228159       -1.2228159       232.54097             232.54097
  1.4211563e-47       113.64802      0.23877443      0.98584509       3.2770381      0.28473521      -1.2228159       -1.2228159       229.74168             229.74168
  2.1858852e-43       104.00713       0.2603855       1.0123179       3.1719026       0.3689437      -1.2228159       -1.2228159        210.4599              210.4599
  9.7768643e-43       102.44851      0.24714329       1.0301883       3.1872985      0.26254387      -1.2228159       -1.2228159       207.34265             207.34265
  1.0630947e-41       100.06217      0.24761215      0.95072421       3.2059204      0.19748407      -1.2228159       -1.2228159       202.56998             202.56998
   1.518211e-39       94.975492      0.25711224       1.0398025       3.1711835      0.37507681      -1.2228159       -1.2228159       192.39662             192.39662
  5.0675576e-39       93.770165      0.25003472        1.016368       3.1316316      0.15980965      -1.2228159       -1.2228159       189.98596             189.98596
  2.9076561e-36       87.417922      0.25772553      0.99325761       3.1604389      0.30242859      -1.2228159       -1.2228159       177.28148             177.28148
  1.1528581e-31       76.761107      0.24747062      0.99212995       3.1502727      0.14213751      -1.2228159       -1.2228159       155.96785             155.96785
  1.7285099e-30       73.984513      0.25097732      0.97265551        3.218083      0.30338153      -1.2228159       -1.2228159       150.41466             150.41466
  6.0479753e-27       65.630138      0.25256375      0.96761675       3.1523838      0.14551458      -1.2228159       -1.2228159       133.70591             133.70591
   6.547909e-27       65.490091      0.25081023      0.98016441       3.2319481      0.33733834      -1.2228159       -1.2228159       133.42581             133.42581
  6.7601825e-27       65.397562      0.24567027       1.0304443       3.2565848      0.38063132      -1.2228159       -1.2228159       133.24076             133.24076
  1.6058195e-26       64.532393      0.26171319      0.98742173       3.1115592      0.21385795      -1.2228159       -1.2228159       131.51042             131.51042
  1.5779098e-24       59.819593      0.25327568       1.0310847        3.179326      0.32247769      -1.2228159       -1.2228159       122.08482             122.08482
  4.6619948e-24       58.736251      0.24766937       1.0080242       3.1873376      0.21605488      -1.2228159       -1.2228159       119.91813             119.91813
  4.5255375e-23       56.398834      0.25154189      0.99750003       3.2045955       0.3251598      -1.2228159       -1.2228159        115.2433              115.2433
  5.6111232e-22       53.881234      0.25675211      0.97700755       3.1279826       0.1596087      -1.2228159       -1.2228159        110.2081              110.2081
  3.1850005e-20       49.708831      0.24389732      0.98758016       3.2504876      0.28518773      -1.2228159       -1.2228159       101.86329             101.86329
  1.3391642e-33       81.175605      0.24818029      0.99043033       3.1046383      0.02308612      -1.2228159       -1.2228159       164.79684             164.79684
   1.873507e-32       78.537253      0.26805201      0.94269129       3.0117797   0.00047813936      -1.2228159       -1.2228159       159.52014             159.52014
  1.2343249e-31       76.582963      0.25392677      0.94408208       3.1102234     0.042841789      -1.2228159       -1.2228159       155.61156             155.61156
  4.8563283e-31       75.213205      0.26336165      0.94884493       3.0537118     0.041265907      -1.2228159       -1.2228159       152.87204             152.87204
  1.7305722e-28        69.33728      0.24708348      0.97240263       3.1140218    0.0064645457      -1.2228159       -1.2228159       141.12019             141.12019
   4.773788e-28       68.322592      0.25737278      0.97799225       3.0759362      0.04793098      -1.2228159       -1.2228159       139.09082             139.09082
  4.6186945e-27       65.966023      0.26313066      0.95490602        3.037131     0.036524379      -1.2228159       -1.2228159       134.37768             134.37768
  1.9316877e-26       64.368102      0.26624944      0.95069777        3.027111     0.031347592      -1.2228159       -1.2228159       131.18184             131.18184
  6.6663276e-26       63.129427      0.25004091      0.96155985       3.1069972     0.001433709      -1.2228159       -1.2228159       128.70449             128.70449
  1.3985147e-23       57.616276      0.25036867      0.95589967       3.1121963     0.016475234      -1.2228159       -1.2228159       117.67818             117.67818
  1.7807122e-23       57.374674       0.2663708      0.95855691       3.0082221    0.0044116785      -1.2228159       -1.2228159       117.19498             117.19498
  1.5340531e-22       55.054134       0.2599678      0.97587416       3.0443604     0.044749346      -1.2228159       -1.2228159        112.5539              112.5539
  1.1780554e-21       52.935555      0.25330129      0.99024987       3.0655665     0.013352255      -1.2228159       -1.2228159       108.31674             108.31674
  1.4560524e-17       44.065809      0.26016247      0.98840465       3.0568603     0.086219727      -1.2228159       -1.2228159        90.57725              90.57725
  1.6738007e-16       41.441534      0.25848762      0.99844227       3.0742655       0.1050076      -1.2228159       -1.2228159       85.328701             85.328701
  6.9816195e-13       32.769123      0.25545817      0.95629108       3.1158711      0.11249166      -1.2228159       -1.2228159       67.983877             67.983877
  2.1787236e-10       26.738227      0.25471868      0.95873267       3.1208224      0.10301815      -1.2228159       -1.2228159       55.922086             55.922086
  9.8634259e-19       45.917734      0.26487839       0.9689505       3.0186128     0.027997698      -1.2228159       -1.2228159         94.2811               94.2811
  8.9737674e-15        36.51424       0.2570262      0.99179008         3.05627     0.045532666      -1.2228159       -1.2228159       75.474111             75.474111
  9.3591921e-15       36.472186      0.25420469      0.97774234       3.0726031     0.033228799      -1.2228159       -1.2228159       75.390004             75.390004
   2.984997e-14       35.312361      0.26129856      0.98646142       3.0277188    0.0090862069      -1.2228159       -1.2228159       73.070355             73.070355
   7.344646e-14       34.300763      0.25719297       0.9893826       3.0488375     0.025280066      -1.2228159       -1.2228159       71.047158             71.047158
  2.4083426e-13       33.059143      0.25101834      0.98743735        3.096793      0.04563805      -1.2228159       -1.2228159       68.563919             68.563919
  3.5090093e-13       32.577388      0.25471805      0.96302571       3.0803084    0.0039981107      -1.2228159       -1.2228159       67.600408             67.600408
  1.0452996e-12        31.38575       0.2508159      0.98107531         3.10037      0.03702682      -1.2228159       -1.2228159       65.217131             65.217131
  1.1459483e-12       31.293821      0.24992737      0.97882348       3.1072995     0.051684412      -1.2228159       -1.2228159       65.033273             65.033273
  1.2748952e-12       31.135896      0.24996452      0.95884189       3.1182964     0.040098323      -1.2228159       -1.2228159       64.717424             64.717424
   1.713291e-12       30.840344       0.2564061      0.98734536       3.0494912    0.0069633398      -1.2228159       -1.2228159       64.126319             64.126319
  3.7532122e-12       30.056148       0.2642636      0.96263109       3.0279316     0.026329751      -1.2228159       -1.2228159       62.557927             62.557927
  7.5477096e-12       29.357516      0.26254247      0.95991813        3.050161     0.047031522      -1.2228159       -1.2228159       61.160663             61.160663
  1.7146033e-11       28.536993      0.24980629      0.96597078       3.1078584      0.02839887      -1.2228159       -1.2228159       59.519618             59.519618
  7.3288249e-11        27.08436      0.26410762      0.95866819       3.0295262     0.017135296      -1.2228159       -1.2228159       56.614351             56.614351
  2.3748833e-10       25.839648      0.26076925        0.965915       3.0541059     0.055503489      -1.2228159       -1.2228159       54.124929             54.124929
  1.4222896e-09       24.049744      0.25917505       0.9482962       3.0621331      0.02220772      -1.2228159       -1.2228159       50.545119             50.545119
  2.9177305e-19        47.54796       0.2560756      0.96812248       3.1558895      0.21714556      -1.2228159       -1.2228159       97.541551             97.541551
  1.7070929e-13       34.268463      0.24834915      0.97480379       3.1893323      0.20804149      -1.2228159       -1.2228159       70.982558             70.982558
  3.6905071e-10        26.07891      0.24718729      0.97815799       3.2075151      0.22916193      -1.2228159       -1.2228159       54.603453             54.603453
  2.1633414e-19       47.610723      0.25462351       1.0284153       3.1992848      0.39235799      -1.2228159       -1.2228159       97.667078             97.667078
  1.4578898e-16       40.874488      0.25409311       1.0260128       3.1972916      0.37405668      -1.2228159       -1.2228159       84.194608             84.194608
  3.3902666e-16        40.03057      0.24412797       1.0183076       3.2644217      0.36462638      -1.2228159       -1.2228159       82.506771             82.506771
  5.6803879e-14       34.621606      0.24671193      0.99511357        3.254497       0.3528843      -1.2228159       -1.2228159       71.688845             71.688845
  9.5568619e-13       31.798781      0.25157414      0.99757332       3.2266237      0.35930677      -1.2228159       -1.2228159       66.043195             66.043195
  1.5450625e-10       26.307756      0.24662328       1.0208836        3.241651      0.35673746      -1.2228159       -1.2228159       55.061144             55.061144
  3.3806005e-09       23.222182       0.2516922       1.0154681       3.1998872      0.33101558      -1.2228159       -1.2228159       48.889996             48.889996
  1.1715231e-18       46.144631      0.24249523        1.002909       3.2615504      0.31374787      -1.2228159       -1.2228159       94.734893             94.734893
  1.0921671e-11       30.096676      0.25025673       1.0113872       3.1951231      0.29790322      -1.2228159       -1.2228159       62.638984             62.638984
  8.3251632e-18       43.085041      0.25234815      0.99768015       3.1389219      0.15722544      -1.2228159       -1.2228159       88.615713             88.615713
  9.7653097e-12       28.822294      0.25665856      0.99635589        3.109323      0.15240345      -1.2228159       -1.2228159        60.09022              60.09022
  1.2577439e-08       21.795999      0.26039451      0.95895001       3.0431188     0.012716268      -1.2228159       -1.2228159        46.03763              46.03763
  1.9115745e-08       21.377391      0.26262521      0.97685341       3.0246783    0.0049899984      -1.2228159       -1.2228159       45.200414             45.200414
  6.0838587e-08       20.750721      0.25261438      0.98648125       3.1743438      0.24616071      -1.2228159       -1.2228159       43.947075             43.947075
  3.6444132e-07        18.96058      0.25283114      0.99943081       3.1664005      0.23249952      -1.2228159       -1.2228159       40.366792             40.366792
  8.5253874e-08        19.46006      0.25743864        0.981991       3.1033184      0.14370277      -1.2228159       -1.2228159       41.365751             41.365751
  2.4232717e-06       16.802468       0.2555526      0.96272964       3.1064876       0.1012502      -1.2228159       -1.2228159       36.050568             36.050568
  2.5768281e-06       16.741028      0.25260556      0.95825876       3.1231429     0.088095279      -1.2228159       -1.2228159       35.927687             35.927687
  2.5275133e-06        16.67334      0.25682265        0.986351       3.0880068     0.094202828      -1.2228159       -1.2228159       35.792311             35.792311
  4.8686085e-05       13.222706      0.25685255      0.98200347       3.0949615      0.11725521      -1.2228159       -1.2228159       28.891043             28.891043
  6.1171356e-05        12.99442      0.25734258      0.97405472       3.1022253        0.116413      -1.2228159       -1.2228159       28.434472             28.434472
  6.3511895e-05       12.956872      0.25468567      0.98422124       3.1129793         0.13388      -1.2228159       -1.2228159       28.359375             28.359375
  7.4385413e-05       12.798839      0.25111878       0.9875107       3.1220075      0.10614806      -1.2228159       -1.2228159        28.04331              28.04331
   7.671783e-05       12.767965      0.25345228      0.96194654       3.1147415     0.090268899      -1.2228159       -1.2228159       27.981561             27.981561
  8.5539252e-05       12.659124      0.25262993      0.97996152       3.1252258      0.11231605      -1.2228159       -1.2228159       27.763879             27.763879
  0.00016261267       11.668421      0.25139988       0.9805861        3.108941     0.069768629      -1.2228159       -1.2228159       25.782474             25.782474
  0.00035195032       10.896302      0.25462579      0.98207476       3.1117365      0.11171354      -1.2228159       -1.2228159       24.238236             24.238236
  0.00037233718       10.775454      0.25458237      0.99086713       3.1068012       0.1207359      -1.2228159       -1.2228159        23.99654              23.99654
  9.3968375e-07       17.402318      0.25827177      0.95902934       3.0580067       0.0214488      -1.2228159       -1.2228159       37.250267             37.250267
  4.0004306e-06       15.873661      0.25760548      0.97543905       3.0570367     0.011577521      -1.2228159       -1.2228159       34.192954             34.192954
  9.7545221e-06       14.828181      0.25269783      0.96901227       3.0837091    0.0076924326      -1.2228159       -1.2228159       32.101995             32.101995
   9.207944e-06       14.811738      0.25969337      0.97411676       3.0492179     0.021558409      -1.2228159       -1.2228159       32.069107             32.069107
  1.3616836e-05       14.420497      0.26112891      0.97702583       3.0343374     0.012122288      -1.2228159       -1.2228159       31.286627             31.286627
   3.939758e-05         13.3581      0.25177867       0.9734981       3.0983432     0.045647204      -1.2228159       -1.2228159       29.161832             29.161832
  6.9025315e-05       12.556169      0.26020775      0.97807905       3.0458471     0.038365572      -1.2228159       -1.2228159        27.55797              27.55797
  7.4355721e-05       12.481782      0.25732635      0.97161861       3.0606626     0.011111484      -1.2228159       -1.2228159       27.409195             27.409195
   6.966996e-05        12.46683      0.25846175      0.97663132       3.0508141     0.029469343      -1.2228159       -1.2228159       27.379293             27.379293
  1.8773203e-05        15.01876      0.25410434      0.98676663       3.1686227      0.24418871      -1.2228159       -1.2228159       32.483152             32.483152
  0.00080464976       10.567636      0.25208538       1.0013311       3.1793261      0.25918702      -1.2228159       -1.2228159       23.580904             23.580904
  5.5987394e-06       15.850761      0.25274586       1.0004552       3.1919313      0.29557186      -1.2228159       -1.2228159       34.147153             34.147153
   9.780956e-06       15.292865      0.25038825       1.0011502       3.2066661      0.29525469      -1.2228159       -1.2228159       33.031361             33.031361
  8.7306967e-05       12.698407      0.25280917        1.000673        3.185839      0.28436239      -1.2228159       -1.2228159       27.842445             27.842445
  0.00012058105       12.193193      0.25185503      0.99949797       3.1971972      0.29546117      -1.2228159       -1.2228159       26.832018             26.832018
  0.00012586698        12.15029      0.25171949       1.0023962       3.2010321      0.30874988      -1.2228159       -1.2228159       26.746211             26.746211
  0.00013477224       12.081929      0.24951569        1.002329       3.2148045      0.30641202      -1.2228159       -1.2228159        26.60949              26.60949
  0.00013974188       12.045718      0.25229159       1.0039057          3.1871      0.28897828      -1.2228159       -1.2228159       26.537069             26.537069
   0.0006270981       10.544412      0.24948286       1.0033848        3.213412      0.30601615      -1.2228159       -1.2228159       23.534457             23.534457
  4.9116502e-06       15.406328      0.24872188       0.9901526       3.1702111      0.18804403      -1.2228159       -1.2228159       33.258288             33.258288
  0.00060563099       10.224444      0.25462168      0.98295792       3.0890579     0.075898293      -1.2228159       -1.2228159       22.894521             22.894521
  0.00056615669       10.166681      0.25528189      0.96957597       3.0942636      0.08101871      -1.2228159       -1.2228159       22.778994             22.778994
  0.00053741256        10.20069       0.2545225      0.95746305       3.0848546     0.019815973      -1.2228159       -1.2228159       22.847012             22.847012
  0.00078985336       9.7730802       0.2503059      0.97501971       3.1313404      0.10176042      -1.2228159       -1.2228159       21.991792             21.991792
    0.001557481       9.0941024      0.25406777      0.96568332       3.1243635       0.1162846      -1.2228159       -1.2228159       20.633837             20.633837
   0.0027303465       8.4682051      0.25539416      0.96686863       3.1150031      0.11831695      -1.2228159       -1.2228159       19.382042             19.382042
   0.0033275989       8.2703827      0.25655674      0.96454277       3.0975002     0.092102276      -1.2228159       -1.2228159       18.986397             18.986397
   0.0055700673       7.6216951       0.2553647      0.98220256       3.1061423      0.11093831      -1.2228159       -1.2228159       17.689022             17.689022
  0.00077566635       9.7647407      0.25574117      0.95432402       3.0756251     0.011668497      -1.2228159       -1.2228159       21.975113             21.975113
     0.00223202        8.638808      0.25511159      0.96931126       3.0671794    0.0082578153      -1.2228159       -1.2228159       19.723248             19.723248
   0.0053366611       7.6335834      0.26069674       0.9650469       3.0370481    0.0014966124      -1.2228159       -1.2228159       17.712799             17.712799
   0.0054328734       7.6157155      0.25670617      0.95541438       3.0694184    0.0060967918      -1.2228159       -1.2228159       17.677063             17.677063
   0.0027555325       9.0489951      0.25186003       1.0017464       3.1825577      0.26636251      -1.2228159       -1.2228159       20.543622             20.543622
   0.0037419282       8.4553227      0.24875213      0.99370235       3.1892177       0.2309939      -1.2228159       -1.2228159       19.356277             19.356277
   0.0021757776       9.3127965      0.25168745      0.98260818       3.1455527      0.16373019      -1.2228159       -1.2228159       21.071225             21.071225
   0.0074173656       7.3932115      0.25460758      0.99101994       3.1254907       0.1622013      -1.2228159       -1.2228159       17.232055             17.232055
   0.0076471213       7.0683842      0.25580256      0.98208706       3.1128281      0.14084859      -1.2228159       -1.2228159         16.5824               16.5824
    0.011706579       6.5884953       0.2555625      0.97976788        3.104071      0.10566757      -1.2228159       -1.2228159       15.622622             15.622622
    0.012413454       6.4757982      0.25436377      0.97484874       3.1321263      0.14765726      -1.2228159       -1.2228159       15.397228             15.397228
    0.012432999       6.4742249      0.25192947      0.98100087       3.1224958      0.11220947      -1.2228159       -1.2228159       15.394082             15.394082
    0.016060951       6.1610297      0.25628595      0.98152727       3.1060992      0.12423643      -1.2228159       -1.2228159       14.767691             14.767691
   0.0073738506       7.3102436      0.25882217      0.97741411       3.0451017     0.012680941      -1.2228159       -1.2228159       17.066119             17.066119
     0.02492789       6.0180884      0.25815891      0.97598515       3.0495458     0.015460122      -1.2228159       -1.2228159       14.481809             14.481809
   0.0086530288       7.3293323       0.2509382      0.99346683       3.1811456      0.23591192      -1.2228159       -1.2228159       17.104296             17.104296
   0.0075187636       7.1821579      0.24930342      0.98805007       3.1783444      0.20178354      -1.2228159       -1.2228159       16.809948             16.809948
    0.021707123       6.1219192      0.24995282      0.99658385       3.1839685      0.23769991      -1.2228159       -1.2228159        14.68947              14.68947
    0.023207694       6.0550758      0.25105049      0.99078452       3.1738115      0.21749946      -1.2228159       -1.2228159       14.555783             14.555783
     0.01372099       5.8874857       0.2514293      0.99045435       3.1726641      0.21977636      -1.2228159       -1.2228159       14.220603             14.220603
    0.020579315       5.8019086      0.25685341      0.97442289         3.09026     0.094831613      -1.2228159       -1.2228159       14.049449             14.049449
    0.020284503       5.7622706      0.25530566       0.9691125       3.1087493      0.10851579      -1.2228159       -1.2228159       13.970173             13.970173
    0.025893786       5.8369718      0.25836816      0.96926955       3.0551697      0.01121435      -1.2228159       -1.2228159       14.119575             14.119575
    0.024918611        5.806367      0.25713067      0.96699877       3.0725572     0.049704266      -1.2228159       -1.2228159       14.058366             14.058366
    0.024292243        5.762832      0.25316164      0.97025124       3.0976296     0.058538147      -1.2228159       -1.2228159       13.971296             13.971296
    0.022402769       5.7102731      0.25691717      0.97334796       3.0582732    0.0056256842      -1.2228159       -1.2228159       13.866178             13.866178
    0.022375971       5.6469315      0.25880809      0.97392814       3.0473207    0.0059099001      -1.2228159       -1.2228159       13.739495             13.739495
    0.024096997       5.5900405      0.25430473      0.98803188       3.1258514      0.15713943      -1.2228159       -1.2228159       13.625713             13.625713
    0.028119658       5.3785005      0.25170928       0.9700561       3.1181461     0.082067368      -1.2228159       -1.2228159       13.202633             13.202633
    0.026557777       5.3784883      0.25713144      0.98057584       3.0876971     0.096588667      -1.2228159       -1.2228159       13.202608             13.202608
    0.047597048       4.6838146      0.25436495      0.96719455       3.1058302     0.079096771      -1.2228159       -1.2228159       11.813261             11.813261
    0.062761822       4.4072384       0.2563224      0.98049482       3.0825106     0.076536173      -1.2228159       -1.2228159       11.260108             11.260108
    0.064210814       4.3272553      0.25527713      0.97306662       3.1182703      0.12852269      -1.2228159       -1.2228159       11.100142             11.100142
     0.10694487       3.7058878      0.25154789      0.97631625       3.1466489      0.14683846      -1.2228159       -1.2228159       9.8574074             9.8574074
     0.10623264       3.6585026      0.25167243      0.97488885       3.1367856       0.1301541      -1.2228159       -1.2228159        9.762637              9.762637
     0.11298936       3.5968404      0.25216973      0.97308839       3.1149322     0.086060123      -1.2228159       -1.2228159       9.6393125             9.6393125
      0.1195041       3.5407834      0.25364869      0.98724273       3.1246045      0.14351074      -1.2228159       -1.2228159       9.5271985             9.5271985
     0.15151559       3.3034455      0.25328285      0.98515116       3.1168301      0.11832868      -1.2228159       -1.2228159       9.0525228             9.0525228
     0.16746832       3.2033399      0.25118778      0.97689435       3.1412295       0.1350855      -1.2228159       -1.2228159       8.8523115             8.8523115
     0.25333898       2.7894056       0.2552136      0.97095064       3.0916048     0.072702999      -1.2228159       -1.2228159       8.0244431             8.0244431
     0.27403956       2.5677607      0.25292049       0.9881874       3.1405112      0.16790679      -1.2228159       -1.2228159       7.5811532             7.5811532
      0.2570519       2.5627623      0.25421316      0.98561852       3.1248624      0.14758537      -1.2228159       -1.2228159       7.5711564             7.5711564
     0.26644828       2.4578673       0.2549263      0.98121525       3.1017721      0.10275051      -1.2228159       -1.2228159       7.3613664             7.3613664
     0.25204057       2.4444645      0.25272176      0.97435905       3.1138085     0.093011347      -1.2228159       -1.2228159       7.3345608             7.3345608
     0.27553194        2.355351      0.25416809      0.98149445       3.1015896     0.091577243      -1.2228159       -1.2228159       7.1563338             7.1563338
     0.27204689       2.2939722      0.25146966      0.97996293       3.1335856      0.12405581      -1.2228159       -1.2228159       7.0335761             7.0335761
     0.29110098       2.1521684      0.25352867      0.98610674       3.1376032      0.16703591      -1.2228159       -1.2228159       6.7499687             6.7499687
    0.022152369       5.5924362      0.25367567      0.97268362       3.0835079     0.030375461      -1.2228159       -1.2228159       13.630504             13.630504
    0.026592411       5.3452162      0.25923334      0.96071199       3.0551205     0.013050149      -1.2228159       -1.2228159       13.136064             13.136064
    0.027049234       5.2636449      0.25364589      0.96776858       3.0847699     0.026961102      -1.2228159       -1.2228159       12.972922             12.972922
    0.028893834       5.1331369      0.25715935      0.96089361       3.0797213     0.053193028      -1.2228159       -1.2228159       12.711906             12.711906
    0.055330367       4.4189047       0.2546304      0.96271378       3.0972604      0.06412135      -1.2228159       -1.2228159       11.283441             11.283441
     0.05959022        4.219572      0.25740189        0.961168       3.0722962     0.033928557      -1.2228159       -1.2228159       10.884776             10.884776
    0.059105113       4.1671214      0.25754384      0.95926985       3.0645875       0.0116861      -1.2228159       -1.2228159       10.779875             10.779875
    0.084030584        3.815258      0.25360512      0.97063103       3.0882983     0.039976494      -1.2228159       -1.2228159       10.076148             10.076148
     0.19990808       2.6121089      0.25754361      0.95904437       3.0637245     0.011369471      -1.2228159       -1.2228159       7.6698495             7.6698495
     0.20592158       2.5824711      0.25718205      0.97442108       3.0596504     0.020012832      -1.2228159       -1.2228159        7.610574              7.610574
     0.24803513       2.2963127      0.25565736      0.96150532       3.0756446     0.021253586      -1.2228159       -1.2228159       7.0382572             7.0382572
     0.30981217       2.0251267      0.25715881      0.96636555       3.0609944     0.017875264      -1.2228159       -1.2228159       6.4958853             6.4958853
      0.3369705       1.9410976      0.25805569      0.97339927       3.0556774     0.021175168      -1.2228159       -1.2228159       6.3278269             6.3278269
     0.33904077       1.9349726      0.25738073      0.97144203       3.0649399     0.029842439      -1.2228159       -1.2228159       6.3155769             6.3155769
     0.38690108       1.7488567      0.25636296      0.96928798       3.0676375     0.028007422      -1.2228159       -1.2228159       5.9433451             5.9433451
     0.37280604       1.6806069      0.25715431      0.96854143       3.0763075     0.050633393      -1.2228159       -1.2228159       5.8068456             5.8068456
     0.39285408       1.5281435      0.25894382      0.97094183       3.0498301      0.01460232      -1.2228159       -1.2228159       5.5019188             5.5019188
     0.38783454       1.4922128      0.25916674      0.96250233       3.0523169     0.014040165      -1.2228159       -1.2228159       5.4300573             5.4300573
     0.47241688       1.2461396      0.25730607      0.97094139       3.0560363     0.010101899      -1.2228159       -1.2228159        4.937911              4.937911
     0.46119936       1.2213808      0.25685969      0.97004422          3.0655     0.021913255      -1.2228159       -1.2228159       4.8883935             4.8883935
     0.46284013       1.1690394      0.25634936      0.96844666       3.0624948    0.0085074286      -1.2228159       -1.2228159       4.7837105             4.7837105
      0.4409478       1.1221844      0.25751175      0.96729435        3.069358     0.043954062      -1.2228159       -1.2228159       4.6900006             4.6900006
     0.40869468       1.0646111      0.25843165      0.97010561        3.059625     0.035041366      -1.2228159       -1.2228159        4.574854              4.574854
     0.41123661       1.0158512      0.25673991      0.97200139       3.0723369     0.040751135      -1.2228159       -1.2228159       4.4773341             4.4773341
     0.45195303      0.92144164       0.2581791      0.96229355       3.0598931     0.020023044      -1.2228159       -1.2228159       4.2885151             4.2885151
     0.45390886      0.87267171      0.25622874      0.96576163       3.0748859     0.038077506      -1.2228159       -1.2228159       4.1909752             4.1909752
      0.4350294      0.82814315      0.25419521      0.96740976       3.0941461     0.055447666      -1.2228159       -1.2228159       4.1019181             4.1019181
     0.44924799      0.75342208      0.25488961      0.97383076       3.0896294     0.059890675      -1.2228159       -1.2228159        3.952476              3.952476
      0.4737715      0.65771238      0.25696864      0.96251059       3.0619811    0.0011505503      -1.2228159       -1.2228159       3.7610565             3.7610565
     0.50047845      0.60287299      0.25632279      0.96824201       3.0759916      0.04576223      -1.2228159       -1.2228159       3.6513778             3.6513778
      0.4799913      0.60021778      0.25764799      0.97145224       3.0579316     0.021905568      -1.2228159       -1.2228159       3.6460674             3.6460674
     0.53515636      0.40441541      0.25839621      0.96613662       3.0520421    0.0085779644      -1.2228159       -1.2228159       3.2544626             3.2544626
     0.51347932      0.40320502      0.25647974      0.97309172       3.0702104     0.039213702      -1.2228159       -1.2228159       3.2520418             3.2520418
     0.45422554       1.5186816      0.25462408       0.9679017       3.1026872     0.078540043      -1.2228159       -1.2228159       5.4829949             5.4829949
     0.44912631       1.3068277      0.25214232      0.97632076       3.1260147       0.1108253      -1.2228159       -1.2228159       5.0592872             5.0592872
     0.46998521       1.1560701        0.254828      0.97103598       3.1099044      0.10464476      -1.2228159       -1.2228159       4.7577721             4.7577721
     0.50260486       1.0889671      0.25420578      0.97909855       3.1060505       0.1003196      -1.2228159       -1.2228159       4.6235659             4.6235659
     0.50347998      0.86408385      0.25570581      0.97702678       3.1021787      0.10577005      -1.2228159       -1.2228159       4.1737995             4.1737995
     0.60838597      0.67481831      0.25391987      0.97847843       3.1129921      0.11118411      -1.2228159       -1.2228159       3.7952684             3.7952684
     0.56396094      0.52749926      0.25520569      0.97604854       3.1032471       0.1023515      -1.2228159       -1.2228159       3.5006303             3.5006303
     0.63872329      0.40301293       0.2547508      0.97772197       3.1024597     0.097068048      -1.2228159       -1.2228159       3.2516576             3.2516576
     0.29198799       1.7828816      0.25249698      0.98230339       3.1328466      0.13624579      -1.2228159       -1.2228159        6.011395              6.011395
     0.31560045       1.7051172      0.25259699       0.9845657       3.1494092       0.1793665      -1.2228159       -1.2228159       5.8558663             5.8558663
     0.34863542       1.6055675      0.25431067      0.97715449       3.1252407      0.13712449      -1.2228159       -1.2228159       5.6567668             5.6567668
     0.39884069       1.2887106      0.25373456      0.98038633       3.1215845      0.12467085      -1.2228159       -1.2228159       5.0230531             5.0230531
     0.45268173       1.1620834      0.25192958      0.98328517       3.1415017      0.15253387      -1.2228159       -1.2228159       4.7697986             4.7697986
     0.48055017       1.1023411      0.25226355       0.9791654        3.142472      0.15251799      -1.2228159       -1.2228159       4.6503139             4.6503139
     0.61269839       0.8593999      0.25198785      0.98073734       3.1415183      0.14912917      -1.2228159       -1.2228159       4.1644316             4.1644316
     0.48759624      0.37154549      0.25636839      0.97216199       3.0696443      0.03081685      -1.2228159       -1.2228159       3.1887228             3.1887228
              1      0.36951742      0.25265654      0.98040214       3.1266495      0.12509181      -1.2228159       -1.2228159       3.1846666             3.1846666
     0.51163132      0.28260688      0.25860271      0.96823224       3.0559137     0.022240561      -1.2228159       -1.2228159       3.0108455             3.0108455
     0.50363543      0.25753653       0.2555632       0.9716137       3.0823508     0.048839396      -1.2228159       -1.2228159       2.9607048             2.9607048
       0.483619      0.25726977      0.25659772       0.9683371       3.0627677    0.0098233442      -1.2228159       -1.2228159       2.9601713             2.9601713
     0.46952814      0.24601695      0.25491423      0.97581865       3.0885106     0.064061753      -1.2228159       -1.2228159       2.9376657             2.9376657
     0.45385199      0.23915205      0.25507497      0.96744112       3.0827508     0.038970503      -1.2228159       -1.2228159       2.9239359             2.9239359
      0.4648337      0.21524349      0.25561371      0.97041975       3.0858996     0.055908954      -1.2228159       -1.2228159       2.8761188             2.8761188
     0.45605486      0.19175046      0.25716973      0.96543359       3.0735909     0.044011937      -1.2228159       -1.2228159       2.8291327             2.8291327
     0.44436915      0.17514832      0.25609393      0.97401814       3.0772133     0.048440658      -1.2228159       -1.2228159       2.7959284             2.7959284
      0.4344885      0.11425287      0.25659518      0.96878814       3.0707401     0.030585472      -1.2228159       -1.2228159       2.6741375             2.6741375
     0.41865298        0.110558      0.25780784      0.96686562       3.0629556     0.025599088      -1.2228159       -1.2228159       2.6667478             2.6667478
     0.40763885     0.096396753      0.25758523      0.96294198       3.0590142    0.0091521385      -1.2228159       -1.2228159       2.6384253             2.6384253
      0.4006361     0.072902838      0.25748841      0.96612698       3.0572581    0.0087511312      -1.2228159       -1.2228159       2.5914375             2.5914375
     0.39642027     0.042659437      0.25620636      0.96777979       3.0675023     0.016541135      -1.2228159       -1.2228159       2.5309507             2.5309507
     0.40535877     0.020361842      0.25763728      0.96869436        3.068093     0.042801131      -1.2228159       -1.2228159       2.4863555             2.4863555
     0.39714198   -0.0017190956      0.25793257      0.96978848       3.0633436     0.036178684      -1.2228159       -1.2228159       2.4421936             2.4421936
     0.38933247    -0.024418513      0.25879606      0.96310499        3.052109    0.0068243113      -1.2228159       -1.2228159       2.3967948             2.3967948
     0.38664567    -0.060053161      0.25709239      0.97054326       3.0760146     0.056665653      -1.2228159       -1.2228159       2.3255255             2.3255255
     0.37122065    -0.061900701      0.25786303      0.96999063       3.0562152     0.017338892      -1.2228159       -1.2228159       2.3218304             2.3218304
     0.39394541     -0.16387603      0.25711216      0.96799869       3.0758164     0.051686015      -1.2228159       -1.2228159       2.1178797             2.1178797
     0.38323296     -0.17886637      0.25882584      0.96428154       3.0521148    0.0090979718      -1.2228159       -1.2228159        2.087899              2.087899
     0.39570199      -0.2108847      0.25685227      0.97160223       3.0764995     0.053457564      -1.2228159       -1.2228159       2.0238624             2.0238624
     0.37933443      -0.2130933      0.25527727      0.97295144       3.0829943     0.052957501      -1.2228159       -1.2228159       2.0194452             2.0194452
     0.35278546     -0.22754657      0.25849095      0.96764573        3.050672    0.0062216215      -1.2228159       -1.2228159       1.9905387             1.9905387
     0.64935862      0.16335557      0.25298046      0.97489061       3.1156567     0.097721938      -1.2228159       -1.2228159       2.7723429             2.7723429
     0.72403145    -0.050854633      0.25419174      0.97561947       3.1169677       0.1159665      -1.2228159       -1.2228159       2.3439225             2.3439225
     0.63598977     -0.12187299      0.25382035      0.97372235       3.1017717     0.075564928      -1.2228159       -1.2228159       2.2018858             2.2018858
     0.59994938     -0.15884597      0.25427027      0.97786461       3.1122173      0.11185118      -1.2228159       -1.2228159       2.1279398             2.1279398
     0.56183067     -0.18851137      0.25311907      0.97664819       3.1208215       0.1124747      -1.2228159       -1.2228159        2.068609              2.068609
     0.51192061     -0.19079059      0.25481408      0.97749069       3.1021766     0.095840414      -1.2228159       -1.2228159       2.0640506             2.0640506
     0.48269802     -0.22732247      0.25386745      0.97554624       3.1040278     0.083478628      -1.2228159       -1.2228159       1.9909868             1.9909868
     0.34498423     -0.24774478      0.25706115      0.96332845       3.0634805      0.01239166      -1.2228159       -1.2228159       1.9501422             1.9501422
     0.34944931      -0.3031642      0.25788732      0.96798443       3.0642799     0.034397641      -1.2228159       -1.2228159       1.8393034             1.8393034
     0.32487446     -0.31362612      0.25608464      0.97186216       3.0719656     0.034509119      -1.2228159       -1.2228159       1.8183795             1.8183795
     0.31804519     -0.33320277      0.25625738      0.96667564        3.071522     0.029975508      -1.2228159       -1.2228159       1.7792262             1.7792262
     0.31082431      -0.3510591      0.25812325       0.9690083       3.0582391     0.023396114      -1.2228159       -1.2228159       1.7435136             1.7435136
     0.30900295     -0.38600409       0.2584877      0.96436231       3.0547521     0.011828321      -1.2228159       -1.2228159       1.6736236             1.6736236
     0.30924198     -0.38677735      0.25599341      0.97066463       3.0736814     0.037284541      -1.2228159       -1.2228159       1.6720771             1.6720771
      0.3176697     -0.45622505       0.2581327      0.96827978       3.0572679     0.019050447      -1.2228159       -1.2228159       1.5331817             1.5331817
     0.30463315     -0.45688077      0.25728096      0.96640303       3.0607632     0.015886726      -1.2228159       -1.2228159       1.5318702             1.5318702
     0.29793839     -0.51804082      0.25591977      0.97120309       3.0738227     0.035423892      -1.2228159       -1.2228159       1.4095501             1.4095501
     0.28215399     -0.54364982      0.25547121      0.97171892       3.0820938     0.051822973      -1.2228159       -1.2228159       1.3583322             1.3583322
     0.27200891     -0.54625235      0.25550812      0.96941502       3.0872329     0.061225826      -1.2228159       -1.2228159       1.3531271             1.3531271
     0.27530133     -0.55828376      0.25752694      0.96516198       3.0618216     0.020063023      -1.2228159       -1.2228159       1.3290643             1.3290643
     0.27567355     -0.55963491      0.25750962      0.96750915       3.0668169     0.035763819      -1.2228159       -1.2228159        1.326362              1.326362
     0.26369067     -0.59857584      0.25712725      0.96900086       3.0690289     0.038925483      -1.2228159       -1.2228159       1.2484801             1.2484801
     0.25384442     -0.60134268      0.25650405      0.97142743       3.0696252     0.033541119      -1.2228159       -1.2228159       1.2429464             1.2429464
     0.24543493     -0.60847501      0.25769408      0.96517604       3.0570655    0.0083102353      -1.2228159       -1.2228159       1.2286818             1.2286818
     0.24052606     -0.62909357      0.25679142      0.96585343       3.0666035     0.023034277      -1.2228159       -1.2228159       1.1874446             1.1874446
     0.23282773     -0.63738596      0.25787221      0.96641142       3.0553049     0.008071724      -1.2228159       -1.2228159       1.1708599             1.1708599
     0.21762374     -0.64989743      0.25470213      0.97104552       3.0910653     0.059234322      -1.2228159       -1.2228159       1.1458369             1.1458369
     0.21205117     -0.70091847       0.2569234      0.96493212       3.0666201     0.022531319      -1.2228159       -1.2228159       1.0437949             1.0437949
     0.21247084      -0.7028956      0.25575908      0.96932303        3.076325      0.03591838      -1.2228159       -1.2228159       1.0398406             1.0398406
      0.2167834     -0.72298957      0.25679039      0.97108477       3.0720137      0.04184188      -1.2228159       -1.2228159      0.99965264            0.99965264
     0.21966814     -0.73620882      0.25674159      0.96703446       3.0693497     0.028008238      -1.2228159       -1.2228159      0.97321414            0.97321414
     0.21968538      -0.7362873      0.25810494      0.96469571       3.0548812    0.0065376873      -1.2228159       -1.2228159      0.97305719            0.97305719
     0.22028411     -0.73900897       0.2569974      0.97058876       3.0675824     0.033353141      -1.2228159       -1.2228159      0.96761385            0.96761385
     0.22053275     -0.74013709      0.25540198       0.9730517       3.0877939     0.065652249      -1.2228159       -1.2228159      0.96535761            0.96535761
     0.22358544      -0.7538845      0.25637701      0.97108581       3.0749319     0.045844105      -1.2228159       -1.2228159      0.93786278            0.93786278
     0.22585205     -0.76397099      0.25661245      0.96590407         3.07296     0.035523838      -1.2228159       -1.2228159      0.91768981            0.91768981
     0.22603768     -0.76479258      0.25575053      0.96840566       3.0813895     0.049017226      -1.2228159       -1.2228159      0.91604663            0.91604663
     0.22638722     -0.76633777       0.2574145      0.96847734        3.060153     0.018536689      -1.2228159       -1.2228159      0.91295624            0.91295624
       0.228288     -0.77469885      0.25746285      0.96798061       3.0597773     0.017599642      -1.2228159       -1.2228159      0.89623409            0.89623409
     0.23031827     -0.78355301      0.25640655      0.97200556       3.0739495     0.043794799      -1.2228159       -1.2228159      0.87852577            0.87852577
     0.23362725     -0.79781776      0.25702667      0.96524697       3.0647799      0.01965212      -1.2228159       -1.2228159      0.84999627            0.84999627
     0.23620588     -0.80879467      0.25521778      0.96946623       3.0848856     0.049633136      -1.2228159       -1.2228159      0.82804244            0.82804244
     0.24209882     -0.83343686      0.25560822      0.96870768       3.0849551     0.055555332      -1.2228159       -1.2228159      0.77875807            0.77875807
     0.24232423      -0.8343675      0.25753674       0.9672164       3.0585151     0.011453312      -1.2228159       -1.2228159      0.77689677            0.77689677
     0.24767033     -0.85618942      0.25675021      0.96927241        3.066388     0.026474665      -1.2228159       -1.2228159      0.73325295            0.73325295
     0.25003818      -0.8657045      0.25779469      0.96511336       3.0573731    0.0096082836      -1.2228159       -1.2228159      0.71422279            0.71422279
     0.25576658     -0.88835611      0.25621007      0.97048786       3.0837023     0.061220238      -1.2228159       -1.2228159      0.66891956            0.66891956
     0.26006437     -0.90502003      0.25561193      0.97265076       3.0843021     0.059301826      -1.2228159       -1.2228159      0.63559172            0.63559172
     0.26898484     -0.93874588      0.25732213      0.96838899       3.0667758     0.033144663      -1.2228159       -1.2228159      0.56814002            0.56814002
     0.52266854     -0.30687872      0.25475437      0.96946479       3.0999166      0.07863514      -1.2228159       -1.2228159       1.8318744             1.8318744
     0.51666501     -0.40068646      0.25548291      0.97248334       3.0917757     0.071350251      -1.2228159       -1.2228159       1.6442589             1.6442589
     0.47768418     -0.42760205      0.25469817      0.97678802       3.1082408      0.10615058      -1.2228159       -1.2228159       1.5904277             1.5904277
     0.45578544     -0.48603494      0.25462138      0.97383558       3.1087016      0.10192935      -1.2228159       -1.2228159       1.4735619             1.4735619
     0.47724617     -0.53204521       0.2545679      0.97198978       3.1044624     0.088496948      -1.2228159       -1.2228159       1.3815414             1.3815414
     0.39478975     -0.56550966      0.25394262       0.9765193       3.1141244      0.10799634      -1.2228159       -1.2228159       1.3146125             1.3146125
     0.42719561     -0.64439834      0.25514129      0.97419447       3.1007607     0.092095156      -1.2228159       -1.2228159       1.1568351             1.1568351
     0.38220876      -0.6509063      0.25477648      0.97638712       3.1038476     0.096408782      -1.2228159       -1.2228159       1.1438192             1.1438192
     0.38690769     -0.66312549      0.25378206      0.97550831       3.1137465      0.10434363      -1.2228159       -1.2228159       1.1193808             1.1193808
     0.39010443     -0.67135383      0.25466767      0.97433224        3.100226     0.083008989      -1.2228159       -1.2228159       1.1029241             1.1029241
     0.33879279     -0.68447871      0.25436644      0.97672421        3.105925     0.096279176      -1.2228159       -1.2228159       1.0766744             1.0766744
     0.35466161     -0.73025415       0.2554338      0.97245197       3.0952994     0.079717017      -1.2228159       -1.2228159      0.98512348            0.98512348
     0.36254857     -0.75224849      0.25468382      0.97600453       3.1037347     0.094309962      -1.2228159       -1.2228159       0.9411348             0.9411348
     0.37524003     -0.78665593      0.25432051      0.97430553       3.1032319     0.085772631      -1.2228159       -1.2228159      0.87231992            0.87231992
     0.38360754     -0.80871003      0.25449266      0.97256279       3.1016952     0.084081915      -1.2228159       -1.2228159      0.82821173            0.82821173
     0.44519063     -0.95759261      0.25520855      0.97251434       3.0957112     0.078114439      -1.2228159       -1.2228159      0.53044657            0.53044657
     0.28705731      -1.0037727       0.2575914      0.96727111       3.0611121     0.020866996      -1.2228159       -1.2228159      0.43808629            0.43808629
      0.2893911      -1.0118699      0.25608603       0.9706033       3.0751961     0.040501745      -1.2228159       -1.2228159       0.4218919             0.4218919
     0.30219847      -1.0551748      0.25687527      0.96840772       3.0716734     0.038942783      -1.2228159       -1.2228159       0.3352821             0.3352821
     0.30614867      -1.0681617      0.25615679      0.96820561       3.0793709     0.047945321      -1.2228159       -1.2228159      0.30930839            0.30930839
