#        weight    minuslogpost         omega_c             n_s            lnas   minuslogprior minuslogprior__0            chi2 chi2__likelihood_CAMB
 4.4712941e-321       748.28369      0.28643322      0.92818285       2.9325325     -0.30652516      -0.30652516       1497.1804             1497.1804
 7.6540749e-318       740.80713      0.27921406      0.98594192       2.9725559     -0.30652516      -0.30652516       1482.2273             1482.2273
 3.1240044e-315       734.76473      0.23470318      0.99599102       3.2191104     -0.30652516      -0.30652516       1470.1425             1470.1425
 1.1150936e-313       731.15896      0.28313115      0.89507568       2.9826904     -0.30652516      -0.30652516        1462.931              1462.931
 1.8548312e-310       723.71158       0.2880607      0.97186837       2.9284427     -0.30652516      -0.30652516       1448.0362             1448.0362
 3.1785362e-308       718.53701      0.23956073      0.88350739       3.2274936     -0.30652516      -0.30652516       1437.6871             1437.6871
 1.0077266e-301       703.53687      0.28623722      0.90992446       2.9607115     -0.30652516      -0.30652516       1407.6868             1407.6868
 6.4716877e-298        694.7386      0.25691033       1.0661255       3.0014863     -0.30652516      -0.30652516       1390.0903             1390.0903
 1.6457604e-288       673.05121      0.27697797      0.89906194        3.023222     -0.30652516      -0.30652516       1346.7155             1346.7155
 6.4367105e-286       667.05146      0.23960642       1.0598964       3.1167023     -0.30652516      -0.30652516        1334.716              1334.716
 8.8311216e-284       662.09925      0.23628401      0.89465286       3.2393391     -0.30652516      -0.30652516       1324.8116             1324.8116
  3.433486e-277       646.89509      0.27145814       1.0309769       2.9384746     -0.30652516      -0.30652516       1294.4032             1294.4032
  8.518296e-276       643.65309      0.24073586      0.98974791       3.1361339     -0.30652516      -0.30652516       1287.9192             1287.9192
 6.1581441e-274       639.34159      0.27496713      0.88702101       3.0316051     -0.30652516      -0.30652516       1279.2962             1279.2962
 5.4030093e-269       627.92871      0.26656653      0.92863647       3.0245872     -0.30652516      -0.30652516       1256.4705             1256.4705
 5.7311908e-260       607.11571      0.24450336      0.88759167       3.1852502     -0.30652516      -0.30652516       1214.8445             1214.8445
 4.5558631e-251       586.59118      0.24029149      0.92982141       3.1768479     -0.30652516      -0.30652516       1173.7954             1173.7954
 1.1733961e-248       581.00917      0.22924897      0.99639179       3.2427274     -0.30652516      -0.30652516       1162.6314             1162.6314
 4.6081858e-248       579.61046      0.26110681      0.87770264       3.1021688     -0.30652516      -0.30652516        1159.834              1159.834
 2.0183309e-245        573.4975      0.27054186      0.92884394       3.0064693     -0.30652516      -0.30652516        1147.608              1147.608
 6.5072017e-241       563.08575      0.25529135       1.0435904       3.0613462     -0.30652516      -0.30652516       1126.7845             1126.7845
 1.9438873e-236       552.75027      0.25272469       1.0555335       3.0349837     -0.30652516      -0.30652516       1106.1136             1106.1136
 1.9390101e-235       550.41943      0.24925728       1.0108551       3.1222506     -0.30652516      -0.30652516       1101.4519             1101.4519
 5.1059096e-233       544.81526      0.26898386         1.01736       3.0037774     -0.30652516      -0.30652516       1090.2436             1090.2436
 4.2137676e-231       540.37136      0.26385516        0.882741       3.0842712     -0.30652516      -0.30652516       1081.3558             1081.3558
 4.1412069e-230       538.05537      0.26885712       0.9217426       3.0210661     -0.30652516      -0.30652516       1076.7238             1076.7238
 1.7288543e-228       534.29296      0.26396512      0.93709907       3.0347083     -0.30652516      -0.30652516        1069.199              1069.199
  7.573612e-226       528.17981      0.22788823      0.96730996       3.2465557     -0.30652516      -0.30652516       1056.9727             1056.9727
 5.7422205e-223       521.51811      0.23100465       1.0150617       3.1994049     -0.30652516      -0.30652516       1043.6493             1043.6493
 4.6472943e-222       519.39631      0.27115968      0.94513644       3.0362908     -0.30652516      -0.30652516       1039.4057             1039.4057
  1.313769e-221       518.32634      0.26508399      0.95819061       3.0643642     -0.30652516      -0.30652516       1037.2657             1037.2657
 3.4071469e-220       515.04001      0.26398034      0.88861092       3.0764214     -0.30652516      -0.30652516       1030.6931             1030.6931
 1.6376492e-211       495.01858      0.27396565       1.0495012        2.936855     -0.30652516      -0.30652516       990.65021             990.65021
 3.6960494e-211       494.17381      0.24441323      0.93242866       3.1906563     -0.30652516      -0.30652516       988.96067             988.96067
 5.5284699e-210        491.4378      0.27856635      0.91186991        2.994836     -0.30652516      -0.30652516       983.48866             983.48866
 5.3194819e-206       482.23523      0.27455436      0.91298647       3.0259404     -0.30652516      -0.30652516       965.08351             965.08351
 1.7417997e-202       474.11057      0.28205306       1.0125882       2.9238344     -0.30652516      -0.30652516        948.8342              948.8342
 7.6431691e-197       461.08798      0.23014417      0.95706032       3.2523988     -0.30652516      -0.30652516       922.78901             922.78901
 5.4039377e-193       452.19355      0.26123019      0.97114059         3.02957     -0.30652516      -0.30652516       905.00016             905.00016
 1.0130756e-188       442.32399      0.25191906      0.94508986       3.0985346     -0.30652516      -0.30652516       885.26104             885.26104
 6.5282957e-188       440.43007      0.24876589      0.93276523       3.1257716     -0.30652516      -0.30652516       881.47319             881.47319
 1.8587208e-187       439.35297      0.25115644       1.0537048       3.0516317     -0.30652516      -0.30652516       879.31899             879.31899
 1.8345331e-187        439.3353      0.27353449      0.90616199       3.0275102     -0.30652516      -0.30652516       879.28364             879.28364
 8.1136911e-183       428.60742      0.26784846      0.95706836       3.0047984     -0.30652516      -0.30652516       857.82789             857.82789
 1.8154517e-182       427.77128      0.25576705      0.91938501       3.0951257     -0.30652516      -0.30652516       856.15561             856.15561
 1.5422345e-178       418.69327        0.269629      0.92806049       3.0487319     -0.30652516      -0.30652516       837.99959             837.99959
 2.0091586e-172       404.58251      0.27459618      0.91809393       3.0195206     -0.30652516      -0.30652516       809.77806             809.77806
 2.5703467e-163       383.58214      0.26593844      0.99661879       3.0321037     -0.30652516      -0.30652516       767.77734             767.77734
 2.0344151e-157       369.96969      0.26785816       1.0454685       2.9676464     -0.30652516      -0.30652516       740.55244             740.55244
 1.4304384e-155       365.68598       0.2537331       1.0421739       3.0632459     -0.30652516      -0.30652516       731.98501             731.98501
 6.1675239e-150       352.68097      0.23750864       1.0157656       3.1750586     -0.30652516      -0.30652516       705.97498             705.97498
 1.2414335e-144       340.43771      0.25300913      0.93455519       3.1377568     -0.30652516      -0.30652516       681.48848             681.48848
 7.9964655e-139       327.03128      0.24338215       1.0352169       3.1138181     -0.30652516      -0.30652516       654.67562             654.67562
 2.3326449e-132       312.11441      0.26114912      0.90481633       3.0936841     -0.30652516      -0.30652516       624.84188             624.84188
 4.3849134e-124       293.03179      0.27604846      0.96586065       2.9870466     -0.30652516      -0.30652516       586.67664             586.67664
 6.2807054e-124       292.64171      0.26750183       1.0363829       2.9782054     -0.30652516      -0.30652516       585.89647             585.89647
 1.4187061e-119       282.58575      0.27662227       1.0063067       2.9488078     -0.30652516      -0.30652516       565.78455             565.78455
 2.5287754e-118        279.6744       0.2502845       1.0083308       3.0777309     -0.30652516      -0.30652516       559.96186             559.96186
 9.3331588e-109       257.61453      0.24935685      0.96855538       3.1052126     -0.30652516      -0.30652516       515.84211             515.84211
 3.1212928e-108        256.3765      0.26144043       1.0141529       3.0401591     -0.30652516      -0.30652516       513.36604             513.36604
 7.3712379e-107        253.1838      0.24604207       1.0291081       3.1009643     -0.30652516      -0.30652516       506.98065             506.98065
 4.1334051e-104       246.82376      0.23818164      0.94811057       3.2046646     -0.30652516      -0.30652516       494.26057             494.26057
  2.719376e-102       242.60652      0.26690438      0.99580594       2.9934186     -0.30652516      -0.30652516       485.82608             485.82608
 4.4598677e-101       239.77844      0.27696782      0.97833328       2.9668843     -0.30652516      -0.30652516       480.16994             480.16994
  1.6098463e-98        233.8589      0.27164453       0.9660029       2.9891557     -0.30652516      -0.30652516       468.33084             468.33084
  1.3573921e-96       229.39353      0.23838775       1.0027862         3.16563     -0.30652516      -0.30652516       459.40011             459.40011
   1.018212e-95       227.34769      0.26917397      0.92752268       3.0342812     -0.30652516      -0.30652516       455.30843             455.30843
  4.0698064e-95       225.93137      0.25957973      0.91450673       3.0936355     -0.30652516      -0.30652516       452.47579             452.47579
  1.8099294e-91       217.50057      0.25705504      0.92391792       3.0945858     -0.30652516      -0.30652516       435.61418             435.61418
  3.8358105e-87       207.50836      0.23776058      0.96573306       3.1971389     -0.30652516      -0.30652516       415.62977             415.62977
  4.7621786e-87       207.26126      0.26192477      0.99749661       3.0482719     -0.30652516      -0.30652516       415.13558             415.13558
  1.9650805e-83       198.90532      0.25969568      0.99507247       3.0626583     -0.30652516      -0.30652516        398.4237              398.4237
  3.4213119e-79       189.10972      0.24859977       1.0173555       3.0900095     -0.30652516      -0.30652516       378.83249             378.83249
  1.4198565e-78       187.65583      0.26202726       1.0152296       3.0126059     -0.30652516      -0.30652516       375.92472             375.92472
  1.1004714e-77       185.57729      0.26472737      0.92671577       3.0627734     -0.30652516      -0.30652516       371.76764             371.76764
  1.0470682e-76       183.29368      0.24790874       1.0175728       3.1093694     -0.30652516      -0.30652516       367.20041             367.20041
  1.4562153e-74       178.32789      0.24349769      0.94362609       3.1648633     -0.30652516      -0.30652516       357.26883             357.26883
   6.913784e-74       176.73944      0.26722964      0.94890463       3.0433157     -0.30652516      -0.30652516       354.09194             354.09194
  2.3816898e-71       170.86662       0.2699479      0.97877353         2.99264     -0.30652516      -0.30652516        342.3463              342.3463
  1.3194764e-68       164.51867      0.25513021        0.923393       3.1163541     -0.30652516      -0.30652516        329.6504              329.6504
  1.1712622e-67       162.30447      0.25930237      0.92499535        3.093349     -0.30652516      -0.30652516       325.22199             325.22199
  3.4415357e-67       161.19586      0.26106684      0.93036582       3.0717977     -0.30652516      -0.30652516       323.00477             323.00477
  5.4512275e-67       160.70517      0.24739666       1.0079581       3.1025861     -0.30652516      -0.30652516       322.02338             322.02338
  1.7439763e-66       159.51148      0.24316902      0.97035535        3.148908     -0.30652516      -0.30652516       319.63602             319.63602
  1.2735097e-65       157.49252      0.24114202      0.98381501        3.169051     -0.30652516      -0.30652516       315.59809             315.59809
  9.8285288e-64       153.11565      0.26076275       1.0233783       3.0250851     -0.30652516      -0.30652516       306.84435             306.84435
  1.7685627e-59       143.28707      0.26608161       1.0072899       3.0105438     -0.30652516      -0.30652516        287.1872              287.1872
  2.2592088e-58       140.70887      0.24902973      0.93222861       3.1438979     -0.30652516      -0.30652516       282.03079             282.03079
   3.965127e-58       140.11557      0.25846725        1.021278       3.0352027     -0.30652516      -0.30652516        280.8442              280.8442
  1.0568927e-56       136.80184      0.24367868      0.94668852       3.1679965     -0.30652516      -0.30652516       274.21672             274.21672
  4.1281462e-55       133.10598      0.25663745      0.94828627       3.1032456     -0.30652516      -0.30652516       266.82502             266.82502
  8.5835977e-55       132.34319      0.26895844      0.99936245       2.9919815     -0.30652516      -0.30652516       265.29943             265.29943
  1.4133376e-54       131.81373      0.24737141       1.0015398       3.1232343     -0.30652516      -0.30652516       264.24051             264.24051
  1.3422135e-53       129.53201      0.24644513      0.94171943       3.1578383     -0.30652516      -0.30652516       259.67707             259.67707
  8.2900944e-52       125.37791      0.24857979      0.94126937       3.1478421     -0.30652516      -0.30652516       251.36887             251.36887
  1.9757807e-50       122.17607      0.25489831      0.93599028       3.1028596     -0.30652516      -0.30652516       244.96518             244.96518
  7.0944212e-48       116.26178      0.24407575      0.96584193       3.1488691     -0.30652516      -0.30652516       233.13661             233.13661
  2.6812751e-47       114.90144      0.25710989      0.93151748        3.098698     -0.30652516      -0.30652516       230.41593             230.41593
  1.0639884e-46       113.49235      0.26938948      0.97672282       3.0018656     -0.30652516      -0.30652516       227.59775             227.59775
  2.6108043e-46       112.56394      0.26171538      0.95716159       3.0494012     -0.30652516      -0.30652516       225.74094             225.74094
  3.5057554e-46       112.23842      0.25490676       1.0181757       3.0613864     -0.30652516      -0.30652516        225.0899              225.0899
  1.5429222e-45        110.7258      0.25779277      0.97581079        3.058299     -0.30652516      -0.30652516       222.06464             222.06464
  8.1502135e-45       109.03066      0.24203841      0.97591372       3.1610157     -0.30652516      -0.30652516       218.67437             218.67437
  1.2644592e-44        108.5607      0.25774912       1.0170603       3.0463301     -0.30652516      -0.30652516       217.73445             217.73445
  3.8651026e-44       107.41259      0.25807888       1.0167568       3.0428896     -0.30652516      -0.30652516       215.43822             215.43822
  4.4939179e-44       107.23108      0.25159572      0.98650041       3.0884676     -0.30652516      -0.30652516       215.07521             215.07521
  1.3664142e-43       106.08826      0.26533861      0.98664939       3.0297571     -0.30652516      -0.30652516       212.78956             212.78956
  1.2322949e-42       103.85821      0.25582331       0.9713404       3.0955159     -0.30652516      -0.30652516       208.32947             208.32947
  1.2229501e-41       101.53247       0.2617056      0.97911022       3.0566842     -0.30652516      -0.30652516       203.67798             203.67798
  2.0348962e-41       100.99252      0.25664176         0.93505       3.1021203     -0.30652516      -0.30652516       202.59808             202.59808
  2.7742817e-40       98.349212      0.25736691      0.96158384        3.070285     -0.30652516      -0.30652516       197.31147             197.31147
  3.2177358e-40       98.170154      0.25649725      0.96804351       3.0709194     -0.30652516      -0.30652516       196.95336             196.95336
  2.0741859e-39       96.275906       0.2634593      0.96953827       3.0334555     -0.30652516      -0.30652516       193.16486             193.16486
  4.5811708e-39       95.452749      0.26557597        0.979617       3.0321896     -0.30652516      -0.30652516       191.51855             191.51855
  9.4872452e-39       94.693984      0.25499982      0.98885303       3.0678966     -0.30652516      -0.30652516       190.00102             190.00102
   2.731395e-38       93.605763      0.24777078      0.94546756        3.143156     -0.30652516      -0.30652516       187.82458             187.82458
  3.7595554e-38       93.255503      0.26162776       1.0045824       3.0258603     -0.30652516      -0.30652516       187.12406             187.12406
  1.0328812e-35       87.608924      0.25300585       1.0083375        3.073315     -0.30652516      -0.30652516        175.8309              175.8309
  6.5738584e-33       81.122234      0.26225677        1.006151       3.0262421     -0.30652516      -0.30652516       162.85752             162.85752
  9.7421604e-32       78.395515      0.24527735      0.98416922       3.1416659     -0.30652516      -0.30652516       157.40408             157.40408
  1.8432843e-31       77.727072      0.25610406      0.95523904       3.0999568     -0.30652516      -0.30652516       156.06719             156.06719
   3.738958e-31       76.989043      0.25114115      0.95970981       3.1254243     -0.30652516      -0.30652516       154.59114             154.59114
  3.0207556e-30       74.868986      0.25557269       0.9866242       3.0857336     -0.30652516      -0.30652516       150.35102             150.35102
  6.5424021e-30       74.065417      0.25649274      0.98906635       3.0786976     -0.30652516      -0.30652516       148.74388             148.74388
  6.4795208e-30       74.044303      0.25004783      0.95082621       3.1236436     -0.30652516      -0.30652516       148.70166             148.70166
  3.0856187e-28       70.150255      0.25930365       1.0069689       3.0411574     -0.30652516      -0.30652516       140.91356             140.91356
  3.6085975e-27       67.660332      0.26261027      0.97022426       3.0539541     -0.30652516      -0.30652516       135.93371             135.93371
  1.7268003e-26       66.064024      0.26641315      0.96795895       3.0263154     -0.30652516      -0.30652516        132.7411              132.7411
  8.3309256e-26       64.459548      0.25945097      0.96043547       3.0623455     -0.30652516      -0.30652516       129.53215             129.53215
  9.7612084e-26       64.270335      0.25048079       1.0034738        3.096435     -0.30652516      -0.30652516       129.15372             129.15372
  1.8905954e-25       63.578502       0.2567929      0.99990901       3.0672665     -0.30652516      -0.30652516       127.77005             127.77005
  3.2444018e-25       63.007691      0.24700343      0.97142137       3.1397963     -0.30652516      -0.30652516       126.62843             126.62843
  4.8247658e-25       62.580088      0.25677014      0.94676418       3.0968398     -0.30652516      -0.30652516       125.77323             125.77323
   5.151718e-24       60.181164      0.24726407      0.97878487       3.1340954     -0.30652516      -0.30652516       120.97538             120.97538
  7.5609356e-24       59.766727      0.25101457        1.001109        3.091073     -0.30652516      -0.30652516       120.14651             120.14651
  2.2256458e-22       56.353733      0.24613998      0.96898708       3.1400534     -0.30652516      -0.30652516       113.32052             113.32052
  4.7620654e-22       55.562327      0.24696577      0.98887465       3.1239559     -0.30652516      -0.30652516        111.7377              111.7377
  1.6197723e-21       54.307366      0.25683752      0.95797353       3.0791033     -0.30652516      -0.30652516       109.22778             109.22778
  1.6480145e-19       49.654139      0.24679123      0.96997394        3.138699     -0.30652516      -0.30652516       99.921328             99.921328
  9.1721091e-19       47.906771      0.26354409      0.98771319       3.0335021     -0.30652516      -0.30652516       96.426593             96.426593
  9.6901416e-19       47.821058      0.25799413       1.0019587       3.0519622     -0.30652516      -0.30652516       96.255166             96.255166
  1.0899952e-18       47.672637      0.25121471      0.98467481       3.1089747     -0.30652516      -0.30652516       95.958324             95.958324
   3.068619e-18       46.606811      0.25441698      0.97124403       3.0996501     -0.30652516      -0.30652516       93.826672             93.826672
  3.3446216e-18       46.489913      0.25150746      0.95845992       3.1109737     -0.30652516      -0.30652516       93.592877             93.592877
  1.1697918e-17       45.207084      0.25585601      0.96459692       3.0947564     -0.30652516      -0.30652516       91.027219             91.027219
  4.2199165e-17       43.893323      0.25571653      0.96108885       3.0969238     -0.30652516      -0.30652516       88.399696             88.399696
  8.2789078e-17       43.188656      0.25282862      0.98844466        3.097105     -0.30652516      -0.30652516       86.990362             86.990362
  1.0086088e-16       42.960438      0.25172334      0.97765618       3.1103951     -0.30652516      -0.30652516       86.533926             86.533926
  2.2256692e-15       39.835596      0.25118054      0.98375737        3.097795     -0.30652516      -0.30652516       80.284242             80.284242
   1.271635e-14       38.061993      0.25307065       0.9982915       3.0853404     -0.30652516      -0.30652516       76.737036             76.737036
  1.2456497e-14       38.051868        0.256323      0.99964331       3.0628887     -0.30652516      -0.30652516       76.716785             76.716785
  4.2904667e-14       36.784358      0.25195427      0.99664135       3.0924145     -0.30652516      -0.30652516       74.181766             74.181766
  1.1739736e-13       35.747002      0.26164797       0.9624483       3.0595616     -0.30652516      -0.30652516       72.107055             72.107055
  3.0022409e-13       34.777266      0.25782853      0.98383624       3.0712883     -0.30652516      -0.30652516       70.167582             70.167582
  1.0538975e-12       33.490773      0.25153007      0.96252764       3.1093457     -0.30652516      -0.30652516       67.594596             67.594596
   1.535396e-12       33.083708      0.25928605      0.98749574       3.0502645     -0.30652516      -0.30652516       66.780466             66.780466
  3.2498896e-12       32.303104      0.25481421      0.96739791       3.0859487     -0.30652516      -0.30652516       65.219258             65.219258
  2.4186665e-11       30.265152      0.25804883      0.97300975        3.076369     -0.30652516      -0.30652516       61.143353             61.143353
  2.8834588e-11       30.058606      0.25973015      0.95798831       3.0719451     -0.30652516      -0.30652516       60.730262             60.730262
  5.3440596e-11       29.410839      0.25435335      0.99415967       3.0818085     -0.30652516      -0.30652516       59.434728             59.434728
  5.9526199e-11       29.272222      0.24911975      0.96668928       3.1251578     -0.30652516      -0.30652516       59.157493             59.157493
  1.3132705e-10       28.450176      0.25726168      0.99155978       3.0676011     -0.30652516      -0.30652516       57.513402             57.513402
   1.383941e-10       28.366989       0.2508562      0.98467989       3.1011639     -0.30652516      -0.30652516       57.347029             57.347029
   2.609172e-10        27.70212        0.258543      0.96670069       3.0664309     -0.30652516      -0.30652516        56.01729              56.01729
  4.2229095e-10       27.189857      0.25184545      0.96025074       3.1155739     -0.30652516      -0.30652516       54.992764             54.992764
  7.3139748e-10       26.609823      0.25898856      0.99314649       3.0541967     -0.30652516      -0.30652516       53.832696             53.832696
  7.9561244e-10       26.494896      0.25924537      0.99130633       3.0506986     -0.30652516      -0.30652516       53.602842             53.602842
  7.8361799e-10       26.479315      0.25732144      0.95722998       3.0863886     -0.30652516      -0.30652516        53.57168              53.57168
   1.148998e-09       26.065819      0.25650077      0.96004137       3.0827441     -0.30652516      -0.30652516       52.744689             52.744689
  2.0658424e-09         25.4484      0.25652787      0.95651378       3.0908391     -0.30652516      -0.30652516        51.50985              51.50985
  2.0162303e-09       25.441937      0.25150548      0.96571868       3.1154777     -0.30652516      -0.30652516       51.496923             51.496923
  1.9589987e-09       25.439961      0.24939839      0.98074247       3.1167479     -0.30652516      -0.30652516       51.492972             51.492972
  2.0474821e-09       25.365012      0.25641872      0.98612531       3.0671241     -0.30652516      -0.30652516       51.343074             51.343074
  1.1725768e-08       23.589062      0.24970405      0.97694373       3.1139327     -0.30652516      -0.30652516       47.791175             47.791175
    2.23405e-08       22.913678      0.26107035      0.96700702       3.0552118     -0.30652516      -0.30652516       46.440407             46.440407
  2.6058944e-08       22.728947      0.25407973      0.96663848        3.101281     -0.30652516      -0.30652516       46.070944             46.070944
   2.845708e-08       22.610139      0.25745586      0.95897046       3.0845024     -0.30652516      -0.30652516       45.833329             45.833329
   4.160381e-08       22.199573      0.25114805      0.97350433       3.1131707     -0.30652516      -0.30652516       45.012196             45.012196
  4.2117458e-08       22.156531      0.25462172      0.99120771       3.0818902     -0.30652516      -0.30652516       44.926111             44.926111
  4.1863755e-08       22.131801      0.25887812      0.99009379       3.0537457     -0.30652516      -0.30652516       44.876652             44.876652
  7.9075431e-08       21.465047      0.25317275      0.98951143       3.0911291     -0.30652516      -0.30652516       43.543145             43.543145
  8.0023575e-08       21.422357      0.26004917      0.97129685       3.0638738     -0.30652516      -0.30652516       43.457764             43.457764
  1.0649503e-07       21.105808      0.25128818      0.96403708       3.1123816     -0.30652516      -0.30652516       42.824666             42.824666
  2.6705035e-07       20.155697      0.25856361       0.9733103       3.0629681     -0.30652516      -0.30652516       40.924445             40.924445
  2.6694871e-07       20.125306      0.26100483      0.97141118       3.0570505     -0.30652516      -0.30652516       40.863663             40.863663
  2.7703949e-07       20.057431      0.26105307      0.98303265       3.0474483     -0.30652516      -0.30652516       40.727913             40.727913
  3.2253753e-07         19.8746      0.25566771      0.97108793        3.089962     -0.30652516      -0.30652516       40.362251             40.362251
  3.7565802e-07       19.691369      0.24998591       0.9736049       3.1173457     -0.30652516      -0.30652516       39.995788             39.995788
  4.2084652e-07       19.547008      0.25089379      0.97674855       3.1062545     -0.30652516      -0.30652516       39.707067             39.707067
  6.3770678e-07       19.100626      0.26038422      0.96794399       3.0625865     -0.30652516      -0.30652516       38.814302             38.814302
  6.8222971e-07       19.002367      0.25205661      0.96863364       3.1036956     -0.30652516      -0.30652516       38.617784             38.617784
  6.6169828e-07       19.002152      0.25861481      0.96388027       3.0755381     -0.30652516      -0.30652516       38.617354             38.617354
  6.8239442e-07       18.940582      0.25443633      0.98791492       3.0789108     -0.30652516      -0.30652516       38.494214             38.494214
  8.1065052e-07       18.737581       0.2552753      0.97922463       3.0777375     -0.30652516      -0.30652516       38.088212             38.088212
  1.0552379e-06       18.443125      0.25877915      0.96860807       3.0652756     -0.30652516      -0.30652516         37.4993               37.4993
  2.0121897e-06       17.766896      0.25304887      0.98444886       3.0888442     -0.30652516      -0.30652516       36.146842             36.146842
  2.3567459e-06       17.578066       0.2574818      0.98398795       3.0709344     -0.30652516      -0.30652516       35.769182             35.769182
   3.001641e-06       17.305417      0.26110483      0.97309993       3.0525011     -0.30652516      -0.30652516       35.223884             35.223884
  5.2517094e-06       16.715251      0.25286307      0.98327573       3.0906805     -0.30652516      -0.30652516       34.043552             34.043552
  6.3732879e-06       16.490917      0.25681723      0.96773479        3.076477     -0.30652516      -0.30652516       33.594885             33.594885
  6.3684573e-06       16.460904      0.25710023      0.95951447       3.0844799     -0.30652516      -0.30652516       33.534858             33.534858
   6.355972e-06       16.432095      0.26067368      0.97588827       3.0523733     -0.30652516      -0.30652516        33.47724              33.47724
   7.830094e-06       16.192743      0.25826155      0.96616351       3.0701471     -0.30652516      -0.30652516       32.998537             32.998537
  1.9628638e-05       15.242957      0.25830175      0.97487074       3.0641482     -0.30652516      -0.30652516       31.098963             31.098963
  2.4236702e-05       15.001306      0.25332935      0.96152349       3.1044976     -0.30652516      -0.30652516       30.615663             30.615663
  3.4265576e-05       14.624262      0.25880302      0.96530308        3.072818     -0.30652516      -0.30652516       29.861574             29.861574
  5.1260451e-05       14.190712      0.26024301       0.9808289       3.0543004     -0.30652516      -0.30652516       28.994474             28.994474
  8.1070784e-05       13.701537      0.25999122       0.9685406       3.0613286     -0.30652516      -0.30652516       28.016124             28.016124
  9.9417112e-05       13.466764      0.25931222       0.9777842       3.0632471     -0.30652516      -0.30652516       27.546578             27.546578
  0.00018003715       12.842153      0.25330153      0.96723063        3.098034     -0.30652516      -0.30652516       26.297356             26.297356
  0.00019574181       12.727748      0.25160123      0.97043327       3.1071604     -0.30652516      -0.30652516       26.068546             26.068546
  0.00022179507       12.572019      0.25396605      0.97897247       3.0937239     -0.30652516      -0.30652516       25.757088             25.757088
  0.00021755643       12.560543      0.25478358      0.96133777        3.094954     -0.30652516      -0.30652516       25.734136             25.734136
  0.00033336935       12.102979      0.25737351      0.98813926       3.0655728     -0.30652516      -0.30652516       24.819007             24.819007
  0.00051430687       11.638638         0.25197      0.97294362       3.1030012     -0.30652516      -0.30652516       23.890326             23.890326
  0.00054671307       11.546762      0.25541213       0.9829622         3.07638     -0.30652516      -0.30652516       23.706575             23.706575
  0.00059596549       11.429732       0.2598793      0.97923446       3.0559055     -0.30652516      -0.30652516       23.472514             23.472514
   0.0016117056       10.404095      0.25542314      0.96420273       3.0923486     -0.30652516      -0.30652516        21.42124              21.42124
   0.0017575378       10.286702      0.25210118      0.97529762       3.1049405     -0.30652516      -0.30652516       21.186455             21.186455
   0.0025574335       9.8808401      0.25588604      0.97538281       3.0777564     -0.30652516      -0.30652516       20.374731             20.374731
   0.0036240489       9.5014808      0.25440773      0.98527701       3.0821904     -0.30652516      -0.30652516       19.616012             19.616012
   0.0039939354        9.373524      0.25344745      0.97201779       3.0944186     -0.30652516      -0.30652516       19.360098             19.360098
   0.0046383331       9.1931743      0.25517491      0.98337297       3.0831353     -0.30652516      -0.30652516       18.999399             18.999399
   0.0064078493        8.839234      0.25184277      0.97764406       3.1028562     -0.30652516      -0.30652516       18.291518             18.291518
   0.0076797091       8.6274044      0.25496788      0.96529261        3.090635     -0.30652516      -0.30652516       17.867859             17.867859
   0.0074896033       8.6216986      0.25897039      0.98123524       3.0602309     -0.30652516      -0.30652516       17.856447             17.856447
   0.0073489627       8.6098836      0.25842643       0.9833285       3.0619967     -0.30652516      -0.30652516       17.832817             17.832817
   0.0073723864       8.5759296      0.25210195      0.97373253       3.1050705     -0.30652516      -0.30652516        17.76491              17.76491
   0.0085296296       8.3993535      0.25734365      0.96469035       3.0796807     -0.30652516      -0.30652516       17.411757             17.411757
    0.011897228       8.0358223      0.25899737      0.97857068       3.0608061     -0.30652516      -0.30652516       16.684695             16.684695
     0.01473605       7.7910592      0.25281767      0.98145565       3.0962239     -0.30652516      -0.30652516       16.195169             16.195169
    0.021924042       7.3630006      0.25472729      0.97718298       3.0897261     -0.30652516      -0.30652516       15.339052             15.339052
    0.023196662       7.2758044      0.25817155        0.974301        3.066902     -0.30652516      -0.30652516       15.164659             15.164659
    0.024935575       7.1727456      0.25242621      0.97347744       3.1011142     -0.30652516      -0.30652516       14.958542             14.958542
    0.027908372       7.0293427      0.25711788      0.96566314       3.0806065     -0.30652516      -0.30652516       14.671736             14.671736
    0.027123873       7.0270836      0.25306389      0.97006651       3.0991272     -0.30652516      -0.30652516       14.667217             14.667217
    0.031397903       6.8499851      0.25811872      0.97829557       3.0688293     -0.30652516      -0.30652516        14.31302              14.31302
    0.030933982       6.8340992      0.25683305      0.98353218       3.0725595     -0.30652516      -0.30652516       14.281249             14.281249
    0.034687392       6.6888065      0.25434703      0.98118267       3.0845846     -0.30652516      -0.30652516       13.990663             13.990663
    0.040312261       6.5077555      0.25442895      0.96615351       3.0957348     -0.30652516      -0.30652516       13.628561             13.628561
    0.045095864        6.364849      0.25337243      0.96872524       3.1003951     -0.30652516      -0.30652516       13.342748             13.342748
    0.044284853       6.3522252      0.25478427       0.9673194       3.0906273     -0.30652516      -0.30652516       13.317501             13.317501
    0.048546258       6.2295791      0.25642231      0.96546015       3.0837127     -0.30652516      -0.30652516       13.072208             13.072208
    0.055483937        6.065231      0.25804078      0.97937265       3.0682121     -0.30652516      -0.30652516       12.743512             12.743512
    0.064965614       5.8766948      0.25400077      0.96864297       3.0973331     -0.30652516      -0.30652516        12.36644              12.36644
    0.069383075       5.7801383      0.25855707      0.97575405       3.0649673     -0.30652516      -0.30652516       12.173327             12.173327
    0.069190461       5.7521466       0.2572126      0.98003717       3.0691778     -0.30652516      -0.30652516       12.117343             12.117343
    0.077930932        5.602415      0.25358488      0.98192639       3.0900523     -0.30652516      -0.30652516        11.81788              11.81788
     0.10439819       5.2792539      0.25709409      0.96947878       3.0795352     -0.30652516      -0.30652516       11.171558             11.171558
       0.136936       4.9771809      0.25698607       0.9704829       3.0797387     -0.30652516      -0.30652516       10.567412             10.567412
     0.14340048       4.9002817      0.25600892      0.98381384       3.0753661     -0.30652516      -0.30652516       10.413614             10.413614
     0.14389387       4.8660753      0.25593742      0.98299597       3.0754681     -0.30652516      -0.30652516       10.345201             10.345201
     0.17149822       4.6598067      0.25328654      0.97973944        3.093806     -0.30652516      -0.30652516       9.9326637             9.9326637
     0.18056152       4.5775364      0.25476957      0.96778446       3.0911569     -0.30652516      -0.30652516       9.7681231             9.7681231
     0.20301723       4.4295454      0.25580554      0.97300299       3.0854037     -0.30652516      -0.30652516       9.4721412             9.4721412
     0.19700196       4.4288509      0.25436207      0.97072792       3.0943076     -0.30652516      -0.30652516       9.4707522             9.4707522
     0.19864929       4.3897521      0.25576708      0.96751948       3.0874684     -0.30652516      -0.30652516       9.3925545             9.3925545
     0.20632137       4.3210863      0.25729054      0.97872548       3.0729258     -0.30652516      -0.30652516       9.2552229             9.2552229
     0.22888255       4.1865407      0.25372721      0.97093191       3.0952027     -0.30652516      -0.30652516       8.9861317             8.9861317
     0.22732728       4.1625873      0.25660695       0.9811421       3.0750973     -0.30652516      -0.30652516       8.9382249             8.9382249
     0.25333506       4.0234934      0.25646332      0.98240052       3.0733492     -0.30652516      -0.30652516        8.660037              8.660037
     0.28357358        3.879963      0.25673429      0.98175602       3.0734067     -0.30652516      -0.30652516       8.3729764             8.3729764
      0.2977226       3.8005009      0.25451785      0.97778118       3.0859076     -0.30652516      -0.30652516        8.214052              8.214052
     0.29344442       3.7842031      0.25360336      0.97628567       3.0925949     -0.30652516      -0.30652516       8.1814566             8.1814566
     0.29166176       3.7595249      0.25646178      0.97937157       3.0773393     -0.30652516      -0.30652516       8.1321002             8.1321002
     0.28312799        3.758449      0.25778385       0.9788483        3.068979     -0.30652516      -0.30652516       8.1299483             8.1299483
     0.29013456       3.7032316      0.25490462      0.97869251       3.0831775     -0.30652516      -0.30652516       8.0195135             8.0195135
     0.29657609       3.6505009      0.25405222      0.96949413       3.0952099     -0.30652516      -0.30652516       7.9140521             7.9140521
     0.32611617       3.5247794      0.25406377      0.97240567       3.0947534     -0.30652516      -0.30652516       7.6626091             7.6626091
     0.31994125        3.513124      0.25383545      0.97104497       3.0948183     -0.30652516      -0.30652516       7.6392984             7.6392984
     0.31323554       3.5035343      0.25524533       0.9679704       3.0889543     -0.30652516      -0.30652516        7.620119              7.620119
     0.46260454       3.0828455      0.25495199      0.96913624       3.0909341     -0.30652516      -0.30652516       6.7787414             6.7787414
     0.46729659       3.0419823      0.25541589      0.97790927       3.0807593     -0.30652516      -0.30652516       6.6970149             6.6970149
     0.47353405        2.997951      0.25708911      0.97844515       3.0715906     -0.30652516      -0.30652516       6.6089522             6.6089522
     0.53109323       2.8524655      0.25446754      0.98042478       3.0868746     -0.30652516      -0.30652516       6.3179814             6.3179814
     0.52782987       2.8278575      0.25696202      0.97955915       3.0735136     -0.30652516      -0.30652516       6.2687652             6.2687652
     0.52782808       2.7970892       0.2575099      0.97639274       3.0723694     -0.30652516      -0.30652516       6.2072287             6.2072287
     0.51191012       2.7969391      0.25686936      0.98046814       3.0728086     -0.30652516      -0.30652516       6.2069285             6.2069285
     0.58672558       2.6297593      0.25621353      0.96908144       3.0829484     -0.30652516      -0.30652516       5.8725689             5.8725689
     0.57223019       2.6240035      0.25700087      0.97740942       3.0749794     -0.30652516      -0.30652516       5.8610573             5.8610573
     0.58392391       2.5730025      0.25673136      0.97551407       3.0779187     -0.30652516      -0.30652516       5.7590553             5.7590553
     0.63266172       2.4620656      0.25594679      0.98112467       3.0774848     -0.30652516      -0.30652516       5.5371816             5.5371816
     0.62892982       2.4372102      0.25476003      0.97221822       3.0908055     -0.30652516      -0.30652516       5.4874707             5.4874707
     0.66415944        2.351936      0.25600481      0.97726879       3.0780092     -0.30652516      -0.30652516       5.3169222             5.3169222
     0.64649035       2.3481283      0.25519477      0.98088476       3.0820843     -0.30652516      -0.30652516       5.3093068             5.3093068
     0.65609713        2.302606      0.25668004      0.97268862       3.0771763     -0.30652516      -0.30652516       5.2182624             5.2182624
     0.64931294       2.2822284      0.25500874      0.97020264        3.089947     -0.30652516      -0.30652516       5.1775072             5.1775072
     0.63820792       2.2687074      0.25491313      0.97462279       3.0857885     -0.30652516      -0.30652516       5.1504652             5.1504652
     0.63069069       2.2497843      0.25714972      0.97861063        3.072093     -0.30652516      -0.30652516        5.112619              5.112619
     0.65446629       2.1820082      0.25623326      0.97040293       3.0829743     -0.30652516      -0.30652516       4.9770666             4.9770666
     0.70423918       2.0779385      0.25444771      0.97913522       3.0875987     -0.30652516      -0.30652516       4.7689274             4.7689274
     0.80098834       1.9184385      0.25725393      0.97704165       3.0724397     -0.30652516      -0.30652516       4.4499274             4.4499274
     0.78161212       1.9121547      0.25673214      0.97098803       3.0791363     -0.30652516      -0.30652516       4.4373596             4.4373596
     0.84342596       1.8052695      0.25718138      0.97623176       3.0739737     -0.30652516      -0.30652516       4.2235893             4.2235893
     0.91952258       1.6881153      0.25416014      0.97365715       3.0923827     -0.30652516      -0.30652516        3.989281              3.989281
     0.89243626       1.6872432       0.2565335      0.97638706       3.0781391     -0.30652516      -0.30652516       3.9875367             3.9875367
     0.92557141       1.6200153      0.25653819      0.97732755        3.075555     -0.30652516      -0.30652516        3.853081              3.853081
     0.90915477       1.6071396         0.25488      0.97891202       3.0844766     -0.30652516      -0.30652516       3.8273296             3.8273296
     0.98568677       1.4955447      0.25439442      0.97352885       3.0913733     -0.30652516      -0.30652516       3.6041397             3.6041397
              1       1.4503564      0.25451177      0.97797197       3.0876562     -0.30652516      -0.30652516       3.5137631             3.5137631
     0.99789437       1.4216926      0.25609187      0.97121693       3.0830103     -0.30652516      -0.30652516       3.4564355             3.4564355
     0.98476548       1.4041648      0.25658696      0.97177526       3.0793659     -0.30652516      -0.30652516         3.42138               3.42138
      0.9559646       1.4030758      0.25430487      0.97536674        3.090731     -0.30652516      -0.30652516       3.4192019             3.4192019
     0.96989975       1.3578323      0.25542233      0.97090693       3.0865417     -0.30652516      -0.30652516       3.3287149             3.3287149
       0.948173       1.3497164      0.25501144      0.97408988       3.0860044     -0.30652516      -0.30652516       3.3124831             3.3124831
     0.94793597       1.3191947      0.25499873      0.97214639       3.0888388     -0.30652516      -0.30652516       3.2514398             3.2514398
     0.95466586       1.2813486      0.25602172      0.97732302       3.0803319     -0.30652516      -0.30652516       3.1757476             3.1757476
      0.9426114       1.2632843      0.25478521      0.97830205        3.085867     -0.30652516      -0.30652516       3.1396189             3.1396189
       0.949182       1.2255662      0.25677109      0.97573378       3.0766692     -0.30652516      -0.30652516       3.0641827             3.0641827
      0.9264415       1.2190442      0.25616571      0.97171084       3.0822685     -0.30652516      -0.30652516       3.0511387             3.0511387
     0.91389801       1.2019044      0.25673985      0.97320533       3.0774235     -0.30652516      -0.30652516       3.0168592             3.0168592
     0.88960194       1.1980776       0.2549212      0.97794098       3.0848021     -0.30652516      -0.30652516       3.0092056             3.0092056
     0.86508517       1.1952521      0.25497998      0.97746917       3.0845376     -0.30652516      -0.30652516       3.0035546             3.0035546
     0.84384163       1.1893436      0.25578176      0.97889841       3.0801573     -0.30652516      -0.30652516       2.9917375             2.9917375
     0.85030858       1.1509375      0.25627075      0.97846841       3.0774584     -0.30652516      -0.30652516       2.9149252             2.9149252
     0.82750392       1.1473513      0.25599584      0.97140322       3.0829828     -0.30652516      -0.30652516       2.9077529             2.9077529
     0.81722952       1.1290735      0.25501144      0.97691447       3.0861584     -0.30652516      -0.30652516       2.8711973             2.8711973
     0.79896639       1.1209029      0.25618295       0.9761958       3.0782278     -0.30652516      -0.30652516       2.8548561             2.8548561
     0.77954278       1.1147426      0.25479959      0.97412954       3.0874937     -0.30652516      -0.30652516       2.8425355             2.8425355
     0.76293111       1.1055107      0.25607796      0.97304522        3.080777     -0.30652516      -0.30652516       2.8240718             2.8240718
     0.75915554       1.0797001       0.2565345      0.97341901       3.0782375     -0.30652516      -0.30652516       2.7724506             2.7724506
     0.74636182       1.0659247      0.25556675      0.97202861       3.0856186     -0.30652516      -0.30652516       2.7448997             2.7448997
     0.72868801       1.0591178      0.25503023      0.97475302        3.085662     -0.30652516      -0.30652516        2.731286              2.731286
     0.71265192       1.0505987      0.25445636      0.97510414       3.0896152     -0.30652516      -0.30652516       2.7142478             2.7142478
     0.69805903       1.0405165      0.25498172      0.97592031       3.0853183     -0.30652516      -0.30652516       2.6940834             2.6940834
     0.67874124       1.0378086      0.25605916      0.97182246       3.0826369     -0.30652516      -0.30652516       2.6886674             2.6886674
       0.668739        1.021883      0.25527254      0.97376448       3.0848648     -0.30652516      -0.30652516       2.6568163             2.6568163
     0.67279782      0.98506035      0.25661488       0.9770255       3.0762277     -0.30652516      -0.30652516        2.583171              2.583171
     0.66824585      0.96107741      0.25478569      0.97714978       3.0862626     -0.30652516      -0.30652516       2.5352051             2.5352051
     0.65879971      0.94454234      0.25541564      0.97805428       3.0819622     -0.30652516      -0.30652516        2.502135              2.502135
     0.64161543      0.94020114      0.25649078      0.97673151       3.0775207     -0.30652516      -0.30652516       2.4934526             2.4934526
     0.62500554      0.93565807       0.2556595      0.97297029       3.0832704     -0.30652516      -0.30652516       2.4843665             2.4843665
     0.60965243      0.92975792      0.25670259      0.97552329       3.0768717     -0.30652516      -0.30652516       2.4725662             2.4725662
     0.61614425      0.88839416      0.25581079      0.97396812        3.083401     -0.30652516      -0.30652516       2.3898386             2.3898386
     0.61670412      0.85671424      0.25666413      0.97564609       3.0769079     -0.30652516      -0.30652516       2.3264788             2.3264788
     0.60675638      0.84220458       0.2564948      0.97338005       3.0788733     -0.30652516      -0.30652516       2.2974595             2.2974595
     0.58974793      0.83986508      0.25471174      0.97411459       3.0885274     -0.30652516      -0.30652516       2.2927805             2.2927805
     0.57624243      0.83226017      0.25559462      0.97797848       3.0817894     -0.30652516      -0.30652516       2.2775707             2.2775707
     0.56033982      0.82947355      0.25535965      0.97316009       3.0849686     -0.30652516      -0.30652516       2.2719974             2.2719974
     0.55580351      0.80683048      0.25535148      0.97227643       3.0862721     -0.30652516      -0.30652516       2.2267113             2.2267113
     0.54329858       0.7988146      0.25568223      0.97332531       3.0829838     -0.30652516      -0.30652516       2.2106795             2.2106795
     0.53186672      0.78930906      0.25651692      0.97645536       3.0772463     -0.30652516      -0.30652516       2.1916684             2.1916684
     0.51993791      0.78122092       0.2555348      0.97518323       3.0825885     -0.30652516      -0.30652516       2.1754922             2.1754922
     0.51833647      0.75353409       0.2565009      0.97443976       3.0786915     -0.30652516      -0.30652516       2.1201185             2.1201185
     0.50314482      0.75250898      0.25524806      0.97428527       3.0862602     -0.30652516      -0.30652516       2.1180683             2.1180683
      0.4930033      0.74209948      0.25649029      0.97547758       3.0781778     -0.30652516      -0.30652516       2.0972493             2.0972493
     0.50019375      0.69684817       0.2548944      0.97648011       3.0861338     -0.30652516      -0.30652516       2.0067467             2.0067467
     0.49424349      0.67804374      0.25537042      0.97530917       3.0849826     -0.30652516      -0.30652516       1.9691378             1.9691378
     0.48145615      0.67348523      0.25647874      0.97505516       3.0783794     -0.30652516      -0.30652516       1.9600208             1.9600208
     0.47013839      0.66650162      0.25527171       0.9774978       3.0834835     -0.30652516      -0.30652516       1.9460536             1.9460536
     0.45814053      0.66158108      0.25616666       0.9730195       3.0811056     -0.30652516      -0.30652516       1.9362125             1.9362125
     0.44616654      0.65729311      0.25616663      0.97720451        3.078659     -0.30652516      -0.30652516       1.9276365             1.9276365
     0.44845959      0.62139517      0.25594978      0.97558288       3.0814634     -0.30652516      -0.30652516       1.8558407             1.8558407
     0.43587909      0.61907719       0.2554787      0.97272068       3.0851541     -0.30652516      -0.30652516       1.8512047             1.8512047
       0.428387      0.60564344      0.25509498      0.97635023       3.0855891     -0.30652516      -0.30652516       1.8243372             1.8243372
     0.42259682      0.58848019      0.25627969      0.97485032       3.0789985     -0.30652516      -0.30652516       1.7900107             1.7900107
      0.4111566      0.58515296      0.25581372      0.97459327       3.0815475     -0.30652516      -0.30652516       1.7833562             1.7833562
     0.40153095      0.57807083      0.25620318      0.97361444       3.0803666     -0.30652516      -0.30652516        1.769192              1.769192
     0.38967244       0.5772773      0.25620719      0.97375916       3.0801917     -0.30652516      -0.30652516       1.7676049             1.7676049
     0.37796409      0.57701295      0.25509302        0.973883       3.0864164     -0.30652516      -0.30652516       1.7670762             1.7670762
     0.36702719      0.57560456      0.25631011      0.97466774       3.0790126     -0.30652516      -0.30652516       1.7642594             1.7642594
     0.36139795      0.56028911      0.25632917      0.97596955       3.0785745     -0.30652516      -0.30652516       1.7336285             1.7336285
     0.35091678      0.55894807      0.25572003      0.97691484       3.0809621     -0.30652516      -0.30652516       1.7309465             1.7309465
     0.35598997      0.54459461      0.25611272      0.97646865       3.0796829     -0.30652516      -0.30652516       1.7022395             1.7022395
      0.3560114       0.5445344      0.25551109      0.97303112       3.0846607     -0.30652516      -0.30652516       1.7021191             1.7021191
     0.35825992      0.53823839      0.25588954      0.97608235       3.0803619     -0.30652516      -0.30652516       1.6895271             1.6895271
     0.35861529      0.53724697      0.25535948      0.97375392       3.0856457     -0.30652516      -0.30652516       1.6875443             1.6875443
     0.36169877      0.52868542      0.25508865      0.97620425       3.0855699     -0.30652516      -0.30652516       1.6704212             1.6704212
     0.36326517      0.52436409      0.25602018      0.97403209       3.0817427     -0.30652516      -0.30652516       1.6617785             1.6617785
     0.37143103      0.50213396      0.25523914      0.97663303       3.0844284     -0.30652516      -0.30652516       1.6173182             1.6173182
     0.37821666      0.48402996      0.25582101      0.97573293       3.0809629     -0.30652516      -0.30652516       1.5811102             1.5811102
     0.38118478      0.47621291      0.25620165      0.97415465       3.0802936     -0.30652516      -0.30652516       1.5654761             1.5654761
     0.38187879       0.4743939      0.25587377      0.97509367       3.0820519     -0.30652516      -0.30652516       1.5618381             1.5618381
     0.38382189      0.46931855      0.25570331      0.97343934       3.0832343     -0.30652516      -0.30652516       1.5516874             1.5516874
     0.38563989      0.46459315      0.25553505      0.97685205       3.0826343     -0.30652516      -0.30652516       1.5422366             1.5422366
     0.39031025      0.45255522      0.25536625      0.97385816       3.0848719     -0.30652516      -0.30652516       1.5181608             1.5181608
     0.39440209      0.44212624       0.2554689      0.97374824       3.0843547     -0.30652516      -0.30652516       1.4973028             1.4973028
     0.39872549      0.43122397      0.25616365      0.97582152       3.0795669     -0.30652516      -0.30652516       1.4754983             1.4754983
     0.39894007      0.43068596      0.25620665      0.97546159       3.0795023     -0.30652516      -0.30652516       1.4744222             1.4744222
     0.40264025      0.42145367       0.2561731       0.9756114       3.0794547     -0.30652516      -0.30652516       1.4559577             1.4559577
     0.40507995      0.41541271      0.25537479      0.97395823       3.0852612     -0.30652516      -0.30652516       1.4438757             1.4438757
     0.40576484      0.41372338      0.25522124       0.9759962       3.0848723     -0.30652516      -0.30652516       1.4404971             1.4404971
     0.40686778      0.41100889      0.25588792      0.97658106       3.0805235     -0.30652516      -0.30652516       1.4350681             1.4350681
     0.40691034       0.4109043      0.25598678      0.97384326       3.0816252     -0.30652516      -0.30652516       1.4348589             1.4348589
     0.40962803      0.40424767      0.25602917      0.97622341       3.0800635     -0.30652516      -0.30652516       1.4215457             1.4215457
     0.41684694      0.38677804      0.25600533      0.97453422       3.0808789     -0.30652516      -0.30652516       1.3866064             1.3866064
     0.41871743      0.38230085       0.2556643      0.97564987       3.0827942     -0.30652516      -0.30652516        1.377652              1.377652
     0.42068202       0.3776199      0.25546198       0.9758297       3.0831301     -0.30652516      -0.30652516       1.3682901             1.3682901
     0.42729462      0.36202341       0.2559137      0.97485988       3.0811527     -0.30652516      -0.30652516       1.3370971             1.3370971
     0.43148303      0.35226899      0.25590633      0.97409808       3.0819966     -0.30652516      -0.30652516       1.3175883             1.3175883
     0.44737238      0.31610585      0.25540293      0.97445593       3.0845269     -0.30652516      -0.30652516        1.245262              1.245262
     0.45979207      0.28872279      0.25567213      0.97566202       3.0821908     -0.30652516      -0.30652516       1.1904959             1.1904959
     0.46252754      0.28279106      0.25547056      0.97550103        3.083689     -0.30652516      -0.30652516       1.1786324             1.1786324
     0.47125565      0.26409644      0.25570393       0.9751729       3.0825812     -0.30652516      -0.30652516       1.1412432             1.1412432
