#        weight    minuslogpost         omega_c             n_s            lnas            m_nu   minuslogprior minuslogprior__0            chi2 chi2__likelihood_CAMB
 8.8931816e-323       753.23754      0.28794214      0.99580643       2.9505014      0.16717188     -0.52966871      -0.52966871       1507.5344             1507.5344
 5.0363476e-312       728.44296      0.28478642      0.99015548       3.0182073       0.2782816     -0.52966871      -0.52966871       1457.9453             1457.9453
 5.5204658e-309       721.40706      0.28099415      0.94787966        2.982319      0.11079261     -0.52966871      -0.52966871       1443.8734             1443.8734
 2.0962633e-297       694.70797      0.22823262      0.99675058       3.2425143     0.080545027     -0.52966871      -0.52966871       1390.4753             1390.4753
 2.3983738e-294       687.62921      0.26048667       1.0145448       3.1241009      0.17141693     -0.52966871      -0.52966871       1376.3178             1376.3178
 3.9320918e-290       677.88813      0.27642606       1.0549443        2.970539      0.17273579     -0.52966871      -0.52966871       1356.8356             1356.8356
 1.6219903e-305       714.05298      0.24463046       1.1489845       3.2907552      0.67627707     -0.52966871      -0.52966871       1429.1653             1429.1653
 3.8681649e-297       694.35771      0.27687436       1.1047621       3.1232177      0.67420933     -0.52966871      -0.52966871       1389.7748             1389.7748
 3.8297526e-289       675.94701      0.22715898        1.130925       3.4396479      0.69596069     -0.52966871      -0.52966871       1352.9534             1352.9534
 9.1136885e-287        670.1034      0.28435838       1.0027594       2.9905879      0.22757731     -0.52966871      -0.52966871       1341.2661             1341.2661
 2.9691132e-284       664.28079      0.23551151       1.0367711       3.3768356      0.43576188     -0.52966871      -0.52966871       1329.6209             1329.6209
 1.0806829e-280       656.04475      0.25291913       1.0802445       3.1172702      0.18590438     -0.52966871      -0.52966871       1313.1488             1313.1488
 1.8471298e-273       639.35425      0.24034461      0.91080937       3.2810776      0.15328354     -0.52966871      -0.52966871       1279.7678             1279.7678
 4.6678794e-265       619.97013      0.26562021      0.95738882       3.0710342      0.15619221     -0.52966871      -0.52966871       1240.9996             1240.9996
 2.2248866e-260       609.16183        0.220048       1.0566999       3.4464128      0.44401306     -0.52966871      -0.52966871        1219.383              1219.383
 3.2906891e-260       608.73407      0.28229775       1.0193519       3.0105944       0.2582647     -0.52966871      -0.52966871       1218.5275             1218.5275
 6.4839602e-256       598.80913      0.26293511      0.88195923       3.1193498     0.069912862     -0.52966871      -0.52966871       1198.6776             1198.6776
 5.1602579e-249       582.88301      0.26796529      0.90906551        3.121455      0.16326028     -0.52966871      -0.52966871       1166.8254             1166.8254
 1.6373125e-245        574.8206      0.24610537      0.96317039       3.2177253      0.24062665     -0.52966871      -0.52966871       1150.7005             1150.7005
 7.4200796e-241       564.06139      0.24758508       1.0725148       3.2765152      0.44909235     -0.52966871      -0.52966871       1129.1821             1129.1821
 7.3553819e-239       559.42724      0.24454151      0.99737583       3.3200847      0.38594677     -0.52966871      -0.52966871       1119.9138             1119.9138
 6.1203648e-238       557.30846      0.28277297      0.99035007       2.9973402      0.18754154     -0.52966871      -0.52966871       1115.6763             1115.6763
 5.4875899e-233       545.86545      0.24419477       1.0477767       3.2714258      0.34081222     -0.52966871      -0.52966871       1092.7902             1092.7902
  9.588641e-219       513.03195      0.22328052        1.004126       3.4792166      0.48303454     -0.52966871      -0.52966871       1027.1232             1027.1232
 9.5855758e-218       510.69046      0.24862977       1.0470213       3.1524306      0.23219957     -0.52966871      -0.52966871       1022.4403             1022.4403
 4.6227456e-215       504.47275      0.22943417      0.98979254       3.2716272     0.081302963     -0.52966871      -0.52966871       1010.0048             1010.0048
 3.8227233e-203       476.99254      0.26145264      0.93111889       3.0801233     0.081923851     -0.52966871      -0.52966871       955.04441             955.04441
 1.9301186e-200       470.72894      0.24977821       1.0205282       3.2948244      0.56648619     -0.52966871      -0.52966871       942.51723             942.51723
 7.2877199e-195       457.88741      0.26353599       1.0347208       3.0214055     0.031705881     -0.52966871      -0.52966871       916.83416             916.83416
 2.9234835e-189       444.98531      0.26796561      0.93105116       3.1280839      0.22157089     -0.52966871      -0.52966871       891.02996             891.02996
 2.3758244e-183       431.33467       0.2273194      0.96972139       3.3141661      0.16356473     -0.52966871      -0.52966871       863.72869             863.72869
 2.0273434e-159       376.14787      0.24894505       1.0692972       3.1804025      0.26564685     -0.52966871      -0.52966871       753.35508             753.35508
 2.0435684e-159        376.1399       0.2594621      0.96714113        3.110533      0.16994354     -0.52966871      -0.52966871       753.33913             753.33913
 2.1588889e-154       364.52952      0.25290078      0.96172416       3.2069377      0.20567729     -0.52966871      -0.52966871       730.11837             730.11837
  1.956537e-145       343.86211      0.23634168       1.0026535       3.2566276      0.22227137     -0.52966871      -0.52966871       688.78356             688.78356
 1.0040487e-135       321.42001      0.24647361       1.0312766       3.2002878      0.20335656     -0.52966871      -0.52966871       643.89936             643.89936
  7.144105e-135       319.41694      0.25238254      0.92495867       3.2184551      0.22282696     -0.52966871      -0.52966871       639.89322             639.89322
 1.8130527e-134       318.44481        0.249439      0.95612412       3.2838171      0.39014934     -0.52966871      -0.52966871       637.94896             637.94896
 3.1961729e-131       310.89007      0.25666847       1.0334747       3.1073784      0.20742784     -0.52966871      -0.52966871       622.83948             622.83948
 1.0878999e-129       307.32339      0.26886861      0.92934354       3.0614243     0.059718919     -0.52966871      -0.52966871       615.70611             615.70611
 2.3254527e-118       281.19606      0.26922846       0.9784133       3.1070253      0.26586118     -0.52966871      -0.52966871       563.45146             563.45146
 3.0584275e-118       280.92208      0.25127022      0.97811957       3.1794327      0.14547076     -0.52966871      -0.52966871       562.90349             562.90349
 1.0930728e-188        444.0973      0.23163719       1.0747611       3.4638448      0.78550002     -0.52966871      -0.52966871       889.25394             889.25394
 6.7698849e-178       419.24796      0.24146385       1.0644841        3.393634      0.65034606     -0.52966871      -0.52966871       839.55526             839.55526
 3.3481094e-162       383.11069       0.2671553       1.0581662       3.2509479      0.77184651     -0.52966871      -0.52966871       767.28071             767.28071
 8.7227701e-154       363.41401        0.257388       1.0536257       3.3201547        0.743115     -0.52966871      -0.52966871       727.88736             727.88736
 1.6659366e-138        328.2282      0.25146546       1.0595753        3.291678      0.64911103     -0.52966871      -0.52966871       657.51574             657.51574
 3.5806526e-133       315.95012      0.26319544       1.1070261       3.2253129      0.71926271     -0.52966871      -0.52966871       632.95957             632.95957
 5.5038913e-117       277.99112      0.26900104      0.95467803       3.0923161      0.18959216     -0.52966871      -0.52966871       557.04157             557.04157
 3.4806706e-112        266.8956      0.25281169       1.0030993       3.2256759      0.39065881     -0.52966871      -0.52966871       534.85053             534.85053
 4.2907606e-107       255.09339      0.24504313      0.99348291       3.1567021     0.041865647     -0.52966871      -0.52966871       511.24612             511.24612
  3.941974e-104        248.2312       0.2674855       1.0046546       3.1430447      0.36320968     -0.52966871      -0.52966871       497.52173             497.52173
  9.9560645e-98       233.48919      0.26656949      0.93529525        3.069522     0.091588379     -0.52966871      -0.52966871       468.03771             468.03771
  1.4639787e-96       230.76022      0.23618392      0.95936724       3.2339093     0.071994818     -0.52966871      -0.52966871       462.57977             462.57977
  8.7062521e-92       219.72617      0.26006614       1.0243886       3.2296911      0.48212655     -0.52966871      -0.52966871       440.51168             440.51168
  8.5666098e-90       215.09635      0.23450082       1.0380759       3.4032736      0.52928046     -0.52966871      -0.52966871       431.25204             431.25204
  9.7986113e-86       205.75164      0.24890457        1.043283       3.3139568      0.54298871     -0.52966871      -0.52966871       412.56262             412.56262
  8.3062395e-84       201.26914      0.24945132       1.0081905       3.0846664     0.012641429     -0.52966871      -0.52966871       403.59763             403.59763
  2.8909837e-83       199.97941      0.23125401       1.0389496       3.3987493      0.48140565     -0.52966871      -0.52966871       401.01816             401.01816
  2.2494262e-78       188.67485      0.24258133       1.0044873       3.1607287     0.088657726     -0.52966871      -0.52966871       378.40903             378.40903
  1.2936847e-74       179.97513      0.23572573       1.0295433       3.3411711      0.42622295     -0.52966871      -0.52966871       361.00959             361.00959
  1.9415525e-74       179.56913       0.2416488       1.0154735       3.3003256      0.34731603     -0.52966871      -0.52966871       360.19761             360.19761
  1.5405434e-70       170.46231       0.2506934       1.0827463       3.2680057      0.57708148     -0.52966871      -0.52966871       341.98396             341.98396
  5.4605606e-70       169.15607      0.25714354       0.9743439       3.2056596      0.33402715     -0.52966871      -0.52966871       339.37149             339.37149
  3.3375467e-67       162.66059      0.25411404       1.0439952       3.1454935       0.2477512     -0.52966871      -0.52966871       326.38052             326.38052
  2.5091567e-66       160.56634      0.24028934       1.0522176       3.3060738      0.40859287     -0.52966871      -0.52966871       322.19201             322.19201
 7.3303089e-116       275.86655      0.23371191       1.0737652       3.4360393      0.72715852     -0.52966871      -0.52966871       552.79244             552.79244
 5.5546727e-108       257.72325      0.23815697        1.110999       3.3872874      0.70295433     -0.52966871      -0.52966871       516.50584             516.50584
 3.8854956e-106       253.35769      0.23406097       1.0736356       3.4495382      0.71257069     -0.52966871      -0.52966871       507.77471             507.77471
 2.9032085e-105       251.22875      0.24481876       1.1288733        3.348877      0.78310009     -0.52966871      -0.52966871       503.51684             503.51684
 6.5954763e-104       247.98782      0.24364152       1.0256663       3.4039445      0.72156109     -0.52966871      -0.52966871       497.03497             497.03497
  1.2508222e-85       205.67814      0.24612059        1.104755       3.3156442      0.64653892     -0.52966871      -0.52966871       412.41562             412.41562
  9.9085531e-84        201.2006      0.25284597       1.0954473       3.2850247      0.70074993     -0.52966871      -0.52966871       403.46053             403.46053
  2.1219911e-80       193.42594      0.24973954       1.1143338       3.3171016      0.76633584     -0.52966871      -0.52966871       387.91122             387.91122
   3.200374e-74       178.99885      0.25353728       1.1007763       3.2987932      0.76432303     -0.52966871      -0.52966871       359.05703             359.05703
  4.0833498e-72       174.15002      0.25578824       1.0921196       3.2698953      0.69262443     -0.52966871      -0.52966871       349.35939             349.35939
  4.5709701e-72       173.93186      0.25497318       1.0907105        3.263983      0.65467555     -0.52966871      -0.52966871       348.92305             348.92305
  7.5630722e-71       171.12572      0.25802228        1.085579       3.2707455      0.70323956     -0.52966871      -0.52966871       343.31078             343.31078
  5.1520888e-69       166.78664      0.23524928       1.0414705       3.4268516      0.63721456     -0.52966871      -0.52966871       334.63262             334.63262
  3.4681503e-68       164.87984         0.24423       1.0458191       3.3979645      0.75421767     -0.52966871      -0.52966871       330.81901             330.81901
  1.0365912e-66       161.34882      0.25017008       1.0767661       3.3631772      0.79905344     -0.52966871      -0.52966871       323.75698             323.75698
  5.0935487e-66       159.82057      0.24685398      0.95114279       3.1335109     0.015088765     -0.52966871      -0.52966871       320.70047             320.70047
  1.9864136e-65       158.42189      0.25649418        1.058199       3.2253585      0.51744856     -0.52966871      -0.52966871       317.90311             317.90311
  8.4193618e-65       156.93994       0.2715328      0.94701269        3.009625     0.008348051     -0.52966871      -0.52966871       314.93922             314.93922
  1.2616482e-64       156.49773      0.24027477       1.0157083       3.2775288       0.2800375     -0.52966871      -0.52966871        314.0548              314.0548
  1.0375714e-63       154.35294      0.24732682      0.93267641       3.1637094     0.033119888     -0.52966871      -0.52966871       309.76522             309.76522
  2.3293219e-63       153.50651      0.25928081      0.95919523       3.0627735     0.032755401     -0.52966871      -0.52966871       308.07235             308.07235
  2.1005198e-62       151.26957      0.25285532       1.0281968       3.0980924     0.094457403     -0.52966871      -0.52966871       303.59849             303.59849
  3.6480499e-62       150.67983      0.26513312       1.0073301       3.0184391     0.027372813     -0.52966871      -0.52966871       302.41899             302.41899
  2.1739337e-61       148.82079      0.24689376      0.98693198       3.2578413      0.28830712     -0.52966871      -0.52966871       298.70091             298.70091
  1.7970448e-58       142.03197      0.24134788       1.0198672       3.2649356      0.32177583     -0.52966871      -0.52966871       285.12327             285.12327
   2.340075e-58       141.73284      0.25988026      0.98958908       3.1849639      0.32046346     -0.52966871      -0.52966871       284.52501             284.52501
  1.2785052e-56       137.66317      0.25477025      0.96485598       3.1057005     0.017795349     -0.52966871      -0.52966871       276.38567             276.38567
  5.1326054e-54       131.63417      0.24715562       1.0200452       3.1605216      0.13236697     -0.52966871      -0.52966871       264.32768             264.32768
  7.2411458e-54        131.2561      0.23591529       1.0479753       3.3599299      0.47697915     -0.52966871      -0.52966871       263.57155             263.57155
  4.9344223e-52       127.00058      0.24474519       1.0404157       3.2532912      0.37180639     -0.52966871      -0.52966871       255.06049             255.06049
  1.8456968e-50       123.31209      0.24615839      0.95444568       3.2381418      0.21050219     -0.52966871      -0.52966871       247.68352             247.68352
  2.2953995e-48       118.45608      0.26009694       1.0065847       3.0607239     0.091169082     -0.52966871      -0.52966871        237.9715              237.9715
  5.8427008e-48       117.48901      0.25504536       1.0115706       3.1884546      0.32852795     -0.52966871      -0.52966871       236.03735             236.03735
  2.7983447e-47        115.8898      0.25261211       1.0241172       3.1533857      0.19263222     -0.52966871      -0.52966871       232.83893             232.83893
  1.2833913e-46       114.33394      0.25371039      0.97227751       3.2233859      0.30765135     -0.52966871      -0.52966871       229.72723             229.72723
  1.2929506e-46       114.32652      0.24176266       1.0183719       3.3071414       0.4242765     -0.52966871      -0.52966871       229.71239             229.71239
  2.2541045e-46        113.7368      0.24495861       1.0405401        3.339888      0.60070516     -0.52966871      -0.52966871       228.53293             228.53293
    3.39228e-45       110.95877      0.23967156      0.98556083       3.2231295      0.12743479     -0.52966871      -0.52966871       222.97688             222.97688
  8.3963345e-45       110.01969      0.24963716       0.9892654       3.1610807      0.11464283     -0.52966871      -0.52966871       221.09871             221.09871
  2.2284594e-44        109.0108      0.25413777      0.99645863       3.1258823      0.10597021     -0.52966871      -0.52966871       219.08093             219.08093
  1.2118968e-64        156.5874      0.23934996       1.0984523       3.4048513      0.78604239     -0.52966871      -0.52966871       314.23414             314.23414
  1.0157954e-61       149.70201      0.25182854       1.0866727       3.3281872      0.74447746     -0.52966871      -0.52966871       300.46336             300.46336
  8.8432245e-59       142.93286      0.23634597        1.078401       3.4186088      0.71136623     -0.52966871      -0.52966871       286.92506             286.92506
  3.4639924e-57       139.26492      0.24505549       1.0864584         3.36732       0.7761181     -0.52966871      -0.52966871       279.58917             279.58917
  8.4570852e-52       126.85941      0.24445007       1.1073009       3.3704507      0.79518975     -0.52966871      -0.52966871       254.77816             254.77816
   4.483669e-51       124.90371      0.25030168       1.0938888       3.3084476      0.69801361     -0.52966871      -0.52966871       250.86675             250.86675
  8.8457389e-46        112.4236       0.2438263       1.0844663       3.3837105      0.75222591     -0.52966871      -0.52966871       225.90655             225.90655
  1.8319218e-41       102.48525      0.25203796       1.0824976       3.3325816      0.77488706     -0.52966871      -0.52966871       206.02984             206.02984
   2.091171e-40       99.799505       0.2484946      0.99444233       3.1248313     0.032997779     -0.52966871      -0.52966871       200.65835             200.65835
  6.9970811e-40       98.842537      0.24914369        1.086451        3.322519      0.70432047     -0.52966871      -0.52966871       198.74441             198.74441
  2.1902244e-39        97.38812      0.24852096       1.0027961       3.1290371     0.058044534     -0.52966871      -0.52966871       195.83558             195.83558
  1.4220572e-38       95.486663      0.24005775      0.99414804       3.2183569        0.152705     -0.52966871      -0.52966871       192.03266             192.03266
  8.2600577e-38       93.696564      0.25852763       1.0003239       3.1601311      0.28414732     -0.52966871      -0.52966871       188.45247             188.45247
   1.900041e-37       92.832763      0.25586602         1.02413         3.18002       0.3007943     -0.52966871      -0.52966871       186.72486             186.72486
  3.4554676e-37       92.203909      0.25738508        1.012488       3.0681389     0.061341284     -0.52966871      -0.52966871       185.46716             185.46716
  3.4173557e-37       92.184228      0.25318205       1.0244013       3.1536402      0.20629962     -0.52966871      -0.52966871       185.42779             185.42779
  3.7032295e-37       92.073118      0.25372685       0.9487454       3.1568834      0.14019154     -0.52966871      -0.52966871       185.20557             185.20557
  1.5423636e-35       88.313066      0.23878737       1.0369579       3.3166016      0.40348545     -0.52966871      -0.52966871       177.68547             177.68547
  1.7693224e-35       88.145014      0.24295361       1.0199087       3.3435903      0.52572847     -0.52966871      -0.52966871       177.34936             177.34936
  3.2429899e-33       82.903173      0.24426441       1.0781436       3.3636464      0.69577033     -0.52966871      -0.52966871       166.86568             166.86568
  3.7259013e-32       80.431003      0.24688008       1.0432799       3.3449057      0.62317077     -0.52966871      -0.52966871       161.92134             161.92134
  1.9066575e-31       78.767603      0.23947087       1.0251857       3.3411974      0.45018329     -0.52966871      -0.52966871       158.59454             158.59454
  4.1348453e-30       75.660148      0.24318748      0.99625287        3.235057      0.20828589     -0.52966871      -0.52966871       152.37963             152.37963
  6.1635981e-30       75.230166      0.24872064      0.99847317       3.1058456     0.016913204     -0.52966871      -0.52966871       151.51967             151.51967
  1.0733348e-29       74.644699      0.24587602       1.0342027       3.3186139      0.54080464     -0.52966871      -0.52966871       150.34874             150.34874
  2.6796797e-29       73.699001      0.24433028      0.98200426       3.2090184      0.18134769     -0.52966871      -0.52966871       148.45734             148.45734
   3.586457e-29       73.376762      0.24821326       1.0498932        3.306381       0.5759991     -0.52966871      -0.52966871       147.81286             147.81286
  1.5309997e-28       71.894649      0.24369955       1.0320566       3.3427331      0.53650709     -0.52966871      -0.52966871       144.84863             144.84863
  1.5030297e-27        69.57973      0.24809947       1.0552601       3.3067376      0.58243456     -0.52966871      -0.52966871        140.2188              140.2188
  2.7335999e-27       68.950822      0.26694671      0.97230093       3.0160493    0.0090636316     -0.52966871      -0.52966871       138.96098             138.96098
  1.4731696e-26       67.235668       0.2421584       1.0231995       3.3116623      0.41221932     -0.52966871      -0.52966871       135.53067             135.53067
  6.4311561e-26       65.731159      0.24680499       1.0565393       3.3475596      0.66313705     -0.52966871      -0.52966871       132.52165             132.52165
  1.7407105e-25       64.704663      0.25017207      0.98108443       3.1304177     0.049882391     -0.52966871      -0.52966871       130.46866             130.46866
  5.8696962e-25       63.458382       0.2490394       1.0469213       3.2484068      0.41854439     -0.52966871      -0.52966871        127.9761              127.9761
  6.4670961e-25       63.330686      0.25112438      0.99128502       3.1196833     0.053832922     -0.52966871      -0.52966871       127.72071             127.72071
  8.8333362e-24       60.685523      0.25946838      0.97468726       3.0741422     0.069541232     -0.52966871      -0.52966871       122.43038             122.43038
  9.1844449e-24       60.615773      0.24725959      0.98399334       3.1718234      0.14253682     -0.52966871      -0.52966871       122.29088             122.29088
  5.5232393e-23       58.790963      0.24481378       1.0124374       3.3085288      0.43520989     -0.52966871      -0.52966871       118.64126             118.64126
  6.2681065e-23       58.633682      0.24301465       1.0096261       3.2470702      0.27903667     -0.52966871      -0.52966871        118.3267              118.3267
  9.2675307e-23       58.211867      0.24867043       1.0331765       3.2185654      0.32184933     -0.52966871      -0.52966871       117.48307             117.48307
  2.3471421e-21       54.949244      0.25696134       1.0011077       3.1796779      0.29435891     -0.52966871      -0.52966871       110.95783             110.95783
  3.1125372e-21       54.636233      0.25338997      0.96305148       3.1013317     0.038556596     -0.52966871      -0.52966871        110.3318              110.3318
  3.4224134e-21       54.510553      0.26511632       0.9530078        3.038085   0.00082639687     -0.52966871      -0.52966871       110.08044             110.08044
  4.1955503e-21       54.276103      0.26108767      0.97453896       3.0531464     0.038844496     -0.52966871      -0.52966871       109.61154             109.61154
  7.8611621e-21       53.617421      0.25354395       1.0088434       3.1300356      0.15765278     -0.52966871      -0.52966871       108.29418             108.29418
  9.8774164e-21       53.358333      0.24967105       0.9909479       3.1051132    0.0073010168     -0.52966871      -0.52966871         107.776               107.776
  3.8164292e-20       51.975912      0.25409717      0.95851351       3.1576847      0.14682728     -0.52966871      -0.52966871       105.01116             105.01116
  7.8303505e-20       51.226448      0.24619686      0.98689967        3.265508      0.32261128     -0.52966871      -0.52966871       103.51223             103.51223
  3.4520474e-19       49.712131      0.24674818       1.0294621       3.3144955      0.51549911     -0.52966871      -0.52966871        100.4836              100.4836
  5.7148142e-19       49.177266      0.25085283       1.0078519       3.1354113      0.11869482     -0.52966871      -0.52966871       99.413868             99.413868
  1.2365446e-18        48.37465      0.24690755       1.0193106       3.2305991      0.31093593     -0.52966871      -0.52966871       97.808637             97.808637
  1.2344057e-18       48.345609      0.24962746       1.0361386        3.291769      0.51479414     -0.52966871      -0.52966871       97.750556             97.750556
  1.6129744e-18       48.047347      0.24290007      0.98786409       3.2185169      0.16712612     -0.52966871      -0.52966871       97.154032             97.154032
  3.9481564e-18       47.121407      0.25067059       1.0158671       3.2562667      0.40091838     -0.52966871      -0.52966871       95.302151             95.302151
  4.1798555e-17       44.731022      0.24621871       1.0424587       3.3076397       0.5079328     -0.52966871      -0.52966871       90.521382             90.521382
  7.7858839e-16        41.77563      0.25477654      0.99649385       3.1377483      0.15173722     -0.52966871      -0.52966871       84.610597             84.610597
  1.6486662e-15       40.994619      0.24418667        1.034425       3.3036613      0.45110611     -0.52966871      -0.52966871       83.048575             83.048575
  1.9194785e-15        40.81176      0.25842354      0.97099057       3.1149792      0.13170462     -0.52966871      -0.52966871       82.682858             82.682858
  6.0461576e-15       39.633619      0.24391319       1.0207676       3.2652838      0.33070249     -0.52966871      -0.52966871       80.326576             80.326576
   1.352584e-14       38.797668      0.25073774       1.0015712       3.1747869      0.21353425     -0.52966871      -0.52966871       78.654674             78.654674
  1.7725808e-14       38.496477      0.24917717      0.98152403       3.1581396      0.10345591     -0.52966871      -0.52966871       78.052292             78.052292
  2.0131746e-13       36.035844      0.24889718      0.98266189       3.1173306     0.017580368     -0.52966871      -0.52966871       73.131025             73.131025
  1.9616087e-13        36.03102      0.24683703       1.0350857       3.2654682       0.4060707     -0.52966871      -0.52966871       73.121378             73.121378
  2.2404011e-13       35.867359      0.24796762       1.0240971       3.2866232      0.45417283     -0.52966871      -0.52966871       72.794055             72.794055
  2.2705376e-13       35.823225      0.24369255        1.007179        3.228882      0.23350244     -0.52966871      -0.52966871       72.705788             72.705788
  4.0852732e-13       35.205082       0.2512083       1.0226354       3.2026243      0.29860707     -0.52966871      -0.52966871       71.469501             71.469501
  4.2972759e-13       35.123717      0.25661701      0.96185273       3.0737881     0.006407892     -0.52966871      -0.52966871       71.306772             71.306772
  4.4722175e-13       35.053043      0.25523738       1.0034967       3.1154243      0.13047238     -0.52966871      -0.52966871       71.165423             71.165423
  1.6265109e-12       33.731133      0.24555081       1.0011219       3.2745112      0.35276306     -0.52966871      -0.52966871       68.521603             68.521603
  1.5873751e-12       33.724717      0.24790342      0.99764448       3.2177801      0.23994954     -0.52966871      -0.52966871       68.508771             68.508771
  1.9367077e-12       33.495037      0.25952177      0.96667322       3.0881183     0.079989474     -0.52966871      -0.52966871       68.049412             68.049412
  2.4001685e-12       33.249716      0.25250705      0.98374474       3.1467693      0.12405415     -0.52966871      -0.52966871        67.55877              67.55877
  4.9817605e-12         32.4887      0.24752056      0.96565065       3.1763574      0.11058672     -0.52966871      -0.52966871       66.036738             66.036738
  1.2831155e-11       31.511836      0.24853141       1.0320389        3.262712      0.41674989     -0.52966871      -0.52966871       64.083009             64.083009
  2.1395988e-11       30.969737       0.2462591      0.99103091       3.2531208      0.29945958     -0.52966871      -0.52966871       62.998811             62.998811
  3.3408211e-11       30.493367      0.25006654       1.0059642       3.1533408      0.15206309     -0.52966871      -0.52966871       62.046071             62.046071
  3.4637662e-11       30.426455      0.24915379      0.99783894       3.1386356     0.096245524     -0.52966871      -0.52966871       61.912248             61.912248
  4.4698811e-11       30.140678      0.25037637       1.0220465       3.2478277      0.39967831     -0.52966871      -0.52966871       61.340694             61.340694
  1.1079673e-10       29.202156      0.24561397      0.99534529       3.1994554      0.18552682     -0.52966871      -0.52966871        59.46365              59.46365
  1.2569934e-10       29.045189      0.24964407      0.99469232       3.1470081      0.10774303     -0.52966871      -0.52966871       59.149716             59.149716
  1.5697472e-10       28.792225      0.25283161      0.99659744       3.1087481     0.081153215     -0.52966871      -0.52966871       58.643788             58.643788
  1.8783701e-10       28.581964      0.24819951      0.98111817       3.1380354     0.067859863     -0.52966871      -0.52966871       58.223265             58.223265
  1.8400644e-10       28.571796      0.24657592      0.96994702       3.1822331      0.12473662     -0.52966871      -0.52966871        58.20293              58.20293
  5.2106212e-10       27.500126      0.25196436       1.0021114       3.2137848      0.30019421     -0.52966871      -0.52966871       56.059589             56.059589
  1.0552601e-09       26.763681      0.25688569      0.97422497       3.0768853    0.0039910579     -0.52966871      -0.52966871         54.5867               54.5867
  1.2753148e-09       26.543504      0.24939419      0.96623333       3.1784332      0.14173166     -0.52966871      -0.52966871       54.146345             54.146345
  2.1878742e-09       25.972995      0.25676805      0.97919548       3.1347081      0.15993794     -0.52966871      -0.52966871       53.005327             53.005327
  2.2526079e-09       25.913065      0.24851148      0.99250434        3.201514      0.20654811     -0.52966871      -0.52966871       52.885467             52.885467
  3.6182647e-09       25.408387      0.24495807       1.0056498       3.2360173       0.2690749     -0.52966871      -0.52966871       51.876112             51.876112
  3.8377962e-09       25.318712      0.25156964      0.98495204       3.0950694    0.0088276656     -0.52966871      -0.52966871       51.696761             51.696761
  8.8240985e-09       24.455352      0.26023977      0.96432178        3.062527     0.027099069     -0.52966871      -0.52966871       49.970041             49.970041
   9.395125e-09       24.361876      0.25716214      0.97868426       3.1014838     0.099393724     -0.52966871      -0.52966871       49.783089             49.783089
  1.0745347e-08       24.196822      0.24743426      0.98305427        3.147583     0.076536959     -0.52966871      -0.52966871       49.452982             49.452982
  1.0781016e-08       24.162737      0.24434371       1.0059301       3.2488759      0.28702387     -0.52966871      -0.52966871       49.384811             49.384811
  1.2642522e-08       23.972686      0.25586688      0.99284334       3.1047925      0.10660802     -0.52966871      -0.52966871       49.004709             49.004709
  1.3261999e-08       23.894077      0.25787567      0.98176782       3.0763087     0.035808851     -0.52966871      -0.52966871       48.847492             48.847492
  1.4226126e-08       23.793128      0.24962488       1.0197969       3.2487348      0.38157076     -0.52966871      -0.52966871       48.645594             48.645594
  1.6399016e-08       23.620215       0.2519131       1.0017132       3.1469205       0.1493313     -0.52966871      -0.52966871       48.299768             48.299768
  3.2618245e-08       22.901793      0.25645338      0.97574569       3.0915024     0.042487177     -0.52966871      -0.52966871       46.862924             46.862924
  4.4056532e-08        22.57042      0.25580923      0.99526569       3.1068899      0.10992965     -0.52966871      -0.52966871       46.200177             46.200177
  2.1691936e-07       20.945596      0.24846247       1.0179705       3.2314236      0.31822266     -0.52966871      -0.52966871        42.95053              42.95053
  2.4086854e-07       20.810099       0.2527729      0.97705123       3.1564945       0.1620456     -0.52966871      -0.52966871       42.679535             42.679535
  2.7206548e-07       20.657536      0.25183347       1.0061582       3.1781722      0.23371805     -0.52966871      -0.52966871       42.374409             42.374409
  2.6630534e-07       20.648163       0.2598781      0.97740164       3.0739888     0.059373721     -0.52966871      -0.52966871       42.355664             42.355664
  3.7224175e-07       20.282492      0.26072992      0.96240285       3.0611836     0.011692092     -0.52966871      -0.52966871       41.624321             41.624321
  9.6811899e-07       19.304531      0.26023124      0.97654793       3.0541897    0.0024535366     -0.52966871      -0.52966871         39.6684               39.6684
  1.2916827e-06       18.976965      0.25289877       0.9627592       3.1395197      0.10276574     -0.52966871      -0.52966871       39.013267             39.013267
  1.3239608e-06       18.913062      0.25184577      0.96490803       3.1211418     0.039402669     -0.52966871      -0.52966871       38.885461             38.885461
  1.3500176e-06       18.854351      0.26053874      0.96146979       3.0634812     0.017793933     -0.52966871      -0.52966871        38.76804              38.76804
  2.3958603e-06       18.167398      0.25629028      0.97940488       3.1060407      0.08190572     -0.52966871      -0.52966871       37.394133             37.394133
  2.3735938e-06       18.140367      0.25128901      0.98615194       3.1066258     0.037347062     -0.52966871      -0.52966871       37.340072             37.340072
  3.7691864e-06       17.641546      0.25619651      0.96938461       3.1117647      0.08191012     -0.52966871      -0.52966871       36.342429             36.342429
  3.7254393e-06       17.616853      0.25308599      0.99919127       3.1394132      0.15222495     -0.52966871      -0.52966871       36.293043             36.293043
   8.950182e-06       16.668905      0.25449178      0.98197156       3.1326407      0.13770878     -0.52966871      -0.52966871       34.397147             34.397147
   1.413841e-05       16.176592      0.25770861       0.9853591       3.0852905     0.072369006     -0.52966871      -0.52966871       33.412521             33.412521
  1.3734924e-05       16.170454      0.25640169      0.96916839        3.113257     0.090034202     -0.52966871      -0.52966871       33.400245             33.400245
  1.7450648e-05       15.895928      0.25440435      0.96583252       3.1159031     0.078171559     -0.52966871      -0.52966871       32.851193             32.851193
  2.4136345e-05       15.502593      0.25226973      0.98557073       3.0998871     0.029973961     -0.52966871      -0.52966871       32.064523             32.064523
  2.7696213e-05       15.331114      0.25062723        1.000564       3.1593765       0.1620905     -0.52966871      -0.52966871       31.721566             31.721566
  2.8276814e-05       15.276466      0.24767965      0.97791676       3.1748893      0.13386377     -0.52966871      -0.52966871        31.61227              31.61227
  2.8699125e-05        15.22774      0.25222166      0.99323431       3.1503439      0.16178609     -0.52966871      -0.52966871       31.514818             31.514818
  4.6714677e-05       14.673857      0.25396208       0.9948371       3.1227337      0.11807213     -0.52966871      -0.52966871       30.407052             30.407052
  4.7346877e-05       14.627625      0.25580353      0.99017711       3.1190846      0.12750126     -0.52966871      -0.52966871       30.314587             30.314587
  6.8537361e-05       14.224957      0.24869553      0.99044673       3.1591742      0.12122274     -0.52966871      -0.52966871       29.509251             29.509251
  3.5666636e-07       19.905093      0.25306355      0.98926569       3.1855173      0.23911072     -0.52966871      -0.52966871       40.869523             40.869523
  4.5302287e-07       19.665951      0.25058359       0.9802358       3.1972609      0.21883663     -0.52966871      -0.52966871       40.391239             40.391239
  1.1424199e-06       18.740989      0.24908584        0.996486       3.1954834      0.22584528     -0.52966871      -0.52966871       38.541316             38.541316
  1.3844148e-06       18.548861      0.24964337       1.0012849        3.229956      0.30673975     -0.52966871      -0.52966871       38.157058             38.157058
  1.4665244e-06       18.491243      0.24873878      0.98279124       3.2073328      0.22434143     -0.52966871      -0.52966871       38.041823             38.041823
  3.3052404e-06       17.496307      0.24747515      0.99676795       3.2250637      0.26787055     -0.52966871      -0.52966871       36.051952             36.051952
  2.0347809e-05       15.678843      0.25265895      0.98875792         3.18097      0.22473371     -0.52966871      -0.52966871       32.417024             32.417024
   4.359208e-05       14.916941        0.247901       1.0065324       3.2176773      0.26066947     -0.52966871      -0.52966871       30.893219             30.893219
  0.00011972302       13.906636      0.24962267       1.0068193       3.2067529      0.26078369     -0.52966871      -0.52966871       28.872609             28.872609
  0.00012022211       13.902476      0.25187971      0.99547068       3.1926758      0.24931402     -0.52966871      -0.52966871       28.864289             28.864289
  0.00010059603       13.745913      0.25187512      0.98288987       3.1163569     0.054720733     -0.52966871      -0.52966871       28.551163             28.551163
  0.00010778593       13.646107      0.25508653       0.9816972       3.1408853      0.15339182     -0.52966871      -0.52966871       28.351551             28.351551
     0.00010784       13.614834       0.2605224      0.97567453       3.0518075     0.012630287     -0.52966871      -0.52966871       28.289005             28.289005
  0.00010849452       13.578011      0.25468814      0.99110769       3.1090491       0.0900261     -0.52966871      -0.52966871        28.21536              28.21536
  0.00010920525        13.54071      0.25000165       1.0014987       3.1713776      0.18250037     -0.52966871      -0.52966871       28.140757             28.140757
  0.00017173926        13.05719      0.25842898      0.96634583       3.0741588     0.032536502     -0.52966871      -0.52966871       27.173718             27.173718
  0.00031744109       12.412104      0.25386305      0.98443317       3.0949264     0.046595862     -0.52966871      -0.52966871       25.883545             25.883545
  0.00031221212       12.397941      0.25540935      0.98801187       3.0965922     0.066617301     -0.52966871      -0.52966871        25.85522              25.85522
  0.00042884908       12.049747      0.25239876      0.98268227       3.1694929       0.1882983     -0.52966871      -0.52966871       25.158832             25.158832
  0.00045350011       11.963085      0.25047893      0.97654858       3.1452428     0.092439735     -0.52966871      -0.52966871       24.985508             24.985508
  0.00055075886       11.738012      0.25676061      0.98575274       3.0848804     0.058238181     -0.52966871      -0.52966871       24.535362             24.535362
  0.00066188819       11.523441      0.25353016      0.98560407       3.1609891      0.18592431     -0.52966871      -0.52966871       24.106219             24.106219
  0.00088909825       11.197558      0.25645544      0.98362838        3.089548     0.056515441     -0.52966871      -0.52966871       23.454454             23.454454
  0.00093541945       11.115999      0.24778159      0.98186349       3.1727589      0.13332103     -0.52966871      -0.52966871       23.291336             23.291336
   0.0010220627       10.996644       0.2484226      0.98092287       3.1855266      0.16262768     -0.52966871      -0.52966871       23.052626             23.052626
   0.0012686867       10.749713      0.25028354       1.0008115       3.1776033      0.19810295     -0.52966871      -0.52966871       22.558764             22.558764
   0.0012343804       10.746355      0.24746233       1.0006708        3.213278      0.24091195     -0.52966871      -0.52966871       22.552047             22.552047
   0.0014609481       10.547067      0.25460411      0.98347995       3.1406252      0.14820292     -0.52966871      -0.52966871       22.153471             22.153471
   0.0014172358       10.546672      0.25695915      0.98319652        3.071159     0.025913309     -0.52966871      -0.52966871       22.152682             22.152682
   0.0015462172       10.428798      0.25556843      0.98040473       3.1058311     0.088400959     -0.52966871      -0.52966871       21.916933             21.916933
   0.0015967537       10.365865      0.25642609      0.96031851       3.0818212     0.013466594     -0.52966871      -0.52966871       21.791067             21.791067
   0.0033027428       9.6083124      0.25459542       0.9794107       3.0852218      0.01136388     -0.52966871      -0.52966871       20.275962             20.275962
   0.0032849112       9.5829544      0.25412736      0.98440001       3.1005318     0.052043776     -0.52966871      -0.52966871       20.225246             20.225246
   0.0032077535       9.5759515      0.25208849      0.99131367        3.128603      0.10216216     -0.52966871      -0.52966871        20.21124              20.21124
   0.0031916347       9.5502174      0.25936334      0.97420838       3.0565087    0.0084902403     -0.52966871      -0.52966871       20.159772             20.159772
   0.0031614053       9.5289623      0.25402134      0.97610034       3.1189515     0.093298753     -0.52966871      -0.52966871       20.117262             20.117262
   0.0037190261       9.3357455      0.25164185      0.96653786        3.135129     0.076666029     -0.52966871      -0.52966871       19.730828             19.730828
   0.0036395783       9.3265679      0.25336475      0.98826698       3.1121977      0.07626765     -0.52966871      -0.52966871       19.712473             19.712473
     0.00413388       9.1684476      0.25253974      0.99514706       3.1529078      0.16555204     -0.52966871      -0.52966871       19.396233             19.396233
   0.0040953439       9.1470417      0.25187665      0.97359441       3.1207977     0.052759971     -0.52966871      -0.52966871       19.353421             19.353421
   0.0043514854       9.0556035      0.25175387      0.99543401       3.1791179      0.21289342     -0.52966871      -0.52966871       19.170544             19.170544
   0.0044275025       9.0075134      0.25078128      0.97422651       3.1597163      0.13519571     -0.52966871      -0.52966871       19.074364             19.074364
   0.0064095109       8.6067944      0.25518025      0.96580389       3.1006353     0.039183294     -0.52966871      -0.52966871       18.272926             18.272926
   0.0063101132       8.5916521      0.25798873      0.96256963       3.0704579    0.0082766455     -0.52966871      -0.52966871       18.242642             18.242642
   0.0062282212       8.5739433      0.25223099      0.99491188       3.1649499      0.18708682     -0.52966871      -0.52966871       18.207224             18.207224
   0.0063919677       8.5172203      0.25296646      0.99342345       3.1498105      0.16420128     -0.52966871      -0.52966871       18.093778             18.093778
   0.0069134252       8.4080256       0.2586011      0.96179892       3.0660991   0.00065034085     -0.52966871      -0.52966871       17.875389             17.875389
   0.0081735796       8.1297694      0.25086831      0.99086417       3.1608875      0.16193039     -0.52966871      -0.52966871       17.318876             17.318876
   0.0096291259       7.9658839      0.25265807      0.99065288       3.1281324      0.10924095     -0.52966871      -0.52966871       16.991105             16.991105
     0.01098793       7.7850888      0.25042449      0.98821615        3.141253      0.10672369     -0.52966871      -0.52966871       16.629515             16.629515
    0.011614767       7.6808187      0.24969063      0.98580452        3.152948      0.12175876     -0.52966871      -0.52966871       16.420975             16.420975
    0.013388183       7.5387236      0.25143992      0.99068372        3.140165       0.1171124     -0.52966871      -0.52966871       16.136785             16.136785
    0.015528447       7.3391292      0.25546284      0.97863264       3.1132055     0.090863896     -0.52966871      -0.52966871       15.737596             15.737596
    0.018197664       7.1292162      0.24969096      0.98545111       3.1632001      0.14427913     -0.52966871      -0.52966871        15.31777              15.31777
    0.018497934       7.1128504      0.25291651      0.98048453       3.1254344     0.085858558     -0.52966871      -0.52966871       15.285038             15.285038
     0.02116205          6.9783      0.25274349      0.97903384       3.1511679      0.14723312     -0.52966871      -0.52966871       15.015937             15.015937
    0.020059966       6.9205578      0.25273741      0.99190883       3.1436931      0.14422871     -0.52966871      -0.52966871       14.900453             14.900453
    0.024600168       6.7165306      0.25174642       0.9714222       3.1446843      0.10997734     -0.52966871      -0.52966871       14.492399             14.492399
    0.032688398       6.4322636      0.25320357      0.98764611       3.1254212      0.10233625     -0.52966871      -0.52966871       13.923865             13.923865
    0.041414296       6.0778747      0.25391144      0.96972442       3.1257272     0.092710009     -0.52966871      -0.52966871       13.215087             13.215087
    0.053509238       5.7644881      0.25065291      0.98068244       3.1321537     0.080799265     -0.52966871      -0.52966871       12.588314             12.588314
    0.054483057       5.6892942      0.25027488      0.97937222       3.1685738      0.15261226     -0.52966871      -0.52966871       12.437926             12.437926
    0.053942779       5.6421017       0.2522435      0.98417503       3.1552693      0.14996787     -0.52966871      -0.52966871       12.343541             12.343541
    0.051461365       5.6320358       0.2542674      0.97007658       3.1215335     0.084885999     -0.52966871      -0.52966871       12.323409             12.323409
    0.056506947       5.5385036      0.25283074      0.98559293         3.14843      0.14483247     -0.52966871      -0.52966871       12.136345             12.136345
    0.074082363       5.1499066       0.2518372      0.97788054       3.1176946     0.061502001     -0.52966871      -0.52966871       11.359151             11.359151
     0.07092437       5.1363116      0.25274642      0.98811638       3.1488973      0.15310063     -0.52966871      -0.52966871       11.331961             11.331961
     0.10231468       4.7698725      0.25326668      0.97146289       3.1192657     0.075687156     -0.52966871      -0.52966871       10.599083             10.599083
   0.0078174486       8.3104503      0.25425781      0.98370654       3.0916251     0.040120344     -0.52966871      -0.52966871       17.680238             17.680238
    0.017586752       7.2585006       0.2578477      0.97260761       3.0657599     0.010634348     -0.52966871      -0.52966871       15.576339             15.576339
    0.017547898       7.1866043      0.25881403      0.97321829       3.0679842     0.023061409     -0.52966871      -0.52966871       15.432546             15.432546
    0.018207345       6.9420741      0.25523102      0.97523037       3.0955106      0.04014611     -0.52966871      -0.52966871       14.943486             14.943486
    0.026044111       6.4589443       0.2559521      0.96024275       3.0856091     0.012684922     -0.52966871      -0.52966871       13.977226             13.977226
     0.02499984        6.439242      0.25409224      0.97509934       3.0883353     0.018899469     -0.52966871      -0.52966871       13.937821             13.937821
    0.025847684       6.3452658      0.25193932      0.96815747        3.112447     0.031379734     -0.52966871      -0.52966871       13.749869             13.749869
    0.037793415       5.9653519      0.25635041      0.97938122       3.0739846     0.018782543     -0.52966871      -0.52966871       12.990041             12.990041
    0.052516087       5.4540457      0.25810549      0.96952709       3.0730725     0.018309938     -0.52966871      -0.52966871       11.967429             11.967429
    0.062671558       5.2772575      0.25773873      0.97789469       3.0702048     0.022437966     -0.52966871      -0.52966871       11.613852             11.613852
    0.090165293        4.852896      0.25317322      0.97338371       3.1022611     0.027756017     -0.52966871      -0.52966871       10.765129             10.765129
     0.11279167       4.5683735       0.2559979       0.9720809       3.0860342     0.036094068     -0.52966871      -0.52966871       10.196084             10.196084
     0.11023378        4.530688       0.2562701      0.97498561       3.0758499    0.0027256788     -0.52966871      -0.52966871       10.120713             10.120713
     0.13190364        4.398071      0.25303607      0.97302334       3.1362083      0.10713511     -0.52966871      -0.52966871       9.8554794             9.8554794
     0.17065092       4.0833642      0.25318262      0.97161291       3.1238194     0.076671007     -0.52966871      -0.52966871       9.2260658             9.2260658
     0.19391375       3.8984123      0.25352295      0.98269036         3.11444      0.08166908     -0.52966871      -0.52966871       8.8561621             8.8561621
     0.19551019       3.8902133      0.25656931      0.97635996       3.0903717      0.05586454     -0.52966871      -0.52966871        8.839764              8.839764
     0.20247224        3.855223      0.25227878      0.98794838       3.1494789      0.14520693     -0.52966871      -0.52966871       8.7697835             8.7697835
       0.215576       3.6673492      0.25424262       0.9814452       3.1264085      0.11248763     -0.52966871      -0.52966871       8.3940358             8.3940358
     0.20567228       3.5965956      0.25237112      0.98726704       3.1492104      0.14679521     -0.52966871      -0.52966871       8.2525287             8.2525287
     0.20249559       3.5550031      0.25074924      0.98380914       3.1502709      0.12069433     -0.52966871      -0.52966871       8.1693437             8.1693437
     0.21824998       3.4800801       0.2520842      0.97171633       3.1215515     0.058695915     -0.52966871      -0.52966871       8.0194977             8.0194977
     0.22451458       3.4517806      0.25045356      0.97868467       3.1563782      0.12590506     -0.52966871      -0.52966871       7.9628986             7.9628986
     0.22786825       3.3724151      0.25047939      0.97921896       3.1527349      0.12076799     -0.52966871      -0.52966871       7.8041677             7.8041677
     0.21832643       3.3506529      0.25080626      0.97610515       3.1478929      0.10881924     -0.52966871      -0.52966871       7.7606431             7.7606431
      0.2235632       3.2624115      0.25189915      0.97130521       3.1298095     0.075916375     -0.52966871      -0.52966871       7.5841605             7.5841605
     0.23141386       3.1633595      0.25605216       0.9758325       3.0982763     0.064703851     -0.52966871      -0.52966871       7.3860563             7.3860563
     0.21371775       3.1177478      0.25496054      0.97988949       3.1122799     0.087839872     -0.52966871      -0.52966871        7.294833              7.294833
     0.23103055       3.0398541      0.25310856      0.98306337       3.1386295       0.1253116     -0.52966871      -0.52966871       7.1390455             7.1390455
     0.27205514       2.8763992      0.25430885      0.98150847       3.1005854     0.056014187     -0.52966871      -0.52966871       6.8121359             6.8121359
     0.25408875       2.8757275      0.25115221      0.97824103        3.151209      0.12431001     -0.52966871      -0.52966871       6.8107925             6.8107925
     0.24802006       2.8309086      0.25428249      0.97092517       3.1103925     0.066539968     -0.52966871      -0.52966871       6.7211547             6.7211547
      0.2527476       2.8120269      0.25223581      0.97274569       3.1303698      0.08635908     -0.52966871      -0.52966871       6.6833912             6.6833912
      0.2623601       2.7747003      0.25450484      0.97783243       3.1114129     0.080881636     -0.52966871      -0.52966871        6.608738              6.608738
     0.28548625       2.6902244      0.25494186      0.97110563       3.1092139     0.068300024     -0.52966871      -0.52966871       6.4397862             6.4397862
     0.11209645       4.5139317      0.25388943      0.96524225       3.1106228     0.051413559     -0.52966871      -0.52966871       10.087201             10.087201
     0.11176125       4.4523879      0.25864639      0.97119943       3.0668303     0.016706434     -0.52966871      -0.52966871       9.9641133             9.9641133
     0.11347662       4.3119929      0.25485894      0.97006683       3.0950124       0.0395035     -0.52966871      -0.52966871       9.6833232             9.6833232
     0.16444467       3.8232325       0.2527575       0.9683083       3.1055938     0.029385179     -0.52966871      -0.52966871       8.7058024             8.7058024
     0.17530587       3.7592744      0.25773124      0.96666748       3.0735816    0.0084709323     -0.52966871      -0.52966871       8.5778862             8.5778862
     0.18510432       3.6442625      0.25501763      0.97935348       3.0856542     0.024215523     -0.52966871      -0.52966871       8.3478624             8.3478624
     0.19162253       3.4378043      0.25529992        0.972318       3.0949006      0.03741008     -0.52966871      -0.52966871       7.9349461             7.9349461
     0.20357152       3.3773144      0.25662663      0.97791654       3.0831337     0.039539798     -0.52966871      -0.52966871       7.8139662             7.8139662
     0.19305859       3.3191124      0.25583135      0.96309064        3.087191     0.018434318     -0.52966871      -0.52966871       7.6975623             7.6975623
     0.21828115       3.1963223      0.25765981      0.96361993       3.0711511   0.00096961467     -0.52966871      -0.52966871       7.4519819             7.4519819
     0.22291508       3.1181568      0.25652844      0.97667414       3.0840531     0.041516695     -0.52966871      -0.52966871       7.2956511             7.2956511
     0.25128263       2.7870603      0.25450702      0.97966818       3.0944598     0.043351318     -0.52966871      -0.52966871       6.6334581             6.6334581
       0.292316       2.6665829      0.25287332      0.96946898       3.1205246     0.066731721     -0.52966871      -0.52966871       6.3925031             6.3925031
     0.29962539       2.6418853      0.25240938      0.97016573        3.121685     0.064220893     -0.52966871      -0.52966871        6.343108              6.343108
     0.30751379       2.6158984      0.25162454      0.98397976       3.1397675      0.11367923     -0.52966871      -0.52966871       6.2911341             6.2911341
     0.31789232       2.5827056      0.25287251      0.98431964       3.1262428     0.099275985     -0.52966871      -0.52966871       6.2247486             6.2247486
     0.34463135        2.501943      0.25412059      0.98099586       3.1166816     0.086789471     -0.52966871      -0.52966871       6.0632234             6.0632234
     0.37991089       2.4044815      0.25102163      0.98146126       3.1435107      0.11050851     -0.52966871      -0.52966871       5.8683005             5.8683005
      0.3272357       2.2172653      0.25117362      0.97783056       3.1361817      0.08965339     -0.52966871      -0.52966871       5.4938681             5.4938681
     0.36123722       2.1184112      0.25192798      0.98139397       3.1475284      0.13030258     -0.52966871      -0.52966871       5.2961597             5.2961597
     0.62131715       1.5761044      0.25213501      0.97488973       3.1331839     0.092410439     -0.52966871      -0.52966871       4.2115462             4.2115462
     0.65488984        1.523479      0.25254191      0.98242581       3.1313977      0.10403191     -0.52966871      -0.52966871       4.1062954             4.1062954
     0.26252852       2.4068067      0.25271326      0.97030859       3.1127811     0.045852549     -0.52966871      -0.52966871       5.8729508             5.8729508
     0.25892386       2.3842647      0.25701853      0.96922993       3.0803043     0.028086657     -0.52966871      -0.52966871       5.8278668             5.8278668
     0.25308336       2.3707122      0.25600945      0.97810404       3.0817714     0.029011647     -0.52966871      -0.52966871       5.8007618             5.8007618
      0.2493054       2.3493848      0.25635951      0.97690543       3.0857586     0.040735126     -0.52966871      -0.52966871       5.7581071             5.7581071
     0.24344028       2.3368242      0.25639512      0.96568114       3.0861079       0.0262331     -0.52966871      -0.52966871       5.7329858             5.7329858
     0.24693466        2.322572      0.25484332      0.97584251       3.0986275     0.046319835     -0.52966871      -0.52966871       5.7044815             5.7044815
     0.24725974       2.2835162      0.25648654      0.97432103       3.0820253     0.033341998     -0.52966871      -0.52966871       5.6263697             5.6263697
     0.24845106       2.2046016      0.25575538      0.96481434       3.0859552     0.011217624     -0.52966871      -0.52966871       5.4685407             5.4685407
     0.25640441       2.1016326      0.25666245      0.96968827       3.0864581     0.037026029     -0.52966871      -0.52966871       5.2626027             5.2626027
     0.35526191        1.740442      0.25552999      0.97119454       3.0815489    0.0022494902     -0.52966871      -0.52966871       4.5402213             4.5402213
     0.34771959       1.7268095        0.255269        0.970041       3.1009649     0.052165328     -0.52966871      -0.52966871       4.5129565             4.5129565
     0.38533597       1.5223076      0.25502167      0.97200593       3.0913076     0.033532713     -0.52966871      -0.52966871       4.1039527             4.1039527
     0.38591675       1.4880117      0.25349085      0.97856818       3.1041589     0.049379125     -0.52966871      -0.52966871       4.0353609             4.0353609
     0.40461247       1.4079138      0.25577025       0.9707958       3.0802485    0.0012487686     -0.52966871      -0.52966871       3.8751651             3.8751651
     0.39592209       1.3968363      0.25487524      0.97507302       3.0948754     0.044056518     -0.52966871      -0.52966871         3.85301               3.85301
      0.4277522       1.2867199      0.25584065      0.96743303       3.0850644     0.014197857     -0.52966871      -0.52966871       3.6327772             3.6327772
     0.48086843       1.1368804      0.25567394      0.97243666       3.0940841     0.047617541     -0.52966871      -0.52966871       3.3330983             3.3330983
     0.50441215       1.0562906      0.25401816      0.96885179        3.101194     0.036915967     -0.52966871      -0.52966871       3.1719186             3.1719186
     0.49596936       1.0403803      0.25498058      0.97483226       3.0946914     0.038438251     -0.52966871      -0.52966871       3.1400981             3.1400981
     0.48568017       1.0285543       0.2561435      0.97212877        3.084239     0.030407654     -0.52966871      -0.52966871       3.1164461             3.1164461
     0.48822317       0.9905422      0.25492122      0.97074509       3.0923779     0.025426495     -0.52966871      -0.52966871       3.0404218             3.0404218
     0.48411659      0.96619924      0.25523131       0.9689467       3.0894243     0.026107304     -0.52966871      -0.52966871       2.9917359             2.9917359
     0.47411718      0.95428067      0.25606355       0.9702516       3.0780201    0.0094684067     -0.52966871      -0.52966871       2.9678988             2.9678988
              1      0.58936513      0.25253778      0.97641904       3.1215273     0.073292229     -0.52966871      -0.52966871       2.2380677             2.2380677
     0.90807585      0.46264895       0.2538991      0.97682294       3.1153145     0.077202058     -0.52966871      -0.52966871       1.9846353             1.9846353
     0.91559227      0.45440571      0.25341452      0.97786346       3.1185578     0.080600956     -0.52966871      -0.52966871       1.9681488             1.9681488
      0.7882959      0.31642126      0.25326907      0.97656615       3.1177157     0.073390893     -0.52966871      -0.52966871       1.6921799             1.6921799
     0.83264481      0.26168763       0.2534974      0.97699434       3.1151711     0.072962833     -0.52966871      -0.52966871       1.5827127             1.5827127
     0.84814312      0.24324539      0.25335991      0.97634309       3.1185764     0.076916149     -0.52966871      -0.52966871       1.5458282             1.5458282
     0.46933099      0.93163711      0.25570673      0.97268957         3.09268     0.045025781     -0.52966871      -0.52966871       2.9226116             2.9226116
     0.45913098      0.92082001       0.2540235      0.96939985       3.0996266      0.03075672     -0.52966871      -0.52966871       2.9009774             2.9009774
      0.4777718      0.84823249      0.25462601      0.97163115       3.1035254     0.054871205     -0.52966871      -0.52966871       2.7558024             2.7558024
     0.50276094       0.7644611       0.2546086       0.9759792       3.0907812     0.028428836     -0.52966871      -0.52966871       2.5882596             2.5882596
     0.49346607      0.75033196      0.25624476      0.97450907       3.0792225     0.020956016     -0.52966871      -0.52966871       2.5600013             2.5600013
     0.47843845      0.74846866      0.25567215      0.97282685       3.0783965    0.0010897471     -0.52966871      -0.52966871       2.5562747             2.5562747
      0.4703819       0.7326615      0.25506358      0.97112613       3.0951359     0.035564558     -0.52966871      -0.52966871       2.5246604             2.5246604
     0.45988388      0.72244257      0.25588514      0.97208124       3.0786733    0.0030991784     -0.52966871      -0.52966871       2.5042226             2.5042226
     0.46038263      0.72135864      0.25537321       0.9745385       3.0945343     0.043979884     -0.52966871      -0.52966871       2.5020547             2.5020547
     0.44967503      0.71098989      0.25564764        0.969943       3.0929628     0.039841537     -0.52966871      -0.52966871       2.4813172             2.4813172
     0.43490893      0.71047685      0.25663995      0.97301514        3.074786    0.0074712787     -0.52966871      -0.52966871       2.4802911             2.4802911
     0.42412548      0.70168259      0.25347128      0.97751433       3.1083982     0.058378995     -0.52966871      -0.52966871       2.4627026             2.4627026
     0.46350937      0.57898378      0.25504191      0.96986774        3.083513    0.0025479103     -0.52966871      -0.52966871        2.217305              2.217305
     0.45251182      0.56909494      0.25661961       0.9652595       3.0780064    0.0042972279     -0.52966871      -0.52966871       2.1975273             2.1975273
     0.45312474      0.53383984      0.25391778      0.97417108       3.1028602     0.047835165     -0.52966871      -0.52966871       2.1270171             2.1270171
     0.47414534      0.45459184       0.2568779      0.96549408        3.075977    0.0030222015     -0.52966871      -0.52966871       1.9685211             1.9685211
     0.45765757      0.42329312      0.25509178      0.97274801       3.0997705     0.052554924     -0.52966871      -0.52966871       1.9059237             1.9059237
      0.4868744      0.36140817      0.25489866       0.9687213       3.0864231    0.0088371486     -0.52966871      -0.52966871       1.7821538             1.7821538
     0.48168273      0.33822714      0.25557998      0.96942347        3.089267      0.03003274     -0.52966871      -0.52966871       1.7357917             1.7357917
      0.4644659      0.30793329      0.25504531      0.97224069       3.0907228     0.031211463     -0.52966871      -0.52966871        1.675204              1.675204
     0.45006778      0.30663343      0.25467431      0.97602216       3.0939625     0.037142153     -0.52966871      -0.52966871       1.6726043             1.6726043
      0.4356425      0.30641983      0.25401124      0.97399486       3.0971261     0.033379774     -0.52966871      -0.52966871       1.6721771             1.6721771
     0.42172896      0.30608913      0.25599742      0.97284569       3.0841324     0.028055538     -0.52966871      -0.52966871       1.6715157             1.6715157
     0.41159605      0.29761974      0.25457635      0.96886568        3.092183     0.019914847     -0.52966871      -0.52966871       1.6545769             1.6545769
     0.40116366      0.29050284      0.25452638      0.97667215       3.0997374     0.049405145     -0.52966871      -0.52966871       1.6403431             1.6403431
     0.39026556      0.28525506      0.25510894      0.97120118        3.098008     0.045950149     -0.52966871      -0.52966871       1.6298475             1.6298475
     0.38303769      0.20863893      0.25652483      0.97276948       3.0778795      0.01776799     -0.52966871      -0.52966871       1.4766153             1.4766153
     0.37589724      0.19668486      0.25512833      0.96959044       3.0937231     0.034563618     -0.52966871      -0.52966871       1.4527071             1.4527071
     0.36572823      0.19333849       0.2547535      0.97519685       3.1022364     0.056360321     -0.52966871      -0.52966871       1.4460144             1.4460144
     0.35864299       0.1821299      0.25419249      0.97416183        3.095803     0.032775227     -0.52966871      -0.52966871       1.4235972             1.4235972
     0.35122857      0.17224846      0.25474723      0.97268349       3.0942781     0.036213157     -0.52966871      -0.52966871       1.4038343             1.4038343
     0.34916568      0.14736748      0.25394142      0.97270158       3.0988819     0.033850245     -0.52966871      -0.52966871       1.3540724             1.3540724
     0.34047773      0.14179264      0.25440835      0.97141548       3.0997151     0.042383435     -0.52966871      -0.52966871       1.3429227             1.3429227
     0.33020975      0.14164266       0.2548574      0.97532335       3.0997494     0.052278959     -0.52966871      -0.52966871       1.3426227             1.3426227
      0.3292736      0.11371003      0.25475435      0.97519896       3.0966909     0.042479504     -0.52966871      -0.52966871       1.2867575             1.2867575
     0.31941349      0.11334091      0.25443259      0.97278449       3.0965574     0.037311728     -0.52966871      -0.52966871       1.2860192             1.2860192
     0.31111345      0.10889811      0.25490639      0.96878571       3.0933385     0.028059738     -0.52966871      -0.52966871       1.2771336             1.2771336
     0.30242588      0.10644784      0.25421823         0.97251       3.0951519     0.027984321     -0.52966871      -0.52966871       1.2722331             1.2722331
     0.29338626      0.10602238       0.2544127      0.97571818       3.0993443     0.045235048     -0.52966871      -0.52966871       1.2713822             1.2713822
     0.28621222      0.10000718      0.25392458      0.97238391       3.1046897     0.046443768     -0.52966871      -0.52966871       1.2593518             1.2593518
     0.28035096     0.089926865       0.2541386      0.97387996       3.0970699     0.034878958     -0.52966871      -0.52966871       1.2391912             1.2391912
     0.27476555     0.079279238      0.25543633      0.96839503       3.0825633    0.0060027924     -0.52966871      -0.52966871       1.2178959             1.2178959
     0.27267704     0.056137698      0.25364207      0.97356106        3.107515     0.052793941     -0.52966871      -0.52966871       1.1716128             1.1716128
     0.26834482     0.041381309      0.25587601      0.96986205        3.083572     0.015918899     -0.52966871      -0.52966871          1.1421                1.1421
     0.26270781     0.031840037      0.25582407      0.97310797       3.0812627       0.0176952     -0.52966871      -0.52966871       1.1230175             1.1230175
     0.25538877     0.029323843      0.25389878      0.97421453       3.1065444     0.052856446     -0.52966871      -0.52966871       1.1179851             1.1179851
     0.24893135     0.024162008      0.25570561      0.97300352       3.0819973     0.017870417     -0.52966871      -0.52966871       1.1076614             1.1076614
      0.2481831   -0.0035992835      0.25515017      0.96899358       3.0887127     0.021203479     -0.52966871      -0.52966871       1.0521389             1.0521389
     0.25120198    -0.046461484      0.25387253      0.97352554       3.1072203     0.054964689     -0.52966871      -0.52966871      0.96641445            0.96641445
     0.24372567    -0.047019107      0.25416244       0.9751931       3.1066606      0.05865226     -0.52966871      -0.52966871      0.96529921            0.96529921
     0.24273428     -0.07371484      0.25492405      0.97472468       3.0947325     0.041168111     -0.52966871      -0.52966871      0.91190774            0.91190774
     0.23692647    -0.080268992      0.25579529      0.97213634       3.0791455    0.0067039779     -0.52966871      -0.52966871      0.89879944            0.89879944
     0.23089126    -0.085237677      0.25419414      0.97520631       3.1009707     0.046086395     -0.52966871      -0.52966871      0.88886207            0.88886207
       0.231383    -0.087365175      0.25459472      0.97298919       3.1019686     0.051097657     -0.52966871      -0.52966871      0.88460707            0.88460707
     0.23187832    -0.089503568      0.25436378      0.97525895       3.0993862     0.044814358     -0.52966871      -0.52966871      0.88033029            0.88033029
     0.23297751    -0.094232735      0.25463709      0.96999882       3.0931901     0.025401492     -0.52966871      -0.52966871      0.87087195            0.87087195
     0.23664236     -0.10984076      0.25466146      0.96995543       3.0947244     0.030014443     -0.52966871      -0.52966871       0.8396559             0.8396559
     0.23786675     -0.11500146      0.25579474      0.97331107       3.0848576     0.025615429     -0.52966871      -0.52966871      0.82933451            0.82933451
     0.23798638     -0.11550425      0.25411841      0.97433398       3.1027971     0.049223112     -0.52966871      -0.52966871      0.82832892            0.82832892
     0.23826816     -0.11668758      0.25490428       0.9703247       3.0953366     0.035071577     -0.52966871      -0.52966871      0.82596226            0.82596226
     0.24181286     -0.13145494      0.25453026      0.97108596       3.0983801     0.038203517     -0.52966871      -0.52966871      0.79642754            0.79642754
      0.2441341     -0.14100848       0.2543523      0.97398011       3.1024767     0.049393308     -0.52966871      -0.52966871      0.77732046            0.77732046
     0.24455275     -0.14272185      0.25565492        0.972746       3.0817398     0.013580769     -0.52966871      -0.52966871      0.77389372            0.77389372
     0.24552785     -0.14670119      0.25503317      0.97100195       3.0949512     0.037771417     -0.52966871      -0.52966871      0.76593504            0.76593504
     0.24865454     -0.15935536      0.25667589      0.96727695       3.0764571    0.0046704318     -0.52966871      -0.52966871       0.7406267             0.7406267
     0.25060785     -0.16718018      0.25491997      0.97046548       3.0949499     0.034519125     -0.52966871      -0.52966871      0.72497706            0.72497706
     0.25197482     -0.17261997      0.25490094      0.97181716       3.0942635      0.03356651     -0.52966871      -0.52966871      0.71409748            0.71409748
     0.25627117     -0.18952693        0.255443       0.9701297       3.0897743     0.029315612     -0.52966871      -0.52966871      0.68028356            0.68028356
     0.26144003     -0.20949572      0.25598871      0.97062727       3.0839138     0.021100105     -0.52966871      -0.52966871      0.64034599            0.64034599
     0.27194484     -0.24889007      0.25569487      0.96895983       3.0847619     0.016210531     -0.52966871      -0.52966871      0.56155729            0.56155729
     0.27360683     -0.25498296       0.2561296      0.97109305       3.0810997     0.016051001     -0.52966871      -0.52966871       0.5493715             0.5493715
     0.27803816     -0.27104919      0.25583275      0.97136699       3.0858829       0.0258565     -0.52966871      -0.52966871      0.51723905            0.51723905
     0.27833698     -0.27212336      0.25448302       0.9738395       3.0968958     0.038671021     -0.52966871      -0.52966871       0.5150907             0.5150907
     0.28492123     -0.29550355      0.25570682      0.97081306       3.0821785     0.014633974     -0.52966871      -0.52966871      0.46833033            0.46833033
     0.29381592     -0.32624424      0.25497596      0.97029436       3.0916622     0.027107776     -0.52966871      -0.52966871      0.40684893            0.40684893
     0.29895594     -0.34358702       0.2552622      0.96990899        3.088767     0.022613788     -0.52966871      -0.52966871      0.37216338            0.37216338
     0.30368465     -0.35928064      0.25599955      0.97099926       3.0797368    0.0095506533     -0.52966871      -0.52966871      0.34077613            0.34077613
     0.30626236     -0.36773294      0.25610785      0.97172039       3.0794243     0.013164513     -0.52966871      -0.52966871      0.32387154            0.32387154
     0.31062189     -0.38186718      0.25498757      0.97187133       3.0921693     0.030267301     -0.52966871      -0.52966871      0.29560306            0.29560306
     0.31433612     -0.39375368      0.25624215      0.96999856        3.077467    0.0070010097     -0.52966871      -0.52966871      0.27183007            0.27183007
     0.32135548     -0.41583874      0.25496889      0.97176699       3.0903756     0.026305761     -0.52966871      -0.52966871      0.22765994            0.22765994
     0.32212526     -0.41823129       0.2552903      0.97110099       3.0891002     0.026881938     -0.52966871      -0.52966871      0.22287484            0.22287484
     0.35250733     -0.50836223      0.25559992      0.97061933       3.0835182     0.014888497     -0.52966871      -0.52966871     0.042612971           0.042612971
     0.35513645      -0.5157929      0.25596055      0.96963434       3.0803323    0.0091364378     -0.52966871      -0.52966871     0.027751617           0.027751617
