#        weight    minuslogpost         omega_c             n_s            lnas            m_nu   minuslogprior minuslogprior__0            chi2 chi2__likelihood_CAMB
 1.6043823e-317       740.06102      0.26937086       1.1198364       3.1280237      0.58241963     -0.52966871      -0.52966871       1481.1814             1481.1814
 2.5336087e-304       709.63973      0.26812948       1.1196209       3.1005196      0.52344605     -0.52966871      -0.52966871       1420.3388             1420.3388
 1.7670676e-294       686.94343      0.26124184       1.1234036       3.1345605      0.49421417     -0.52966871      -0.52966871       1374.9462             1374.9462
 5.4458875e-293       683.48454       0.2697952      0.96974478       3.1532085      0.45081158     -0.52966871      -0.52966871       1368.0284             1368.0284
 3.2489759e-291       679.36512       0.2614567      0.89416238       3.1655071      0.19333345     -0.52966871      -0.52966871       1359.7896             1359.7896
 4.7881308e-286       667.43362      0.23819581      0.90537644       3.3126938       0.2397129     -0.52966871      -0.52966871       1335.9266             1335.9266
 3.7453642e-283       660.74071      0.26370608       0.9488703        3.221646      0.42714557     -0.52966871      -0.52966871       1322.5408             1322.5408
 1.4745837e-275       643.22141      0.26073353      0.99311639       3.2245382      0.42873806     -0.52966871      -0.52966871       1287.5021             1287.5021
 1.2394678e-259       606.52297      0.22046119       1.0186568       3.3977036      0.32293792     -0.52966871      -0.52966871       1214.1053             1214.1053
 2.8230143e-251       587.24839      0.25591248       1.0287304       3.2949915      0.74270001     -0.52966871      -0.52966871       1175.5561             1175.5561
 7.2572781e-251       586.27342      0.22941227       1.1039675       3.3805528      0.54266506     -0.52966871      -0.52966871       1173.6062             1173.6062
  2.995322e-244        571.0095      0.23311028       1.0238806        3.374483      0.52796807     -0.52966871      -0.52966871       1143.0783             1143.0783
  4.371442e-240       561.39035      0.22587676       1.0684001       3.4241311      0.57339078     -0.52966871      -0.52966871         1123.84               1123.84
 5.1618349e-232        542.7727      0.24189667      0.94154875       3.1961172      0.13796542     -0.52966871      -0.52966871       1086.6047             1086.6047
 4.8068271e-213       499.06407      0.25657563      0.97986106       3.2885222      0.54207093     -0.52966871      -0.52966871       999.18747             999.18747
 3.1568195e-211        494.8486      0.28641505      0.93039666       2.9300204     0.017641136     -0.52966871      -0.52966871       990.75653             990.75653
 1.6963428e-205        481.6234      0.27843571      0.92837336       3.0008477      0.10813708     -0.52966871      -0.52966871       964.30615             964.30615
 3.6722074e-200       469.30739       0.2708564       1.0596514       3.1478078      0.53365099     -0.52966871      -0.52966871       939.67412             939.67412
 4.4740228e-191       448.35586       0.2680766      0.99658948       3.1869694      0.48306093     -0.52966871      -0.52966871       897.77105             897.77105
 9.3421693e-191       447.58883      0.24987864       1.1139382       3.2411357      0.60388805     -0.52966871      -0.52966871       896.23701             896.23701
 6.0401683e-187       438.78383      0.25538878       1.1078791       3.1858987      0.50420853     -0.52966871      -0.52966871         878.627               878.627
 2.7987465e-182       428.00939      0.23382404         1.04502       3.4698999      0.75189908     -0.52966871      -0.52966871       857.07812             857.07812
 8.4473455e-168       394.63775      0.26026669       1.0556396       3.0321489      0.12700021     -0.52966871      -0.52966871       790.33484             790.33484
 3.9689704e-165       388.45457      0.24182654       1.0632882        3.195568       0.2386545     -0.52966871      -0.52966871       777.96847             777.96847
 1.9247122e-162       382.23977      0.27079677       1.0602704       3.1758893      0.67201658     -0.52966871      -0.52966871       765.53888             765.53888
  4.764418e-162        381.3026      0.23072321       1.0925277        3.447309      0.77752508     -0.52966871      -0.52966871       763.66454             763.66454
 4.1462009e-157       369.89789      0.26534905       1.1026176       3.1734221       0.6443544     -0.52966871      -0.52966871       740.85511             740.85511
 3.9793172e-153       360.69786      0.25510614       1.0190319       3.3298921      0.76293184     -0.52966871      -0.52966871       722.45505             722.45505
 1.3332457e-150       354.85282      0.26688344       1.0508698       3.0754835      0.28227106     -0.52966871      -0.52966871       710.76498             710.76498
  2.409565e-146       345.01988      0.23914868       0.9495126       3.3281996      0.34272984     -0.52966871      -0.52966871        691.0991              691.0991
  4.658841e-145        342.0272      0.22682968       1.0288033        3.424484      0.49077126     -0.52966871      -0.52966871       685.11375             685.11375
 7.6727957e-142       334.58976       0.2485749      0.92711755       3.2014527      0.19609322     -0.52966871      -0.52966871       670.23886             670.23886
 2.0668883e-139       328.96287      0.24927498       1.0639613       3.1925793      0.32145914     -0.52966871      -0.52966871       658.98508             658.98508
 2.2373141e-138       326.55028      0.25410423       1.0310471       3.2266737      0.50460371     -0.52966871      -0.52966871       654.15991             654.15991
 2.5166757e-136       321.79668      0.24739559       1.1128557       3.3023604      0.73819905     -0.52966871      -0.52966871        644.6527              644.6527
 6.4752363e-135       318.51828      0.26000791       1.0690015       3.1199615      0.35249824     -0.52966871      -0.52966871       638.09589             638.09589
 1.5695008e-133       315.29956      0.23566598       1.0462004       3.4455239      0.78424578     -0.52966871      -0.52966871       631.65846             631.65846
 3.3719516e-127       300.68855      0.26199146       1.0823087       3.1672914      0.50675122     -0.52966871      -0.52966871       602.43643             602.43643
 2.6508263e-125       296.29322      0.26828839       1.0328976       3.1740456      0.56152812     -0.52966871      -0.52966871       593.64579             593.64579
 1.2350719e-124       294.72361      0.23915229       1.0185335        3.412443       0.6952034     -0.52966871      -0.52966871       590.50656             590.50656
 1.9055807e-119       282.74625      0.26812297      0.93101323        3.081538      0.15083856     -0.52966871      -0.52966871       566.55185             566.55185
  5.278436e-116       274.78888      0.24713891       1.1145848       3.3366505      0.77061393     -0.52966871      -0.52966871       550.63711             550.63711
 1.5330784e-112       266.78412       0.2461625        1.022265       3.3248944      0.60912942     -0.52966871      -0.52966871       534.62759             534.62759
 2.3427621e-112        266.3293      0.24204607       1.0331786       3.2223587      0.29493868     -0.52966871      -0.52966871       533.71794             533.71794
 1.7413425e-111       264.29262       0.2517871       1.0978972       3.3010983      0.71478437     -0.52966871      -0.52966871       529.64457             529.64457
  6.662917e-109       258.31478      0.25614639       1.0062823       3.2908722      0.61418899     -0.52966871      -0.52966871       517.68889             517.68889
 2.7210839e-106       252.27178      0.26464983      0.95369316       3.0936261      0.19373865     -0.52966871      -0.52966871       505.60289             505.60289
 5.2522085e-106       251.58339      0.27163887      0.94920597       3.0443024      0.12349355     -0.52966871      -0.52966871       504.22611             504.22611
 3.1778246e-105       249.75248      0.27356939      0.98741161       2.9604845     0.042600808     -0.52966871      -0.52966871        500.5643              500.5643
 9.6814674e-105       248.60769      0.24794892       1.0654428       3.2224254      0.42918858     -0.52966871      -0.52966871       498.27472             498.27472
 1.5085909e-103       245.83079        0.235289       1.0273037       3.3788789      0.49768006     -0.52966871      -0.52966871       492.72091             492.72091
 6.6473885e-103       244.31697      0.25469252       1.0384604       3.2634234      0.61862384     -0.52966871      -0.52966871       489.69327             489.69327
 1.1692885e-101       241.41885      0.25799906       1.0514515       3.2502784      0.58623896     -0.52966871      -0.52966871       483.89705             483.89705
  1.3222725e-98       234.35737      0.26407952      0.91200439       3.0616228     0.014776205     -0.52966871      -0.52966871       469.77408             469.77408
   4.851009e-98       233.02676       0.2572531       1.0400524       3.2482429      0.54486692     -0.52966871      -0.52966871       467.11287             467.11287
  3.4196798e-94       224.13529      0.26430056       1.0392967       3.2168097      0.60734752     -0.52966871      -0.52966871       449.32992             449.32992
  1.0279513e-86       206.88582      0.24473236       1.0257244       3.2127147      0.30078216     -0.52966871      -0.52966871       414.83098             414.83098
   4.847267e-86        205.3042      0.25450114       1.0863896       3.2390493      0.57932744     -0.52966871      -0.52966871       411.66774             411.66774
  1.3335255e-85       204.26143      0.24791361      0.99496893       3.2895008      0.48671416     -0.52966871      -0.52966871        409.5822              409.5822
  2.2981721e-83        199.0812      0.24822289        1.052371       3.1934399      0.33360785     -0.52966871      -0.52966871       399.22174             399.22174
  7.6796923e-77       184.02846      0.24492824       1.0409546       3.3702845      0.73385671     -0.52966871      -0.52966871       369.11625             369.11625
  3.5279164e-73       175.56522      0.26218302      0.95384449       3.0597691     0.090234221     -0.52966871      -0.52966871       352.18977             352.18977
  3.4291117e-71       170.95768      0.25961151       1.0041321       3.1213745      0.26458406     -0.52966871      -0.52966871        342.9747              342.9747
  4.9060925e-70       168.26615      0.23740044       1.0173441        3.376024      0.52729384     -0.52966871      -0.52966871       337.59163             337.59163
  4.9756368e-70        168.2213      0.24416612       1.0088044       3.2900712      0.45096976     -0.52966871      -0.52966871       337.50194             337.50194
  3.2149899e-65       157.11433      0.26499454       1.0070534       3.1410808      0.36545284     -0.52966871      -0.52966871         315.288               315.288
  4.3993509e-65       156.76993      0.24608983      0.96437785       3.1371068     0.016545469     -0.52966871      -0.52966871       314.59919             314.59919
  8.0774854e-65       156.13153      0.25658915       1.0419312       3.2013599       0.4732899     -0.52966871      -0.52966871        313.3224              313.3224
  1.2879264e-64       155.63422      0.25110118       1.0083288        3.258245      0.47920839     -0.52966871      -0.52966871       312.32778             312.32778
  1.9132817e-61       148.29991      0.23733296      0.98781871       3.2307248      0.15455594     -0.52966871      -0.52966871       297.65915             297.65915
   1.678092e-58       141.49254      0.24370923       1.0341589       3.2961391      0.44007259     -0.52966871      -0.52966871       284.04442             284.04442
  3.9781019e-57       138.29604      0.24709783       1.0217159       3.2852118      0.44604536     -0.52966871      -0.52966871       277.65142             277.65142
  2.6556945e-54       131.76161      0.24552855        1.054934       3.2417271      0.40200499     -0.52966871      -0.52966871       264.58256             264.58256
  1.8660473e-53       129.78114      0.25012101      0.96145644       3.2198716      0.25801065     -0.52966871      -0.52966871       260.62161             260.62161
  2.9081875e-52       127.00407      0.24570483      0.94757631       3.1932471      0.15187396     -0.52966871      -0.52966871       255.06749             255.06749
  1.1128416e-51       125.63133      0.24668199       1.0754695       3.3583034      0.75502436     -0.52966871      -0.52966871         252.322               252.322
  5.3956377e-51       124.02188      0.23699373       0.9987165       3.2862374      0.28142305     -0.52966871      -0.52966871       249.10311             249.10311
  5.2425388e-51        124.0199      0.27001988      0.97879592       3.0054316     0.073612413     -0.52966871      -0.52966871       249.09913             249.09913
  1.1193166e-48       118.62546      0.24544104       1.0665004       3.3201255      0.59858505     -0.52966871      -0.52966871       238.31025             238.31025
  4.1650336e-48       117.28068       0.2412887       1.0087935        3.344041      0.50636362     -0.52966871      -0.52966871        235.6207              235.6207
  5.9943911e-48       116.88581      0.24597303      0.96477139       3.2508762      0.28242999     -0.52966871      -0.52966871       234.83096             234.83096
  8.7444108e-48       116.47745      0.24636124       1.0842638       3.3296198      0.72107929     -0.52966871      -0.52966871       234.01423             234.01423
  1.0980236e-46       113.91641      0.25997668      0.93907249        3.089169     0.065046003     -0.52966871      -0.52966871       228.89215             228.89215
  1.6115222e-44        108.8968      0.26417729       1.0026146       3.0849966      0.21693129     -0.52966871      -0.52966871       218.85294             218.85294
  1.3151807e-42       104.46406      0.24839869      0.94340486       3.1462097     0.054441133     -0.52966871      -0.52966871       209.98746             209.98746
   1.452749e-41       102.03122      0.25685854       1.0296556       3.2419573      0.54816475     -0.52966871      -0.52966871       205.12178             205.12178
  4.5213158e-41       100.86511      0.24740281       1.0120168       3.1645448      0.16649211     -0.52966871      -0.52966871       202.78955             202.78955
  5.2685075e-41       100.68139       0.2562187       1.0218631       3.1718877      0.31504368     -0.52966871      -0.52966871       202.42212             202.42212
  5.9153841e-40       98.232223      0.25591711       1.0030209       3.2286466      0.45002407     -0.52966871      -0.52966871       197.52378             197.52378
  2.5648013e-39       96.734542      0.25869786      0.98874701        3.029888     0.012376935     -0.52966871      -0.52966871       194.52842             194.52842
  1.8263281e-37       92.438174      0.25130683       1.0883627       3.3207613      0.78208345     -0.52966871      -0.52966871       185.93568             185.93568
  3.6117564e-37       91.725515      0.26136774      0.94672691       3.0720478     0.052273945     -0.52966871      -0.52966871       184.51037             184.51037
  5.5720266e-36       88.958594      0.24232225       1.0375172       3.3219953      0.53379525     -0.52966871      -0.52966871       178.97653             178.97653
  5.8809724e-36       88.873859      0.24411991      0.98352023        3.219537      0.20247775     -0.52966871      -0.52966871       178.80706             178.80706
   7.149562e-36       88.647758      0.24097932         1.00888       3.3273131      0.46186209     -0.52966871      -0.52966871       178.35485             178.35485
  2.0746672e-33       82.946482      0.25633943      0.96016478       3.0617939     0.020599447     -0.52966871      -0.52966871        166.9523              166.9523
  8.3660986e-33       81.521323      0.26717564      0.95911635       3.0034326      0.00981195     -0.52966871      -0.52966871       164.10198             164.10198
  1.3278877e-32       81.028565      0.25368586       1.0379244       3.1783309      0.34034831     -0.52966871      -0.52966871       163.11647             163.11647
  1.6893593e-32       80.757033      0.25320113      0.99517979       3.1234171      0.12432237     -0.52966871      -0.52966871        162.5734              162.5734
  1.6527603e-32       80.748164      0.26455176      0.97785357       3.0264354     0.062608891     -0.52966871      -0.52966871       162.55567             162.55567
  2.4841354e-32       80.309914      0.25768033       1.0067099        3.162882      0.29397035     -0.52966871      -0.52966871       161.67917             161.67917
  4.4346131e-32       79.699627      0.24259403       1.0357349        3.350668       0.5957163     -0.52966871      -0.52966871       160.45859             160.45859
  5.1890046e-32       79.511754      0.25694787       1.0359613        3.221655      0.48919056     -0.52966871      -0.52966871       160.08285             160.08285
  3.3766642e-31       77.608051      0.24765472       1.0798782       3.3234261      0.69826819     -0.52966871      -0.52966871       156.27544             156.27544
  9.4946191e-31       76.543442      0.25280653       0.9849754       3.1780981      0.22610518     -0.52966871      -0.52966871       154.14622             154.14622
   2.747178e-30       75.450236      0.25600529       1.0382711       3.1947893      0.40939187     -0.52966871      -0.52966871       151.95981             151.95981
  3.0148304e-30       75.326495      0.24455165      0.98218826       3.2703521      0.33892191     -0.52966871      -0.52966871       151.71233             151.71233
  3.5721663e-30       75.126095      0.25719934        1.027315       3.1527194       0.3100468     -0.52966871      -0.52966871       151.31153             151.31153
  3.6673745e-30        75.06902      0.25737021       0.9876441       3.1870435      0.33585808     -0.52966871      -0.52966871       151.19738             151.19738
  6.0377378e-29       72.237109        0.253513       1.0022482       3.0923296      0.10286545     -0.52966871      -0.52966871       145.53356             145.53356
  1.0601737e-28       71.643349      0.24626498       1.0224466       3.3059981       0.5037454     -0.52966871      -0.52966871       144.34604             144.34604
  1.3870658e-28        71.34382      0.25564683      0.98252026       3.1959765      0.31933374     -0.52966871      -0.52966871       143.74698             143.74698
  1.5634609e-28       71.193337      0.26245579      0.99609984       3.0925203      0.19261632     -0.52966871      -0.52966871       143.44601             143.44601
  3.1049587e-27       68.173882      0.24289576       1.0473177        3.329441      0.55538186     -0.52966871      -0.52966871        137.4071              137.4071
  4.2318904e-27       67.833462      0.24893884       1.0716072        3.319902       0.6942374     -0.52966871      -0.52966871       136.72626             136.72626
  1.9383184e-26       66.280933      0.24987879       1.0554799       3.3147591      0.67376419     -0.52966871      -0.52966871        133.6212              133.6212
  6.6348093e-26       65.019652      0.26466511      0.97054025       3.0321672     0.035728362     -0.52966871      -0.52966871       131.09864             131.09864
  8.1209884e-26       64.786758      0.24406284        0.998447       3.2842545      0.39637308     -0.52966871      -0.52966871       130.63285             130.63285
  2.4505911e-25       63.651524       0.2463926       1.0036235       3.2839619       0.4223634     -0.52966871      -0.52966871       128.36239             128.36239
  3.0593084e-25       63.398893      0.24364061      0.98015476       3.2360371      0.23625684     -0.52966871      -0.52966871       127.85712             127.85712
  4.5012561e-25       62.981954      0.24493215       1.0609115       3.3214943      0.60866933     -0.52966871      -0.52966871       127.02324             127.02324
  1.2762955e-24       61.908992       0.2569152      0.97828644       3.0967349     0.091091029     -0.52966871      -0.52966871       124.87732             124.87732
  7.1300238e-24       60.157867      0.24846206       0.9832091       3.2381384      0.31187453     -0.52966871      -0.52966871       121.37507             121.37507
   7.986877e-23       57.711025      0.24733656         1.04103       3.2450407      0.41379562     -0.52966871      -0.52966871       116.48139             116.48139
  8.5944148e-23       57.606941      0.24337705       1.0321028       3.3039264      0.48871641     -0.52966871      -0.52966871       116.27322             116.27322
   1.241132e-22       57.208673      0.26651763      0.97769932       3.0033049     0.020301196     -0.52966871      -0.52966871       115.47668             115.47668
  5.6478948e-22       55.662642      0.24783978       1.0547653       3.3049515      0.59211923     -0.52966871      -0.52966871       112.38462             112.38462
  8.0544498e-22       55.276929      0.26057688      0.99000684       3.1177819      0.22398052     -0.52966871      -0.52966871       111.61319             111.61319
  1.2769925e-21       54.785289       0.2581537      0.98402852       3.1547657      0.25852893     -0.52966871      -0.52966871       110.62992             110.62992
  8.7503547e-21       52.829931      0.25182727      0.98936018       3.2298948      0.36039794     -0.52966871      -0.52966871        106.7192              106.7192
  1.9387553e-20       52.003622      0.26188415      0.94385417       3.0560378     0.027162614     -0.52966871      -0.52966871       105.06658             105.06658
  1.9879854e-20       51.947775      0.25218881       1.0252397       3.1728434      0.28442285     -0.52966871      -0.52966871       104.95489             104.95489
  3.9001956e-20       51.243098      0.24508307       1.0461072       3.3213109      0.58310119     -0.52966871      -0.52966871       103.54553             103.54553
  4.2683753e-20        51.12212      0.25805327      0.96085467       3.0484636    0.0014335358     -0.52966871      -0.52966871       103.30358             103.30358
  4.7143312e-20       50.991974      0.25583326       1.0225282       3.2083308      0.41793979     -0.52966871      -0.52966871       103.04329             103.04329
  5.3604734e-20       50.832758      0.25350126       1.0049269       3.1861859      0.31885411     -0.52966871      -0.52966871       102.72485             102.72485
  1.5373566e-19       49.748389       0.2537586      0.98960003       3.2097397        0.336274     -0.52966871      -0.52966871       100.55611             100.55611
  1.9853072e-19       49.461908      0.25440359       1.0083165       3.1078592      0.14468767     -0.52966871      -0.52966871       99.983153             99.983153
  3.2524241e-19       48.937509      0.26193939      0.98773045       3.0609133     0.099456737     -0.52966871      -0.52966871       98.934356             98.934356
   4.343081e-19       48.617554      0.24595272       1.0490932       3.2966285      0.53032091     -0.52966871      -0.52966871       98.294446             98.294446
  7.2651904e-19       48.072272      0.26114863      0.94331518       3.0508344     0.018031178     -0.52966871      -0.52966871       97.203881             97.203881
  1.7840663e-18       47.143115      0.25579604       1.0038761       3.1796026      0.30823189     -0.52966871      -0.52966871       95.345567             95.345567
  2.2423897e-18       46.883696      0.25059896      0.95957619       3.1061882     0.011266839     -0.52966871      -0.52966871       94.826729             94.826729
  5.6249278e-18       45.933258      0.24545499      0.99817607       3.2149246      0.25929291     -0.52966871      -0.52966871       92.925854             92.925854
  2.4636892e-17        44.42545      0.24370294       1.0202416       3.2592401      0.35989779     -0.52966871      -0.52966871       89.910237             89.910237
  2.0776161e-15       39.643402      0.25321624       0.9467355       3.1148358     0.063362549     -0.52966871      -0.52966871       80.346141             80.346141
  4.6984283e-14       36.391279      0.26186286      0.95431099       3.0449479    0.0018942719     -0.52966871      -0.52966871       73.841895             73.841895
  9.1309782e-14       35.662295      0.26175398       0.9777821       3.0689194       0.1117446     -0.52966871      -0.52966871       72.383928             72.383928
  9.1134713e-14       35.599676      0.25664212      0.94744923       3.0918422     0.059905764     -0.52966871      -0.52966871       72.258689             72.258689
  1.1332072e-13       35.381793      0.25685337      0.96247232       3.1128854      0.11450999     -0.52966871      -0.52966871       71.822923             71.822923
  1.1558146e-13       35.362039      0.25576752      0.98939276       3.0740013      0.07057945     -0.52966871      -0.52966871       71.783416             71.783416
   1.126313e-13       35.313787      0.26134189      0.97994235       3.0789211      0.12806687     -0.52966871      -0.52966871       71.686911             71.686911
  3.4878531e-13        34.18345      0.25625865      0.98962333        3.093091      0.12078695     -0.52966871      -0.52966871       69.426238             69.426238
  7.5441926e-13       33.257808      0.26004741      0.94530045       3.0597187     0.012603867     -0.52966871      -0.52966871       67.574953             67.574953
  1.3640468e-11        30.15532      0.25436635      0.95028222       3.0963931     0.032315581     -0.52966871      -0.52966871       61.369978             61.369978
  2.8979683e-11       29.337228      0.25850344       0.9561228       3.0898309     0.089504864     -0.52966871      -0.52966871       59.733793             59.733793
  4.0994202e-11       28.990392      0.25972498      0.96578053       3.0419437     0.014336736     -0.52966871      -0.52966871       59.040122             59.040122
  6.7641083e-11       28.489607      0.25725484      0.99035786          3.0908      0.10928437     -0.52966871      -0.52966871       58.038552             58.038552
  6.9142434e-17       43.464414       0.2494671      0.99067667        3.229662      0.31677862     -0.52966871      -0.52966871       87.988165             87.988165
  1.4191118e-16       42.676388      0.24643431       1.0446801       3.3047583      0.55556492     -0.52966871      -0.52966871       86.412114             86.412114
  1.9503935e-15        39.98681      0.25470159      0.97952567       3.1705793      0.23872209     -0.52966871      -0.52966871       81.032958             81.032958
  2.7350856e-15       39.648679      0.25187955      0.99068313       3.1602011      0.21723912     -0.52966871      -0.52966871       80.356695             80.356695
  1.8693002e-14       37.726692       0.2516912       1.0086109       3.2415692      0.41318599     -0.52966871      -0.52966871       76.512722             76.512722
  1.3552526e-13       35.745683      0.24575879      0.98977566       3.2470663      0.31229448     -0.52966871      -0.52966871       72.550704             72.550704
  3.0677723e-13       34.761666      0.24598666       1.0065492        3.206724      0.24218567     -0.52966871      -0.52966871       70.582669             70.582669
  5.3363825e-13       34.128027      0.25359354       0.9996689       3.1700449      0.27174986     -0.52966871      -0.52966871        69.31539              69.31539
   6.425639e-13       33.942278       0.2501425      0.99150377       3.2289839      0.34021428     -0.52966871      -0.52966871       68.943894             68.943894
  1.6624752e-12       32.991682      0.25137581      0.98722313       3.2137067      0.30846379     -0.52966871      -0.52966871       67.042701             67.042701
  6.6313313e-12       31.608184      0.24651639       1.0064655       3.2151877      0.28252935     -0.52966871      -0.52966871       64.275705             64.275705
  6.3904042e-12       31.539831      0.24810228      0.98023163       3.2104426      0.25584379     -0.52966871      -0.52966871          64.139                64.139
  2.3058611e-11        30.25659      0.24935185       1.0283958        3.265167       0.4689922     -0.52966871      -0.52966871       61.572517             61.572517
   6.880207e-11       29.045612      0.25504753      0.98044623       3.1631301      0.24131628     -0.52966871      -0.52966871       59.150562             59.150562
  2.1148754e-10       27.804897      0.24580287      0.99710103       3.2112867       0.2365422     -0.52966871      -0.52966871       56.669131             56.669131
  2.0226838e-10       27.731684      0.25068901       1.0151885       3.1906946      0.28366562     -0.52966871      -0.52966871       56.522706             56.522706
  1.9582515e-10       27.646275      0.24878156          1.0154       3.2401246      0.37025995     -0.52966871      -0.52966871       56.351887             56.351887
  9.8457282e-17       42.761748      0.25972203      0.97833443       3.1122848      0.17384408     -0.52966871      -0.52966871       86.582834             86.582834
  2.7248321e-12       31.927318      0.24546451      0.97844661       3.2000034      0.18736483     -0.52966871      -0.52966871       64.913974             64.913974
  3.2041475e-10       26.791106       0.2569596       0.9632498       3.0935282     0.094355092     -0.52966871      -0.52966871       54.641549             54.641549
  3.3257957e-09       24.382265      0.25511123      0.95045346       3.0936538     0.047559152     -0.52966871      -0.52966871       49.823867             49.823867
  3.5655711e-09        24.31265      0.25758364       0.9848531       3.0986062      0.12283207     -0.52966871      -0.52966871       49.684637             49.684637
  1.2970113e-08       23.021326      0.25990564      0.97255383       3.0833849      0.10620706     -0.52966871      -0.52966871        47.10199              47.10199
  2.5004057e-08       22.364936      0.25465249      0.98512876       3.1235725      0.13894638     -0.52966871      -0.52966871       45.789209             45.789209
  2.0785426e-07       20.080083      0.25537878      0.95062573       3.0794077     0.015771139     -0.52966871      -0.52966871       41.219503             41.219503
  3.2108059e-07       19.645228      0.25504818       0.9518794       3.0870869     0.023577412     -0.52966871      -0.52966871       40.349793             40.349793
  8.6201859e-07       18.570632      0.25947229      0.97013173        3.052277     0.040380582     -0.52966871      -0.52966871       38.200601             38.200601
  4.5943403e-06       16.587173       0.2525921       0.9644294       3.1018851     0.056190395     -0.52966871      -0.52966871       34.233683             34.233683
  5.3266518e-06       16.439275      0.25178578      0.98058903       3.1019129     0.064639844     -0.52966871      -0.52966871       33.937888             33.937888
   7.275224e-06       16.127524      0.25799366        0.967354       3.0576729   0.00055866229     -0.52966871      -0.52966871       33.314385             33.314385
  8.3734754e-06       15.986929      0.25781126      0.96719422       3.0587547   0.00059159043     -0.52966871      -0.52966871       33.033196             33.033196
  2.5906036e-10       27.366436      0.24663058      0.98785044       3.2308598      0.28708332     -0.52966871      -0.52966871       55.792209             55.792209
  6.7112996e-10       26.281003      0.24959806       1.0146838       3.1966065       0.2920452     -0.52966871      -0.52966871       53.621343             53.621343
  6.4370535e-10       26.189193       0.2539262      0.98400794       3.1773389      0.26308433     -0.52966871      -0.52966871       53.437723             53.437723
  1.1363723e-09       25.620838      0.24618504       1.0000327       3.1969059      0.21963074     -0.52966871      -0.52966871       52.301013             52.301013
  1.1148078e-09       25.485846      0.25088429       1.0213232       3.2256114      0.37979932     -0.52966871      -0.52966871       52.031029             52.031029
  9.7215068e-09       23.032505      0.25025057      0.99364856       3.1986658      0.28016365     -0.52966871      -0.52966871       47.124348             47.124348
  1.4265522e-08       22.515469      0.24695581      0.99560613       3.2171045      0.26257449     -0.52966871      -0.52966871       46.090275             46.090275
  4.9275042e-07        18.83978      0.24722986      0.99549677       3.1932716      0.21548803     -0.52966871      -0.52966871       38.738898             38.738898
  1.7029565e-06       17.599662       0.2485882      0.99398021       3.1961391      0.23500336     -0.52966871      -0.52966871       36.258661             36.258661
  3.5558163e-06       16.863443      0.24763481       1.0100912       3.2363394      0.34278009     -0.52966871      -0.52966871       34.786224             34.786224
  6.4171824e-06       16.090727      0.24788713      0.98810774       3.2061875      0.24367875     -0.52966871      -0.52966871       33.240792             33.240792
   1.179936e-05       15.299339      0.24860093       1.0117822       3.2287861      0.34235963     -0.52966871      -0.52966871       31.658016             31.658016
  1.2067628e-05       15.276858       0.2521572      0.98565027       3.1816904      0.24213521     -0.52966871      -0.52966871       31.613054             31.613054
   4.739102e-10       26.432235      0.24667919      0.98650154       3.1896716      0.19974774     -0.52966871      -0.52966871       53.923807             53.923807
  1.7268097e-09       25.065114      0.25743959       0.9734581       3.1220424      0.16138408     -0.52966871      -0.52966871       51.189565             51.189565
  5.8005657e-08       21.343209      0.25276032      0.99988062       3.1348108      0.16550794     -0.52966871      -0.52966871       43.745756             43.745756
  6.9827526e-08       21.157722      0.24792322      0.97388718       3.1823037      0.17476593     -0.52966871      -0.52966871       43.374781             43.374781
  7.0627513e-08       21.077337      0.25628488      0.98037755       3.1425513      0.20463142     -0.52966871      -0.52966871       43.214012             43.214012
  1.2421792e-06       18.076603      0.25506099      0.99314103       3.1229759      0.15798515     -0.52966871      -0.52966871       37.212544             37.212544
  3.2849603e-06       17.039577      0.24857104      0.98223539       3.1817716      0.20100474     -0.52966871      -0.52966871       35.138492             35.138492
  1.1285785e-05       15.623066      0.25533809      0.97700511       3.1426568      0.18781815     -0.52966871      -0.52966871        32.30547              32.30547
  1.0977222e-05        15.59363      0.25552206      0.98953564        3.124402      0.17489495     -0.52966871      -0.52966871       32.246597             32.246597
  1.7312293e-05        15.02681      0.25651025      0.99151876       3.1185562      0.17067414     -0.52966871      -0.52966871       31.112956             31.112956
  2.3887349e-05       14.851638      0.24911273      0.97664035       3.1412278      0.10472794     -0.52966871      -0.52966871       30.762613             30.762613
  2.4473579e-05       14.660339      0.25511118      0.98331357       3.1013287      0.09618787     -0.52966871      -0.52966871       30.380015             30.380015
  2.2218315e-05       14.602865      0.25668454      0.96928147       3.0710369     0.025265874     -0.52966871      -0.52966871       30.265068             30.265068
  3.5307126e-05       14.065589      0.25752763      0.96153435       3.0925279     0.088277705     -0.52966871      -0.52966871       29.190516             29.190516
  7.1849732e-05       13.211996      0.25302529      0.96573353       3.0829763    0.0074019451     -0.52966871      -0.52966871        27.48333              27.48333
  9.8171017e-05       12.899862      0.25498319      0.98528105        3.086379     0.067921457     -0.52966871      -0.52966871       26.859062             26.859062
  0.00029448231       11.593715      0.25301721      0.96207062       3.1013957     0.045006014     -0.52966871      -0.52966871       24.246767             24.246767
  0.00037741124       11.345598      0.25421756      0.96108091       3.1058647     0.069126313     -0.52966871      -0.52966871       23.750534             23.750534
  0.00041579613       11.179746       0.2570161       0.9786063       3.0904151      0.10433755     -0.52966871      -0.52966871       23.418829             23.418829
  0.00062630759       10.701107      0.25382695      0.98642926        3.108392       0.1027497     -0.52966871      -0.52966871        22.46155              22.46155
   0.0007796357       10.482121      0.25576395      0.97592835       3.0675566     0.017604289     -0.52966871      -0.52966871        22.02358              22.02358
   0.0013493854       9.7904428      0.25288904      0.97672177       3.1215046      0.11945993     -0.52966871      -0.52966871       20.640223             20.640223
   0.0014681622       9.6370877      0.25728199       0.9763742       3.0864976     0.083459422     -0.52966871      -0.52966871       20.333513             20.333513
   0.0016345491       9.5297321      0.25746956      0.95882332       3.0652493     0.024296213     -0.52966871      -0.52966871       20.118802             20.118802
   0.0018703621       9.2518663       0.2567224      0.98435074       3.0802557     0.080386967     -0.52966871      -0.52966871        19.56307              19.56307
   0.0036286595       8.5201421      0.25487107       0.9619647       3.0928617       0.0593253     -0.52966871      -0.52966871       18.099622             18.099622
   0.0038216198       8.3993382       0.2563322      0.97628787       3.1047042      0.11247029     -0.52966871      -0.52966871       17.858014             17.858014
   0.0015125525       10.040366      0.24857472      0.99611482       3.1955471      0.24613587     -0.52966871      -0.52966871       21.140069             21.140069
   0.0018710791       9.8276491       0.2492759      0.99100257       3.1883978      0.22620857     -0.52966871      -0.52966871       20.714636             20.714636
   0.0018877505       9.8187784      0.25368316      0.99555048       3.1613994      0.23630193     -0.52966871      -0.52966871       20.696894             20.696894
   0.0025416462       9.5213524      0.25067317      0.99701885       3.1986441      0.28276526     -0.52966871      -0.52966871       20.102042             20.102042
   0.0089318088       8.2645455      0.24971073      0.99215848       3.1949288      0.25427086     -0.52966871      -0.52966871       17.588428             17.588428
  2.0512026e-05       14.803148      0.24842782      0.97550962       3.1666918      0.15257331     -0.52966871      -0.52966871       30.665633             30.665633
  2.3770891e-05       14.655697      0.25497645      0.98307799       3.1326224       0.1634431     -0.52966871      -0.52966871       30.370732             30.370732
  3.1132239e-05       14.328757      0.25225698       0.9984402       3.1418331       0.1792938     -0.52966871      -0.52966871       29.716851             29.716851
  7.2254831e-05       13.486802      0.25017966      0.99626002       3.1540031      0.17298019     -0.52966871      -0.52966871       28.032941             28.032941
  7.9633972e-05       13.328935      0.25463757      0.97417672       3.1214755       0.1384416     -0.52966871      -0.52966871       27.717208             27.717208
  0.00013660314       12.728672      0.25545933      0.97891444       3.1347964      0.18006103     -0.52966871      -0.52966871       26.516681             26.516681
  0.00016454789       12.481925      0.24897362      0.98584191       3.1748419       0.1843159     -0.52966871      -0.52966871       26.023188             26.023188
  0.00020703031       12.252262      0.25338506      0.96819905       3.1394357      0.14339637     -0.52966871      -0.52966871       25.563861             25.563861
  0.00026828114       11.993091      0.25614682      0.98480021        3.129185      0.18226955     -0.52966871      -0.52966871        25.04552              25.04552
   0.0018958326       9.9041821      0.25089743      0.98772734       3.1633969      0.19860034     -0.52966871      -0.52966871       20.867702             20.867702
   0.0025643026       9.4198321      0.25679069      0.98386024       3.1079453      0.13998611     -0.52966871      -0.52966871       19.899002             19.899002
   0.0056801361       8.5133178      0.25299139      0.98471722       3.1521228      0.19602601     -0.52966871      -0.52966871       18.085973             18.085973
   0.0054815615       8.4948358      0.25415174      0.98897115       3.1222927      0.14988157     -0.52966871      -0.52966871       18.049009             18.049009
   0.0061070259       8.3327187      0.25062216      0.98765113       3.1475355      0.15020391     -0.52966871      -0.52966871       17.724775             17.724775
   0.0066735645       8.1386439      0.25441121       0.9903148       3.1373451      0.18104319     -0.52966871      -0.52966871       17.336625             17.336625
   0.0085923989       7.8859201      0.25047609      0.98103623       3.1407827      0.13262273     -0.52966871      -0.52966871       16.831178             16.831178
    0.010588291       7.5716888      0.25278651      0.98050834       3.1592778      0.19627762     -0.52966871      -0.52966871       16.202715             16.202715
    0.011400987       7.4464443      0.25539067      0.98494526       3.1276301      0.16958189     -0.52966871      -0.52966871       15.952226             15.952226
    0.012608118       7.2945101      0.25584613      0.98369386       3.1206201      0.15739916     -0.52966871      -0.52966871       15.648358             15.648358
    0.017467435       6.9172193      0.25305465      0.98626121       3.1595643      0.21258025     -0.52966871      -0.52966871       14.893776             14.893776
    0.018239058        6.822699      0.25384303       0.9804921       3.1294678      0.15193802     -0.52966871      -0.52966871       14.704735             14.704735
    0.017558528       6.8094313      0.25175172      0.99071131       3.1481271      0.17017025     -0.52966871      -0.52966871         14.6782               14.6782
    0.021018684        6.578266      0.25267215      0.98721646       3.1463037      0.17198882     -0.52966871      -0.52966871       14.215869             14.215869
    0.021763019       6.5434656      0.25072338      0.97868332       3.1590553      0.16547644     -0.52966871      -0.52966871       14.146269             14.146269
    0.025545829       6.3291365      0.25353625      0.98251236        3.140658      0.16463381     -0.52966871      -0.52966871        13.71761              13.71761
    0.031782146       6.0566386      0.25242589      0.98849671       3.1494346      0.18684073     -0.52966871      -0.52966871       13.172615             13.172615
    0.043875652       5.6801165      0.25538395      0.97684393       3.1191969      0.14127556     -0.52966871      -0.52966871       12.419571             12.419571
    0.042370023       5.6609678      0.25075969      0.98735966       3.1775247      0.22231505     -0.52966871      -0.52966871       12.381273             12.381273
      0.0414672       5.5283554      0.25092018      0.98741931       3.1695108      0.20871602     -0.52966871      -0.52966871       12.116048             12.116048
    0.040891996       5.4935337       0.2511434       0.9908588       3.1745009      0.22182095     -0.52966871      -0.52966871       12.046405             12.046405
    0.039461396        5.480355      0.25183356      0.97398489       3.1382135      0.13483135     -0.52966871      -0.52966871       12.020047             12.020047
    0.041603452       5.3787046      0.25325869      0.98669376       3.1512118      0.19739275     -0.52966871      -0.52966871       11.816747             11.816747
    0.043398253       5.3364685      0.25042133       0.9907038       3.1771227      0.21842562     -0.52966871      -0.52966871       11.732274             11.732274
    0.043914085       5.2733593      0.25294243      0.97983664       3.1520747      0.18221461     -0.52966871      -0.52966871       11.606056             11.606056
    0.042392859       5.2573212      0.25374716       0.9778524       3.1319598      0.15134248     -0.52966871      -0.52966871        11.57398              11.57398
    0.047366663       5.0950892       0.2516115      0.99043761       3.1715359      0.22153038     -0.52966871      -0.52966871       11.249516             11.249516
     0.04852748       5.0195843      0.25098551      0.98141566       3.1453194      0.14899864     -0.52966871      -0.52966871       11.098506             11.098506
    0.050537492       4.9277057      0.25230514      0.98234924       3.1577393      0.18855406     -0.52966871      -0.52966871       10.914749             10.914749
    0.051500214       4.9088353      0.25101743       0.9914112       3.1675305      0.21003991     -0.52966871      -0.52966871       10.877008             10.877008
   0.0029792355       8.2205749      0.25919097      0.97470944       3.0564698     0.038489904     -0.52966871      -0.52966871       17.500487             17.500487
   0.0055814076       7.5928007      0.26014041      0.96287317       3.0509563     0.027762238     -0.52966871      -0.52966871       16.244939             16.244939
    0.040305545       5.6157526      0.26005059      0.96963808       3.0495454     0.028208757     -0.52966871      -0.52966871       12.290843             12.290843
   0.0084059322       7.6728522      0.25947464      0.96744291        3.063629     0.054980804     -0.52966871      -0.52966871       16.405042             16.405042
    0.015370246       6.7328841      0.25485775      0.97849703       3.0803744     0.051358761     -0.52966871      -0.52966871       14.525106             14.525106
    0.021580009       6.2393996      0.25289503      0.96530853       3.1017227      0.05426226     -0.52966871      -0.52966871       13.538137             13.538137
    0.057879274       5.0986569      0.25547494      0.96390495       3.0996134     0.080486148     -0.52966871      -0.52966871       11.256651             11.256651
    0.058606893       4.9320133      0.25400736      0.96682409       3.0920422     0.051635609     -0.52966871      -0.52966871       10.923364             10.923364
    0.034556964       5.5614147      0.25582264      0.97916709       3.1008093      0.10208937     -0.52966871      -0.52966871       12.182167             12.182167
    0.075245709       4.2983356      0.25623998      0.97089526       3.0679415     0.030660113     -0.52966871      -0.52966871       9.6560086             9.6560086
     0.23084724       2.5895517      0.25888961      0.96834274       3.0544947     0.020509711     -0.52966871      -0.52966871       6.2384407             6.2384407
    0.051753742       4.7686868      0.25389773      0.96346356       3.0953872     0.048156097     -0.52966871      -0.52966871       10.596711             10.596711
     0.07642892        4.245291      0.25729776      0.97352973       3.0773615     0.061132192     -0.52966871      -0.52966871       9.5499194             9.5499194
     0.10839777       3.7623132      0.25659176      0.97193428       3.0963935     0.098615692     -0.52966871      -0.52966871       8.5839639             8.5839639
     0.12717124       3.6025862      0.25289286      0.96802685       3.1147327     0.085859506     -0.52966871      -0.52966871       8.2645099             8.2645099
     0.16184026        3.361511      0.25206034      0.97248476       3.1200573     0.092967072     -0.52966871      -0.52966871       7.7823594             7.7823594
     0.19060186        3.197934      0.25760172      0.96635273       3.0781476     0.061665707     -0.52966871      -0.52966871       7.4552055             7.4552055
     0.25306116       2.9144896      0.25508021      0.97734627       3.0869434     0.066963506     -0.52966871      -0.52966871       6.8883165             6.8883165
    0.062889199       4.8084987      0.25134704       0.9764389        3.126375      0.10426222     -0.52966871      -0.52966871       10.676335             10.676335
    0.079889611       4.5692273      0.25733728       0.9773591       3.0833655      0.08597084     -0.52966871      -0.52966871       10.197792             10.197792
    0.047472512       4.8361197      0.25224482       0.9799497         3.15491      0.17866005     -0.52966871      -0.52966871       10.731577             10.731577
    0.047482967       4.8358995      0.25244107      0.98725058       3.1635656      0.21188024     -0.52966871      -0.52966871       10.731136             10.731136
    0.047919219       4.7314437      0.25041697      0.98909395       3.1611327      0.18286798     -0.52966871      -0.52966871       10.522225             10.522225
    0.050616554       4.6766817      0.25178054      0.98353781       3.1594777      0.18652264     -0.52966871      -0.52966871       10.412701             10.412701
    0.049946389       4.5846496      0.25104173      0.98636115       3.1640115      0.19078232     -0.52966871      -0.52966871       10.228637             10.228637
    0.042267301       4.5509154       0.2528998      0.98999926       3.1541495       0.1997691     -0.52966871      -0.52966871       10.161168             10.161168
     0.04316528       4.4345825      0.25351364       0.9883538       3.1467552      0.18989552     -0.52966871      -0.52966871       9.9285025             9.9285025
    0.051700721       4.1588371      0.25077908      0.98820706       3.1661334      0.19903244     -0.52966871      -0.52966871       9.3770116             9.3770116
    0.056667686       4.0671047      0.25126395      0.99007101       3.1686803      0.21080495     -0.52966871      -0.52966871       9.1935467             9.1935467
    0.071712296       3.8316466      0.25308364      0.98220426        3.145324      0.17604448     -0.52966871      -0.52966871       8.7226306             8.7226306
    0.087543563       3.6321723      0.25164621      0.98556134       3.1571045      0.18268644     -0.52966871      -0.52966871        8.323682              8.323682
    0.087660432       3.6308382      0.25092449      0.98670133       3.1660618      0.19635743     -0.52966871      -0.52966871       8.3210138             8.3210138
     0.12409029       3.2832994      0.25140203       0.9880271       3.1520982      0.17510962     -0.52966871      -0.52966871       7.6259362             7.6259362
     0.13256476       3.2172375      0.25253567      0.98775585       3.1511442      0.18800545     -0.52966871      -0.52966871       7.4938124             7.4938124
     0.16907775       2.9739502      0.25376609      0.98425569       3.1383174      0.16978163     -0.52966871      -0.52966871       7.0072377             7.0072377
     0.20555738       2.7785836      0.25307843      0.98685526       3.1434855       0.1758087     -0.52966871      -0.52966871       6.6165045             6.6165045
     0.16859572       2.5713401      0.25196222        0.985348       3.1487139      0.17243075     -0.52966871      -0.52966871       6.2020175             6.2020175
     0.21248694       2.3399632      0.25190232      0.98442172       3.1511411       0.1751614     -0.52966871      -0.52966871       5.7392638             5.7392638
    0.059182247       4.8669634        0.252546      0.98302753       3.1281923      0.13469526     -0.52966871      -0.52966871       10.793264             10.793264
     0.16647737       3.2265898      0.25264759      0.98437878       3.1313483        0.137549     -0.52966871      -0.52966871        7.512517              7.512517
     0.16560738       3.1365192      0.25157898      0.98407043       3.1387572      0.14125652     -0.52966871      -0.52966871       7.3323758             7.3323758
     0.17024881       2.8465138      0.25401087      0.98493742       3.1259016      0.14760967     -0.52966871      -0.52966871       6.7523649             6.7523649
     0.17656527       2.6559334      0.25211977      0.97632967       3.1383562      0.13654238     -0.52966871      -0.52966871       6.3712043             6.3712043
      0.1775548       2.6503447      0.25125675      0.98148892       3.1438326      0.14570073     -0.52966871      -0.52966871       6.3600269             6.3600269
     0.21624275       2.4532224      0.25429701      0.97713939       3.1242478      0.13399035     -0.52966871      -0.52966871       5.9657823             5.9657823
     0.23401191       2.3742521      0.25188726      0.97659964       3.1394977       0.1378134     -0.52966871      -0.52966871       5.8078415             5.8078415
      0.2347263       2.3712039      0.25300168      0.98357107       3.1389948      0.15817234     -0.52966871      -0.52966871       5.8017452             5.8017452
     0.23900961       2.3531203      0.25361104       0.9782673       3.1322499      0.14828891     -0.52966871      -0.52966871        5.765578              5.765578
     0.24155586       2.3425233      0.25299193      0.98437416       3.1359977      0.15271329     -0.52966871      -0.52966871        5.744384              5.744384
     0.22010237       2.3187613      0.25712348      0.96827245       3.0599489     0.016925428     -0.52966871      -0.52966871       5.6968601             5.6968601
     0.30584598       1.9897725      0.25867535      0.96222979       3.0570608     0.016215328     -0.52966871      -0.52966871       5.0388824             5.0388824
     0.37122344         1.79605      0.25783692      0.97009085       3.0579442     0.024221251     -0.52966871      -0.52966871       4.6514373             4.6514373
     0.43646576       1.4110006      0.25665059      0.96663712       3.0618123    0.0029721812     -0.52966871      -0.52966871       3.8813387             3.8813387
      0.4030634       1.3852562      0.25552853      0.97338037       3.0759356     0.037562542     -0.52966871      -0.52966871       3.8298498             3.8298498
     0.41532929       1.3552784       0.2593036      0.96457588       3.0479676    0.0069327961     -0.52966871      -0.52966871       3.7698941             3.7698941
     0.38337898       1.2121825       0.2583081      0.96644997       3.0601911     0.025335724     -0.52966871      -0.52966871       3.4837024             3.4837024
     0.62265119       2.0141343      0.25474066      0.97729128       3.0884215     0.062513287     -0.52966871      -0.52966871        5.087606              5.087606
     0.90651802       1.2330448       0.2553803      0.96646877       3.0915048     0.062105515     -0.52966871      -0.52966871       3.5254269             3.5254269
              1       1.1349004      0.25513134      0.96948691       3.0842563     0.044834964     -0.52966871      -0.52966871       3.3291382             3.3291382
     0.40677625       1.4600053      0.25358646      0.97818406       3.1146465      0.10497222     -0.52966871      -0.52966871        3.979348              3.979348
     0.41071696       1.4503642      0.25534501      0.97838031       3.1021309      0.10389743     -0.52966871      -0.52966871       3.9600659             3.9600659
     0.42892927       1.3581864      0.25287816      0.97978509       3.1242791      0.11997983     -0.52966871      -0.52966871       3.7757101             3.7757101
     0.42241317       1.3247043      0.25272363      0.97679575       3.1320233      0.13373296     -0.52966871      -0.52966871        3.708746              3.708746
      0.2372513       2.2269727      0.25300504      0.98469349       3.1283342       0.1378937     -0.52966871      -0.52966871       5.5132829             5.5132829
     0.24375005       2.0664179      0.25314557      0.98209178       3.1372059      0.15434714     -0.52966871      -0.52966871       5.1921733             5.1921733
     0.22012458       2.0348362      0.25194809      0.98352408       3.1463871      0.16422513     -0.52966871      -0.52966871       5.1290098             5.1290098
     0.20899186       1.9532032      0.25295037      0.98301975       3.1428561      0.16713029     -0.52966871      -0.52966871       4.9657437             4.9657437
     0.22470722       1.8807002      0.25400859        0.978446       3.1256098      0.13511535     -0.52966871      -0.52966871       4.8207378             4.8207378
      0.2555062       1.7522518      0.25362503      0.98332175       3.1221318      0.13067652     -0.52966871      -0.52966871        4.563841              4.563841
     0.29622137       1.6043914       0.2542378      0.97976514       3.1250579      0.14030974     -0.52966871      -0.52966871       4.2681203             4.2681203
     0.26828915       1.4802896      0.25315914      0.98268043       3.1355112      0.15439323     -0.52966871      -0.52966871       4.0199166             4.0199166
     0.30777922       1.3429722      0.25357409      0.98247882       3.1248097      0.13451053     -0.52966871      -0.52966871       3.7452819             3.7452819
     0.34475832       1.2295113      0.25255309      0.98035671       3.1366526      0.14628843     -0.52966871      -0.52966871         3.51836               3.51836
     0.39848079       1.0681867      0.25818415      0.96271466       3.0550208    0.0069251876     -0.52966871      -0.52966871       3.1957108             3.1957108
     0.45335469       1.1142515      0.25336497      0.97803292       3.1212534      0.12126332     -0.52966871      -0.52966871       3.2878404             3.2878404
     0.44722918       1.0834033      0.25287676      0.97385449        3.120581      0.10608209     -0.52966871      -0.52966871       3.2261441             3.2261441
     0.44310244       1.0482218      0.25403378      0.96970981       3.1057137     0.083691631     -0.52966871      -0.52966871       3.1557809             3.1557809
     0.43656236       1.0186398      0.25401905      0.97604608       3.1185623      0.11688249     -0.52966871      -0.52966871       3.0966169             3.0966169
     0.42247589       1.0069868      0.25418383      0.97479204       3.1185412      0.11830944     -0.52966871      -0.52966871       3.0733111             3.0733111
     0.42261021        1.006669      0.25271892      0.97857286       3.1221712      0.11331574     -0.52966871      -0.52966871       3.0726753             3.0726753
     0.41392961      0.98090329      0.25424908      0.97868414         3.10335     0.092713248     -0.52966871      -0.52966871        3.021144              3.021144
     0.41923633      0.96816441      0.25403737      0.97861258       3.1229668      0.13263104     -0.52966871      -0.52966871       2.9956663             2.9956663
     0.45426912      0.95366512      0.25284698      0.98002016       3.1330578      0.13999007     -0.52966871      -0.52966871       2.9666677             2.9666677
     0.33648085      0.94962266      0.25838278      0.96918316       3.0557386     0.022928365     -0.52966871      -0.52966871       2.9585827             2.9585827
     0.33906755      0.94196453      0.25727551      0.96912775       3.0585327    0.0087880516     -0.52966871      -0.52966871       2.9432665             2.9432665
     0.35076214      0.90805557      0.25763393      0.96211918       3.0618838     0.014245681     -0.52966871      -0.52966871       2.8754486             2.8754486
     0.34445144      0.82085025       0.2589019      0.96776084        3.048785    0.0034439987     -0.52966871      -0.52966871       2.7010379             2.7010379
     0.26548633      0.63940727      0.25744469      0.96875418       3.0560671    0.0052027229     -0.52966871      -0.52966871        2.338152              2.338152
     0.26264128      0.57607352       0.2561292      0.96821456       3.0684618     0.021756162     -0.52966871      -0.52966871       2.2114845             2.2114845
     0.26839526      0.55440191       0.2578891      0.96435435       3.0594926     0.013601085     -0.52966871      -0.52966871       2.1681412             2.1681412
      0.2019567      0.49050262      0.25594702      0.97022538       3.0715302     0.027864539     -0.52966871      -0.52966871       2.0403427             2.0403427
     0.19222191      0.47928084      0.25866629      0.96753051       3.0524839     0.012716641     -0.52966871      -0.52966871       2.0178991             2.0178991
     0.19792721      0.45003202      0.25733065      0.96781772       3.0573579    0.0075166229     -0.52966871      -0.52966871       1.9594015             1.9594015
     0.20401351      0.41974513      0.25747806      0.96487927       3.0586178    0.0041416788     -0.52966871      -0.52966871       1.8988277             1.8988277
     0.34585237      0.94701312      0.25452758      0.97717855       3.0990488     0.082168669     -0.52966871      -0.52966871       2.9533637             2.9533637
      0.3803458      0.71841289      0.25332652      0.97299947        3.115393     0.099592839     -0.52966871      -0.52966871       2.4961632             2.4961632
     0.39895671       0.6706408      0.25458477      0.97608006       3.1016113     0.086656705     -0.52966871      -0.52966871        2.400619              2.400619
      0.3757529       0.6615691      0.25443866      0.97818215        3.102052     0.090457605     -0.52966871      -0.52966871       2.3824756             2.3824756
     0.38816806      0.56006957      0.25503597      0.97322242       3.0925812     0.068123061     -0.52966871      -0.52966871       2.1794766             2.1794766
      0.3537602       0.5193573       0.2559231      0.97415214       3.0832835      0.06385991     -0.52966871      -0.52966871        2.098052              2.098052
     0.35820962      0.50685824      0.25613577      0.97244948       3.0866698     0.068318919     -0.52966871      -0.52966871       2.0730539             2.0730539
     0.36114376      0.49870048      0.25372952      0.97539911       3.1109994     0.099493787     -0.52966871      -0.52966871       2.0567384             2.0567384
     0.31796579      0.41839342      0.25357683      0.97762508       3.1117768      0.10029391     -0.52966871      -0.52966871       1.8961243             1.8961243
     0.35038149      0.90990504      0.25303292      0.98082178       3.1250595      0.12742912     -0.52966871      -0.52966871       2.8791475             2.8791475
     0.31746583      0.80788669      0.25377868      0.97477452       3.1199644      0.11817314     -0.52966871      -0.52966871       2.6751108             2.6751108
     0.29152897       0.7978073      0.25268458      0.97880754       3.1294527      0.12897731     -0.52966871      -0.52966871        2.654952              2.654952
     0.29438008      0.78807495      0.25315292      0.97909461       3.1300589      0.13742825     -0.52966871      -0.52966871       2.6354873             2.6354873
     0.30963957      0.73753773      0.25487025      0.97636059       3.1102086      0.11235549     -0.52966871      -0.52966871       2.5344129             2.5344129
     0.31162173      0.73115663      0.25429487      0.97853071       3.1145148      0.11797478     -0.52966871      -0.52966871       2.5216507             2.5216507
     0.31710115      0.71372588       0.2530811      0.97778089       3.1274918      0.12785426     -0.52966871      -0.52966871       2.4867892             2.4867892
     0.31866813      0.55464578      0.25319538      0.97928845       3.1226417      0.12209438     -0.52966871      -0.52966871        2.168629              2.168629
      0.2833239      0.51805455      0.25347866      0.97741964       3.1237641      0.12577096     -0.52966871      -0.52966871       2.0954465             2.0954465
     0.24301085      0.51738857      0.25410593      0.97852249       3.1172569      0.11957133     -0.52966871      -0.52966871       2.0941146             2.0941146
     0.24834097      0.49569195      0.25333914      0.97956632       3.1231032      0.12488713     -0.52966871      -0.52966871       2.0507213             2.0507213
     0.25096094      0.48519732      0.25315172      0.97651354       3.1199324      0.11076287     -0.52966871      -0.52966871       2.0297321             2.0297321
     0.21615117      0.41137306      0.25381739      0.97697499       3.1177986      0.11460029     -0.52966871      -0.52966871       1.8820835             1.8820835
     0.21912775       0.3976962       0.2536619      0.97803243       3.1198149       0.1205283     -0.52966871      -0.52966871       1.8547298             1.8547298
     0.22586144      0.36742938       0.2537328      0.97679316        3.117303      0.11463187     -0.52966871      -0.52966871       1.7941962             1.7941962
     0.21585021      0.29435377      0.25624224      0.97023329       3.0720712     0.032409946     -0.52966871      -0.52966871        1.648045              1.648045
     0.30069372      0.29192347      0.25477034      0.97615255       3.1083811      0.10642906     -0.52966871      -0.52966871       1.6431844             1.6431844
     0.25000654      0.26586402      0.25342857      0.97780245       3.1196775      0.11632114     -0.52966871      -0.52966871       1.5910655             1.5910655
     0.21115984      0.18279166      0.25684244       0.9661159       3.0741849     0.041587197     -0.52966871      -0.52966871       1.4249208             1.4249208
     0.19816187      0.18178434      0.25738891       0.9652013       3.0586322    0.0044638489     -0.52966871      -0.52966871       1.4229061             1.4229061
      0.1891597      0.16373838      0.25753247      0.96990793       3.0627739     0.027434974     -0.52966871      -0.52966871       1.3868142             1.3868142
      0.1802984      0.14717826      0.25722631      0.96471437       3.0615267     0.013304405     -0.52966871      -0.52966871       1.3536939             1.3536939
     0.16338799      0.12050071      0.25683171      0.97031329       3.0662073      0.02674003     -0.52966871      -0.52966871       1.3003388             1.3003388
     0.15616417      0.10509594      0.25810246      0.96349661       3.0554381    0.0043768461     -0.52966871      -0.52966871       1.2695293             1.2695293
     0.15778589     0.094764739      0.25693939      0.96914951       3.0682858     0.035034499     -0.52966871      -0.52966871       1.2488669             1.2488669
     0.15015262     0.079812976      0.25605914      0.97035833       3.0738231     0.037877276     -0.52966871      -0.52966871       1.2189634             1.2189634
     0.15045932     0.077772501       0.2551355      0.96903875       3.0841915     0.046506748     -0.52966871      -0.52966871       1.2148824             1.2148824
     0.15178078     0.069027993      0.25852637      0.96623336       3.0514839    0.0037740746     -0.52966871      -0.52966871       1.1973934             1.1973934
     0.15817212     0.027781413      0.25603306      0.96835692       3.0790053     0.047452305     -0.52966871      -0.52966871       1.1149002             1.1149002
     0.15833221     0.026769782      0.25703248      0.97111864       3.0688914     0.039246233     -0.52966871      -0.52966871        1.112877              1.112877
     0.15838269     0.026451009      0.25737952      0.96791942       3.0588563     0.011077555     -0.52966871      -0.52966871       1.1122394             1.1122394
     0.15845506     0.025994175      0.25661969      0.96626772       3.0729425     0.037132737     -0.52966871      -0.52966871       1.1113258             1.1113258
     0.15900381      0.02253704      0.25852814      0.96561399       3.0512047    0.0022984007     -0.52966871      -0.52966871       1.1044115             1.1044115
     0.17389471    -0.066984762       0.2578174      0.96813096       3.0592297     0.019658651     -0.52966871      -0.52966871       0.9253679             0.9253679
     0.18041523      -0.1037958      0.25756149      0.96660124       3.0593764     0.012777542     -0.52966871      -0.52966871      0.85174581            0.85174581
     0.18146978      -0.1096239      0.25710462      0.97023701       3.0697244     0.040839154     -0.52966871      -0.52966871      0.84008962            0.84008962
     0.20147071     -0.21417877      0.25756727      0.96700073       3.0582115      0.01139027     -0.52966871      -0.52966871      0.63097988            0.63097988
     0.20615471     -0.23716171      0.25626917      0.96751198       3.0740524     0.034630101     -0.52966871      -0.52966871      0.58501401            0.58501401
     0.20843927     -0.24818249      0.25598186      0.97128921          3.0768      0.04351849     -0.52966871      -0.52966871      0.56297243            0.56297243
     0.23452664     -0.36610398      0.25694418      0.96747812       3.0664354     0.026578761     -0.52966871      -0.52966871      0.32712946            0.32712946
     0.27800873      0.25913752      0.25370535      0.97599789       3.1139972      0.10364942     -0.52966871      -0.52966871       1.5776125             1.5776125
     0.26590234      0.24959371      0.25580472      0.97342897       3.0839561     0.062854969     -0.52966871      -0.52966871       1.5585248             1.5585248
     0.25699122      0.22961365      0.25411021      0.97761268       3.1112258      0.10678857     -0.52966871      -0.52966871       1.5185647             1.5185647
     0.25236199      0.19372385      0.25608118      0.97205756       3.0869971      0.07106526     -0.52966871      -0.52966871       1.4467851             1.4467851
     0.24231628      0.18027731      0.25446109      0.97607787       3.1088971      0.10214888     -0.52966871      -0.52966871        1.419892              1.419892
     0.24557468      0.16692004      0.25421723      0.97544697       3.1004076     0.080765065     -0.52966871      -0.52966871       1.3931775             1.3931775
     0.22484301      0.14389309      0.25401522      0.97650134       3.1127219      0.10754077     -0.52966871      -0.52966871       1.3471236             1.3471236
     0.22813093      0.12937578      0.25435892      0.97281245       3.1038738     0.088046603     -0.52966871      -0.52966871        1.318089              1.318089
     0.21659994      0.12408505      0.25514425      0.97452772       3.1012168     0.093659853     -0.52966871      -0.52966871       1.3075075             1.3075075
     0.20566501      0.11872999      0.25505013      0.97408313       3.0882536     0.061978705     -0.52966871      -0.52966871       1.2967974             1.2967974
     0.19576433      0.11090873      0.25409504      0.97343971        3.110885       0.0997164     -0.52966871      -0.52966871       1.2811549             1.2811549
     0.18085853     0.078879508      0.25642463      0.96834662       3.0816348      0.05699323     -0.52966871      -0.52966871       1.2170964             1.2170964
     0.17263522     0.071346621      0.25520145      0.97099612        3.097901     0.081055872     -0.52966871      -0.52966871       1.2020307             1.2020307
     0.17373512     0.064995564       0.2565123      0.97151742       3.0808399     0.059653832     -0.52966871      -0.52966871       1.1893286             1.1893286
     0.17755871     0.043226102       0.2549055      0.97466519       3.1038177     0.096462421     -0.52966871      -0.52966871       1.1457896             1.1457896
     0.17861573     0.037290696      0.25449987      0.97683182       3.1058434     0.098116875     -0.52966871      -0.52966871       1.1339188             1.1339188
     0.18009627     0.029035859      0.25387538      0.97406632       3.1078271     0.091407615     -0.52966871      -0.52966871       1.1174091             1.1174091
     0.19622444    -0.056731692       0.2547901       0.9748909       3.0971187     0.080798696     -0.52966871      -0.52966871      0.94587404            0.94587404
     0.20504586     -0.10070623      0.25436602      0.97390438       3.1045105     0.090521394     -0.52966871      -0.52966871      0.85792496            0.85792496
     0.21171925     -0.13273368      0.25577377      0.97086165        3.090112     0.070717879     -0.52966871      -0.52966871      0.79387007            0.79387007
     0.22898682     -0.21113703      0.25619511      0.97189216       3.0821656     0.060648384     -0.52966871      -0.52966871      0.63706336            0.63706336
      0.2294785     -0.21328192       0.2545461      0.97501373       3.1021032     0.088345313     -0.52966871      -0.52966871      0.63277359            0.63277359
     0.22965992      -0.2140722      0.25543458        0.974035       3.0906862     0.072821239     -0.52966871      -0.52966871      0.63119302            0.63119302
     0.23058182     -0.21807837      0.25455753      0.97470648       3.1045062     0.092810767     -0.52966871      -0.52966871      0.62318068            0.62318068
     0.24024504     -0.25913198      0.25441881      0.97441951       3.1035996     0.088792948     -0.52966871      -0.52966871      0.54107346            0.54107346
     0.25254038     -0.30904376      0.25479251      0.97403131       3.0990724     0.083478634     -0.52966871      -0.52966871       0.4412499             0.4412499
     0.25843691     -0.33212418      0.25593001      0.96927295       3.0827636     0.053452079     -0.52966871      -0.52966871      0.39508907            0.39508907
     0.26966357     -0.37464774      0.25571715      0.96991152       3.0854285     0.057821265     -0.52966871      -0.52966871      0.31004194            0.31004194
      0.2750036     -0.39425679       0.2551596      0.97216992       3.0914219      0.06879705     -0.52966871      -0.52966871      0.27082385            0.27082385
      0.2980741     -0.47481469      0.25573517      0.97090078        3.081757     0.051655265     -0.52966871      -0.52966871      0.10970805            0.10970805
