  0.100000000000000E+001  0.669189323292586E+001  0.255856811633101E+000  0.970641433660305E+000  0.307110499956898E+001  0.237470496679642E-001  0.529668711567471E+000 -0.334594661646293E+001
  0.100000000000000E+001  0.128508347360735E+002  0.255399895327875E+000  0.988351910704551E+000  0.310533585461445E+001  0.124147561877874E+000  0.529668711567471E+000 -0.642541736803675E+001
  0.100000000000000E+001  0.164410204390989E+002  0.254813514911712E+000  0.978698305512998E+000  0.306854656317401E+001  0.226094525666905E-001  0.529668711567471E+000 -0.822051021954946E+001
  0.100000000000000E+001  0.313208147852789E+001  0.255067338854587E+000  0.973588858760924E+000  0.307772140114021E+001  0.393795686933293E-001  0.529668711567471E+000 -0.156604073926394E+001
  0.100000000000000E+001  0.326994594488767E+001  0.256737429564326E+000  0.970783884802317E+000  0.307622482591736E+001  0.534141104599204E-001  0.529668711567471E+000 -0.163497297244383E+001
  0.100000000000000E+001  0.965129234704595E+001  0.253359304589289E+000  0.976656033869319E+000  0.309901445293420E+001  0.658202324914498E-001  0.529668711567471E+000 -0.482564617352298E+001
  0.100000000000000E+001  0.367636658695444E+001  0.257315110738831E+000  0.970622996436452E+000  0.307112065544334E+001  0.477632969460796E-001  0.529668711567471E+000 -0.183818329347722E+001
  0.100000000000000E+001  0.403315666725529E+001  0.256694528387505E+000  0.975165378142748E+000  0.306128434151987E+001  0.189756309058957E-001  0.529668711567471E+000 -0.201657833362765E+001
  0.100000000000000E+001  0.828495340651707E+001  0.253555908604695E+000  0.981928569612120E+000  0.312852151974643E+001  0.145009044807919E+000  0.529668711567471E+000 -0.414247670325853E+001
  0.100000000000000E+001  0.430230397289338E+001  0.255667126450845E+000  0.974167263407993E+000  0.306894745275340E+001  0.232289731701356E-001  0.529668711567471E+000 -0.215115198644669E+001
  0.100000000000000E+001  0.711606844212768E+001  0.256803406800486E+000  0.976447526827183E+000  0.306845489044318E+001  0.478000954631872E-001  0.529668711567471E+000 -0.355803422106384E+001
  0.100000000000000E+001  0.435010600600877E+001  0.256648710952485E+000  0.967051824947758E+000  0.305971286937071E+001  0.318036656821004E-002  0.529668711567471E+000 -0.217505300300439E+001
  0.100000000000000E+001  0.698664393646728E+001  0.258237802692898E+000  0.976545004950283E+000  0.305335195919312E+001  0.290326099474055E-001  0.529668711567471E+000 -0.349332196823364E+001
  0.100000000000000E+001  0.946776930001476E+001  0.260086691619402E+000  0.970803782548559E+000  0.304534498058572E+001  0.228976970489491E-001  0.529668711567471E+000 -0.473388465000738E+001
  0.100000000000000E+001  0.726714610173929E+001  0.255440293381033E+000  0.970878644474456E+000  0.308358092335927E+001  0.491396982863784E-001  0.529668711567471E+000 -0.363357305086965E+001
  0.100000000000000E+001  0.734835292131850E+001  0.259251748008883E+000  0.969565764077775E+000  0.305351775768716E+001  0.302545909843192E-001  0.529668711567471E+000 -0.367417646065925E+001
  0.100000000000000E+001  0.838849998534019E+001  0.254651030583569E+000  0.976486052952600E+000  0.307437200413987E+001  0.285041456291219E-001  0.529668711567471E+000 -0.419424999267009E+001
  0.100000000000000E+001  0.621572730483496E+001  0.257351726184389E+000  0.975103850814362E+000  0.307477036559002E+001  0.654000632357600E-001  0.529668711567471E+000 -0.310786365241748E+001
  0.100000000000000E+001  0.611531771874319E+001  0.256361841470742E+000  0.977575003552183E+000  0.307438377741633E+001  0.494698364212483E-001  0.529668711567471E+000 -0.305765885937160E+001
  0.100000000000000E+001  0.508291159436711E+001  0.256673743540805E+000  0.975356462540110E+000  0.308054051809332E+001  0.705282297811944E-001  0.529668711567471E+000 -0.254145579718355E+001
  0.100000000000000E+001  0.448420631721161E+001  0.255106736428348E+000  0.969081060936553E+000  0.308112576269279E+001  0.403163507341691E-001  0.529668711567471E+000 -0.224210315860580E+001
  0.100000000000000E+001  0.401646783559051E+001  0.256841859088194E+000  0.977440459378293E+000  0.307501643046588E+001  0.620877566932284E-001  0.529668711567471E+000 -0.200823391779525E+001
  0.100000000000000E+001  0.450553258244164E+001  0.258477625798100E+000  0.967703058652242E+000  0.304826510417632E+001  0.254507223494564E-002  0.529668711567471E+000 -0.225276629122082E+001
  0.100000000000000E+001  0.383793844725049E+001  0.253998967064353E+000  0.975671814760715E+000  0.310526302602340E+001  0.895484450045097E-001  0.529668711567471E+000 -0.191896922362524E+001
  0.100000000000000E+001  0.460699104971119E+001  0.257715613646646E+000  0.967191775669912E+000  0.306282172422905E+001  0.261082179528731E-001  0.529668711567471E+000 -0.230349552485560E+001
  0.100000000000000E+001  0.372013827693883E+001  0.254131489369947E+000  0.974578759404925E+000  0.309935337278139E+001  0.762042113711983E-001  0.529668711567471E+000 -0.186006913846941E+001
  0.100000000000000E+001  0.339129963586251E+001  0.255418326939969E+000  0.973507863131087E+000  0.308846684948422E+001  0.696917323400380E-001  0.529668711567471E+000 -0.169564981793126E+001
  0.100000000000000E+001  0.508270243294206E+001  0.258638055874053E+000  0.972394207086557E+000  0.305777556974130E+001  0.357344603075098E-001  0.529668711567471E+000 -0.254135121647103E+001
  0.100000000000000E+001  0.510299545159591E+001  0.258928938865923E+000  0.968052182166673E+000  0.305081387304389E+001  0.112709810112080E-001  0.529668711567471E+000 -0.255149772579795E+001
  0.100000000000000E+001  0.545201360148392E+001  0.256910236996908E+000  0.964346879313381E+000  0.306136763646589E+001  0.850223903656691E-002  0.529668711567471E+000 -0.272600680074196E+001
  0.100000000000000E+001  0.558759242393544E+001  0.257409612545393E+000  0.965713115432875E+000  0.306456518686504E+001  0.240765497237975E-001  0.529668711567471E+000 -0.279379621196772E+001
  0.100000000000000E+001  0.287301324614770E+001  0.256046229294812E+000  0.975707472255313E+000  0.308700565183796E+001  0.751554512818161E-001  0.529668711567471E+000 -0.143650662307385E+001
  0.100000000000000E+001  0.283259985388857E+001  0.255652446740046E+000  0.979262827297837E+000  0.308682179933982E+001  0.746785176084377E-001  0.529668711567471E+000 -0.141629992694429E+001
  0.100000000000000E+001  0.243893656694662E+001  0.254312807205683E+000  0.976650940681074E+000  0.309644690450614E+001  0.759167382115712E-001  0.529668711567471E+000 -0.121946828347331E+001
  0.100000000000000E+001  0.242305302026285E+001  0.256761687421217E+000  0.975268591179891E+000  0.307241946819317E+001  0.487768739263438E-001  0.529668711567471E+000 -0.121152651013142E+001
  0.100000000000000E+001  0.213814316152420E+001  0.256299822866556E+000  0.974594985468564E+000  0.307989482204857E+001  0.621037737389678E-001  0.529668711567471E+000 -0.106907158076210E+001
  0.100000000000000E+001  0.301935476360851E+001  0.255888076069744E+000  0.975175086388704E+000  0.307205984702204E+001  0.404083032234293E-001  0.529668711567471E+000 -0.150967738180425E+001
  0.100000000000000E+001  0.257630372892232E+001  0.259616789569602E+000  0.969772031091288E+000  0.304285527308675E+001  0.253202205277209E-002  0.529668711567471E+000 -0.128815186446116E+001
  0.100000000000000E+001  0.257583749972644E+001  0.256968640401014E+000  0.966608009767499E+000  0.305986598972477E+001  0.543952143568965E-002  0.529668711567471E+000 -0.128791874986322E+001
  0.100000000000000E+001  0.234571920923943E+001  0.258835516558954E+000  0.969871094386465E+000  0.304850653667359E+001  0.123619551392207E-001  0.529668711567471E+000 -0.117285960461972E+001
  0.100000000000000E+001  0.227506377191103E+001  0.256624889086423E+000  0.968120324570326E+000  0.306701410249211E+001  0.236565417828335E-001  0.529668711567471E+000 -0.113753188595552E+001
  0.100000000000000E+001  0.220672175000837E+001  0.257473993656794E+000  0.967475050528122E+000  0.305849428315883E+001  0.104969803400022E-001  0.529668711567471E+000 -0.110336087500419E+001
  0.100000000000000E+001  0.218453870174523E+001  0.257545411365592E+000  0.968534367549050E+000  0.306331277284858E+001  0.291198811290201E-001  0.529668711567471E+000 -0.109226935087262E+001
  0.100000000000000E+001  0.215409885725062E+001  0.255932139183014E+000  0.972529115666845E+000  0.306852765134053E+001  0.272924755567192E-001  0.529668711567471E+000 -0.107704942862531E+001
  0.100000000000000E+001  0.208144659230422E+001  0.256674244873496E+000  0.970288745855649E+000  0.305908341627731E+001  0.530109380795466E-002  0.529668711567471E+000 -0.104072329615211E+001
  0.100000000000000E+001  0.206405415497828E+001  0.259048315594500E+000  0.972529820646053E+000  0.304390421544517E+001  0.117343433936674E-002  0.529668711567471E+000 -0.103202707748914E+001
  0.100000000000000E+001  0.183560195724733E+001  0.255679801633417E+000  0.973136523782853E+000  0.307212590684145E+001  0.315073178370256E-001  0.529668711567471E+000 -0.917800978623665E+000
  0.100000000000000E+001  0.118801469372772E+001  0.255449357180176E+000  0.974009713606647E+000  0.308035894898958E+001  0.505229346258894E-001  0.529668711567471E+000 -0.594007346863863E+000
  0.100000000000000E+001  0.173754962051834E+001  0.258943966545760E+000  0.969612623554042E+000  0.304711077481923E+001  0.289653397933321E-002  0.529668711567471E+000 -0.868774810259172E+000
  0.100000000000000E+001  0.170704240910405E+001  0.258648375424717E+000  0.969544054546281E+000  0.305151922364112E+001  0.159806025757056E-001  0.529668711567471E+000 -0.853521204552026E+000
  0.100000000000000E+001  0.169907820092082E+001  0.257532694996177E+000  0.972958832108806E+000  0.305655502697249E+001  0.155832713248270E-001  0.529668711567471E+000 -0.849539100460408E+000
  0.100000000000000E+001  0.142700344511669E+001  0.258857332407248E+000  0.971601062293014E+000  0.304694300254080E+001  0.772889576696562E-002  0.529668711567471E+000 -0.713501722558344E+000
  0.100000000000000E+001  0.139317970260807E+001  0.257911327902820E+000  0.972234937639882E+000  0.304997595718695E+001  0.585050726084360E-003  0.529668711567471E+000 -0.696589851304036E+000
  0.100000000000000E+001  0.133364562098099E+001  0.257122444498815E+000  0.968930183594256E+000  0.305672056084962E+001  0.462768561894085E-002  0.529668711567471E+000 -0.666822810490497E+000
  0.100000000000000E+001  0.126302539427346E+001  0.257110472269019E+000  0.973365567557150E+000  0.305817007740342E+001  0.180499345120827E-001  0.529668711567471E+000 -0.631512697136732E+000
  0.100000000000000E+001  0.135507248642722E+001  0.256187035741806E+000  0.974973563769910E+000  0.306882679384842E+001  0.337336849737172E-001  0.529668711567471E+000 -0.677536243213609E+000
  0.100000000000000E+001  0.120554010931867E+001  0.256381748960805E+000  0.971345104030385E+000  0.307399986789228E+001  0.432531392844763E-001  0.529668711567471E+000 -0.602770054659334E+000
  0.100000000000000E+001  0.108828850504107E+001  0.256187277722294E+000  0.971505281285298E+000  0.306738123352311E+001  0.250796811467781E-001  0.529668711567471E+000 -0.544144252520538E+000
  0.100000000000000E+001  0.104802737528893E+001  0.256874765936252E+000  0.972808680954851E+000  0.306450769087644E+001  0.310578209632092E-001  0.529668711567471E+000 -0.524013687644465E+000
  0.100000000000000E+001  0.901406073840375E+000  0.256830325789225E+000  0.971062306166838E+000  0.306844290501140E+001  0.366028361250623E-001  0.529668711567471E+000 -0.450703036920187E+000
  0.100000000000000E+001  0.867333472198394E+000  0.256397752949680E+000  0.973000323366106E+000  0.306622517190069E+001  0.265042463762586E-001  0.529668711567471E+000 -0.433666736099197E+000
  0.100000000000000E+001  0.798508987057684E+000  0.257373957342809E+000  0.969990543656714E+000  0.306250612987003E+001  0.265490682423129E-001  0.529668711567471E+000 -0.399254493528842E+000
  0.100000000000000E+001  0.412856361972118E+000  0.256673129072548E+000  0.971268104260866E+000  0.306435180630325E+001  0.237195524087977E-001  0.529668711567471E+000 -0.206428180986059E+000
  0.100000000000000E+001  0.305035999128904E+000  0.256856526007892E+000  0.971993660221533E+000  0.306411310852878E+001  0.273279317440658E-001  0.529668711567471E+000 -0.152517999564452E+000
