#        weight    minuslogpost         omega_c             n_s            lnas              w0              wa   minuslogprior minuslogprior__0 minuslogprior__function            chi2 chi2__likelihood_CAMB
 1.1848709e-280       655.42204      0.27588882       1.0185957       2.8778518     -0.69087005      -2.1820654       2.6892071        2.6892071                      -0       1305.4657             1305.4657
 2.7390758e-276       645.37372      0.31311013      0.98517118        2.724927     -0.48325815      -1.5006699       2.6892071        2.6892071                      -0        1285.369              1285.369
 9.8151979e-276       644.01736      0.25973425       1.0292022       2.9614745     -0.77590486        -2.13027       2.6892071        2.6892071                      -0       1282.6563             1282.6563
 5.6214256e-273       637.66695       0.2961822      0.97869806       2.8237263     -0.53266299      -1.7430334       2.6892071        2.6892071                      -0       1269.9555             1269.9555
 1.1357348e-248       581.53458       0.3105939      0.96574756       2.7163981     -0.41143818      -2.4502053       2.6892071        2.6892071                      -0       1157.6907             1157.6907
 3.3587095e-247       578.14772       0.3377308      0.90923079       2.6375046     -0.24338089      -2.5852952       2.6892071        2.6892071                      -0        1150.917              1150.917
 1.2710897e-233       546.64204        0.263178      0.87842766       3.0468642     -0.63273478      -1.0992313       2.6892071        2.6892071                      -0       1087.9057             1087.9057
 1.2110797e-214       502.94129      0.27428915      0.99640752       2.9036618     -0.63623683      -1.3388832       2.6892071        2.6892071                      -0       1000.5042             1000.5042
 1.1241315e-174       410.83235      0.30941485      0.96976961       2.8029601     -0.65096665     -0.82499301       2.6892071        2.6892071                      -0       816.28628             816.28628
 2.1599894e-173       407.87667      0.26814787      0.94660159       2.9839375     -0.61232381      -1.1435432       2.6892071        2.6892071                      -0       810.37492             810.37492
 2.9792966e-151       356.89821      0.25064394      0.95454507       3.0519367     -0.76419834      -1.1565266       2.6892071        2.6892071                      -0       708.41801             708.41801
 3.8353082e-151       356.55034      0.28464082      0.94660524        2.907995     -0.67542842      -1.4054694       2.6892071        2.6892071                      -0       707.72226             707.72226
 4.3458808e-148        349.5176      0.22720242      0.92726114       3.2120626     -0.96039559       -1.334138       2.6892071        2.6892071                      -0        693.6568              693.6568
 2.2356638e-137       324.65319      0.30145814      0.85551465       2.8617618     -0.46754657      -1.5087557       2.6892071        2.6892071                      -0       643.92796             643.92796
 5.4380704e-135       319.06382      0.25269163      0.93664282       3.0380296     -0.88975425      -1.5762145       2.6892071        2.6892071                      -0       632.74923             632.74923
 6.1892868e-123       291.20809      0.25075695       1.0162855       2.9998649     -0.79056131      -2.0871429       2.6892071        2.6892071                      -0       577.03778             577.03778
 1.3841143e-121       288.10068      0.31594987      0.95930674       2.7783734     -0.59697973     -0.83723491       2.6892071        2.6892071                      -0       570.82295             570.82295
 3.5130759e-118        280.2615      0.29372993      0.91992297        2.875764     -0.53610414      -1.6700395       2.6892071        2.6892071                      -0       555.14458             555.14458
 6.2786716e-114       270.24735      0.28489437      0.94072502       2.8798877     -0.67550445      -2.0168004       2.6892071        2.6892071                      -0       535.11628             535.11628
 1.2792173e-105       251.11499      0.32001725      0.93360223       2.7770475      -0.5899671     -0.80507919       2.6892071        2.6892071                      -0       496.85157             496.85157
 5.4273372e-105       249.66979       0.2847394      0.94702543       2.9132277     -0.60192175      -0.9175114       2.6892071        2.6892071                      -0       493.96117             493.96117
  1.3942864e-97       232.47464      0.27632421      0.90437167       2.9761125     -0.78154464      -1.0110538       2.6892071        2.6892071                      -0       459.57088             459.57088
  4.7666646e-90       215.12729       0.2696444      0.91450146       2.9711982     -0.72200509      -1.9955381       2.6892071        2.6892071                      -0       424.87616             424.87616
  1.0759967e-78       188.83051      0.30343342      0.85059963       2.8886773     -0.51150504      -1.2021743       2.6892071        2.6892071                      -0       372.28261             372.28261
  6.9661959e-77       184.66011      0.26463407      0.97272701       2.9556714     -0.72094475      -1.5894626       2.6892071        2.6892071                      -0        363.9418              363.9418
  1.9616024e-72       174.23217      0.23353727      0.99149083        3.139145      -1.0970716     -0.77150662       2.6892071        2.6892071                      -0       343.08592             343.08592
  8.9891806e-50       122.27618      0.29065798       0.9064051       2.8747198     -0.46767404      -2.1023979       2.6892071        2.6892071                      -0       239.17394             239.17394
  3.1511823e-45        111.8115      0.30591924      0.87569398       2.8355343     -0.41843129      -1.6557532       2.6892071        2.6892071                      -0       218.24458             218.24458
  3.3583281e-34       86.419395      0.29276362      0.88313753       2.8733592     -0.50951134      -2.0785582       2.6892071        2.6892071                      -0       167.46038             167.46038
