#        weight    minuslogpost         omega_c             n_s            lnas              w0              wa   minuslogprior minuslogprior__0 minuslogprior__function            chi2 chi2__likelihood_CAMB
 2.0575727e-280       655.42204      0.27588882       1.0185957       2.8778518     -0.69087005      -2.1820654       2.6892071        2.6892071                      -0       1305.4657             1305.4657
 4.7565076e-276       645.37372      0.31311013      0.98517118        2.724927     -0.48325815      -1.5006699       2.6892071        2.6892071                      -0        1285.369              1285.369
 1.7044459e-275       644.01736      0.25973425       1.0292022       2.9614745     -0.77590486        -2.13027       2.6892071        2.6892071                      -0       1282.6563             1282.6563
 9.7618162e-273       637.66695       0.2961822      0.97869806       2.8237263     -0.53266299      -1.7430334       2.6892071        2.6892071                      -0       1269.9555             1269.9555
 1.9722461e-248       581.53458       0.3105939      0.96574756       2.7163981     -0.41143818      -2.4502053       2.6892071        2.6892071                      -0       1157.6907             1157.6907
 5.8325248e-247       578.14772       0.3377308      0.90923079       2.6375046     -0.24338089      -2.5852952       2.6892071        2.6892071                      -0        1150.917              1150.917
 2.2072948e-233       546.64204        0.263178      0.87842766       3.0468642     -0.63273478      -1.0992313       2.6892071        2.6892071                      -0       1087.9057             1087.9057
 2.1030853e-214       502.94129      0.27428915      0.99640752       2.9036618     -0.63623683      -1.3388832       2.6892071        2.6892071                      -0       1000.5042             1000.5042
 1.9520965e-174       410.83235      0.30941485      0.96976961       2.8029601     -0.65096665     -0.82499301       2.6892071        2.6892071                      -0       816.28628             816.28628
 3.7509024e-173       407.87667      0.26814787      0.94660159       2.9839375     -0.61232381      -1.1435432       2.6892071        2.6892071                      -0       810.37492             810.37492
   5.17366e-151       356.89821      0.25064394      0.95454507       3.0519367     -0.76419834      -1.1565266       2.6892071        2.6892071                      -0       708.41801             708.41801
 6.6601562e-151       356.55034      0.28464082      0.94660524        2.907995     -0.67542842      -1.4054694       2.6892071        2.6892071                      -0       707.72226             707.72226
 7.5467847e-148        349.5176      0.22720242      0.92726114       3.2120626     -0.96039559       -1.334138       2.6892071        2.6892071                      -0        693.6568              693.6568
 3.8823139e-137       324.65319      0.30145814      0.85551465       2.8617618     -0.46754657      -1.5087557       2.6892071        2.6892071                      -0       643.92796             643.92796
 9.4434129e-135       319.06382      0.25269163      0.93664282       3.0380296     -0.88975425      -1.5762145       2.6892071        2.6892071                      -0       632.74923             632.74923
 1.0747928e-122       291.20809      0.25075695       1.0162855       2.9998649     -0.79056131      -2.0871429       2.6892071        2.6892071                      -0       577.03778             577.03778
 2.4035663e-121       288.10068      0.31594987      0.95930674       2.7783734     -0.59697973     -0.83723491       2.6892071        2.6892071                      -0       570.82295             570.82295
 6.1005879e-118        280.2615      0.29372993      0.91992297        2.875764     -0.53610414      -1.6700395       2.6892071        2.6892071                      -0       555.14458             555.14458
 1.0903148e-113       270.24735      0.28489437      0.94072502       2.8798877     -0.67550445      -2.0168004       2.6892071        2.6892071                      -0       535.11628             535.11628
 2.2214087e-105       251.11499      0.32001725      0.93360223       2.7770475      -0.5899671     -0.80507919       2.6892071        2.6892071                      -0       496.85157             496.85157
 9.4247742e-105       249.66979       0.2847394      0.94702543       2.9132277     -0.60192175      -0.9175114       2.6892071        2.6892071                      -0       493.96117             493.96117
  2.4212306e-97       232.47464      0.27632421      0.90437167       2.9761125     -0.78154464      -1.0110538       2.6892071        2.6892071                      -0       459.57088             459.57088
  8.2774915e-90       215.12729       0.2696444      0.91450146       2.9711982     -0.72200509      -1.9955381       2.6892071        2.6892071                      -0       424.87616             424.87616
  1.8685085e-78       188.83051      0.30343342      0.85059963       2.8886773     -0.51150504      -1.2021743       2.6892071        2.6892071                      -0       372.28261             372.28261
   1.209706e-76       184.66011      0.26463407      0.97272701       2.9556714     -0.72094475      -1.5894626       2.6892071        2.6892071                      -0        363.9418              363.9418
   3.406396e-72       174.23217      0.23353727      0.99149083        3.139145      -1.0970716     -0.77150662       2.6892071        2.6892071                      -0       343.08592             343.08592
  1.5184004e-60       147.07267      0.24723996       0.9760354       3.0681579     -0.99695358      -1.0379468       2.6892071        2.6892071                      -0       288.76693             288.76693
  2.7056662e-54       132.67947      0.26079276      0.95452856       3.0123803      -0.7244151      -1.2318184       2.6892071        2.6892071                      -0       259.98052             259.98052
  7.8852736e-48       117.45784      0.24307553      0.94522464       3.0974692     -0.89893547      -1.4198612       2.6892071        2.6892071                      -0       229.53726             229.53726
  1.7032795e-47       116.53354       0.2513633      0.96776347       3.0541314     -0.80425161      -1.2670463       2.6892071        2.6892071                      -0       227.68867             227.68867
  1.2639686e-38       95.820894      0.25062179      0.95258576       3.0553214     -0.89810586      -1.3319633       2.6892071        2.6892071                      -0       186.26337             186.26337
  4.3852258e-38       94.443378      0.24021774      0.95096075       3.1269634     -0.92808351     -0.91639074       2.6892071        2.6892071                      -0       183.50834             183.50834
  5.4228668e-38       94.230995       0.2400759      0.96348614       3.1180225       -0.894836      -1.0647579       2.6892071        2.6892071                      -0       183.08358             183.08358
  3.0848992e-30       76.086738      0.26574092      0.96807252       2.9762368     -0.80306947       -1.235558       2.6892071        2.6892071                      -0       146.79506             146.79506
  4.9418551e-28       70.653671      0.25187926      0.97677504       3.0440464     -0.90604821      -1.1791895       2.6892071        2.6892071                      -0       135.92893             135.92893
  1.8563007e-27        69.22488       0.2501476      0.96679281        3.054681     -0.90375664      -1.0283156       2.6892071        2.6892071                      -0       133.07135             133.07135
  7.8571355e-26       65.479459      0.24858689      0.95834092       3.0727728     -0.86420895      -1.0119703       2.6892071        2.6892071                      -0        125.5805              125.5805
  3.8147382e-25       63.899424      0.25020739      0.94420461       3.0652447     -0.86444042      -1.2675171       2.6892071        2.6892071                      -0       122.42043             122.42043
  7.6033309e-25       63.076178      0.24965599      0.95391154       3.0677801     -0.90839022        -1.15008       2.6892071        2.6892071                      -0       120.77394             120.77394
  1.5208253e-23       59.946809      0.26363976      0.94767149        2.978226     -0.72658475       -1.861062       2.6892071        2.6892071                      -0        114.5152              114.5152
  2.5326871e-21       54.831612      0.24647802      0.97547439        3.075472     -0.95671963     -0.98265825       2.6892071        2.6892071                      -0       104.28481             104.28481
  7.6012242e-21       53.732583      0.25822265      0.94381763       3.0304357     -0.77863917       -1.208168       2.6892071        2.6892071                      -0       102.08675             102.08675
  2.1895434e-13       35.968732      0.27048751      0.93341014       2.9612545     -0.69944767      -1.5518327       2.6892071        2.6892071                      -0        66.55905              66.55905
  3.1849567e-13       35.370843      0.27478954      0.92140911       2.9546347     -0.68199756      -1.3879719       2.6892071        2.6892071                      -0       65.363271             65.363271
  4.4629148e-13       35.033479      0.26779382      0.94051717       2.9751024     -0.73375395      -1.4322455       2.6892071        2.6892071                      -0       64.688544             64.688544
   6.566479e-13       34.529521      0.26677674       0.9312361       2.9881898     -0.73487956      -1.3115235       2.6892071        2.6892071                      -0       63.680627             63.680627
  9.2140639e-13       34.190767      0.24906512      0.95964061       3.0741352     -0.88811248     -0.99313295       2.6892071        2.6892071                      -0       63.003121             63.003121
  1.0462948e-12       34.063658      0.28068014      0.91889855       2.9250942     -0.63069113      -1.4469446       2.6892071        2.6892071                      -0       62.748902             62.748902
  1.2808654e-10       29.102056      0.27676448      0.92407594       2.9426417     -0.67162318       -1.372075       2.6892071        2.6892071                      -0       52.825699             52.825699
  1.3181482e-10       29.073365      0.26070811      0.94083519       3.0237379     -0.81285508     -0.96647956       2.6892071        2.6892071                      -0       52.768315             52.768315
  2.2141555e-10       28.554721      0.27149767       0.9519518       2.9650329     -0.76949554      -1.0109741       2.6892071        2.6892071                      -0       51.731029             51.731029
  1.2664394e-09       26.405333      0.27881345      0.93610278       2.9345297     -0.70736126      -1.1579179       2.6892071        2.6892071                      -0       47.432252             47.432252
  1.5865577e-09       26.179976      0.26399962      0.94446604       3.0005214     -0.80758564      -1.0884862       2.6892071        2.6892071                      -0       46.981537             46.981537
  5.9506636e-09       24.298424      0.27241879      0.93561014       2.9636371     -0.75158661      -1.1004974       2.6892071        2.6892071                      -0       43.218433             43.218433
  1.7548899e-08       23.216935      0.28367977      0.93167871       2.9195971     -0.69187026      -1.0439003       2.6892071        2.6892071                      -0       41.055456             41.055456
  1.2795442e-07       21.230252      0.27009042       0.9357046       2.9790038     -0.74491959      -1.0535009       2.6892071        2.6892071                      -0       37.082091             37.082091
  2.4519098e-07       20.579889      0.26860873      0.94634783       2.9791054     -0.77314802      -1.0656716       2.6892071        2.6892071                      -0       35.781364             35.781364
  2.0714147e-06       17.935114      0.26199161      0.95515621       3.0178733     -0.82487072     -0.78821314       2.6892071        2.6892071                      -0       30.491813             30.491813
  2.6500367e-06       17.465628      0.26722073      0.96002551       2.9958209     -0.83188808     -0.67038076       2.6892071        2.6892071                      -0       29.552843             29.552843
  1.1099295e-05        16.03332      0.26877868      0.95024291       2.9876317     -0.80795418     -0.74239143       2.6892071        2.6892071                      -0       26.688227             26.688227
  1.2409799e-05       15.634034      0.26454507      0.95366454       3.0031007     -0.83093002     -0.83058346       2.6892071        2.6892071                      -0       25.889653             25.889653
  3.5480992e-05       14.072697      0.26292354      0.96262171       3.0145529     -0.85021209     -0.65531011       2.6892071        2.6892071                      -0        22.76698              22.76698
  4.2814537e-05       13.884817      0.25835508      0.96171176       3.0340675     -0.87790293     -0.71752961       2.6892071        2.6892071                      -0       22.391219             22.391219
  8.4853958e-05       13.200763      0.26984458      0.95026256        2.986002      -0.8070746      -0.7349362       2.6892071        2.6892071                      -0       21.023111             21.023111
   0.0022473543       9.9241853      0.26855201      0.95253986       2.9966105     -0.82600915     -0.62020617       2.6892071        2.6892071                      -0       14.469956             14.469956
