  0.100000000000000E+001  0.226828664327770E+008  0.552768449381987E+000  0.898256590590877E+000  0.363245571231732E+001  0.306525160253261E+000 -0.113414332163885E+008
  0.100000000000000E+001  0.474506798996752E+005  0.523308311475528E+000  0.115886527164080E+001  0.196056262831972E+001  0.306525160253261E+000 -0.237253399498376E+005
  0.100000000000000E+001  0.188147858622190E+007  0.310630181436706E+000  0.934749676930367E+000  0.354280705393251E+001  0.306525160253261E+000 -0.940739293110952E+006
  0.100000000000000E+001  0.560172765231616E+005  0.524921838430451E+000  0.997986875624549E+000  0.215248295834634E+001  0.306525160253261E+000 -0.280086382615808E+005
  0.100000000000000E+001  0.815803991403855E+007  0.467741334189083E+000  0.991592408103581E+000  0.339734956423560E+001  0.306525160253261E+000 -0.407901995701927E+007
  0.100000000000000E+001  0.104988183808410E+008  0.892638998981394E+000  0.118352605699251E+001  0.216550194742262E+001  0.306525160253261E+000 -0.524940919042048E+007
  0.100000000000000E+001  0.129721532948995E+007  0.700477382245201E+000  0.110242578878784E+001  0.216110162043862E+001  0.306525160253261E+000 -0.648607664744974E+006
  0.100000000000000E+001  0.915399746952238E+006  0.128313766897058E+000  0.860054005228861E+000  0.164742774999752E+001  0.306525160253261E+000 -0.457699873476119E+006
  0.100000000000000E+001  0.208984578053960E+006  0.273409569283047E+000  0.114047803891132E+001  0.236073022131923E+001  0.306525160253261E+000 -0.104492289026980E+006
  0.100000000000000E+001  0.513180307652590E+008  0.665109874456346E+000  0.119761282211866E+001  0.315305462745833E+001  0.306525160253261E+000 -0.256590153826295E+008
  0.100000000000000E+001  0.153414906760443E+008  0.667542312492361E+000  0.964831337072554E+000  0.314941952126808E+001  0.306525160253261E+000 -0.767074533802217E+007
  0.100000000000000E+001  0.653134277269234E+007  0.761911230720563E+000  0.100927607204581E+001  0.261127478303800E+001  0.306525160253261E+000 -0.326567138634617E+007
  0.100000000000000E+001  0.652223253783622E+006  0.242361733077824E+000  0.109793495869607E+001  0.168214027247325E+001  0.306525160253261E+000 -0.326111626891811E+006
  0.100000000000000E+001  0.922776103005103E+006  0.522485850067689E+000  0.824874243790828E+000  0.278102320824976E+001  0.306525160253261E+000 -0.461388051502552E+006
  0.100000000000000E+001  0.745608242336139E+008  0.619756356839542E+000  0.983129722968370E+000  0.382281141068034E+001  0.306525160253261E+000 -0.372804121168070E+008
  0.100000000000000E+001  0.184844164000310E+008  0.886429674091029E+000  0.832843918707860E+000  0.300091611408545E+001  0.306525160253261E+000 -0.924220820001549E+007
  0.100000000000000E+001  0.496724798061099E+005  0.602659610753546E+000  0.972879661320948E+000  0.183563936604282E+001  0.306525160253261E+000 -0.248362399030549E+005
  0.100000000000000E+001  0.473017011613004E+006  0.123895354603420E+000  0.997916247814609E+000  0.331487374367368E+001  0.306525160253261E+000 -0.236508505806502E+006
  0.100000000000000E+001  0.628698631977666E+007  0.408924246979734E+000  0.111958166204183E+001  0.338257087117023E+001  0.306525160253261E+000 -0.314349315988833E+007
  0.100000000000000E+001  0.872563833222422E+006  0.135057602247609E+000  0.117183751666780E+001  0.171718954347251E+001  0.306525160253261E+000 -0.436281916611211E+006
  0.100000000000000E+001  0.481361711335956E+007  0.741862986148903E+000  0.812562302622045E+000  0.279998448854225E+001  0.306525160253261E+000 -0.240680855667978E+007
  0.100000000000000E+001  0.271263729748516E+008  0.581155702990421E+000  0.984543905418838E+000  0.353569888923851E+001  0.306525160253261E+000 -0.135631864874258E+008
  0.100000000000000E+001  0.183195466383230E+007  0.254196294123912E+000  0.102891243596439E+001  0.374876690518173E+001  0.306525160253261E+000 -0.915977331916151E+006
  0.100000000000000E+001  0.328397870376509E+006  0.201836367299653E+000  0.101546521953865E+001  0.375813812384288E+001  0.306525160253261E+000 -0.164198935188254E+006
  0.100000000000000E+001  0.210524565333237E+009  0.716172686487304E+000  0.107748871650868E+001  0.378099502137044E+001  0.306525160253261E+000 -0.105262282666619E+009
  0.100000000000000E+001  0.809067492323687E+006  0.114641329116573E+000  0.113672584190021E+001  0.241924410752391E+001  0.306525160253261E+000 -0.404533746161843E+006
  0.100000000000000E+001  0.491034986048838E+007  0.367404315346954E+000  0.112087435195202E+001  0.345444594030269E+001  0.306525160253261E+000 -0.245517493024419E+007
  0.100000000000000E+001  0.241767124207015E+006  0.467155787807681E+000  0.962783720093529E+000  0.166811958237045E+001  0.306525160253261E+000 -0.120883562103507E+006
  0.100000000000000E+001  0.644995132638550E+006  0.197101576343856E+000  0.938860168322162E+000  0.215833732074777E+001  0.306525160253261E+000 -0.322497566319275E+006
  0.100000000000000E+001  0.803049236938728E+005  0.708019786696943E+000  0.838273479469624E+000  0.166883928963950E+001  0.306525160253261E+000 -0.401524618469364E+005
  0.100000000000000E+001  0.614935981698163E+007  0.461266142827589E+000  0.105778513804527E+001  0.326259761895666E+001  0.306525160253261E+000 -0.307467990849081E+007
  0.100000000000000E+001  0.560928402987540E+005  0.289085074311869E+000  0.106449281326437E+001  0.301735673040727E+001  0.306525160253261E+000 -0.280464201493770E+005
  0.100000000000000E+001  0.897915583635419E+005  0.703290682059238E+000  0.922856610551315E+000  0.183701344483508E+001  0.306525160253261E+000 -0.448957791817710E+005
  0.100000000000000E+001  0.120812617827726E+006  0.215742394415102E+000  0.119093176699776E+001  0.342718981134318E+001  0.306525160253261E+000 -0.604063089138628E+005
  0.100000000000000E+001  0.207661152149601E+006  0.308264243520932E+000  0.965827224893345E+000  0.230951702292803E+001  0.306525160253261E+000 -0.103830576074800E+006
  0.100000000000000E+001  0.139775790436781E+006  0.721806083724225E+000  0.920609966122422E+000  0.188897187947178E+001  0.306525160253261E+000 -0.698878952183907E+005
  0.100000000000000E+001  0.176983301985396E+006  0.291099000104950E+000  0.836686738235150E+000  0.252693816176875E+001  0.306525160253261E+000 -0.884916509926982E+005
  0.100000000000000E+001  0.738297802043307E+007  0.765219185532986E+000  0.110326991953622E+001  0.248446555005773E+001  0.306525160253261E+000 -0.369148901021653E+007
  0.100000000000000E+001  0.855118530691271E+006  0.203533475859894E+000  0.106578948370205E+001  0.387691115008982E+001  0.306525160253261E+000 -0.427559265345635E+006
  0.100000000000000E+001  0.860356388083467E+006  0.149200532052958E+000  0.895630399799704E+000  0.179972351891668E+001  0.306525160253261E+000 -0.430178194041734E+006
  0.100000000000000E+001  0.707412337285528E+008  0.871437699420121E+000  0.119705742093428E+001  0.276295192727996E+001  0.306525160253261E+000 -0.353706168642764E+008
  0.100000000000000E+001  0.492233819080576E+006  0.112276607346320E+000  0.100419340423296E+001  0.345171270721319E+001  0.306525160253261E+000 -0.246116909540288E+006
  0.100000000000000E+001  0.203553861148166E+006  0.818980395216156E+000  0.103664573398654E+001  0.163546087715528E+001  0.306525160253261E+000 -0.101776930574083E+006
  0.100000000000000E+001  0.504606966166475E+006  0.248378258642922E+000  0.950763244635556E+000  0.356682672231408E+001  0.306525160253261E+000 -0.252303483083237E+006
  0.100000000000000E+001  0.755161537922673E+006  0.287312789288304E+000  0.966370900078408E+000  0.343174491358047E+001  0.306525160253261E+000 -0.377580768961337E+006
  0.100000000000000E+001  0.805795932825416E+005  0.368581769760134E+000  0.880870422040801E+000  0.282365437385878E+001  0.306525160253261E+000 -0.402897966412708E+005
  0.100000000000000E+001  0.431634791534221E+009  0.871587312442930E+000  0.107645861455418E+001  0.370535737606272E+001  0.306525160253261E+000 -0.215817395767111E+009
  0.100000000000000E+001  0.156821918601770E+008  0.404337101216489E+000  0.110399617759298E+001  0.373367839170959E+001  0.306525160253261E+000 -0.784109593008851E+007
  0.100000000000000E+001  0.730849274797216E+007  0.370854966651064E+000  0.107919664092357E+001  0.360222724242051E+001  0.306525160253261E+000 -0.365424637398608E+007
  0.100000000000000E+001  0.555275426946608E+006  0.318308738301573E+000  0.898292733548804E+000  0.327712712060076E+001  0.306525160253261E+000 -0.277637713473304E+006
  0.100000000000000E+001  0.886345943805099E+006  0.493612344752742E+000  0.110756097308880E+001  0.259146337025017E+001  0.306525160253261E+000 -0.443172971902549E+006
  0.100000000000000E+001  0.133687655440111E+006  0.472002337462804E+000  0.814724043176878E+000  0.198555702428455E+001  0.306525160253261E+000 -0.668438277200557E+005
  0.100000000000000E+001  0.570262912819341E+007  0.353777243179903E+000  0.116498397425171E+001  0.351826066231640E+001  0.306525160253261E+000 -0.285131456409671E+007
  0.100000000000000E+001  0.174356427857220E+007  0.883692538262535E+000  0.891282406948952E+000  0.219193473730189E+001  0.306525160253261E+000 -0.871782139286098E+006
  0.100000000000000E+001  0.993060833172832E+006  0.733562218706429E+000  0.110252520426341E+001  0.202926919047419E+001  0.306525160253261E+000 -0.496530416586416E+006
  0.100000000000000E+001  0.854509205069337E+008  0.850522448825040E+000  0.859831054633193E+000  0.357720981094390E+001  0.306525160253261E+000 -0.427254602534668E+008
  0.100000000000000E+001  0.922204828162175E+005  0.315149839660657E+000  0.839682445524805E+000  0.307817016442678E+001  0.306525160253261E+000 -0.461102414081087E+005
  0.100000000000000E+001  0.713471132631994E+005  0.611873545902265E+000  0.100108399661919E+001  0.166706254679037E+001  0.306525160253261E+000 -0.356735566315997E+005
  0.100000000000000E+001  0.162417844161158E+007  0.791385997543731E+000  0.803478437056603E+000  0.241626822095678E+001  0.306525160253261E+000 -0.812089220805789E+006
  0.100000000000000E+001  0.371670649817482E+007  0.607810643085253E+000  0.871761111384372E+000  0.291246333400485E+001  0.306525160253261E+000 -0.185835324908741E+007
  0.100000000000000E+001  0.611716486458985E+005  0.452209235129269E+000  0.102372914323240E+001  0.203002304018719E+001  0.306525160253261E+000 -0.305858243229492E+005
  0.100000000000000E+001  0.314507127198685E+006  0.678758028223952E+000  0.104184275385469E+001  0.198995389189420E+001  0.306525160253261E+000 -0.157253563599343E+006
  0.100000000000000E+001  0.490913410006385E+007  0.399137654403784E+000  0.109698166472475E+001  0.335857538364122E+001  0.306525160253261E+000 -0.245456705003192E+007
  0.100000000000000E+001  0.138967241774859E+005  0.386879023962996E+000  0.108339528860623E+001  0.241833818920809E+001  0.306525160253261E+000 -0.694836208874297E+004
  0.100000000000000E+001  0.108860370023257E+007  0.726561186851168E+000  0.947841648211087E+000  0.226625221655851E+001  0.306525160253261E+000 -0.544301850116284E+006
  0.100000000000000E+001  0.197052711829117E+008  0.764688669181230E+000  0.944238796030001E+000  0.306612679955277E+001  0.306525160253261E+000 -0.985263559145586E+007
  0.100000000000000E+001  0.255064979040048E+008  0.649171278819266E+000  0.999237605857356E+000  0.332284241094413E+001  0.306525160253261E+000 -0.127532489520024E+008
  0.100000000000000E+001  0.420154090349771E+008  0.551031110442184E+000  0.101547373910234E+001  0.374413532664709E+001  0.306525160253261E+000 -0.210077045174885E+008
  0.100000000000000E+001  0.111618494535074E+007  0.270892005476689E+000  0.897075286955919E+000  0.362429313068957E+001  0.306525160253261E+000 -0.558092472675371E+006
  0.100000000000000E+001  0.321651692550910E+007  0.437344873424483E+000  0.800970897816405E+000  0.333382544348127E+001  0.306525160253261E+000 -0.160825846275455E+007
  0.100000000000000E+001  0.735840186885576E+006  0.138379870990327E+000  0.853986478105831E+000  0.253720377433831E+001  0.306525160253261E+000 -0.367920093442788E+006
  0.100000000000000E+001  0.306718505614302E+006  0.614820046624171E+000  0.957285867775647E+000  0.222168652148946E+001  0.306525160253261E+000 -0.153359252807151E+006
  0.100000000000000E+001  0.836879254286741E+006  0.134082212351484E+000  0.116229371350876E+001  0.196320655610832E+001  0.306525160253261E+000 -0.418439627143371E+006
  0.100000000000000E+001  0.428355050930057E+006  0.599340480955128E+000  0.823278313395634E+000  0.244545579095635E+001  0.306525160253261E+000 -0.214177525465029E+006
  0.100000000000000E+001  0.117748243227859E+006  0.787125838338259E+000  0.808068027384295E+000  0.184200763305280E+001  0.306525160253261E+000 -0.588741216139296E+005
  0.100000000000000E+001  0.244480800185281E+007  0.831343465315526E+000  0.102619829977684E+001  0.217697961872245E+001  0.306525160253261E+000 -0.122240400092641E+007
  0.100000000000000E+001  0.132342568849887E+009  0.795747107843308E+000  0.902629444765845E+000  0.377011800023812E+001  0.306525160253261E+000 -0.661712844249435E+008
  0.100000000000000E+001  0.322072025343387E+009  0.694572738935699E+000  0.113607887364292E+001  0.387739409102633E+001  0.306525160253261E+000 -0.161036012671694E+009
  0.100000000000000E+001  0.131848476699555E+009  0.787597703073083E+000  0.106697186391337E+001  0.345667536599366E+001  0.306525160253261E+000 -0.659242383497774E+008
  0.100000000000000E+001  0.151565889567250E+007  0.760914284059475E+000  0.936585363277175E+000  0.229866192898496E+001  0.306525160253261E+000 -0.757829447836252E+006
  0.100000000000000E+001  0.609736825325918E+006  0.422889613814501E+000  0.103466357813227E+001  0.280685440511258E+001  0.306525160253261E+000 -0.304868412662959E+006
  0.100000000000000E+001  0.181935122903792E+009  0.746726018618388E+000  0.118851766438682E+001  0.340417493022211E+001  0.306525160253261E+000 -0.909675614518959E+008
  0.100000000000000E+001  0.865840153545370E+006  0.120183935076824E+000  0.943296358936359E+000  0.212321267665195E+001  0.306525160253261E+000 -0.432920076772685E+006
  0.100000000000000E+001  0.140168006035220E+008  0.544080587633229E+000  0.998193680226162E+000  0.337218504222117E+001  0.306525160253261E+000 -0.700840030176101E+007
  0.100000000000000E+001  0.334124640961870E+006  0.323548334615294E+000  0.874252685926978E+000  0.208185830588082E+001  0.306525160253261E+000 -0.167062320480935E+006
  0.100000000000000E+001  0.248732595467476E+009  0.682343965506497E+000  0.118652746948361E+001  0.370039648093797E+001  0.306525160253261E+000 -0.124366297733738E+009
  0.100000000000000E+001  0.116408198039671E+006  0.327193362403991E+000  0.860599767812944E+000  0.245942316805085E+001  0.306525160253261E+000 -0.582040990198356E+005
  0.100000000000000E+001  0.156903923061899E+007  0.259204297974251E+000  0.106806780270225E+001  0.366360857408243E+001  0.306525160253261E+000 -0.784519615309495E+006
  0.100000000000000E+001  0.365698032306931E+007  0.460228405717307E+000  0.111598904431078E+001  0.304725968725358E+001  0.306525160253261E+000 -0.182849016153465E+007
  0.100000000000000E+001  0.728454951550588E+006  0.774682855568505E+000  0.868179519255979E+000  0.217731903232015E+001  0.306525160253261E+000 -0.364227475775294E+006
  0.100000000000000E+001  0.537978493716857E+006  0.250037999384635E+000  0.114690191819197E+001  0.188099604898096E+001  0.306525160253261E+000 -0.268989246858429E+006
  0.100000000000000E+001  0.410384352030316E+006  0.239689903816447E+000  0.118014901079909E+001  0.218721546110274E+001  0.306525160253261E+000 -0.205192176015158E+006
  0.100000000000000E+001  0.417390670972297E+008  0.607060299278836E+000  0.904568339836166E+000  0.373769581252140E+001  0.306525160253261E+000 -0.208695335486148E+008
  0.100000000000000E+001  0.161082697123954E+009  0.848939394340898E+000  0.112489429391024E+001  0.326585145222358E+001  0.306525160253261E+000 -0.805413485619769E+008
  0.100000000000000E+001  0.265114072277037E+006  0.460000052600824E+000  0.103085226894778E+001  0.254271670222090E+001  0.306525160253261E+000 -0.132557036138519E+006
  0.100000000000000E+001  0.255916175637772E+005  0.391337908256753E+000  0.116859126690032E+001  0.220930492679175E+001  0.306525160253261E+000 -0.127958087818886E+005
  0.100000000000000E+001  0.190494095545402E+006  0.420193451418843E+000  0.854581030280194E+000  0.199200235043603E+001  0.306525160253261E+000 -0.952470477727008E+005
  0.100000000000000E+001  0.392993338752740E+005  0.462940227464096E+000  0.100338905287124E+001  0.209424834919539E+001  0.306525160253261E+000 -0.196496669376370E+005
  0.100000000000000E+001  0.592543507948604E+005  0.304684404998069E+000  0.938955266272317E+000  0.262574696711675E+001  0.306525160253261E+000 -0.296271753974302E+005
  0.100000000000000E+001  0.129601490113157E+008  0.383185697026724E+000  0.867403381055307E+000  0.389399003774570E+001  0.306525160253261E+000 -0.648007450565785E+007
  0.100000000000000E+001  0.479170123067194E+006  0.680726158205462E+000  0.912328463585900E+000  0.221251097432675E+001  0.306525160253261E+000 -0.239585061533597E+006
  0.100000000000000E+001  0.271602498049957E+006  0.254484875281881E+000  0.953744543137074E+000  0.249544133528033E+001  0.306525160253261E+000 -0.135801249024979E+006
  0.100000000000000E+001  0.108741456978316E+006  0.447643569607530E+000  0.905682670112349E+000  0.203070057372813E+001  0.306525160253261E+000 -0.543707284891579E+005
  0.100000000000000E+001  0.198569732142342E+008  0.445523691237405E+000  0.990048902689889E+000  0.378750551650768E+001  0.306525160253261E+000 -0.992848660711709E+007
  0.100000000000000E+001  0.100031847857265E+008  0.697310979819156E+000  0.908770975039137E+000  0.301190196918395E+001  0.306525160253261E+000 -0.500159239286327E+007
  0.100000000000000E+001  0.123396345038421E+006  0.185998370203430E+000  0.972903390425361E+000  0.322554650784812E+001  0.306525160253261E+000 -0.616981725192103E+005
  0.100000000000000E+001  0.190142650203181E+007  0.423171920751647E+000  0.109719455071396E+001  0.300663711709331E+001  0.306525160253261E+000 -0.950713251015904E+006
  0.100000000000000E+001  0.428025546489202E+005  0.343219796222278E+000  0.104533782844673E+001  0.275333547948503E+001  0.306525160253261E+000 -0.214012773244601E+005
  0.100000000000000E+001  0.442116945953839E+008  0.851393705631946E+000  0.101327743066068E+001  0.305004881595497E+001  0.306525160253261E+000 -0.221058472976920E+008
  0.100000000000000E+001  0.199926904807885E+008  0.621336801909853E+000  0.103122460451105E+001  0.325697344629198E+001  0.306525160253261E+000 -0.999634524039424E+007
  0.100000000000000E+001  0.108884788913359E+007  0.497235373244016E+000  0.117850791278370E+001  0.254586057597672E+001  0.306525160253261E+000 -0.544423944566793E+006
  0.100000000000000E+001  0.871323587370337E+008  0.590608263914463E+000  0.112624488850068E+001  0.371030988628341E+001  0.306525160253261E+000 -0.435661793685168E+008
  0.100000000000000E+001  0.671547472703253E+007  0.523931240723157E+000  0.993586297508314E+000  0.317665078237090E+001  0.306525160253261E+000 -0.335773736351626E+007
  0.100000000000000E+001  0.221478374436251E+008  0.733108393130020E+000  0.838313408171184E+000  0.331317414496546E+001  0.306525160253261E+000 -0.110739187218126E+008
  0.100000000000000E+001  0.365491612565258E+006  0.255216813283921E+000  0.102039276626957E+001  0.343963514586462E+001  0.306525160253261E+000 -0.182745806282629E+006
  0.100000000000000E+001  0.369733050610748E+005  0.206298670251817E+000  0.976123850137454E+000  0.323669397328889E+001  0.306525160253261E+000 -0.184866525305374E+005
  0.100000000000000E+001  0.295903437639052E+007  0.275718301164429E+000  0.988393190216983E+000  0.378150613905626E+001  0.306525160253261E+000 -0.147951718819526E+007
  0.100000000000000E+001  0.279161209775580E+007  0.255288584289332E+000  0.987678155575287E+000  0.386750290629347E+001  0.306525160253261E+000 -0.139580604887790E+007
  0.100000000000000E+001  0.264027125200861E+008  0.502254366949961E+000  0.102085512193642E+001  0.370002643851688E+001  0.306525160253261E+000 -0.132013562600431E+008
  0.100000000000000E+001  0.119889761259537E+006  0.241405812902631E+000  0.110174572088121E+001  0.332514102634909E+001  0.306525160253261E+000 -0.599448806297687E+005
  0.100000000000000E+001  0.293400651375738E+006  0.349750783975746E+000  0.814274992953408E+000  0.208338531553136E+001  0.306525160253261E+000 -0.146700325687869E+006
  0.100000000000000E+001  0.227526741519295E+005  0.272047497889951E+000  0.113052160349139E+001  0.299328799704859E+001  0.306525160253261E+000 -0.113763370759648E+005
  0.100000000000000E+001  0.390951814587051E+005  0.479132406272851E+000  0.118131784299862E+001  0.188565625773312E+001  0.306525160253261E+000 -0.195475907293525E+005
  0.100000000000000E+001  0.132926996778914E+007  0.256760535362949E+000  0.110233469474631E+001  0.361821153578828E+001  0.306525160253261E+000 -0.664634983894571E+006
  0.100000000000000E+001  0.660164276060055E+005  0.241162217586127E+000  0.113847584310464E+001  0.324305334903811E+001  0.306525160253261E+000 -0.330082138030027E+005
  0.100000000000000E+001  0.137371148800898E+007  0.486349294038163E+000  0.101880140663544E+001  0.280238029993843E+001  0.306525160253261E+000 -0.686855744004489E+006
  0.100000000000000E+001  0.210497019343439E+007  0.515964416548419E+000  0.930392185821173E+000  0.291106501880602E+001  0.306525160253261E+000 -0.105248509671719E+007
  0.100000000000000E+001  0.363080531570822E+007  0.411511153455738E+000  0.104958752203249E+001  0.326553468530367E+001  0.306525160253261E+000 -0.181540265785411E+007
  0.100000000000000E+001  0.832747774514304E+006  0.605349386569537E+000  0.878997153755018E+000  0.252048811677784E+001  0.306525160253261E+000 -0.416373887257152E+006
  0.100000000000000E+001  0.774285169049582E+006  0.182400336441040E+000  0.825806745289643E+000  0.193277784764821E+001  0.306525160253261E+000 -0.387142584524791E+006
  0.100000000000000E+001  0.633884889510914E+006  0.219421446729079E+000  0.109111306714980E+001  0.190585374989912E+001  0.306525160253261E+000 -0.316942444755457E+006
  0.100000000000000E+001  0.232902555881683E+005  0.436910206104884E+000  0.107563109783645E+001  0.226612051418993E+001  0.306525160253261E+000 -0.116451277940841E+005
  0.100000000000000E+001  0.711308089573059E+005  0.356792453392235E+000  0.825417751187834E+000  0.288927527504281E+001  0.306525160253261E+000 -0.355654044786529E+005
  0.100000000000000E+001  0.260641997496456E+006  0.159766786994696E+000  0.910045070397378E+000  0.327656584013670E+001  0.306525160253261E+000 -0.130320998748228E+006
  0.100000000000000E+001  0.107664884534426E+007  0.297594212549550E+000  0.107967831572804E+001  0.338165803511466E+001  0.306525160253261E+000 -0.538324422672128E+006
  0.100000000000000E+001  0.642018651512831E+006  0.201509551259923E+000  0.947375741694899E+000  0.389544828184368E+001  0.306525160253261E+000 -0.321009325756415E+006
  0.100000000000000E+001  0.273895989744277E+006  0.746977491316666E+000  0.108902576705945E+001  0.176049246846174E+001  0.306525160253261E+000 -0.136947994872138E+006
  0.100000000000000E+001  0.526500341461209E+005  0.605782284036483E+000  0.987607888924182E+000  0.178461602987128E+001  0.306525160253261E+000 -0.263250170730604E+005
  0.100000000000000E+001  0.440095086493303E+008  0.558588068826070E+000  0.117452928605506E+001  0.347345285064700E+001  0.306525160253261E+000 -0.220047543246651E+008
  0.100000000000000E+001  0.262079288167617E+008  0.719536089692896E+000  0.113484189486402E+001  0.291889963638353E+001  0.306525160253261E+000 -0.131039644083808E+008
  0.100000000000000E+001  0.287781503783493E+006  0.615291445768635E+000  0.872028182687782E+000  0.229233373289053E+001  0.306525160253261E+000 -0.143890751891746E+006
  0.100000000000000E+001  0.201079076146425E+006  0.376556154466810E+000  0.999895857887944E+000  0.281741431605171E+001  0.306525160253261E+000 -0.100539538073213E+006
  0.100000000000000E+001  0.235287982805137E+007  0.312255434594815E+000  0.118999551531163E+001  0.341746853870090E+001  0.306525160253261E+000 -0.117643991402569E+007
  0.100000000000000E+001  0.492564646179102E+007  0.389867616201020E+000  0.110166629588628E+001  0.338848030752457E+001  0.306525160253261E+000 -0.246282323089551E+007
  0.100000000000000E+001  0.105256785499345E+009  0.769393065999415E+000  0.114045058949611E+001  0.325723028630418E+001  0.306525160253261E+000 -0.526283927496724E+008
  0.100000000000000E+001  0.487902217057100E+007  0.791502839524888E+000  0.102259365154707E+001  0.244705285339572E+001  0.306525160253261E+000 -0.243951108528550E+007
  0.100000000000000E+001  0.226527342100340E+006  0.175072353897720E+000  0.899067790705772E+000  0.318621340483228E+001  0.306525160253261E+000 -0.113263671050170E+006
  0.100000000000000E+001  0.251540099875499E+009  0.764662183164264E+000  0.997504156099568E+000  0.389665257221668E+001  0.306525160253261E+000 -0.125770049937750E+009
  0.100000000000000E+001  0.755758269181276E+005  0.368798094573353E+000  0.915835007136558E+000  0.234564334004278E+001  0.306525160253261E+000 -0.377879134590638E+005
  0.100000000000000E+001  0.729990781513372E+006  0.321477776116299E+000  0.835233930864012E+000  0.334837472158329E+001  0.306525160253261E+000 -0.364995390756686E+006
  0.100000000000000E+001  0.164278082551504E+006  0.654176707106874E+000  0.110129154491850E+001  0.185979305712407E+001  0.306525160253261E+000 -0.821390412757521E+005
  0.100000000000000E+001  0.530019196336209E+006  0.860728944077642E+000  0.881950152971002E+000  0.195241572435445E+001  0.306525160253261E+000 -0.265009598168105E+006
  0.100000000000000E+001  0.263686795396924E+006  0.871976343420315E+000  0.883796086424109E+000  0.178657695346201E+001  0.306525160253261E+000 -0.131843397698462E+006
  0.100000000000000E+001  0.123872822247544E+008  0.783886354186899E+000  0.939965381388311E+000  0.287827609581368E+001  0.306525160253261E+000 -0.619364111237719E+007
  0.100000000000000E+001  0.411889253502534E+007  0.546507546188156E+000  0.851634988358901E+000  0.309570736247562E+001  0.306525160253261E+000 -0.205944626751267E+007
  0.100000000000000E+001  0.351338071364784E+006  0.284496168597725E+000  0.940604041946355E+000  0.332955632869509E+001  0.306525160253261E+000 -0.175669035682392E+006
  0.100000000000000E+001  0.105180935685941E+006  0.469058033071233E+000  0.941307969567487E+000  0.194918448682029E+001  0.306525160253261E+000 -0.525904678429707E+005
  0.100000000000000E+001  0.788218843252638E+006  0.559012921153791E+000  0.105510689280478E+001  0.244074687564341E+001  0.306525160253261E+000 -0.394109421626319E+006
  0.100000000000000E+001  0.579680744022764E+007  0.764381930182610E+000  0.860599886225166E+000  0.276780269337626E+001  0.306525160253261E+000 -0.289840372011382E+007
  0.100000000000000E+001  0.576936356177480E+005  0.640665508633502E+000  0.910741532175792E+000  0.188015002293418E+001  0.306525160253261E+000 -0.288468178088740E+005
  0.100000000000000E+001  0.547855745287829E+007  0.843201732515017E+000  0.928821995085281E+000  0.253066388112374E+001  0.306525160253261E+000 -0.273927872643914E+007
  0.100000000000000E+001  0.130368895268697E+008  0.861912671406673E+000  0.955011458999770E+000  0.273238689203507E+001  0.306525160253261E+000 -0.651844476343485E+007
  0.100000000000000E+001  0.103476538915961E+008  0.350687849691978E+000  0.100557245501962E+001  0.384368233048668E+001  0.306525160253261E+000 -0.517382694579804E+007
  0.100000000000000E+001  0.130774416794531E+007  0.299926754095113E+000  0.857621871109995E+000  0.354538856509171E+001  0.306525160253261E+000 -0.653872083972653E+006
  0.100000000000000E+001  0.416348584988640E+006  0.391829248820101E+000  0.843489205930108E+000  0.298462079769199E+001  0.306525160253261E+000 -0.208174292494320E+006
  0.100000000000000E+001  0.105218789820099E+005  0.307001508623948E+000  0.856539134466198E+000  0.282022847036811E+001  0.306525160253261E+000 -0.526093949100496E+004
  0.100000000000000E+001  0.951911632779617E+007  0.855924451667084E+000  0.101198160954605E+001  0.254624858858766E+001  0.306525160253261E+000 -0.475955816389809E+007
  0.100000000000000E+001  0.856275044243833E+008  0.780125475349499E+000  0.112673143604883E+001  0.318955517047207E+001  0.306525160253261E+000 -0.428137522121916E+008
  0.100000000000000E+001  0.442122624887284E+007  0.778996911213887E+000  0.980496719927796E+000  0.250425358497600E+001  0.306525160253261E+000 -0.221061312443642E+007
  0.100000000000000E+001  0.915658919064653E+006  0.110749837641143E+000  0.111035644706074E+001  0.176784539453706E+001  0.306525160253261E+000 -0.457829459532327E+006
  0.100000000000000E+001  0.519861258318746E+006  0.109652669423720E+000  0.827544524680744E+000  0.351308651974133E+001  0.306525160253261E+000 -0.259930629159373E+006
  0.100000000000000E+001  0.147882683256881E+008  0.518077700753555E+000  0.118061653187962E+001  0.322109164832810E+001  0.306525160253261E+000 -0.739413416284404E+007
  0.100000000000000E+001  0.172608454308337E+008  0.684423122459228E+000  0.862272237014009E+000  0.328402747444184E+001  0.306525160253261E+000 -0.863042271541686E+007
  0.100000000000000E+001  0.200854093696223E+005  0.255711428915001E+000  0.104379981907910E+001  0.291735614956259E+001  0.306525160253261E+000 -0.100427046848112E+005
  0.100000000000000E+001  0.131513966478872E+007  0.432972093885580E+000  0.872668327171990E+000  0.306774507621150E+001  0.306525160253261E+000 -0.657569832394358E+006
  0.100000000000000E+001  0.295336250355493E+006  0.781409880984827E+000  0.109836693619182E+001  0.169237745602868E+001  0.306525160253261E+000 -0.147668125177747E+006
  0.100000000000000E+001  0.146687844630302E+008  0.516518334276407E+000  0.809854579940923E+000  0.362282543320587E+001  0.306525160253261E+000 -0.733439223151508E+007
  0.100000000000000E+001  0.511724333880357E+008  0.539043901263935E+000  0.116583508886833E+001  0.360996230023273E+001  0.306525160253261E+000 -0.255862166940178E+008
  0.100000000000000E+001  0.427371824640661E+006  0.343173629795577E+000  0.886987912820209E+000  0.313836066920922E+001  0.306525160253261E+000 -0.213685912320331E+006
  0.100000000000000E+001  0.632351096256223E+007  0.713154072711357E+000  0.955608567314641E+000  0.277211031514168E+001  0.306525160253261E+000 -0.316175548128112E+007
  0.100000000000000E+001  0.741352396422201E+006  0.263574260798045E+000  0.109475401413754E+001  0.346697000023162E+001  0.306525160253261E+000 -0.370676198211101E+006
  0.100000000000000E+001  0.793319674863891E+006  0.158457408435876E+000  0.944196941952206E+000  0.202094704059611E+001  0.306525160253261E+000 -0.396659837431945E+006
  0.100000000000000E+001  0.253927108925972E+007  0.300592682991605E+000  0.899400566215238E+000  0.367814313833162E+001  0.306525160253261E+000 -0.126963554462986E+007
  0.100000000000000E+001  0.585514512543943E+007  0.833782055485611E+000  0.105714949768461E+001  0.236307217721760E+001  0.306525160253261E+000 -0.292757256271972E+007
  0.100000000000000E+001  0.256495435571909E+006  0.302090811153906E+000  0.118507625671488E+001  0.302252566093069E+001  0.306525160253261E+000 -0.128247717785954E+006
  0.100000000000000E+001  0.464747856620713E+007  0.814095751628700E+000  0.857452622510691E+000  0.262096760224226E+001  0.306525160253261E+000 -0.232373928310356E+007
  0.100000000000000E+001  0.125966269631650E+008  0.555758614992553E+000  0.119446063220536E+001  0.302382984758690E+001  0.306525160253261E+000 -0.629831348158251E+007
  0.100000000000000E+001  0.655298399887366E+005  0.226263828552586E+000  0.113447764539120E+001  0.333983402478880E+001  0.306525160253261E+000 -0.327649199943683E+005
  0.100000000000000E+001  0.111681688560954E+008  0.840601626958513E+000  0.108053506728806E+001  0.249689034647429E+001  0.306525160253261E+000 -0.558408442804772E+007
  0.100000000000000E+001  0.773352206688956E+005  0.408379901088522E+000  0.119109313401343E+001  0.196838262212870E+001  0.306525160253261E+000 -0.386676103344478E+005
  0.100000000000000E+001  0.176409405826250E+007  0.849119322549287E+000  0.111247200725294E+001  0.192117085361732E+001  0.306525160253261E+000 -0.882047029131248E+006
  0.100000000000000E+001  0.655632779258969E+006  0.191745028889976E+000  0.111902531042653E+001  0.205680592881411E+001  0.306525160253261E+000 -0.327816389629485E+006
  0.100000000000000E+001  0.134418671869346E+008  0.751975699724587E+000  0.916588241707471E+000  0.299856344130635E+001  0.306525160253261E+000 -0.672093359346729E+007
  0.100000000000000E+001  0.162672672682207E+008  0.897792699495607E+000  0.899097693538731E+000  0.283783420091772E+001  0.306525160253261E+000 -0.813363363411033E+007
  0.100000000000000E+001  0.191254982916530E+006  0.209700768687985E+000  0.801282757294510E+000  0.371725666006069E+001  0.306525160253261E+000 -0.956274914582651E+005
  0.100000000000000E+001  0.554021146937087E+006  0.258305451511560E+000  0.116161127847990E+001  0.177816334786137E+001  0.306525160253261E+000 -0.277010573468544E+006
  0.100000000000000E+001  0.264571664292373E+006  0.659513405123243E+000  0.947863352014776E+000  0.210532616730660E+001  0.306525160253261E+000 -0.132285832146186E+006
  0.100000000000000E+001  0.113801613690603E+006  0.237340171743149E+000  0.844403348557737E+000  0.348112468018258E+001  0.306525160253261E+000 -0.569008068453014E+005
  0.100000000000000E+001  0.301673859276638E+009  0.737196603196302E+000  0.108443852797938E+001  0.385107787194509E+001  0.306525160253261E+000 -0.150836929638319E+009
  0.100000000000000E+001  0.458566779962186E+005  0.576970208992751E+000  0.115418711881987E+001  0.176228621710795E+001  0.306525160253261E+000 -0.229283389981093E+005
  0.100000000000000E+001  0.746185255426012E+008  0.768967735370001E+000  0.101068174737849E+001  0.340960451307182E+001  0.306525160253261E+000 -0.373092627713006E+008
  0.100000000000000E+001  0.768197759741199E+006  0.897149904369681E+000  0.105400190871291E+001  0.174324689942868E+001  0.306525160253261E+000 -0.384098879870600E+006
  0.100000000000000E+001  0.832512113167986E+005  0.245975934557508E+000  0.982843320244498E+000  0.285860905655113E+001  0.306525160253261E+000 -0.416256056583993E+005
  0.100000000000000E+001  0.735676217515765E+006  0.837583352624132E+000  0.103585633907269E+001  0.186204021042773E+001  0.306525160253261E+000 -0.367838108757882E+006
  0.100000000000000E+001  0.133878292609196E+007  0.583968184887764E+000  0.107176494655088E+001  0.247988250043066E+001  0.306525160253261E+000 -0.669391463045979E+006
  0.100000000000000E+001  0.549135125453586E+005  0.237616643307906E+000  0.116124256387494E+001  0.286033255561749E+001  0.306525160253261E+000 -0.274567562726793E+005
  0.100000000000000E+001  0.112372008293096E+009  0.720097119089345E+000  0.110508570132432E+001  0.347952826206524E+001  0.306525160253261E+000 -0.561860041465481E+008
  0.100000000000000E+001  0.324777085080269E+006  0.328426824963294E+000  0.100815531360180E+001  0.307516078201610E+001  0.306525160253261E+000 -0.162388542540135E+006
  0.100000000000000E+001  0.407734073064284E+008  0.642387091635439E+000  0.931320514657763E+000  0.361114121589564E+001  0.306525160253261E+000 -0.203867036532142E+008
  0.100000000000000E+001  0.119525695143779E+008  0.692850456400580E+000  0.107645192022214E+001  0.283917539867463E+001  0.306525160253261E+000 -0.597628475718893E+007
  0.100000000000000E+001  0.161933097048819E+008  0.537435278389052E+000  0.102793296749925E+001  0.340792474394818E+001  0.306525160253261E+000 -0.809665485244093E+007
  0.100000000000000E+001  0.625061317097895E+006  0.319695324306720E+000  0.935364870528994E+000  0.327078873267583E+001  0.306525160253261E+000 -0.312530658548947E+006
  0.100000000000000E+001  0.766719964528462E+006  0.151355413089031E+000  0.101407006436013E+001  0.217134229205125E+001  0.306525160253261E+000 -0.383359982264231E+006
  0.100000000000000E+001  0.120698684064465E+007  0.685683701046279E+000  0.101059518977708E+001  0.229686782793842E+001  0.306525160253261E+000 -0.603493420322325E+006
  0.100000000000000E+001  0.705723866247296E+008  0.699493101236676E+000  0.118997562150712E+001  0.318425576874020E+001  0.306525160253261E+000 -0.352861933123648E+008
  0.100000000000000E+001  0.525058427426206E+005  0.173246495467933E+000  0.899887010413318E+000  0.351300387832475E+001  0.306525160253261E+000 -0.262529213713103E+005
  0.100000000000000E+001  0.343455276310522E+007  0.748864715941302E+000  0.933247198547711E+000  0.254780540169464E+001  0.306525160253261E+000 -0.171727638155261E+007
  0.100000000000000E+001  0.418709788334560E+008  0.574384469240655E+000  0.105182694964345E+001  0.362109154693413E+001  0.306525160253261E+000 -0.209354894167280E+008
  0.100000000000000E+001  0.449719639834607E+006  0.192075659902449E+000  0.110840541324342E+001  0.253625143135986E+001  0.306525160253261E+000 -0.224859819917304E+006
  0.100000000000000E+001  0.142102325250356E+007  0.313082851885890E+000  0.113843344646630E+001  0.332881860657642E+001  0.306525160253261E+000 -0.710511626251778E+006
  0.100000000000000E+001  0.287787926843878E+005  0.405967718282877E+000  0.993148848820749E+000  0.229804967538239E+001  0.306525160253261E+000 -0.143893963421939E+005
  0.100000000000000E+001  0.814758384500468E+007  0.703756890717003E+000  0.974063361062440E+000  0.284749986432630E+001  0.306525160253261E+000 -0.407379192250234E+007
  0.100000000000000E+001  0.676680288710959E+005  0.666264167322886E+000  0.839511077251950E+000  0.178126475407642E+001  0.306525160253261E+000 -0.338340144355479E+005
  0.100000000000000E+001  0.188905786192982E+009  0.835153229912705E+000  0.931585806069074E+000  0.376925521619925E+001  0.306525160253261E+000 -0.944528930964908E+008
  0.100000000000000E+001  0.345092428520236E+006  0.539115397050445E+000  0.830347027847007E+000  0.253897002129173E+001  0.306525160253261E+000 -0.172546214260118E+006
  0.100000000000000E+001  0.130179790122938E+008  0.817507674835385E+000  0.942337909608970E+000  0.283021219440862E+001  0.306525160253261E+000 -0.650898950614690E+007
  0.100000000000000E+001  0.191980800959939E+008  0.449809205041476E+000  0.895934430181153E+000  0.383122139482178E+001  0.306525160253261E+000 -0.959904004799697E+007
  0.100000000000000E+001  0.133535005858504E+009  0.739083339803386E+000  0.997778017100308E+000  0.371629908754562E+001  0.306525160253261E+000 -0.667675029292519E+008
  0.100000000000000E+001  0.166789137739207E+008  0.495887692770850E+000  0.107166261384844E+001  0.348742546580100E+001  0.306525160253261E+000 -0.833945688696035E+007
  0.100000000000000E+001  0.910077297028325E+007  0.569112541577143E+000  0.100353301260349E+001  0.315156112574513E+001  0.306525160253261E+000 -0.455038648514163E+007
  0.100000000000000E+001  0.320941694324011E+006  0.455525057194445E+000  0.985774133837522E+000  0.262820578671625E+001  0.306525160253261E+000 -0.160470847162005E+006
  0.100000000000000E+001  0.163886963097674E+008  0.703824740853705E+000  0.116891518470670E+001  0.274023022274385E+001  0.306525160253261E+000 -0.819434815488368E+007
  0.100000000000000E+001  0.256893536248643E+006  0.247211374923110E+000  0.826471912976577E+000  0.352770059523566E+001  0.306525160253261E+000 -0.128446768124321E+006
  0.100000000000000E+001  0.676911553587473E+008  0.883594321167866E+000  0.817460616482823E+000  0.350493288175922E+001  0.306525160253261E+000 -0.338455776793737E+008
  0.100000000000000E+001  0.117963637313301E+006  0.683503868488438E+000  0.101743016889212E+001  0.183381058300188E+001  0.306525160253261E+000 -0.589818186566507E+005
  0.100000000000000E+001  0.129575149452129E+007  0.849903880239971E+000  0.816435207815033E+000  0.225484240627730E+001  0.306525160253261E+000 -0.647875747260647E+006
  0.100000000000000E+001  0.294197575306857E+009  0.892277202830542E+000  0.906119184947787E+000  0.387973317188848E+001  0.306525160253261E+000 -0.147098787653428E+009
  0.100000000000000E+001  0.322822158132333E+005  0.430197100608338E+000  0.106318863770511E+001  0.235207969577987E+001  0.306525160253261E+000 -0.161411079066167E+005
  0.100000000000000E+001  0.471088663638597E+007  0.647862286087097E+000  0.971412752183328E+000  0.279489220116832E+001  0.306525160253261E+000 -0.235544331819298E+007
  0.100000000000000E+001  0.330750924064990E+006  0.323405203511864E+000  0.113543187379835E+001  0.300163579385735E+001  0.306525160253261E+000 -0.165375462032495E+006
  0.100000000000000E+001  0.275681860203807E+009  0.891485838879404E+000  0.105894660806151E+001  0.352841162713331E+001  0.306525160253261E+000 -0.137840930101904E+009
  0.100000000000000E+001  0.714095520575442E+005  0.694453270796805E+000  0.105937999798907E+001  0.165074996676219E+001  0.306525160253261E+000 -0.357047760287721E+005
  0.100000000000000E+001  0.835586712548563E+005  0.470892136687320E+000  0.100040938166850E+001  0.194141871169846E+001  0.306525160253261E+000 -0.417793356274281E+005
  0.100000000000000E+001  0.134350408828301E+006  0.361580615465189E+000  0.105370329480963E+001  0.278154194340433E+001  0.306525160253261E+000 -0.671752044141507E+005
  0.100000000000000E+001  0.448756578502305E+007  0.653765810265246E+000  0.954565918145111E+000  0.278716109189508E+001  0.306525160253261E+000 -0.224378289251152E+007
  0.100000000000000E+001  0.165535032410913E+006  0.400640755903489E+000  0.118934829044834E+001  0.181396241908507E+001  0.306525160253261E+000 -0.827675162054566E+005
  0.100000000000000E+001  0.164389960018096E+006  0.368325886602306E+000  0.113445477232223E+001  0.270881437806914E+001  0.306525160253261E+000 -0.821949800090481E+005
  0.100000000000000E+001  0.108066555256667E+005  0.365762191994388E+000  0.108225698537793E+001  0.250073446545700E+001  0.306525160253261E+000 -0.540332776283334E+004
  0.100000000000000E+001  0.345168906687001E+009  0.738749163058103E+000  0.110625672676046E+001  0.385307632179410E+001  0.306525160253261E+000 -0.172584453343500E+009
  0.100000000000000E+001  0.191679507604046E+006  0.452009030181972E+000  0.970998940230580E+000  0.179785383315184E+001  0.306525160253261E+000 -0.958397538020228E+005
  0.100000000000000E+001  0.744641606500888E+006  0.242855101689505E+000  0.102532746036826E+001  0.362562218923415E+001  0.306525160253261E+000 -0.372320803250444E+006
  0.100000000000000E+001  0.126960932659813E+007  0.396290297438317E+000  0.100798039342100E+001  0.307569192419853E+001  0.306525160253261E+000 -0.634804663299064E+006
  0.100000000000000E+001  0.149367560407121E+006  0.277230929515152E+000  0.118483082958566E+001  0.308045928381266E+001  0.306525160253261E+000 -0.746837802035606E+005
  0.100000000000000E+001  0.279986124666810E+006  0.220158606836672E+000  0.817275050957027E+000  0.277685550856730E+001  0.306525160253261E+000 -0.139993062333405E+006
  0.100000000000000E+001  0.373796774078214E+006  0.146947035566480E+000  0.107133492529834E+001  0.315691621371536E+001  0.306525160253261E+000 -0.186898387039107E+006
  0.100000000000000E+001  0.831053439207223E+006  0.117853012475524E+000  0.106162633534856E+001  0.230021826096923E+001  0.306525160253261E+000 -0.415526719603612E+006
  0.100000000000000E+001  0.682635014694030E+006  0.170024690257102E+000  0.903771368769427E+000  0.232253062784161E+001  0.306525160253261E+000 -0.341317507347015E+006
  0.100000000000000E+001  0.273065873356019E+008  0.532337218317676E+000  0.908572393164976E+000  0.374566088435052E+001  0.306525160253261E+000 -0.136532936678009E+008
  0.100000000000000E+001  0.568857694644467E+005  0.624242673908804E+000  0.109353531388226E+001  0.174591905351916E+001  0.306525160253261E+000 -0.284428847322234E+005
  0.100000000000000E+001  0.220941908501381E+008  0.795778803630998E+000  0.814750271363869E+000  0.323325811633930E+001  0.306525160253261E+000 -0.110470954250691E+008
  0.100000000000000E+001  0.247318428407020E+008  0.402978654243414E+000  0.112488667186113E+001  0.389461032024696E+001  0.306525160253261E+000 -0.123659214203510E+008
  0.100000000000000E+001  0.124040774919495E+007  0.650321699977378E+000  0.104877573480433E+001  0.233252493333910E+001  0.306525160253261E+000 -0.620203874597476E+006
  0.100000000000000E+001  0.298932027961620E+008  0.883028246099422E+000  0.802471246339520E+000  0.322345092916990E+001  0.306525160253261E+000 -0.149466013980810E+008
  0.100000000000000E+001  0.291656753399168E+007  0.574124750132652E+000  0.962651146621688E+000  0.282787870117253E+001  0.306525160253261E+000 -0.145828376699584E+007
  0.100000000000000E+001  0.324757251048377E+007  0.602124667120608E+000  0.837923779975397E+000  0.291557675935213E+001  0.306525160253261E+000 -0.162378625524188E+007
  0.100000000000000E+001  0.969328182690234E+008  0.676823563281042E+000  0.115876559468229E+001  0.342633338136229E+001  0.306525160253261E+000 -0.484664091345117E+008
  0.100000000000000E+001  0.867628628005280E+006  0.573317803867108E+000  0.904775697867003E+000  0.257770018013174E+001  0.306525160253261E+000 -0.433814314002640E+006
  0.100000000000000E+001  0.569839250979214E+006  0.322263034888699E+000  0.116773939755156E+001  0.307253164993109E+001  0.306525160253261E+000 -0.284919625489607E+006
  0.100000000000000E+001  0.248809238687373E+006  0.484908904903137E+000  0.953212092718769E+000  0.252641993985068E+001  0.306525160253261E+000 -0.124404619343686E+006
  0.100000000000000E+001  0.482814298740465E+007  0.856233904678897E+000  0.105454886319889E+001  0.227168390382450E+001  0.306525160253261E+000 -0.241407149370232E+007
  0.100000000000000E+001  0.370072690923794E+007  0.433345982788844E+000  0.995527297963706E+000  0.324570893938226E+001  0.306525160253261E+000 -0.185036345461897E+007
  0.100000000000000E+001  0.663653906851317E+006  0.256480939034846E+000  0.938122635739584E+000  0.167492566726946E+001  0.306525160253261E+000 -0.331826953425659E+006
  0.100000000000000E+001  0.849527889026170E+004  0.270317901887133E+000  0.104403523351465E+001  0.302667027075837E+001  0.306525160253261E+000 -0.424763944513085E+004
  0.100000000000000E+001  0.112684351056276E+008  0.354890972537491E+000  0.992953794759472E+000  0.386615216702530E+001  0.306525160253261E+000 -0.563421755281378E+007
  0.100000000000000E+001  0.120896337151742E+009  0.735384424141706E+000  0.119799774849039E+001  0.326153563124526E+001  0.306525160253261E+000 -0.604481685758710E+008
  0.100000000000000E+001  0.731002615166740E+008  0.823066958872298E+000  0.114375586804091E+001  0.299981798368511E+001  0.306525160253261E+000 -0.365501307583370E+008
  0.100000000000000E+001  0.362831591612961E+007  0.701120483277788E+000  0.112861080451368E+001  0.238076923346210E+001  0.306525160253261E+000 -0.181415795806480E+007
  0.100000000000000E+001  0.228146915118530E+006  0.727203336398961E+000  0.109337683389984E+001  0.176263719823923E+001  0.306525160253261E+000 -0.114073457559265E+006
  0.100000000000000E+001  0.128855878563155E+006  0.301327001800430E+000  0.869060667129303E+000  0.315951338000150E+001  0.306525160253261E+000 -0.644279392815775E+005
  0.100000000000000E+001  0.936030952894588E+006  0.109522100476019E+000  0.101445203607248E+001  0.161686300150031E+001  0.306525160253261E+000 -0.468015476447294E+006
  0.100000000000000E+001  0.310135945355781E+006  0.257164284777347E+000  0.806459747221483E+000  0.249853849913690E+001  0.306525160253261E+000 -0.155067972677890E+006
  0.100000000000000E+001  0.928958301615368E+007  0.524245323032763E+000  0.110323050957277E+001  0.315918018911423E+001  0.306525160253261E+000 -0.464479150807684E+007
  0.100000000000000E+001  0.219356419757890E+007  0.834765776372573E+000  0.925817296061758E+000  0.228434576297929E+001  0.306525160253261E+000 -0.109678209878945E+007
  0.100000000000000E+001  0.239220510750457E+008  0.692060971591121E+000  0.101566145326079E+001  0.317337406947635E+001  0.306525160253261E+000 -0.119610255375229E+008
  0.100000000000000E+001  0.125033329699900E+008  0.393711502868643E+000  0.895801461269550E+000  0.383319518491824E+001  0.306525160253261E+000 -0.625166648499502E+007
  0.100000000000000E+001  0.106414193976719E+006  0.259602255275655E+000  0.809062292948207E+000  0.283044706778517E+001  0.306525160253261E+000 -0.532070969883593E+005
  0.100000000000000E+001  0.307760217976741E+009  0.690203552951451E+000  0.112874978555242E+001  0.388727372534498E+001  0.306525160253261E+000 -0.153880108988371E+009
  0.100000000000000E+001  0.731046502598298E+005  0.502618695445636E+000  0.117545163534383E+001  0.171067803730547E+001  0.306525160253261E+000 -0.365523251299149E+005
  0.100000000000000E+001  0.103454597855575E+008  0.769250112324084E+000  0.105484095970377E+001  0.266358606313887E+001  0.306525160253261E+000 -0.517272989277873E+007
  0.100000000000000E+001  0.245774793381943E+008  0.515027114230352E+000  0.116624630628413E+001  0.342946620089209E+001  0.306525160253261E+000 -0.122887396690972E+008
  0.100000000000000E+001  0.533972826321604E+007  0.390709394139876E+000  0.906963799784167E+000  0.355383760544948E+001  0.306525160253261E+000 -0.266986413160802E+007
  0.100000000000000E+001  0.142397198370334E+007  0.723691327237310E+000  0.112421833729093E+001  0.210030635048813E+001  0.306525160253261E+000 -0.711985991851672E+006
  0.100000000000000E+001  0.245467801562000E+008  0.638817422176516E+000  0.902940388620708E+000  0.346162157025738E+001  0.306525160253261E+000 -0.122733900781000E+008
  0.100000000000000E+001  0.214519855946816E+009  0.897745143035351E+000  0.100303991949382E+001  0.354449625160871E+001  0.306525160253261E+000 -0.107259927973408E+009
  0.100000000000000E+001  0.220832306838571E+006  0.279775538248676E+000  0.986188759154785E+000  0.241674010219308E+001  0.306525160253261E+000 -0.110416153419285E+006
  0.100000000000000E+001  0.720981412045117E+008  0.823485560335099E+000  0.985992256103200E+000  0.333043632188793E+001  0.306525160253261E+000 -0.360490706022559E+008
  0.100000000000000E+001  0.519957760431721E+007  0.841344382701065E+000  0.968782410195122E+000  0.245925918194124E+001  0.306525160253261E+000 -0.259978880215860E+007
  0.100000000000000E+001  0.139288204544040E+006  0.249259595131464E+000  0.100905443246819E+001  0.271781625993747E+001  0.306525160253261E+000 -0.696441022720202E+005
  0.100000000000000E+001  0.134154609800571E+005  0.292472458121484E+000  0.897985120496622E+000  0.301933571737197E+001  0.306525160253261E+000 -0.670773049002856E+004
  0.100000000000000E+001  0.350316528059540E+008  0.856140244139061E+000  0.111090313241015E+001  0.275912335472954E+001  0.306525160253261E+000 -0.175158264029770E+008
  0.100000000000000E+001  0.212689837727451E+006  0.871438274136752E+000  0.847997999180192E+000  0.178433412041832E+001  0.306525160253261E+000 -0.106344918863726E+006
  0.100000000000000E+001  0.163338945037617E+009  0.816611752336759E+000  0.109041940965803E+001  0.341875315030541E+001  0.306525160253261E+000 -0.816694725188083E+008
  0.100000000000000E+001  0.445251805149227E+006  0.303351432130337E+000  0.119517310428973E+001  0.172081471985849E+001  0.306525160253261E+000 -0.222625902574613E+006
  0.100000000000000E+001  0.111552964646213E+008  0.628405766968816E+000  0.104063474248286E+001  0.302603206250591E+001  0.306525160253261E+000 -0.557764823231067E+007
  0.100000000000000E+001  0.315721766511047E+007  0.896988727722505E+000  0.904303270664468E+000  0.231801799570580E+001  0.306525160253261E+000 -0.157860883255524E+007
  0.100000000000000E+001  0.255703056927061E+005  0.160914146680884E+000  0.118061201513481E+001  0.360330023180529E+001  0.306525160253261E+000 -0.127851528463531E+005
  0.100000000000000E+001  0.210271231313285E+006  0.260554196320513E+000  0.889813111652485E+000  0.260079493875204E+001  0.306525160253261E+000 -0.105135615656643E+006
  0.100000000000000E+001  0.616451266461785E+007  0.759356540643556E+000  0.807776232700995E+000  0.285520341218183E+001  0.306525160253261E+000 -0.308225633230892E+007
  0.100000000000000E+001  0.208612239031375E+006  0.268771158240958E+000  0.107473223380270E+001  0.243718744044530E+001  0.306525160253261E+000 -0.104306119515688E+006
  0.100000000000000E+001  0.112489930299854E+007  0.313537349587789E+000  0.119367640657724E+001  0.322922292642106E+001  0.306525160253261E+000 -0.562449651499270E+006
  0.100000000000000E+001  0.367042468668736E+006  0.142998812522111E+000  0.101040522308680E+001  0.324594250846410E+001  0.306525160253261E+000 -0.183521234334368E+006
  0.100000000000000E+001  0.370438535003608E+007  0.314212916078343E+000  0.110845152707469E+001  0.359479677179707E+001  0.306525160253261E+000 -0.185219267501804E+007
  0.100000000000000E+001  0.453224154790709E+006  0.193226386221967E+000  0.886965600862647E+000  0.264842767939249E+001  0.306525160253261E+000 -0.226612077395354E+006
  0.100000000000000E+001  0.285974676890733E+007  0.520861257390209E+000  0.839565797471618E+000  0.305884062397523E+001  0.306525160253261E+000 -0.142987338445366E+007
  0.100000000000000E+001  0.230284159058304E+008  0.583785524130573E+000  0.117006103650670E+001  0.317847968015850E+001  0.306525160253261E+000 -0.115142079529152E+008
  0.100000000000000E+001  0.259675533823989E+006  0.373872369392915E+000  0.118462980383519E+001  0.174977088131185E+001  0.306525160253261E+000 -0.129837766911995E+006
  0.100000000000000E+001  0.302749459185342E+006  0.255989762309331E+000  0.116445103992031E+001  0.228555741495013E+001  0.306525160253261E+000 -0.151374729592671E+006
  0.100000000000000E+001  0.970912252620683E+007  0.801152115573984E+000  0.968666222217733E+000  0.272339904360173E+001  0.306525160253261E+000 -0.485456126310341E+007
  0.100000000000000E+001  0.492597919725331E+005  0.607907839222350E+000  0.116699421411078E+001  0.162089866788887E+001  0.306525160253261E+000 -0.246298959862666E+005
  0.100000000000000E+001  0.528415574735504E+005  0.560628434915656E+000  0.117818464477410E+001  0.164297884908266E+001  0.306525160253261E+000 -0.264207787367752E+005
