  0.209468752192626E-301  0.141295760204864E+004  0.271353624097963E+000  0.109974934304010E+001  0.295305919669623E+001  0.720444791911282E+000  0.529668711567471E+000 -0.705068347729578E+003
  0.729439972810076E-300  0.140579548353499E+004  0.248790629601018E+000  0.107574236846845E+001  0.316236173220220E+001  0.777446639080533E+000  0.529668711567471E+000 -0.701487288472753E+003
  0.933715537483515E-295  0.138221429978986E+004  0.254409344202663E+000  0.899350384389838E+000  0.306714625406565E+001  0.317325058852810E+000  0.529668711567471E+000 -0.689696696600189E+003
  0.806065218947266E-292  0.136863126025872E+004  0.227195008244560E+000  0.952704970088491E+000  0.315686160871361E+001  0.253953742835033E+000  0.529668711567471E+000 -0.682905176834616E+003
  0.191621516119849E-290  0.136223266156888E+004  0.234148756821023E+000  0.103281933106341E+001  0.329130417065529E+001  0.780124183161236E+000  0.529668711567471E+000 -0.679705877489694E+003
  0.194906085990035E-285  0.133911127596973E+004  0.232739202801612E+000  0.100516495075461E+001  0.314673110684222E+001  0.361269314747640E+000  0.529668711567471E+000 -0.668145184690121E+003
  0.914091064094063E-284  0.133135373773294E+004  0.284397859014118E+000  0.106563147184161E+001  0.289449674029208E+001  0.678914653501959E+000  0.529668711567471E+000 -0.664266415571726E+003
  0.497938340604998E-271  0.127263988988509E+004  0.249044116902950E+000  0.103064054679893E+001  0.299759335837894E+001  0.311960266911575E+000  0.529668711567471E+000 -0.634909491647803E+003
  0.633808551114374E-271  0.127209580520042E+004  0.255792913949005E+000  0.105928533745080E+001  0.308040765179142E+001  0.786585406055625E+000  0.529668711567471E+000 -0.634637449305465E+003
  0.517421301236555E-242  0.113889010549006E+004  0.273289075079848E+000  0.937884532383224E+000  0.293046469012829E+001  0.304847277397847E+000  0.529668711567471E+000 -0.568034599450285E+003
  0.171746822410317E-233  0.109958770251681E+004  0.249084423186925E+000  0.101174977023455E+001  0.305713921347752E+001  0.494941500802278E+000  0.529668711567471E+000 -0.548383397963660E+003
  0.595751589065379E-218  0.102796100170239E+004  0.229451277812884E+000  0.983463443669501E+000  0.319511932010285E+001  0.418866680361753E+000  0.529668711567471E+000 -0.512570047556453E+003
  0.180743118788833E-214  0.101186427162775E+004  0.276880091448655E+000  0.100860015653394E+001  0.299709316086203E+001  0.684633718679441E+000  0.529668711567471E+000 -0.504521682519132E+003
  0.184355909244312E-209  0.988737294603153E+003  0.237202540271567E+000  0.905288922389793E+000  0.313890129758243E+001  0.330132332839090E+000  0.529668711567471E+000 -0.492958194006833E+003
  0.721974396394411E-205  0.967524827546757E+003  0.276625897985738E+000  0.984943766872330E+000  0.299686925330261E+001  0.746189738680001E+000  0.529668711567471E+000 -0.482351960478635E+003
  0.201049121112685E-203  0.960809824686165E+003  0.275588606704063E+000  0.829003240541952E+000  0.291038322464184E+001  0.199053119234206E+000  0.529668711567471E+000 -0.478994459048339E+003
  0.321368398251792E-187  0.886127480670359E+003  0.245719776206238E+000  0.943279819568974E+000  0.318795454298863E+001  0.571431582777459E+000  0.529668711567471E+000 -0.441653287040436E+003
  0.726237884315840E-187  0.884435358348381E+003  0.251381021440413E+000  0.914764181422523E+000  0.295069986240025E+001  0.141004204250024E+000  0.529668711567471E+000 -0.440807225879447E+003
  0.179949158829227E-181  0.859533200446032E+003  0.274363906710057E+000  0.100805330094116E+001  0.285071896346405E+001  0.296953575150743E+000  0.529668711567471E+000 -0.428356146928273E+003
  0.661369332501308E-174  0.824632189683030E+003  0.258811677025712E+000  0.977563451986549E+000  0.290541531120540E+001  0.147059472552260E+000  0.529668711567471E+000 -0.410905641546771E+003
  0.870680256049616E-173  0.819415551424297E+003  0.279210733721324E+000  0.917166749169876E+000  0.297505444020579E+001  0.525794307343960E+000  0.529668711567471E+000 -0.408297322417405E+003
  0.237787283341772E-171  0.812739464341137E+003  0.271063838816554E+000  0.947742124730588E+000  0.285020278960183E+001  0.208795589929040E+000  0.529668711567471E+000 -0.404959278875825E+003
  0.131208281118330E-167  0.795446421307358E+003  0.275632977449765E+000  0.101908576113565E+001  0.299328686110022E+001  0.783794761192998E+000  0.529668711567471E+000 -0.396312757358936E+003
  0.920521588133400E-166  0.786883398883604E+003  0.242311266020658E+000  0.909556659193211E+000  0.298343558913353E+001  0.523303500204103E-001  0.529668711567471E+000 -0.392031246147058E+003
  0.138388566348281E-163  0.776796095060974E+003  0.256541297608275E+000  0.987416192404493E+000  0.298649918440529E+001  0.388352766113349E+000  0.529668711567471E+000 -0.386987594235743E+003
  0.443163203742809E-155  0.737565444893216E+003  0.277966248316362E+000  0.950272792404594E+000  0.277433316819645E+001  0.455876832090737E-001  0.529668711567471E+000 -0.367372269151864E+003
  0.832984728633691E-150  0.713215896243771E+003  0.271918430336190E+000  0.951448823213279E+000  0.279316894680864E+001  0.138823629407317E-001  0.529668711567471E+000 -0.355197494827142E+003
  0.716285557603042E-146  0.695035544978698E+003  0.264806355082987E+000  0.905992957578773E+000  0.286305395494791E+001  0.841077330502503E-002  0.529668711567471E+000 -0.346107319194605E+003
  0.293009515834077E-141  0.673735898381785E+003  0.262304695354990E+000  0.845905017013347E+000  0.295350596738844E+001  0.174538816736850E+000  0.529668711567471E+000 -0.335457495896149E+003
  0.295026684721044E-141  0.673660633618069E+003  0.267215700613873E+000  0.980923324030501E+000  0.285003278336972E+001  0.181443578774711E+000  0.529668711567471E+000 -0.335419863514291E+003
  0.147861459527009E-138  0.661165159858458E+003  0.255021286879462E+000  0.985534386130776E+000  0.312415729681421E+001  0.620588106390932E+000  0.529668711567471E+000 -0.329172126634486E+003
  0.174438013538084E-133  0.637747178202841E+003  0.287034723861884E+000  0.880317391457160E+000  0.282872643585460E+001  0.201783761152166E+000  0.529668711567471E+000 -0.317463135806677E+003
  0.827919691136162E-132  0.629965771293436E+003  0.251480899933587E+000  0.944712012137305E+000  0.307425966480870E+001  0.370961324779123E+000  0.529668711567471E+000 -0.313572432351975E+003
  0.140999452540662E-128  0.615023867533390E+003  0.246550408931442E+000  0.898209998336218E+000  0.310026445957766E+001  0.321464981044229E+000  0.529668711567471E+000 -0.306101480471951E+003
  0.113197924308919E-125  0.601586050015238E+003  0.254458393788713E+000  0.101717431694036E+001  0.300138043175055E+001  0.387373581327572E+000  0.529668711567471E+000 -0.299382571712875E+003
  0.125317756010816E-123  0.592110736864443E+003  0.268548772071708E+000  0.873689219005481E+000  0.291436541766043E+001  0.142340620410015E+000  0.529668711567471E+000 -0.294644915137478E+003
  0.342664781296823E-123  0.590037393356250E+003  0.237685886690224E+000  0.983118670961063E+000  0.318534685782962E+001  0.554741174479568E+000  0.529668711567471E+000 -0.293608243383381E+003
  0.122278014239128E-117  0.564405739718681E+003  0.265281061641259E+000  0.898690832239151E+000  0.286225971526005E+001  0.684991497231529E-002  0.529668711567471E+000 -0.280792416564597E+003
  0.144535288000220E-117  0.564009743545508E+003  0.245205108744075E+000  0.894768323902625E+000  0.307571145406119E+001  0.249143686533889E+000  0.529668711567471E+000 -0.280594418478011E+003
  0.202780313025533E-114  0.549455490658528E+003  0.256221976041389E+000  0.104430610413741E+001  0.303588840157702E+001  0.555704989373091E+000  0.529668711567471E+000 -0.273317292034520E+003
  0.181120771171598E-111  0.535804355060019E+003  0.240533748007375E+000  0.942599136059339E+000  0.307712915717644E+001  0.253391034024814E+000  0.529668711567471E+000 -0.266491724235266E+003
  0.436059094695988E-111  0.533985584303368E+003  0.257064824184599E+000  0.907010427623948E+000  0.293455057864384E+001  0.892630626673506E-001  0.529668711567471E+000 -0.265582338856941E+003
  0.559070065329124E-107  0.515006366175435E+003  0.265163231687805E+000  0.980535171188829E+000  0.303973966302243E+001  0.557857269477269E+000  0.529668711567471E+000 -0.256092729792974E+003
  0.579216099009602E-106  0.510268851011804E+003  0.261725015081803E+000  0.950590744305503E+000  0.309071741840846E+001  0.673544555413718E+000  0.529668711567471E+000 -0.253723972211158E+003
  0.169890920478142E-103  0.498844835234655E+003  0.263506474376423E+000  0.960424028064764E+000  0.284129310838952E+001  0.748123044012492E-001  0.529668711567471E+000 -0.248011964322584E+003
  0.156453591567670E-102  0.494342916052058E+003  0.239399008832574E+000  0.937681598958662E+000  0.315986276663345E+001  0.423964425361186E+000  0.529668711567471E+000 -0.245761004731285E+003
  0.521447155034091E-102  0.491873675714369E+003  0.266487632250114E+000  0.984964728581770E+000  0.306102656763367E+001  0.656511554980207E+000  0.529668711567471E+000 -0.244526384562441E+003
  0.160752109648049E-101  0.489560451110774E+003  0.264970827163544E+000  0.999464214143201E+000  0.303292359871431E+001  0.666144881432078E+000  0.529668711567471E+000 -0.243369772260644E+003
  0.126240244714491E-098  0.476166750617941E+003  0.271134256465202E+000  0.905833482974404E+000  0.290328150155601E+001  0.190115850115182E+000  0.529668711567471E+000 -0.236672922014227E+003
  0.753084906925436E-097  0.467928054746495E+003  0.271210802307566E+000  0.841357435353888E+000  0.283584834960808E+001  0.248462656439627E-002  0.529668711567471E+000 -0.232553574078504E+003
  0.278516352358533E-096  0.465250743655515E+003  0.285044780810488E+000  0.920079011429203E+000  0.282211712443016E+001  0.235941428608760E+000  0.529668711567471E+000 -0.231214918533014E+003
  0.361076590285921E-095  0.460064803504567E+003  0.254818214885344E+000  0.885277732638356E+000  0.296250519241452E+001  0.105307823943129E+000  0.529668711567471E+000 -0.228621948457540E+003
  0.400404376645397E-095  0.459796490425678E+003  0.256068205749237E+000  0.978829569081834E+000  0.294063921495626E+001  0.223381143174602E+000  0.529668711567471E+000 -0.228487791918096E+003
  0.129917000195517E-091  0.443565424747483E+003  0.270240829750825E+000  0.854888857215715E+000  0.291478489301123E+001  0.169972146424132E+000  0.529668711567471E+000 -0.220372259078998E+003
  0.542184387957751E-090  0.436041290531661E+003  0.261347776528149E+000  0.947671411054693E+000  0.286330406550893E+001  0.574205010363725E-001  0.529668711567471E+000 -0.216610191971087E+003
  0.215964712817426E-089  0.433084933229316E+003  0.263322354255243E+000  0.102121184518314E+001  0.307379480991923E+001  0.709152415914977E+000  0.529668711567471E+000 -0.215474958071041E+003
  0.411319168865130E-085  0.413294099592415E+003  0.267405341643410E+000  0.952301841098491E+000  0.301779943580619E+001  0.494244738249995E+000  0.529668711567471E+000 -0.205579541252591E+003
  0.189316481789215E-081  0.396265232149613E+003  0.258685758871911E+000  0.104429223331680E+001  0.311355465753640E+001  0.793589749712240E+000  0.529668711567471E+000 -0.197065107531190E+003
  0.271494666117674E-081  0.395544187406117E+003  0.272861165180542E+000  0.961079053788579E+000  0.295698265374210E+001  0.436420721032979E+000  0.529668711567471E+000 -0.196704585159442E+003
  0.373050900327476E-081  0.394826998658812E+003  0.248287799866823E+000  0.102090647369887E+001  0.308396788668070E+001  0.510848774219389E+000  0.529668711567471E+000 -0.196345990785789E+003
  0.996359390470871E-074  0.360626021048959E+003  0.277488124822159E+000  0.962315707534616E+000  0.287292398750943E+001  0.315261074486193E+000  0.529668711567471E+000 -0.179245501980863E+003
  0.174361839156710E-071  0.350129697975014E+003  0.244143621479123E+000  0.944581385388629E+000  0.316297749026837E+001  0.527421759096006E+000  0.529668711567471E+000 -0.173997340443890E+003
  0.812415058857208E-071  0.346970296605100E+003  0.251990452681725E+000  0.936445771742199E+000  0.312259722340760E+001  0.555317725474722E+000  0.529668711567471E+000 -0.172417639758933E+003
  0.121052967823986E-069  0.341485878574825E+003  0.267732194977513E+000  0.970702446817519E+000  0.295907071070735E+001  0.381621760790263E+000  0.529668711567471E+000 -0.169675430743796E+003
  0.626928868433345E-066  0.324299514255221E+003  0.261266274787934E+000  0.983232358334253E+000  0.295941287829559E+001  0.322172021177545E+000  0.529668711567471E+000 -0.161082248583994E+003
  0.374884008862160E-064  0.316035962730803E+003  0.265163764670881E+000  0.104480359333171E+001  0.304044047257106E+001  0.759422344663976E+000  0.529668711567471E+000 -0.156950472821785E+003
  0.728196147491546E-064  0.314626411188062E+003  0.243568124580254E+000  0.104208081698155E+001  0.317899283728717E+001  0.736339667540338E+000  0.529668711567471E+000 -0.156245697050414E+003
  0.802582559556569E-064  0.314350238634239E+003  0.258519882231964E+000  0.976908629844996E+000  0.314430389498457E+001  0.782660810860058E+000  0.529668711567471E+000 -0.156107610773503E+003
  0.902588033347599E-064  0.314033731641878E+003  0.268969023702107E+000  0.100899682890567E+001  0.303624619351791E+001  0.748869873163587E+000  0.529668711567471E+000 -0.155949357277322E+003
  0.333958329073264E-063  0.311335417481621E+003  0.251397921055859E+000  0.988238768822495E+000  0.312870689438575E+001  0.592146730758931E+000  0.529668711567471E+000 -0.154600200197194E+003
  0.287341010198833E-062  0.307030940340976E+003  0.274668177913733E+000  0.977863094546975E+000  0.296452747445029E+001  0.534622937453533E+000  0.529668711567471E+000 -0.152447961626871E+003
  0.114302455134992E-061  0.304184294224053E+003  0.262760625886092E+000  0.103580935781410E+001  0.302884775562106E+001  0.629055812608631E+000  0.529668711567471E+000 -0.151024638568410E+003
  0.760914600049062E-061  0.300307828834115E+003  0.247893979901136E+000  0.999831747672560E+000  0.309806684830308E+001  0.526262091039618E+000  0.529668711567471E+000 -0.149086405873441E+003
  0.150992525348882E-059  0.294246950825857E+003  0.267881689679574E+000  0.955981029157075E+000  0.303465784607608E+001  0.611327247203449E+000  0.529668711567471E+000 -0.146055966869312E+003
  0.426643412911532E-059  0.292084395134654E+003  0.271341825924617E+000  0.997212090674412E+000  0.298751339275567E+001  0.612081393938397E+000  0.529668711567471E+000 -0.144974689023710E+003
  0.595777227352954E-057  0.282206218259054E+003  0.253958897527020E+000  0.950555706152281E+000  0.307046394551245E+001  0.485063738419942E+000  0.529668711567471E+000 -0.140035600585910E+003
  0.103701007854464E-055  0.276403684328839E+003  0.265425024102471E+000  0.917182309021198E+000  0.300315554304375E+001  0.384328880813814E+000  0.529668711567471E+000 -0.137134333620803E+003
  0.100623644233345E-055  0.276375029947580E+003  0.256229692435813E+000  0.100809680802775E+001  0.305765839070201E+001  0.526201809000032E+000  0.529668711567471E+000 -0.137120006430173E+003
  0.549019524153132E-052  0.258910359162982E+003  0.268357992191761E+000  0.100201697004018E+001  0.306025051807064E+001  0.786929314938798E+000  0.529668711567471E+000 -0.128387671037874E+003
  0.130768603620163E-051  0.257174598231538E+003  0.257285078530429E+000  0.102602987565958E+001  0.306517841931335E+001  0.604421751640328E+000  0.529668711567471E+000 -0.127519790572152E+003
  0.587553146616807E-050  0.249564353390494E+003  0.268686460864495E+000  0.948474996062145E+000  0.300502316182171E+001  0.528903258398704E+000  0.529668711567471E+000 -0.123714668151630E+003
  0.851242901566003E-048  0.239523647864697E+003  0.248764528015946E+000  0.103065406745399E+001  0.313833051495445E+001  0.708205973394068E+000  0.529668711567471E+000 -0.118694315388732E+003
  0.980386855516627E-047  0.234461955473319E+003  0.258853469517355E+000  0.105468481934512E+001  0.307996306989744E+001  0.763181587122219E+000  0.529668711567471E+000 -0.116163469193043E+003
  0.663100963777223E-046  0.230553706023459E+003  0.261525671124958E+000  0.918930912533314E+000  0.304406126256691E+001  0.448667349534878E+000  0.529668711567471E+000 -0.114209344468113E+003
  0.339360553305414E-045  0.227121500900718E+003  0.254840458040228E+000  0.985149302514235E+000  0.312011051433323E+001  0.629684918371334E+000  0.529668711567471E+000 -0.112493241906742E+003
  0.543064138538090E-045  0.226099528290557E+003  0.261655195349978E+000  0.940286950788731E+000  0.303708156340550E+001  0.445558396292086E+000  0.529668711567471E+000 -0.111982255601662E+003
  0.451716598148231E-044  0.221781059003272E+003  0.263696217948247E+000  0.102950945125338E+001  0.303020406416612E+001  0.642333003944050E+000  0.529668711567471E+000 -0.109823020958019E+003
  0.691950083467298E-044  0.220928141340559E+003  0.263090252993921E+000  0.973591844582753E+000  0.300489773502470E+001  0.436411403380248E+000  0.529668711567471E+000 -0.109396562126663E+003
  0.824377411541347E-044  0.220577912081627E+003  0.247719125095244E+000  0.104755241832363E+001  0.316375579993231E+001  0.791658737556152E+000  0.529668711567471E+000 -0.109221447497197E+003
  0.101059536420570E-043  0.220081675642659E+003  0.242654292737729E+000  0.100223840791738E+001  0.320225958669557E+001  0.696749354430361E+000  0.529668711567471E+000 -0.108973329277713E+003
  0.129257907627687E-042  0.214984305697259E+003  0.264612910079966E+000  0.104054272180632E+001  0.305443059219505E+001  0.777049617895820E+000  0.529668711567471E+000 -0.106424644305013E+003
  0.174403267204562E-041  0.209780014405508E+003  0.251107970415395E+000  0.930917606667885E+000  0.310060449811640E+001  0.447961712290978E+000  0.529668711567471E+000 -0.103822498659137E+003
  0.889276074125991E-040  0.201819188917965E+003  0.266242689433771E+000  0.103270106546401E+001  0.305071870602554E+001  0.750950968639611E+000  0.529668711567471E+000 -0.998420859153656E+002
  0.106861130493112E-039  0.201354193576051E+003  0.255340722784439E+000  0.105343180096871E+001  0.310646325104814E+001  0.761354061525933E+000  0.529668711567471E+000 -0.996095882444089E+002
  0.201438892842278E-039  0.199988701390926E+003  0.271189440097966E+000  0.928221761298420E+000  0.296105439999249E+001  0.406254885298879E+000  0.529668711567471E+000 -0.989268421518462E+002
  0.549082315591878E-037  0.188493312547138E+003  0.266047823071654E+000  0.993080780390447E+000  0.303144741865920E+001  0.597888415476529E+000  0.529668711567471E+000 -0.931791477299522E+002
  0.157844270706105E-035  0.181520584330267E+003  0.253047375140782E+000  0.940486185916323E+000  0.310689208960770E+001  0.510107917976951E+000  0.529668711567471E+000 -0.896927836215166E+002
  0.497699902825808E-035  0.179142163597057E+003  0.262639263041738E+000  0.103975677672775E+001  0.305767397525589E+001  0.736579363944399E+000  0.529668711567471E+000 -0.885035732549118E+002
  0.870566731052861E-034  0.173337055174118E+003  0.257047165569974E+000  0.964418179850937E+000  0.311910326635679E+001  0.666493432487080E+000  0.529668711567471E+000 -0.856010190434422E+002
  0.586674109665504E-033  0.169361149429503E+003  0.245649634536352E+000  0.100461806983487E+001  0.320291179072601E+001  0.769584467235946E+000  0.529668711567471E+000 -0.836130661711345E+002
  0.652643086143377E-033  0.169069586167093E+003  0.265915485095312E+000  0.994221074311165E+000  0.307364750712773E+001  0.742509676640075E+000  0.529668711567471E+000 -0.834672845399295E+002
  0.118685618373639E-031  0.163189908907684E+003  0.257809033371707E+000  0.100035570854130E+001  0.305583410151026E+001  0.584303539001846E+000  0.529668711567471E+000 -0.805274459102251E+002
  0.298718191834492E-031  0.160981722374095E+003  0.256418736432567E+000  0.954565198500653E+000  0.310613140223888E+001  0.604342186230562E+000  0.529668711567471E+000 -0.799900858991349E+002
  0.339864613587504E-031  0.160602379697966E+003  0.268187317338758E+000  0.953980467090387E+000  0.299862462979555E+001  0.507396052329282E+000  0.529668711567471E+000 -0.798004145610703E+002
  0.299767010685695E-030  0.156248293114186E+003  0.254067086014685E+000  0.953790035336547E+000  0.310975000491867E+001  0.549418192719771E+000  0.529668711567471E+000 -0.776233712691804E+002
  0.707049795307723E-027  0.140466265163558E+003  0.256530483598669E+000  0.981187264792730E+000  0.308884363766041E+001  0.569793757186764E+000  0.529668711567471E+000 -0.697323572938667E+002
  0.830665761312997E-027  0.140022763107776E+003  0.246369741800992E+000  0.983888182833459E+000  0.313778413021940E+001  0.563347232739073E+000  0.529668711567471E+000 -0.695106062659757E+002
  0.185578979991165E-025  0.133809916619292E+003  0.264974775865607E+000  0.980585922235786E+000  0.304569320002220E+001  0.602128953770092E+000  0.529668711567471E+000 -0.664041830217337E+002
  0.522175824176585E-023  0.122280202362382E+003  0.262004766348134E+000  0.100651758634842E+001  0.304714990937995E+001  0.603824252480206E+000  0.529668711567471E+000 -0.606393258932787E+002
  0.268167691571191E-021  0.114402645709291E+003  0.258520212238253E+000  0.992620026430856E+000  0.302174565572383E+001  0.463186055539824E+000  0.529668711567471E+000 -0.567005475667331E+002
  0.132504566668002E-019  0.106351969830206E+003  0.255197449908851E+000  0.967916745339716E+000  0.305699558737956E+001  0.485692530779442E+000  0.529668711567471E+000 -0.526752096271906E+002
  0.353912994273395E-017  0.950555122270266E+002  0.258524136685490E+000  0.989943771624586E+000  0.305428309735335E+001  0.531337635666128E+000  0.529668711567471E+000 -0.470269808256008E+002
  0.733825278183334E-017  0.933615064444745E+002  0.258084755753321E+000  0.964834441269814E+000  0.309110865824026E+001  0.609737809961238E+000  0.529668711567471E+000 -0.461799779343247E+002
  0.277202538594056E-016  0.905890644995968E+002  0.261230536600600E+000  0.948122446767047E+000  0.304716895167972E+001  0.513110147577926E+000  0.529668711567471E+000 -0.447937569618859E+002
  0.645785603990596E-016  0.886751749472385E+002  0.258766724424643E+000  0.993126018065507E+000  0.302830188722741E+001  0.486146356152890E+000  0.529668711567471E+000 -0.438368121857068E+002
  0.129624656924500E-015  0.871735194116313E+002  0.251244718732266E+000  0.949980662921628E+000  0.309171476490326E+001  0.459915604928650E+000  0.529668711567471E+000 -0.430859844179032E+002
  0.523450868902853E-014  0.795660278846303E+002  0.252053909626261E+000  0.971911003416868E+000  0.312802227624185E+001  0.605094306302588E+000  0.529668711567471E+000 -0.392822386544027E+002
  0.188508806842933E-013  0.770034545951802E+002  0.255073081844739E+000  0.962226533229608E+000  0.308785950209910E+001  0.521067481782275E+000  0.529668711567471E+000 -0.380009520096776E+002
  0.203691592094952E-013  0.766378089238419E+002  0.252313227860824E+000  0.981713975276946E+000  0.306898401216414E+001  0.468136044734408E+000  0.529668711567471E+000 -0.378181291740085E+002
  0.255264807026059E-013  0.760838334974698E+002  0.263711109376100E+000  0.952889162741986E+000  0.300943556124876E+001  0.464809614395074E+000  0.529668711567471E+000 -0.375411414608224E+002
  0.187318927999276E-012  0.720976409190634E+002  0.253291549085955E+000  0.964201934421152E+000  0.309909592884479E+001  0.549854773812055E+000  0.529668711567471E+000 -0.355480451716192E+002
  0.508364571194974E-012  0.699927340994257E+002  0.258892801488304E+000  0.100655210386392E+001  0.306556329753567E+001  0.606555653098758E+000  0.529668711567471E+000 -0.344955917618003E+002
  0.841927397245314E-012  0.688756097889678E+002  0.250484218371878E+000  0.982755299817064E+000  0.312219585752327E+001  0.575179069466123E+000  0.529668711567471E+000 -0.339370296065714E+002
  0.197657680755014E-011  0.670606194296448E+002  0.264424537340955E+000  0.961707135772135E+000  0.301624379686631E+001  0.504721282741035E+000  0.529668711567471E+000 -0.330295344269099E+002
  0.349792830869874E-011  0.659190105935210E+002  0.255501705613416E+000  0.968074537854660E+000  0.310602698225704E+001  0.606559731730628E+000  0.529668711567471E+000 -0.324587300088480E+002
  0.413525627364101E-011  0.655842537499093E+002  0.258886939364881E+000  0.981504649660076E+000  0.303583987110385E+001  0.505736838858887E+000  0.529668711567471E+000 -0.322913515870422E+002
  0.605137919492261E-011  0.648227799320825E+002  0.252813312373767E+000  0.963963595664962E+000  0.308202512543474E+001  0.474162623284001E+000  0.529668711567471E+000 -0.319106146781287E+002
  0.659022371407130E-011  0.645231007232475E+002  0.253723835191456E+000  0.973995676188562E+000  0.308689400231082E+001  0.544328865589639E+000  0.529668711567471E+000 -0.317607750737113E+002
  0.835622653056517E-011  0.640482614076267E+002  0.256449320679051E+000  0.988906332073216E+000  0.305697784022081E+001  0.533057726748920E+000  0.529668711567471E+000 -0.315233554159008E+002
  0.927687930260853E-011  0.638392248977457E+002  0.264101374083993E+000  0.993475723013526E+000  0.303100628692351E+001  0.587642028708059E+000  0.529668711567471E+000 -0.314188371609604E+002
  0.270305965345923E-010  0.615521205110363E+002  0.251927476024613E+000  0.975230316707650E+000  0.307200805436775E+001  0.466743208632383E+000  0.529668711567471E+000 -0.302752849676057E+002
  0.273909926731506E-010  0.612394292329643E+002  0.254683669316163E+000  0.100723553792176E+001  0.308403309620459E+001  0.600425150620249E+000  0.529668711567471E+000 -0.301189393285697E+002
  0.256126945976326E-008  0.517750290590984E+002  0.255696887509461E+000  0.978811279211624E+000  0.304760821377251E+001  0.475784392037036E+000  0.529668711567471E+000 -0.253867392416367E+002
  0.528968264265364E-008  0.499808180775823E+002  0.260471768211278E+000  0.989156385781772E+000  0.306825581422209E+001  0.633667359854195E+000  0.529668711567471E+000 -0.244896337508787E+002
  0.694472083923086E-008  0.494363710229230E+002  0.263231437254279E+000  0.982262283803736E+000  0.304432146788081E+001  0.581583536286494E+000  0.529668711567471E+000 -0.242174102235490E+002
  0.396571317313278E-007  0.458374761561154E+002  0.258351792954871E+000  0.970317974136629E+000  0.307089023168595E+001  0.545378386504842E+000  0.529668711567471E+000 -0.224179627901452E+002
  0.142115806827003E-006  0.429596953626471E+002  0.254269867414276E+000  0.976966322701060E+000  0.305588953192424E+001  0.460853629378574E+000  0.529668711567471E+000 -0.209790723934110E+002
  0.161150548609630E-006  0.427083018699800E+002  0.257026146087977E+000  0.953483856162196E+000  0.304618982362364E+001  0.432143260397921E+000  0.529668711567471E+000 -0.208533756470775E+002
  0.244976127074617E-006  0.418706583646036E+002  0.262021518981546E+000  0.956698331872583E+000  0.303781976522744E+001  0.501142304885981E+000  0.529668711567471E+000 -0.204345538943893E+002
  0.272025382528494E-006  0.415468723073712E+002  0.257067014506328E+000  0.100380425692543E+001  0.308529143717725E+001  0.625567439498919E+000  0.529668711567471E+000 -0.202726608657731E+002
  0.637740824012607E-006  0.395177612707887E+002  0.263007864388914E+000  0.975754725864846E+000  0.304343983629324E+001  0.571412041367216E+000  0.529668711567471E+000 -0.192581053474818E+002
  0.644083512864218E-006  0.393953818276088E+002  0.261703489783850E+000  0.987300337606317E+000  0.304036074735669E+001  0.553103369824175E+000  0.529668711567471E+000 -0.191969156258919E+002
  0.928565143872486E-006  0.385611709536122E+002  0.254182082303874E+000  0.983054901780445E+000  0.307990780459288E+001  0.543710745080115E+000  0.529668711567471E+000 -0.187798101888936E+002
  0.113041017166996E-005  0.380651937829286E+002  0.256179357782454E+000  0.100116658742732E+001  0.308267994164143E+001  0.599707160406678E+000  0.529668711567471E+000 -0.185318216035518E+002
  0.164365938376752E-005  0.372139181200774E+002  0.252635911748938E+000  0.986983688006571E+000  0.310235586203060E+001  0.582806571129384E+000  0.529668711567471E+000 -0.181061837721262E+002
  0.199470856417991E-005  0.367241857935534E+002  0.259899209199263E+000  0.992803851647459E+000  0.308012128962512E+001  0.642353374991653E+000  0.529668711567471E+000 -0.178613176088642E+002
  0.438677823941918E-005  0.350454049750366E+002  0.255258829612926E+000  0.983982959432060E+000  0.308986352210893E+001  0.569254731258081E+000  0.529668711567471E+000 -0.170219271996058E+002
  0.538438747975312E-005  0.344354210837632E+002  0.254367840670717E+000  0.973417953433437E+000  0.310572179535809E+001  0.590898179146985E+000  0.529668711567471E+000 -0.167169352539691E+002
  0.902345586005218E-005  0.333051930849485E+002  0.255409575238266E+000  0.975649675820891E+000  0.307846373191017E+001  0.527016952505572E+000  0.529668711567471E+000 -0.161518212545618E+002
  0.107469691943290E-004  0.329556003136088E+002  0.258192493987053E+000  0.978704923388974E+000  0.304355700128768E+001  0.505861451496046E+000  0.529668711567471E+000 -0.159770248688919E+002
  0.181900284308580E-004  0.319031007613858E+002  0.253690949712049E+000  0.959906232119745E+000  0.305602491524635E+001  0.427448665769537E+000  0.529668711567471E+000 -0.154507750927804E+002
  0.413139538603294E-004  0.302624472548897E+002  0.258498596754208E+000  0.979071597533909E+000  0.303278001802069E+001  0.477791554666961E+000  0.529668711567471E+000 -0.146304483395324E+002
  0.470555702775776E-004  0.300021893731900E+002  0.254487984543892E+000  0.975983678305318E+000  0.308121353138278E+001  0.521583445429392E+000  0.529668711567471E+000 -0.145003193986825E+002
  0.479408317402193E-004  0.299649127155031E+002  0.258535333266488E+000  0.100329160795842E+001  0.306929773955169E+001  0.614599557995904E+000  0.529668711567471E+000 -0.144816810698391E+002
  0.539541738996770E-004  0.297285777628606E+002  0.262220216589580E+000  0.951810356875519E+000  0.300623225266505E+001  0.410299351803560E+000  0.529668711567471E+000 -0.143635135935178E+002
  0.140920914728860E-003  0.275413873980349E+002  0.261242313319362E+000  0.976992020071306E+000  0.305506518665026E+001  0.579571341108997E+000  0.529668711567471E+000 -0.132699184111049E+002
  0.161538640357282E-003  0.272682963407360E+002  0.258267978575266E+000  0.967266295402500E+000  0.307291368144643E+001  0.551680493414080E+000  0.529668711567471E+000 -0.131333728824555E+002
  0.189636257908723E-003  0.269475694767143E+002  0.259572726514000E+000  0.986229483168750E+000  0.303947649457536E+001  0.519751465797418E+000  0.529668711567471E+000 -0.129730094504447E+002
  0.263762331674000E-003  0.262876882094633E+002  0.264528294103512E+000  0.946555675150711E+000  0.297194289733468E+001  0.359584999934182E+000  0.529668711567471E+000 -0.126430688168192E+002
  0.386870878866300E-003  0.252133017454932E+002  0.260799051968053E+000  0.983485878223837E+000  0.306732867923594E+001  0.614597805569391E+000  0.529668711567471E+000 -0.121058755848341E+002
  0.711676081585124E-003  0.238460220506187E+002  0.258097355726238E+000  0.989387826618767E+000  0.307658202806032E+001  0.612911207994815E+000  0.529668711567471E+000 -0.114222357373968E+002
  0.102925635896100E-002  0.231080841054637E+002  0.255012208546503E+000  0.958138523921793E+000  0.304807455761621E+001  0.421142950376222E+000  0.529668711567471E+000 -0.110532667648194E+002
  0.408824021653817E-002  0.195385977839213E+002  0.257984115831550E+000  0.989336461289553E+000  0.308383982502805E+001  0.629661326134735E+000  0.529668711567471E+000 -0.926852360404814E+001
  0.475478473195639E-002  0.190140728927409E+002  0.259347855857694E+000  0.988911712852880E+000  0.306681368850256E+001  0.589797442051474E+000  0.529668711567471E+000 -0.900626115845795E+001
  0.864497341997233E-002  0.175101182901291E+002  0.254319638452033E+000  0.968447220151961E+000  0.306990834244410E+001  0.487808883435601E+000  0.529668711567471E+000 -0.825428385715205E+001
  0.105389567251967E-001  0.170163369392557E+002  0.257299160556157E+000  0.989889576112949E+000  0.306882424238675E+001  0.563078699588314E+000  0.529668711567471E+000 -0.800739318171536E+001
  0.120150574869207E-001  0.166565924149409E+002  0.256929726961255E+000  0.956172979473397E+000  0.302299450674927E+001  0.387773324742595E+000  0.529668711567471E+000 -0.782752091955794E+001
  0.123971525915814E-001  0.164963997610862E+002  0.255702280516126E+000  0.982145285441295E+000  0.306569602727407E+001  0.517354121284686E+000  0.529668711567471E+000 -0.774742459263060E+001
  0.123878118951454E-001  0.164003269106996E+002  0.261388226383083E+000  0.951063969051068E+000  0.301239169892429E+001  0.425958746541366E+000  0.529668711567471E+000 -0.769938816743733E+001
  0.171294066429159E-001  0.156545793909489E+002  0.262207263013875E+000  0.960667966592142E+000  0.300315375859597E+001  0.424724136270546E+000  0.529668711567471E+000 -0.732651440756194E+001
  0.219968727994058E-001  0.150567918135851E+002  0.262415294415853E+000  0.959074154041559E+000  0.301095724621192E+001  0.446307816932389E+000  0.529668711567471E+000 -0.702762061888004E+001
  0.311138137111291E-001  0.141726682668299E+002  0.258618935893317E+000  0.947364737523968E+000  0.301101135067449E+001  0.376046597363651E+000  0.529668711567471E+000 -0.658555884550245E+001
  0.410891725267122E-001  0.135234427290074E+002  0.260729489758337E+000  0.953535098724708E+000  0.300829501534362E+001  0.398916994056737E+000  0.529668711567471E+000 -0.626094607659121E+001
  0.412284762910087E-001  0.135166736388171E+002  0.257726179552627E+000  0.957687165930005E+000  0.304147304035142E+001  0.455491699836162E+000  0.529668711567471E+000 -0.625756153149606E+001
  0.461420286210268E-001  0.130119596966532E+002  0.259486706815471E+000  0.969029958187989E+000  0.302269551625179E+001  0.447062526637177E+000  0.529668711567471E+000 -0.600520456041412E+001
  0.485107311043023E-001  0.126561713237796E+002  0.256962437658536E+000  0.986016329825436E+000  0.307462121764276E+001  0.565473906269478E+000  0.529668711567471E+000 -0.582731037397732E+001
  0.541085247287821E-001  0.123561139074743E+002  0.260556505550221E+000  0.950961032742654E+000  0.301588819293323E+001  0.411807259780623E+000  0.529668711567471E+000 -0.567728166582468E+001
  0.555334065291695E-001  0.122224838941697E+002  0.258003241807129E+000  0.969117068267441E+000  0.304584671859174E+001  0.476573482914053E+000  0.529668711567471E+000 -0.561046665917237E+001
  0.665811622321547E-001  0.117779660470215E+002  0.259658255801285E+000  0.978254692496939E+000  0.304041547218631E+001  0.513495853787964E+000  0.529668711567471E+000 -0.538820773559828E+001
  0.740448174096678E-001  0.114838243332226E+002  0.256654662464378E+000  0.973109964641315E+000  0.305652986233487E+001  0.490888227937501E+000  0.529668711567471E+000 -0.524113687869883E+001
  0.850078308035702E-001  0.111260346865849E+002  0.255814662835943E+000  0.988457159755910E+000  0.308000965251109E+001  0.575138416777574E+000  0.529668711567471E+000 -0.506224205537994E+001
  0.874580072791738E-001  0.109875599335254E+002  0.260607162604023E+000  0.973461317761006E+000  0.303253214199868E+001  0.495481266706175E+000  0.529668711567471E+000 -0.499300467885019E+001
  0.803118511377256E-001  0.109224769932511E+002  0.256285177338592E+000  0.960581750109126E+000  0.305947589013195E+001  0.474582189729864E+000  0.529668711567471E+000 -0.496046320871308E+001
  0.901463256334333E-001  0.106159623480531E+002  0.262119818904654E+000  0.946200696743367E+000  0.299465351834054E+001  0.379325550120413E+000  0.529668711567471E+000 -0.480720588611405E+001
  0.124043268851622E+000  0.990208917881438E+001  0.260884805742509E+000  0.954218123696504E+000  0.299978284498964E+001  0.385651872790739E+000  0.529668711567471E+000 -0.445026930149470E+001
  0.204689497678965E+000  0.886982675786420E+001  0.256749363647013E+000  0.961817369630804E+000  0.306218877051859E+001  0.495405981499396E+000  0.529668711567471E+000 -0.443491337893210E+001
  0.241467670087450E+000  0.841026690074373E+001  0.255548115807680E+000  0.972040031445133E+000  0.306754005685399E+001  0.502166786785954E+000  0.529668711567471E+000 -0.420513345037187E+001
  0.252884506825749E+000  0.818879526469937E+001  0.256629472033729E+000  0.981691255715842E+000  0.307229466728804E+001  0.547010779926217E+000  0.529668711567471E+000 -0.409439763234968E+001
  0.277640796287790E+000  0.800200468713198E+001  0.260223861964608E+000  0.967996469574485E+000  0.303829275998152E+001  0.492931920405908E+000  0.529668711567471E+000 -0.400100234356599E+001
  0.271236442884601E+000  0.778161641202131E+001  0.259679106208459E+000  0.980766051804473E+000  0.304865803425225E+001  0.538694910199353E+000  0.529668711567471E+000 -0.389080820601066E+001
  0.318099934563670E+000  0.721254078693639E+001  0.258144379367599E+000  0.981997091375302E+000  0.305448074895288E+001  0.528734678182358E+000  0.529668711567471E+000 -0.360627039346819E+001
  0.322143726646667E+000  0.706602712538834E+001  0.260596137647964E+000  0.964991167705271E+000  0.303207899120534E+001  0.484099549465915E+000  0.529668711567471E+000 -0.353301356269417E+001
  0.383611628689477E+000  0.648119534373494E+001  0.257387483007677E+000  0.978716077735927E+000  0.306525947547305E+001  0.535708942953125E+000  0.529668711567471E+000 -0.324059767186747E+001
  0.356297001850078E+000  0.640647607206466E+001  0.256238204270444E+000  0.968469433090219E+000  0.306620058260129E+001  0.510260754280803E+000  0.529668711567471E+000 -0.320323803603233E+001
  0.343488373593162E+000  0.637156441692158E+001  0.259494056687305E+000  0.973220635333051E+000  0.304107435060918E+001  0.504789155419216E+000  0.529668711567471E+000 -0.318578220846079E+001
  0.358104526209164E+000  0.607750008113184E+001  0.258317263223471E+000  0.974561769291173E+000  0.305374347421072E+001  0.513244972092239E+000  0.529668711567471E+000 -0.303875004056592E+001
  0.346816576981201E+000  0.603897123804035E+001  0.255408893384768E+000  0.975290829701355E+000  0.308017872093805E+001  0.541573085738726E+000  0.529668711567471E+000 -0.301948561902018E+001
  0.347510744302665E+000  0.593238556968726E+001  0.257891061209136E+000  0.971207909453116E+000  0.304807652980076E+001  0.495234770507528E+000  0.529668711567471E+000 -0.296619278484363E+001
  0.390796228069517E+000  0.531549372632070E+001  0.259072318025803E+000  0.967959307877919E+000  0.305273760257280E+001  0.518882902499444E+000  0.529668711567471E+000 -0.265774686316035E+001
  0.391305219172264E+000  0.531289052860817E+001  0.259699651270228E+000  0.970041196643330E+000  0.304228282318634E+001  0.499117077959100E+000  0.529668711567471E+000 -0.265644526430409E+001
  0.400378797359580E+000  0.526704407814562E+001  0.256306846350559E+000  0.972052497702907E+000  0.307260356927174E+001  0.533695067915955E+000  0.529668711567471E+000 -0.263352203907281E+001
  0.396627916182459E+000  0.518828872985162E+001  0.256349534816376E+000  0.976812755373380E+000  0.306581807720087E+001  0.524881858345614E+000  0.529668711567471E+000 -0.259414436492581E+001
  0.401839067068249E+000  0.516218257901128E+001  0.259529567517651E+000  0.973141834164955E+000  0.305438066599866E+001  0.536824486535191E+000  0.529668711567471E+000 -0.258109128950564E+001
  0.393533525055541E+000  0.510136682317482E+001  0.257473001712019E+000  0.979973792120239E+000  0.307962149324460E+001  0.584013568103118E+000  0.529668711567471E+000 -0.255068341158741E+001
  0.380756601234751E+000  0.506479209888624E+001  0.259442958076001E+000  0.978648452929253E+000  0.305484737362933E+001  0.545072905410533E+000  0.529668711567471E+000 -0.253239604944312E+001
  0.387269038546914E+000  0.492828688518293E+001  0.259351541886608E+000  0.971458469480319E+000  0.303559824259468E+001  0.482263579926677E+000  0.529668711567471E+000 -0.246414344259147E+001
  0.376320782997252E+000  0.488305572761596E+001  0.258092038905270E+000  0.968899117960441E+000  0.304655788323996E+001  0.481743697485594E+000  0.529668711567471E+000 -0.244152786380798E+001
  0.399630070237780E+000  0.456269407279853E+001  0.257569433252811E+000  0.979732663806971E+000  0.306331279222429E+001  0.544254611865121E+000  0.529668711567471E+000 -0.228134703639926E+001
  0.457208170583788E+000  0.419591472867836E+001  0.257483118959659E+000  0.972671686999263E+000  0.306743768716130E+001  0.534872966201876E+000  0.529668711567471E+000 -0.209795736433918E+001
  0.453068786514412E+000  0.411652408456641E+001  0.260345223618043E+000  0.964946394569158E+000  0.303119494778872E+001  0.474596543154039E+000  0.529668711567471E+000 -0.205826204228321E+001
  0.454623919162360E+000  0.410967095394265E+001  0.256593024578550E+000  0.976294604816942E+000  0.307249241389844E+001  0.546245676987698E+000  0.529668711567471E+000 -0.205483547697132E+001
  0.443938379539085E+000  0.395707355262613E+001  0.257386240073557E+000  0.966040183488593E+000  0.304901945153665E+001  0.480154096694729E+000  0.529668711567471E+000 -0.197853677631307E+001
  0.431965826241784E+000  0.356546502756885E+001  0.258672656394093E+000  0.972131362109132E+000  0.305656838694035E+001  0.524447242200013E+000  0.529668711567471E+000 -0.178273251378442E+001
  0.435070701955208E+000  0.355114088373149E+001  0.258609327899387E+000  0.983632947074743E+000  0.306484647098398E+001  0.568297052947254E+000  0.529668711567471E+000 -0.177557044186574E+001
  0.474342858160557E+000  0.329317797777568E+001  0.257796745261223E+000  0.980515233405803E+000  0.305919213268666E+001  0.533637961241507E+000  0.529668711567471E+000 -0.164658898888784E+001
  0.472859608768572E+000  0.321432245983896E+001  0.256283653969895E+000  0.974965808620713E+000  0.307532831780981E+001  0.542478912984491E+000  0.529668711567471E+000 -0.160716122991948E+001
  0.453869414560100E+000  0.321118125236367E+001  0.258516878426082E+000  0.977540502017081E+000  0.306584735460827E+001  0.558805439592562E+000  0.529668711567471E+000 -0.160559062618184E+001
  0.446159612289797E+000  0.316032754443047E+001  0.257356873327083E+000  0.971032303098478E+000  0.304983563148980E+001  0.488241929604631E+000  0.529668711567471E+000 -0.158016377221524E+001
  0.435390749918877E+000  0.312407403465521E+001  0.257896040218394E+000  0.982830257885110E+000  0.306995772057052E+001  0.566817169123630E+000  0.529668711567471E+000 -0.156203701732761E+001
  0.437888602219637E+000  0.302751352253687E+001  0.258476275685336E+000  0.972569251993793E+000  0.305523470493347E+001  0.524609092312753E+000  0.529668711567471E+000 -0.151375676126844E+001
  0.434038625322840E+000  0.296005632693225E+001  0.256972753257435E+000  0.967126306839851E+000  0.306108479641615E+001  0.504609509427261E+000  0.529668711567471E+000 -0.148002816346613E+001
  0.418079718342783E+000  0.294985989909483E+001  0.257071007124345E+000  0.975137414308277E+000  0.307350070510069E+001  0.551772714247461E+000  0.529668711567471E+000 -0.147492994954742E+001
  0.419744180730975E+000  0.294191329084080E+001  0.258187850326579E+000  0.967208202637551E+000  0.304152135677389E+001  0.469057083676318E+000  0.529668711567471E+000 -0.147095664542040E+001
  0.415844396427425E+000  0.287167834363548E+001  0.259290134429567E+000  0.963799977786386E+000  0.304270811334120E+001  0.485231633105592E+000  0.529668711567471E+000 -0.143583917181774E+001
  0.398161661224616E+000  0.286968089138033E+001  0.259628173005025E+000  0.968668101055696E+000  0.304318631055730E+001  0.502408477659871E+000  0.529668711567471E+000 -0.143484044569016E+001
  0.385901672019377E+000  0.284332837720349E+001  0.259384527206574E+000  0.972293252605336E+000  0.304212796283289E+001  0.500469461429998E+000  0.529668711567471E+000 -0.142166418860175E+001
  0.388641120001472E+000  0.282918088563391E+001  0.258428860115428E+000  0.968625827358980E+000  0.304620869127175E+001  0.486706136556479E+000  0.529668711567471E+000 -0.141459044281695E+001
  0.408624755235197E+000  0.272889904773358E+001  0.259380217296454E+000  0.972465775038371E+000  0.304850178353559E+001  0.516852861559564E+000  0.529668711567471E+000 -0.136444952386679E+001
  0.391191088731520E+000  0.271852093432069E+001  0.257123235502430E+000  0.974594170165225E+000  0.307161063936726E+001  0.547587253237788E+000  0.529668711567471E+000 -0.135926046716035E+001
  0.388726490645089E+000  0.245163739186058E+001  0.257083447816286E+000  0.964146837192875E+000  0.305439852071851E+001  0.483235368551298E+000  0.529668711567471E+000 -0.122581869593029E+001
  0.384971744994580E+000  0.238214595765848E+001  0.258008612485755E+000  0.982317770936602E+000  0.306364824578018E+001  0.552863563623492E+000  0.529668711567471E+000 -0.119107297882924E+001
  0.373444557282187E+000  0.235404321137141E+001  0.258316855747692E+000  0.977684481957958E+000  0.306361870789822E+001  0.548065785252983E+000  0.529668711567471E+000 -0.117702160568571E+001
  0.359060670457628E+000  0.234369604591777E+001  0.257084627818415E+000  0.976187185097669E+000  0.307006501340516E+001  0.546770198851902E+000  0.529668711567471E+000 -0.117184802295888E+001
  0.347435508578587E+000  0.232061714425927E+001  0.258204847857074E+000  0.979660194722115E+000  0.306370947308044E+001  0.554064385539080E+000  0.529668711567471E+000 -0.116030857212963E+001
  0.336082886052260E+000  0.229815611259037E+001  0.257647706016402E+000  0.966653428962942E+000  0.305300810121388E+001  0.489410448122611E+000  0.529668711567471E+000 -0.114907805629519E+001
  0.336122242385661E+000  0.212389916620894E+001  0.258669393521259E+000  0.971987151412109E+000  0.304825902972295E+001  0.502546565172352E+000  0.529668711567471E+000 -0.106194958310447E+001
  0.336936321678958E+000  0.211906107494172E+001  0.256654084030501E+000  0.981407065053544E+000  0.307410483600673E+001  0.558706944878849E+000  0.529668711567471E+000 -0.105953053747086E+001
  0.324115000578768E+000  0.210774867616335E+001  0.257218291112738E+000  0.980142104393065E+000  0.307631936413669E+001  0.570997595887219E+000  0.529668711567471E+000 -0.105387433808167E+001
  0.337367058176963E+000  0.193869887473946E+001  0.258720818855626E+000  0.976688253567602E+000  0.305500206488040E+001  0.532927629880568E+000  0.529668711567471E+000 -0.969349437369732E+000
  0.337638034499665E+000  0.193709310115228E+001  0.259188950979486E+000  0.965464358401407E+000  0.303765761875466E+001  0.476787080619466E+000  0.529668711567471E+000 -0.968546550576138E+000
  0.306178766884896E+000  0.186564087776656E+001  0.257451388379270E+000  0.966540352145641E+000  0.305666416301505E+001  0.499625757494983E+000  0.529668711567471E+000 -0.932820438883281E+000
  0.313431205873716E+000  0.181881935753370E+001  0.257008905951468E+000  0.973388864406062E+000  0.305769369990748E+001  0.505147107892862E+000  0.529668711567471E+000 -0.909409678766848E+000
  0.302215378641317E+000  0.180279575138701E+001  0.257365700759056E+000  0.967819439871588E+000  0.305964963206866E+001  0.506272194800951E+000  0.529668711567471E+000 -0.901397875693504E+000
  0.279929051338883E+000  0.178198050642829E+001  0.257990715859161E+000  0.968383908573637E+000  0.305408118944245E+001  0.500862716494131E+000  0.529668711567471E+000 -0.890990253214143E+000
  0.271666046261520E+000  0.167514257278105E+001  0.257826057924518E+000  0.968356263313799E+000  0.304937737578518E+001  0.490848307871899E+000  0.529668711567471E+000 -0.837571286390523E+000
  0.278435875598777E+000  0.154427009816212E+001  0.257389477713672E+000  0.975187406244384E+000  0.306728586527320E+001  0.541921614148955E+000  0.529668711567471E+000 -0.772135049081058E+000
  0.260302371276488E+000  0.151887240665006E+001  0.258324591929809E+000  0.962115209852462E+000  0.304573246767322E+001  0.476190189226820E+000  0.529668711567471E+000 -0.759436203325028E+000
  0.252727132477038E+000  0.149949806594895E+001  0.258239936656774E+000  0.967198368567709E+000  0.305178106429636E+001  0.501174394122483E+000  0.529668711567471E+000 -0.749749032974477E+000
  0.247860953984478E+000  0.145994155849339E+001  0.257528680176103E+000  0.973075806471309E+000  0.305330082357291E+001  0.502183012102769E+000  0.529668711567471E+000 -0.729970779246697E+000
  0.248784123677246E+000  0.145250630303607E+001  0.258202058872389E+000  0.966534998119957E+000  0.304853888455034E+001  0.486742845595427E+000  0.529668711567471E+000 -0.726253151518035E+000
  0.249020490681960E+000  0.145060702757209E+001  0.257304057310430E+000  0.979930002220846E+000  0.306718830231796E+001  0.548189296649816E+000  0.529668711567471E+000 -0.725303513786044E+000
  0.252170444097950E+000  0.142546694882588E+001  0.258211284290484E+000  0.967889555655848E+000  0.304445400037248E+001  0.482920019856168E+000  0.529668711567471E+000 -0.712733474412938E+000
  0.254379384169298E+000  0.140802381529693E+001  0.258771616427125E+000  0.965516298806408E+000  0.304739321753257E+001  0.493461680290019E+000  0.529668711567471E+000 -0.704011907648463E+000
  0.256868006593042E+000  0.138855267764483E+001  0.257117309270643E+000  0.969848312052767E+000  0.306228120856295E+001  0.513082615663916E+000  0.529668711567471E+000 -0.694276338822416E+000
  0.262699921942578E+000  0.134365259840830E+001  0.258096301794682E+000  0.972281012987688E+000  0.305354552254647E+001  0.512509931140398E+000  0.529668711567471E+000 -0.671826299204148E+000
  0.264352895539029E+000  0.133110752541926E+001  0.258360468747156E+000  0.964106129192572E+000  0.304828827052634E+001  0.486657245034640E+000  0.529668711567471E+000 -0.665553762709631E+000
  0.284864122953227E+000  0.118165278749257E+001  0.257596234711722E+000  0.981187263401996E+000  0.306799927917251E+001  0.556563242974663E+000  0.529668711567471E+000 -0.590826393746288E+000
  0.289763591741440E+000  0.114754661825677E+001  0.258604664575855E+000  0.970960830693603E+000  0.304900150587253E+001  0.502369481922244E+000  0.529668711567471E+000 -0.573773309128386E+000
  0.293444974748752E+000  0.112229711326008E+001  0.258488128274856E+000  0.965981254151069E+000  0.304560248362904E+001  0.487056335631471E+000  0.529668711567471E+000 -0.561148556630040E+000
  0.297246277560021E+000  0.109655537238932E+001  0.258668122051697E+000  0.968973316809656E+000  0.304474737573102E+001  0.492387151564763E+000  0.529668711567471E+000 -0.548277686194659E+000
  0.305792361785647E+000  0.103986476677510E+001  0.258162254863171E+000  0.978187903530685E+000  0.306223242971933E+001  0.544143604473339E+000  0.529668711567471E+000 -0.519932383387549E+000
  0.309633673885714E+000  0.101489759435730E+001  0.257853640256673E+000  0.973498581398494E+000  0.306287955683376E+001  0.533768525218027E+000  0.529668711567471E+000 -0.507448797178648E+000
  0.315976550563664E+000  0.974341390007927E+000  0.257569901547139E+000  0.975654139209310E+000  0.305842807150553E+001  0.521108285239107E+000  0.529668711567471E+000 -0.487170695003964E+000
  0.324213872101104E+000  0.922870603320266E+000  0.258546599051565E+000  0.968032997722625E+000  0.305002562892883E+001  0.499803329795551E+000  0.529668711567471E+000 -0.461435301660133E+000
  0.338178529242762E+000  0.838529499392550E+000  0.258339269223901E+000  0.970271622129146E+000  0.304595800709635E+001  0.491386450119842E+000  0.529668711567471E+000 -0.419264749696275E+000
  0.346775436048928E+000  0.788322573342640E+000  0.258109246638384E+000  0.969277181697308E+000  0.304839693175613E+001  0.493470573485232E+000  0.529668711567471E+000 -0.394161286671320E+000
  0.351358740456622E+000  0.762061889303365E+000  0.257452053193940E+000  0.975813954286556E+000  0.306296377467241E+001  0.532108553837208E+000  0.529668711567471E+000 -0.381030944651683E+000
  0.370245248215094E+000  0.657346159370241E+000  0.257750134132617E+000  0.975804661543262E+000  0.306043601949562E+001  0.530075322741803E+000  0.529668711567471E+000 -0.328673079685121E+000
  0.385342947526952E+000  0.577409976355922E+000  0.257783590882536E+000  0.969023771743751E+000  0.305251974152008E+001  0.495512554247633E+000  0.529668711567471E+000 -0.288704988177961E+000
  0.394302999458397E+000  0.531438101718658E+000  0.257735374354209E+000  0.971960208358852E+000  0.305928293150797E+001  0.517881410255153E+000  0.529668711567471E+000 -0.265719050859329E+000
  0.399664305297128E+000  0.504427481531798E+000  0.257332289410214E+000  0.976034786684782E+000  0.306566845490608E+001  0.536843222997589E+000  0.529668711567471E+000 -0.252213740765899E+000
  0.412124708130182E+000  0.443025411151513E+000  0.257708586606809E+000  0.976538339535325E+000  0.306388587334436E+001  0.538370941888727E+000  0.529668711567471E+000 -0.221512705575757E+000
  0.418455170121316E+000  0.412537869895643E+000  0.258375795866762E+000  0.972005618615558E+000  0.305460278888225E+001  0.517068866658972E+000  0.529668711567471E+000 -0.206268934947822E+000
