  0.311765537844881E-303  0.141387147436061E+004  0.271353624097963E+000  0.109974934304010E+001  0.295305919669623E+001  0.720444791911282E+000  0.529668711567471E+000 -0.705068347729578E+003
  0.108567145728511E-301  0.140670935584696E+004  0.248790629601018E+000  0.107574236846845E+001  0.316236173220220E+001  0.777446639080533E+000  0.529668711567471E+000 -0.701487288472753E+003
  0.138970764703818E-296  0.138312817210183E+004  0.254409344202663E+000  0.899350384389838E+000  0.306714625406565E+001  0.317325058852810E+000  0.529668711567471E+000 -0.689696696600189E+003
  0.119971763755985E-293  0.136954513257069E+004  0.227195008244560E+000  0.952704970088491E+000  0.315686160871361E+001  0.253953742835033E+000  0.529668711567471E+000 -0.682905176834616E+003
  0.285202372241273E-292  0.136314653388084E+004  0.234148756821023E+000  0.103281933106341E+001  0.329130417065529E+001  0.780124183161236E+000  0.529668711567471E+000 -0.679705877489694E+003
  0.290091004466631E-287  0.134002514828170E+004  0.232739202801612E+000  0.100516495075461E+001  0.314673110684222E+001  0.361269314747640E+000  0.529668711567471E+000 -0.668145184690121E+003
  0.136049930719206E-285  0.133226761004491E+004  0.284397859014118E+000  0.106563147184161E+001  0.289449674029208E+001  0.678914653501959E+000  0.529668711567471E+000 -0.664266415571726E+003
  0.741112996317212E-273  0.127355376219706E+004  0.249044116902950E+000  0.103064054679893E+001  0.299759335837894E+001  0.311960266911575E+000  0.529668711567471E+000 -0.634909491647803E+003
  0.943337188771353E-273  0.127300967751238E+004  0.255792913949005E+000  0.105928533745080E+001  0.308040765179142E+001  0.786585406055625E+000  0.529668711567471E+000 -0.634637449305465E+003
  0.770110713812193E-244  0.113980397780202E+004  0.273289075079848E+000  0.937884532383224E+000  0.293046469012829E+001  0.304847277397847E+000  0.529668711567471E+000 -0.568034599450285E+003
  0.255621613732002E-235  0.110050157482878E+004  0.249084423186925E+000  0.101174977023455E+001  0.305713921347752E+001  0.494941500802278E+000  0.529668711567471E+000 -0.548383397963660E+003
  0.886694615033079E-220  0.102887487401436E+004  0.229451277812884E+000  0.983463443669501E+000  0.319511932010285E+001  0.418866680361753E+000  0.529668711567471E+000 -0.512570047556453E+003
  0.269011368288192E-216  0.101277814393972E+004  0.276880091448655E+000  0.100860015653394E+001  0.299709316086203E+001  0.684633718679441E+000  0.529668711567471E+000 -0.504521682519132E+003
  0.274388511884471E-211  0.989651166915121E+003  0.237202540271567E+000  0.905288922389793E+000  0.313890129758243E+001  0.330132332839090E+000  0.529668711567471E+000 -0.492958194006833E+003
  0.107455996966613E-206  0.968438699858725E+003  0.276625897985738E+000  0.984943766872330E+000  0.299686925330261E+001  0.746189738680001E+000  0.529668711567471E+000 -0.482351960478635E+003
  0.299234070575307E-205  0.961723696998133E+003  0.275588606704063E+000  0.829003240541952E+000  0.291038322464184E+001  0.199053119234206E+000  0.529668711567471E+000 -0.478994459048339E+003
  0.478312829376940E-189  0.887041352982327E+003  0.245719776206238E+000  0.943279819568974E+000  0.318795454298863E+001  0.571431582777459E+000  0.529668711567471E+000 -0.441653287040436E+003
  0.108090558728699E-188  0.885349230660349E+003  0.251381021440413E+000  0.914764181422523E+000  0.295069986240025E+001  0.141004204250024E+000  0.529668711567471E+000 -0.440807225879447E+003
  0.267829667670591E-183  0.860447072758000E+003  0.274363906710057E+000  0.100805330094116E+001  0.285071896346405E+001  0.296953575150743E+000  0.529668711567471E+000 -0.428356146928273E+003
  0.984357635699973E-176  0.825546061994997E+003  0.258811677025712E+000  0.977563451986549E+000  0.290541531120540E+001  0.147059472552260E+000  0.529668711567471E+000 -0.410905641546771E+003
  0.129588826723222E-174  0.820329423736265E+003  0.279210733721324E+000  0.917166749169876E+000  0.297505444020579E+001  0.525794307343960E+000  0.529668711567471E+000 -0.408297322417405E+003
  0.353913791473505E-173  0.813653336653105E+003  0.271063838816554E+000  0.947742124730588E+000  0.285020278960183E+001  0.208795589929040E+000  0.529668711567471E+000 -0.404959278875825E+003
  0.195285549297296E-169  0.796360293619326E+003  0.275632977449765E+000  0.101908576113565E+001  0.299328686110022E+001  0.783794761192998E+000  0.529668711567471E+000 -0.396312757358936E+003
  0.137007026116385E-167  0.787797271195572E+003  0.242311266020658E+000  0.909556659193211E+000  0.298343558913353E+001  0.523303500204103E-001  0.529668711567471E+000 -0.392031246147058E+003
  0.205972420074729E-165  0.777709967372942E+003  0.256541297608275E+000  0.987416192404493E+000  0.298649918440529E+001  0.388352766113349E+000  0.529668711567471E+000 -0.386987594235743E+003
  0.659587709964815E-157  0.738479317205184E+003  0.277966248316362E+000  0.950272792404594E+000  0.277433316819645E+001  0.455876832090737E-001  0.529668711567471E+000 -0.367372269151864E+003
  0.123978363942430E-151  0.714129768555739E+003  0.271918430336190E+000  0.951448823213279E+000  0.279316894680864E+001  0.138823629407317E-001  0.529668711567471E+000 -0.355197494827142E+003
  0.106609291256608E-147  0.695949417290665E+003  0.264806355082987E+000  0.905992957578773E+000  0.286305395494791E+001  0.841077330502503E-002  0.529668711567471E+000 -0.346107319194605E+003
  0.436104518413652E-143  0.674649770693753E+003  0.262304695354990E+000  0.845905017013347E+000  0.295350596738844E+001  0.174538816736850E+000  0.529668711567471E+000 -0.335457495896149E+003
  0.439106797924946E-143  0.674574505930037E+003  0.267215700613873E+000  0.980923324030501E+000  0.285003278336972E+001  0.181443578774711E+000  0.529668711567471E+000 -0.335419863514291E+003
  0.220071523668458E-140  0.662079032170426E+003  0.255021286879462E+000  0.985534386130776E+000  0.312415729681421E+001  0.620588106390932E+000  0.529668711567471E+000 -0.329172126634486E+003
  0.259627082999375E-135  0.638661050514809E+003  0.287034723861884E+000  0.880317391457160E+000  0.282872643585460E+001  0.201783761152166E+000  0.529668711567471E+000 -0.317463135806677E+003
  0.123224502508162E-133  0.630879643605404E+003  0.251480899933587E+000  0.944712012137305E+000  0.307425966480870E+001  0.370961324779123E+000  0.529668711567471E+000 -0.313572432351975E+003
  0.209858366448586E-130  0.615937739845358E+003  0.246550408931442E+000  0.898209998336218E+000  0.310026445957766E+001  0.321464981044229E+000  0.529668711567471E+000 -0.306101480471951E+003
  0.168479600826746E-127  0.602499922327206E+003  0.254458393788713E+000  0.101717431694036E+001  0.300138043175055E+001  0.387373581327572E+000  0.529668711567471E+000 -0.299382571712875E+003
  0.186518309749109E-125  0.593024609176411E+003  0.268548772071708E+000  0.873689219005481E+000  0.291436541766043E+001  0.142340620410015E+000  0.529668711567471E+000 -0.294644915137478E+003
  0.510009577673214E-125  0.590951265668218E+003  0.237685886690224E+000  0.983118670961063E+000  0.318534685782962E+001  0.554741174479568E+000  0.529668711567471E+000 -0.293608243383381E+003
  0.181994070603937E-119  0.565319612030649E+003  0.265281061641259E+000  0.898690832239151E+000  0.286225971526005E+001  0.684991497231529E-002  0.529668711567471E+000 -0.280792416564597E+003
  0.215120973077218E-119  0.564923615857476E+003  0.245205108744075E+000  0.894768323902625E+000  0.307571145406119E+001  0.249143686533889E+000  0.529668711567471E+000 -0.280594418478011E+003
  0.301810712543009E-116  0.550369362970496E+003  0.256221976041389E+000  0.104430610413741E+001  0.303588840157702E+001  0.555704989373091E+000  0.529668711567471E+000 -0.273317292034520E+003
  0.269573452116919E-113  0.536718227371987E+003  0.240533748007375E+000  0.942599136059339E+000  0.307712915717644E+001  0.253391034024814E+000  0.529668711567471E+000 -0.266491724235266E+003
  0.649014216998924E-113  0.534899456615336E+003  0.257064824184599E+000  0.907010427623948E+000  0.293455057864384E+001  0.892630626673506E-001  0.529668711567471E+000 -0.265582338856941E+003
  0.832099192771284E-109  0.515920238487402E+003  0.265163231687805E+000  0.980535171188829E+000  0.303973966302243E+001  0.557857269477269E+000  0.529668711567471E+000 -0.256092729792974E+003
  0.862083803650472E-108  0.511182723323772E+003  0.261725015081803E+000  0.950590744305503E+000  0.309071741840846E+001  0.673544555413718E+000  0.529668711567471E+000 -0.253723972211158E+003
  0.252859357987293E-105  0.499758707546623E+003  0.263506474376423E+000  0.960424028064764E+000  0.284129310838952E+001  0.748123044012492E-001  0.529668711567471E+000 -0.248011964322584E+003
  0.232859734983296E-104  0.495256788364026E+003  0.239399008832574E+000  0.937681598958662E+000  0.315986276663345E+001  0.423964425361186E+000  0.529668711567471E+000 -0.245761004731285E+003
  0.776102645598325E-104  0.492787548026337E+003  0.266487632250114E+000  0.984964728581770E+000  0.306102656763367E+001  0.656511554980207E+000  0.529668711567471E+000 -0.244526384562441E+003
  0.239257490196119E-103  0.490474323422742E+003  0.264970827163544E+000  0.999464214143201E+000  0.303292359871431E+001  0.666144881432078E+000  0.529668711567471E+000 -0.243369772260644E+003
  0.187891307792237E-100  0.477080622929909E+003  0.271134256465202E+000  0.905833482974404E+000  0.290328150155601E+001  0.190115850115182E+000  0.529668711567471E+000 -0.236672922014227E+003
  0.112086370206927E-098  0.468841927058463E+003  0.271210802307566E+000  0.841357435353888E+000  0.283584834960808E+001  0.248462656439627E-002  0.529668711567471E+000 -0.232553574078504E+003
  0.414533430321853E-098  0.466164615967483E+003  0.285044780810488E+000  0.920079011429203E+000  0.282211712443016E+001  0.235941428608760E+000  0.529668711567471E+000 -0.231214918533014E+003
  0.537413032709336E-097  0.460978675816535E+003  0.254818214885344E+000  0.885277732638356E+000  0.296250519241452E+001  0.105307823943129E+000  0.529668711567471E+000 -0.228621948457540E+003
  0.595947054315280E-097  0.460710362737646E+003  0.256068205749237E+000  0.978829569081834E+000  0.294063921495626E+001  0.223381143174602E+000  0.529668711567471E+000 -0.228487791918096E+003
  0.193363654565048E-093  0.444479297059451E+003  0.270240829750825E+000  0.854888857215715E+000  0.291478489301123E+001  0.169972146424132E+000  0.529668711567471E+000 -0.220372259078998E+003
  0.806967175549379E-092  0.436955162843629E+003  0.261347776528149E+000  0.947671411054693E+000  0.286330406550893E+001  0.574205010363725E-001  0.529668711567471E+000 -0.216610191971087E+003
  0.143091114179461E-088  0.421846861271650E+003  0.262867189023484E+000  0.951539679292904E+000  0.291783546794864E+001  0.188532707250933E+000  0.529668711567471E+000 -0.210292803812247E+003
  0.155247365821276E-084  0.403263104199933E+003  0.279332285130188E+000  0.931417232607224E+000  0.279983679993187E+001  0.104678082835444E+000  0.529668711567471E+000 -0.201000925276388E+003
  0.815255796910551E-076  0.362658491265597E+003  0.268187143202215E+000  0.867941043914882E+000  0.290027527360591E+001  0.155196833466368E+000  0.529668711567471E+000 -0.180698618809220E+003
  0.410487147801333E-075  0.359214914659251E+003  0.282885479094182E+000  0.880135620477113E+000  0.279185039789326E+001  0.558403292704201E-001  0.529668711567471E+000 -0.178976830506047E+003
  0.139753314005612E-062  0.301291912798468E+003  0.265919286449517E+000  0.868459700934125E+000  0.288266503948861E+001  0.888538956689688E-001  0.529668711567471E+000 -0.150015329575655E+003
  0.585519420920563E-057  0.274825456670177E+003  0.263073165033249E+000  0.908064140582319E+000  0.292860057224318E+001  0.158583122311515E+000  0.529668711567471E+000 -0.136782101511510E+003
  0.737159889456053E-057  0.274364845744752E+003  0.275698357835996E+000  0.858384915287667E+000  0.283999189366699E+001  0.716789208072514E-001  0.529668711567471E+000 -0.136551796048797E+003
  0.378832775804503E-056  0.271091095422925E+003  0.281208051311922E+000  0.922488139631936E+000  0.274712274346425E+001  0.163906252228380E-002  0.529668711567471E+000 -0.134914920887884E+003
  0.246051385276091E-053  0.257927972804782E+003  0.275677678295590E+000  0.907328268839328E+000  0.280546244049796E+001  0.827754512856023E-001  0.529668711567471E+000 -0.128333359578813E+003
  0.208122690277332E-048  0.234786623712799E+003  0.264409331413112E+000  0.868289390259353E+000  0.290075317908635E+001  0.800164926441364E-001  0.529668711567471E+000 -0.117393311856399E+003
  0.288542203760810E-043  0.210167338325950E+003  0.272202464689239E+000  0.933031315238321E+000  0.280870858327275E+001  0.626564078783353E-001  0.529668711567471E+000 -0.105083669162975E+003
  0.957558384116895E-039  0.188844938060116E+003  0.271695230585527E+000  0.904954226952849E+000  0.283128394171696E+001  0.889667119990665E-001  0.529668711567471E+000 -0.944224690300580E+002
  0.264998641058846E-038  0.186809091867891E+003  0.282408237403588E+000  0.895589842951381E+000  0.276448894142826E+001  0.205910002741730E-001  0.529668711567471E+000 -0.934045459339456E+002
  0.933338893172851E-037  0.179685834348793E+003  0.259083282036662E+000  0.915572796077582E+000  0.293797435383013E+001  0.148316973675086E+000  0.529668711567471E+000 -0.898429171743964E+002
  0.100374850732578E-032  0.160811395417758E+003  0.278272493578419E+000  0.880529483351110E+000  0.280929464917176E+001  0.592807773862242E-001  0.529668711567471E+000 -0.804056977088791E+002
  0.183811120765991E-031  0.154420867031597E+003  0.277308249761371E+000  0.889710693084719E+000  0.281508416000561E+001  0.856183765068454E-001  0.529668711567471E+000 -0.772104335157986E+002
  0.246235189227275E-029  0.144625769819280E+003  0.274432511307295E+000  0.921337151275958E+000  0.283415056290604E+001  0.136368619333284E+000  0.529668711567471E+000 -0.723128849096399E+002
  0.369459137483553E-029  0.143814263794037E+003  0.268407742068423E+000  0.921976114828915E+000  0.284227456250096E+001  0.886453610699261E-001  0.529668711567471E+000 -0.719071318970183E+002
  0.187641657212141E-026  0.131353765396679E+003  0.259099428260297E+000  0.917396836197101E+000  0.293149679764737E+001  0.142306750177203E+000  0.529668711567471E+000 -0.656768826983397E+002
  0.578331883216820E-018  0.914502460305342E+002  0.274376653100224E+000  0.895851798315418E+000  0.280268238989293E+001  0.265755828952185E-001  0.529668711567471E+000 -0.457251230152671E+002
  0.111806658757915E-014  0.756433743689478E+002  0.260093284750704E+000  0.929391836662332E+000  0.292962289064039E+001  0.182561241461692E+000  0.529668711567471E+000 -0.378216871844739E+002
  0.163490746349411E-013  0.699699322773354E+002  0.268117402283817E+000  0.888866451396387E+000  0.286792844460694E+001  0.886745393568992E-001  0.529668711567471E+000 -0.349849661386677E+002
  0.165928052533070E-013  0.699403365084478E+002  0.266717507044899E+000  0.918905649465871E+000  0.286870671957802E+001  0.113747480510949E+000  0.529668711567471E+000 -0.349701682542239E+002
  0.555823792769848E-013  0.675225424112195E+002  0.266124626855957E+000  0.903026556412014E+000  0.291106238527426E+001  0.169618458442917E+000  0.529668711567471E+000 -0.337612712056097E+002
  0.201218168094770E-011  0.603443252226665E+002  0.270409828870965E+000  0.897685870279015E+000  0.285667350056052E+001  0.100241079443157E+000  0.529668711567471E+000 -0.301721626113333E+002
  0.171386408104703E-010  0.560600930948460E+002  0.267146799199955E+000  0.909756728173136E+000  0.287537218740586E+001  0.125301237595418E+000  0.529668711567471E+000 -0.280300465474230E+002
  0.913257531678166E-010  0.527138986768262E+002  0.265885673301441E+000  0.911538059250294E+000  0.287979502468258E+001  0.120025311576347E+000  0.529668711567471E+000 -0.263569493384131E+002
