  0.809969195585555E-303  0.141412989782357E+004  0.271353624097963E+000  0.109974934304010E+001  0.295305919669623E+001  0.720444791911282E+000  0.529668711567471E+000 -0.705068347729578E+003
  0.282058255381980E-301  0.140696777930992E+004  0.248790629601018E+000  0.107574236846845E+001  0.316236173220220E+001  0.777446639080533E+000  0.529668711567471E+000 -0.701487288472753E+003
  0.361047084533973E-296  0.138338659556479E+004  0.254409344202663E+000  0.899350384389838E+000  0.306714625406565E+001  0.317325058852810E+000  0.529668711567471E+000 -0.689696696600189E+003
  0.311687538187029E-293  0.136980355603365E+004  0.227195008244560E+000  0.952704970088491E+000  0.315686160871361E+001  0.253953742835033E+000  0.529668711567471E+000 -0.682905176834616E+003
  0.740957892973701E-292  0.136340495734380E+004  0.234148756821023E+000  0.103281933106341E+001  0.329130417065529E+001  0.780124183161236E+000  0.529668711567471E+000 -0.679705877489694E+003
  0.753658596003479E-287  0.134028357174466E+004  0.232739202801612E+000  0.100516495075461E+001  0.314673110684222E+001  0.361269314747640E+000  0.529668711567471E+000 -0.668145184690121E+003
  0.353458736029208E-285  0.133252603350787E+004  0.284397859014118E+000  0.106563147184161E+001  0.289449674029208E+001  0.678914653501959E+000  0.529668711567471E+000 -0.664266415571726E+003
  0.192541709906282E-272  0.127381218566002E+004  0.249044116902950E+000  0.103064054679893E+001  0.299759335837894E+001  0.311960266911575E+000  0.529668711567471E+000 -0.634909491647803E+003
  0.245079706126891E-272  0.127326810097534E+004  0.255792913949005E+000  0.105928533745080E+001  0.308040765179142E+001  0.786585406055625E+000  0.529668711567471E+000 -0.634637449305465E+003
  0.200075338566969E-243  0.114006240126499E+004  0.273289075079848E+000  0.937884532383224E+000  0.293046469012829E+001  0.304847277397847E+000  0.529668711567471E+000 -0.568034599450285E+003
  0.664106861457555E-235  0.110075999829174E+004  0.249084423186925E+000  0.101174977023455E+001  0.305713921347752E+001  0.494941500802278E+000  0.529668711567471E+000 -0.548383397963660E+003
  0.230363923168995E-219  0.102913329747732E+004  0.229451277812884E+000  0.983463443669501E+000  0.319511932010285E+001  0.418866680361753E+000  0.529668711567471E+000 -0.512570047556453E+003
  0.698893543789204E-216  0.101303656740268E+004  0.276880091448655E+000  0.100860015653394E+001  0.299709316086203E+001  0.684633718679441E+000  0.529668711567471E+000 -0.504521682519132E+003
  0.712863403008877E-211  0.989909590378081E+003  0.237202540271567E+000  0.905288922389793E+000  0.313890129758243E+001  0.330132332839090E+000  0.529668711567471E+000 -0.492958194006833E+003
  0.279171482600496E-206  0.968697123321685E+003  0.276625897985738E+000  0.984943766872330E+000  0.299686925330261E+001  0.746189738680001E+000  0.529668711567471E+000 -0.482351960478635E+003
  0.777412350034267E-205  0.961982120461093E+003  0.275588606704063E+000  0.829003240541952E+000  0.291038322464184E+001  0.199053119234206E+000  0.529668711567471E+000 -0.478994459048339E+003
  0.124266030276076E-188  0.887299776445287E+003  0.245719776206238E+000  0.943279819568974E+000  0.318795454298863E+001  0.571431582777459E+000  0.529668711567471E+000 -0.441653287040436E+003
  0.280820078797285E-188  0.885607654123309E+003  0.251381021440413E+000  0.914764181422523E+000  0.295069986240025E+001  0.141004204250024E+000  0.529668711567471E+000 -0.440807225879447E+003
  0.695823476759779E-183  0.860705496220960E+003  0.274363906710057E+000  0.100805330094116E+001  0.285071896346405E+001  0.296953575150743E+000  0.529668711567471E+000 -0.428356146928273E+003
  0.255736848872997E-175  0.825804485457958E+003  0.258811677025712E+000  0.977563451986549E+000  0.290541531120540E+001  0.147059472552260E+000  0.529668711567471E+000 -0.410905641546771E+003
  0.336672739596106E-174  0.820587847199225E+003  0.279210733721324E+000  0.917166749169876E+000  0.297505444020579E+001  0.525794307343960E+000  0.529668711567471E+000 -0.408297322417405E+003
  0.919470673275812E-173  0.813911760116065E+003  0.271063838816554E+000  0.947742124730588E+000  0.285020278960183E+001  0.208795589929040E+000  0.529668711567471E+000 -0.404959278875825E+003
  0.507353315466553E-169  0.796618717082286E+003  0.275632977449765E+000  0.101908576113565E+001  0.299328686110022E+001  0.783794761192998E+000  0.529668711567471E+000 -0.396312757358936E+003
  0.355945277018647E-167  0.788055694658532E+003  0.242311266020658E+000  0.909556659193211E+000  0.298343558913353E+001  0.523303500204103E-001  0.529668711567471E+000 -0.392031246147058E+003
  0.535117885555891E-165  0.777968390835902E+003  0.256541297608275E+000  0.987416192404493E+000  0.298649918440529E+001  0.388352766113349E+000  0.529668711567471E+000 -0.386987594235743E+003
  0.171361379628868E-156  0.738737740668144E+003  0.277966248316362E+000  0.950272792404594E+000  0.277433316819645E+001  0.455876832090737E-001  0.529668711567471E+000 -0.367372269151864E+003
  0.322096715392662E-151  0.714388192018699E+003  0.271918430336190E+000  0.951448823213279E+000  0.279316894680864E+001  0.138823629407317E-001  0.529668711567471E+000 -0.355197494827142E+003
  0.276971734842690E-147  0.696207840753626E+003  0.264806355082987E+000  0.905992957578773E+000  0.286305395494791E+001  0.841077330502503E-002  0.529668711567471E+000 -0.346107319194605E+003
  0.113300279566660E-142  0.674908194156713E+003  0.262304695354990E+000  0.845905017013347E+000  0.295350596738844E+001  0.174538816736850E+000  0.529668711567471E+000 -0.335457495896149E+003
  0.114080274025796E-142  0.674832929392997E+003  0.267215700613873E+000  0.980923324030501E+000  0.285003278336972E+001  0.181443578774711E+000  0.529668711567471E+000 -0.335419863514291E+003
  0.571747461984483E-140  0.662337455633386E+003  0.255021286879462E+000  0.985534386130776E+000  0.312415729681421E+001  0.620588106390932E+000  0.529668711567471E+000 -0.329172126634486E+003
  0.674513100527028E-135  0.638919473977769E+003  0.287034723861884E+000  0.880317391457160E+000  0.282872643585460E+001  0.201783761152166E+000  0.529668711567471E+000 -0.317463135806677E+003
  0.320138177756599E-133  0.631138067068364E+003  0.251480899933587E+000  0.944712012137305E+000  0.307425966480870E+001  0.370961324779123E+000  0.529668711567471E+000 -0.313572432351975E+003
  0.545213603255413E-130  0.616196163308318E+003  0.246550408931442E+000  0.898209998336218E+000  0.310026445957766E+001  0.321464981044229E+000  0.529668711567471E+000 -0.306101480471951E+003
  0.437711261153308E-127  0.602758345790166E+003  0.254458393788713E+000  0.101717431694036E+001  0.300138043175055E+001  0.387373581327572E+000  0.529668711567471E+000 -0.299382571712875E+003
  0.484575961646632E-125  0.593283032639371E+003  0.268548772071708E+000  0.873689219005481E+000  0.291436541766043E+001  0.142340620410015E+000  0.529668711567471E+000 -0.294644915137478E+003
  0.132500869154575E-124  0.591209689131178E+003  0.237685886690224E+000  0.983118670961063E+000  0.318534685782962E+001  0.554741174479568E+000  0.529668711567471E+000 -0.293608243383381E+003
  0.472821954560493E-119  0.565578035493609E+003  0.265281061641259E+000  0.898690832239151E+000  0.286225971526005E+001  0.684991497231529E-002  0.529668711567471E+000 -0.280792416564597E+003
  0.558885894577736E-119  0.565182039320436E+003  0.245205108744075E+000  0.894768323902625E+000  0.307571145406119E+001  0.249143686533889E+000  0.529668711567471E+000 -0.280594418478011E+003
  0.784106485108715E-116  0.550627786433456E+003  0.256221976041389E+000  0.104430610413741E+001  0.303588840157702E+001  0.555704989373091E+000  0.529668711567471E+000 -0.273317292034520E+003
  0.700353841773877E-113  0.536976650834947E+003  0.240533748007375E+000  0.942599136059339E+000  0.307712915717644E+001  0.253391034024814E+000  0.529668711567471E+000 -0.266491724235266E+003
  0.168614378260037E-112  0.535157880078296E+003  0.257064824184599E+000  0.907010427623948E+000  0.293455057864384E+001  0.892630626673506E-001  0.529668711567471E+000 -0.265582338856941E+003
  0.216179991693534E-108  0.516178661950363E+003  0.265163231687805E+000  0.980535171188829E+000  0.303973966302243E+001  0.557857269477269E+000  0.529668711567471E+000 -0.256092729792974E+003
  0.223970015992456E-107  0.511441146786732E+003  0.261725015081803E+000  0.950590744305503E+000  0.309071741840846E+001  0.673544555413718E+000  0.529668711567471E+000 -0.253723972211158E+003
  0.656930500404318E-105  0.500017131009583E+003  0.263506474376423E+000  0.960424028064764E+000  0.284129310838952E+001  0.748123044012492E-001  0.529668711567471E+000 -0.248011964322584E+003
  0.604971330482776E-104  0.495515211826986E+003  0.239399008832574E+000  0.937681598958662E+000  0.315986276663345E+001  0.423964425361186E+000  0.529668711567471E+000 -0.245761004731285E+003
  0.201632046919792E-103  0.493045971489297E+003  0.266487632250114E+000  0.984964728581770E+000  0.306102656763367E+001  0.656511554980207E+000  0.529668711567471E+000 -0.244526384562441E+003
  0.621592746304135E-103  0.490732746885702E+003  0.264970827163544E+000  0.999464214143201E+000  0.303292359871431E+001  0.666144881432078E+000  0.529668711567471E+000 -0.243369772260644E+003
  0.488143020816254E-100  0.477339046392869E+003  0.271134256465202E+000  0.905833482974404E+000  0.290328150155601E+001  0.190115850115182E+000  0.529668711567471E+000 -0.236672922014227E+003
  0.291201226858452E-098  0.469100350521423E+003  0.271210802307566E+000  0.841357435353888E+000  0.283584834960808E+001  0.248462656439627E-002  0.529668711567471E+000 -0.232553574078504E+003
  0.107696094771125E-097  0.466423039430443E+003  0.285044780810488E+000  0.920079011429203E+000  0.282211712443016E+001  0.235941428608760E+000  0.529668711567471E+000 -0.231214918533014E+003
  0.139620307237863E-096  0.461237099279495E+003  0.254818214885344E+000  0.885277732638356E+000  0.296250519241452E+001  0.105307823943129E+000  0.529668711567471E+000 -0.228621948457540E+003
  0.154827489764286E-096  0.460968786200606E+003  0.256068205749237E+000  0.978829569081834E+000  0.294063921495626E+001  0.223381143174602E+000  0.529668711567471E+000 -0.228487791918096E+003
  0.502360218599497E-093  0.444737720522411E+003  0.270240829750825E+000  0.854888857215715E+000  0.291478489301123E+001  0.169972146424132E+000  0.529668711567471E+000 -0.220372259078998E+003
  0.209650674850708E-091  0.437213586306589E+003  0.261347776528149E+000  0.947671411054693E+000  0.286330406550893E+001  0.574205010363725E-001  0.529668711567471E+000 -0.216610191971087E+003
  0.371751783242491E-088  0.422105284734610E+003  0.262867189023484E+000  0.951539679292904E+000  0.291783546794864E+001  0.188532707250933E+000  0.529668711567471E+000 -0.210292803812247E+003
  0.403333815790784E-084  0.403521527662893E+003  0.279332285130188E+000  0.931417232607224E+000  0.279983679993187E+001  0.104678082835444E+000  0.529668711567471E+000 -0.201000925276388E+003
  0.211804064870276E-075  0.362916914728557E+003  0.268187143202215E+000  0.867941043914882E+000  0.290027527360591E+001  0.155196833466368E+000  0.529668711567471E+000 -0.180698618809220E+003
  0.106644867550531E-074  0.359473338122211E+003  0.282885479094182E+000  0.880135620477113E+000  0.279185039789326E+001  0.558403292704201E-001  0.529668711567471E+000 -0.178976830506047E+003
  0.363080153464132E-062  0.301550336261428E+003  0.265919286449517E+000  0.868459700934125E+000  0.288266503948861E+001  0.888538956689688E-001  0.529668711567471E+000 -0.150015329575655E+003
  0.152118382820984E-056  0.275083880133137E+003  0.263073165033249E+000  0.908064140582319E+000  0.292860057224318E+001  0.158583122311515E+000  0.529668711567471E+000 -0.136782101511510E+003
  0.191514689791585E-056  0.274623269207712E+003  0.275698357835996E+000  0.858384915287667E+000  0.283999189366699E+001  0.716789208072514E-001  0.529668711567471E+000 -0.136551796048797E+003
  0.984210380662736E-056  0.271349518885885E+003  0.281208051311922E+000  0.922488139631936E+000  0.274712274346425E+001  0.163906252228380E-002  0.529668711567471E+000 -0.134914920887884E+003
  0.639243336458685E-053  0.258186396267742E+003  0.275677678295590E+000  0.907328268839328E+000  0.280546244049796E+001  0.827754512856023E-001  0.529668711567471E+000 -0.128333359578813E+003
  0.146086740616275E-046  0.228193627333956E+003  0.275927514094377E+000  0.922748611642139E+000  0.286234006024919E+001  0.200107049029615E+000  0.529668711567471E+000 -0.114096813666978E+003
  0.216289267690608E-040  0.199413130794597E+003  0.265200568211521E+000  0.927237653845649E+000  0.289689975711319E+001  0.188769903623106E+000  0.529668711567471E+000 -0.997065653972983E+002
  0.889959983453885E-038  0.187009027738472E+003  0.271795893848305E+000  0.954872054965646E+000  0.289407526651136E+001  0.286545259714237E+000  0.529668711567471E+000 -0.935045138692362E+002
  0.993958209027843E-037  0.182182820226010E+003  0.275899687273532E+000  0.928940567345743E+000  0.285114788143736E+001  0.195699634946602E+000  0.529668711567471E+000 -0.910914101130050E+002
  0.258957336421369E-035  0.175662543531338E+003  0.272106170085318E+000  0.904289073141089E+000  0.289273702240575E+001  0.226148380170205E+000  0.529668711567471E+000 -0.878312717656689E+002
  0.768572812351990E-035  0.172911435425099E+003  0.258685593291914E+000  0.911089781013792E+000  0.295743337786724E+001  0.217694686356635E+000  0.529668711567471E+000 -0.864557177125494E+002
  0.695391463069529E-034  0.168506385961803E+003  0.258578015670722E+000  0.898040783251069E+000  0.298189182735166E+001  0.247049936744854E+000  0.529668711567471E+000 -0.842531929809015E+002
  0.105258357335734E-022  0.114514931931326E+003  0.270937898564776E+000  0.930601533438397E+000  0.287552325158646E+001  0.187648938478498E+000  0.529668711567471E+000 -0.572574659656631E+002
  0.514102583633345E-020  0.102132581658210E+003  0.264800035414800E+000  0.906723684916184E+000  0.296356429062872E+001  0.291136428369057E+000  0.529668711567471E+000 -0.510662908291051E+002
  0.572261632678002E-016  0.831329108766779E+002  0.252726632366032E+000  0.961517303755572E+000  0.303752694975774E+001  0.374115515313892E+000  0.529668711567471E+000 -0.415664554383390E+002
  0.773402983433594E-010  0.535131874993688E+002  0.267211824164358E+000  0.916361653522498E+000  0.293121566656142E+001  0.258462458685202E+000  0.529668711567471E+000 -0.267565937496844E+002
  0.165801746578989E-009  0.517773112017125E+002  0.257275107603226E+000  0.929839749087036E+000  0.298696948813962E+001  0.264376904131724E+000  0.529668711567471E+000 -0.258886556008562E+002
  0.345358832884995E-009  0.500990077805407E+002  0.259483972653143E+000  0.916306719462484E+000  0.298783227236216E+001  0.286406581131607E+000  0.529668711567471E+000 -0.250495038902703E+002
  0.119847795619352E-008  0.476105604024413E+002  0.258483051482399E+000  0.948577198872993E+000  0.297870709545119E+001  0.294020997521583E+000  0.529668711567471E+000 -0.238052802012206E+002
  0.564065229083748E-008  0.442770996684626E+002  0.263587783836796E+000  0.958311791596109E+000  0.297642783776815E+001  0.369097854272312E+000  0.529668711567471E+000 -0.221385498342313E+002
  0.604117558005439E-008  0.439043357726673E+002  0.258048134075762E+000  0.930828308447268E+000  0.301927588840946E+001  0.364404767546596E+000  0.529668711567471E+000 -0.219521678863336E+002
  0.194236484983762E-007  0.415685503866824E+002  0.261735956642785E+000  0.924390630048702E+000  0.293649073634281E+001  0.213646759134952E+000  0.529668711567471E+000 -0.207842751933412E+002
  0.362467813587278E-007  0.400537690638444E+002  0.265540950700901E+000  0.916329892070512E+000  0.290614895411760E+001  0.172775614390872E+000  0.529668711567471E+000 -0.200268845319222E+002
  0.380742393548200E-007  0.399553943962882E+002  0.260869414298651E+000  0.918519413520398E+000  0.293868227042499E+001  0.196687601053085E+000  0.529668711567471E+000 -0.199776971981441E+002
  0.813065346093656E-006  0.338328472727200E+002  0.265242958519029E+000  0.931707838298921E+000  0.294987320071508E+001  0.299377770063749E+000  0.529668711567471E+000 -0.169164236363600E+002
  0.259139732992561E-005  0.315145652006847E+002  0.258960521789764E+000  0.937480601946254E+000  0.297829627683124E+001  0.279717321459599E+000  0.529668711567471E+000 -0.157572826003424E+002
  0.193902790021198E-004  0.274894159641480E+002  0.265102952755894E+000  0.922679794019964E+000  0.294202228042857E+001  0.260143320155740E+000  0.529668711567471E+000 -0.137447079820740E+002
  0.744918510241250E-004  0.247975802060365E+002  0.263585324046763E+000  0.925863527221008E+000  0.294472280266355E+001  0.256313662664329E+000  0.529668711567471E+000 -0.123987901030183E+002
  0.593159352843229E-004  0.244422734780132E+002  0.258760682504790E+000  0.936655973300987E+000  0.298229124687199E+001  0.292404608445571E+000  0.529668711567471E+000 -0.122211367390066E+002
  0.693350880245623E-002  0.135334925335577E+002  0.261027475195062E+000  0.932987312195163E+000  0.297290270598259E+001  0.294588460847732E+000  0.529668711567471E+000 -0.676674626677886E+001
  0.178144190113889E-001  0.995161245191692E+001  0.259500083780701E+000  0.939381519606651E+000  0.300633412086100E+001  0.361436436310287E+000  0.529668711567471E+000 -0.497580622595846E+001
  0.220822662268095E-001  0.952207911786264E+001  0.260672269559944E+000  0.941243070611569E+000  0.299319010728285E+001  0.351262660676146E+000  0.529668711567471E+000 -0.476103955893132E+001
  0.261037576475128E-001  0.882282716045667E+001  0.258052374889401E+000  0.945587521064004E+000  0.301490276743701E+001  0.369878683648497E+000  0.529668711567471E+000 -0.441141358022833E+001
  0.392429567753620E-001  0.800744174490141E+001  0.260329187103060E+000  0.941041312465568E+000  0.299443898758212E+001  0.344336029097823E+000  0.529668711567471E+000 -0.400372087245071E+001
  0.338828738572881E-001  0.785487922653451E+001  0.259992485147813E+000  0.940229088459096E+000  0.299581180638161E+001  0.342902444293944E+000  0.529668711567471E+000 -0.392743961326726E+001
  0.453450619053288E-001  0.727209604388601E+001  0.260360974133065E+000  0.942031743002168E+000  0.299409876246991E+001  0.346075800543050E+000  0.529668711567471E+000 -0.363604802194301E+001
  0.606334074822125E-001  0.669100656857514E+001  0.260856806831113E+000  0.944024226785031E+000  0.299723166234563E+001  0.363228428929138E+000  0.529668711567471E+000 -0.334550328428757E+001
  0.683003739290105E-001  0.645286812536947E+001  0.260423503248655E+000  0.942807903784843E+000  0.300225932460987E+001  0.368978329984074E+000  0.529668711567471E+000 -0.322643406268473E+001
