  0.172617440659144E-302  0.141249835701382E+004  0.271353624097963E+000  0.109974934304010E+001  0.295305919669623E+001  0.720444791911282E+000  0.529668711567471E+000 -0.705068347729578E+003
  0.601111430239300E-301  0.140533623850017E+004  0.248790629601018E+000  0.107574236846845E+001  0.316236173220220E+001  0.777446639080533E+000  0.529668711567471E+000 -0.701487288472753E+003
  0.769449307817833E-296  0.138175505475504E+004  0.254409344202663E+000  0.899350384389838E+000  0.306714625406565E+001  0.317325058852810E+000  0.529668711567471E+000 -0.689696696600189E+003
  0.664256189252880E-293  0.136817201522390E+004  0.227195008244560E+000  0.952704970088491E+000  0.315686160871361E+001  0.253953742835033E+000  0.529668711567471E+000 -0.682905176834616E+003
  0.157910024008811E-291  0.136177341653405E+004  0.234148756821023E+000  0.103281933106341E+001  0.329130417065529E+001  0.780124183161236E+000  0.529668711567471E+000 -0.679705877489694E+003
  0.160616747750289E-286  0.133865203093491E+004  0.232739202801612E+000  0.100516495075461E+001  0.314673110684222E+001  0.361269314747640E+000  0.529668711567471E+000 -0.668145184690121E+003
  0.753277318748764E-285  0.133089449269811E+004  0.284397859014118E+000  0.106563147184161E+001  0.289449674029208E+001  0.678914653501959E+000  0.529668711567471E+000 -0.664266415571726E+003
  0.410337298817029E-272  0.127218064485027E+004  0.249044116902950E+000  0.103064054679893E+001  0.299759335837894E+001  0.311960266911575E+000  0.529668711567471E+000 -0.634909491647803E+003
  0.522304204402927E-272  0.127163656016559E+004  0.255792913949005E+000  0.105928533745080E+001  0.308040765179142E+001  0.786585406055625E+000  0.529668711567471E+000 -0.634637449305465E+003
  0.426392671112318E-243  0.113843086045523E+004  0.273289075079848E+000  0.937884532383224E+000  0.293046469012829E+001  0.304847277397847E+000  0.529668711567471E+000 -0.568034599450285E+003
  0.141531835252194E-234  0.109912845748198E+004  0.249084423186925E+000  0.101174977023455E+001  0.305713921347752E+001  0.494941500802278E+000  0.529668711567471E+000 -0.548383397963660E+003
  0.490942508114602E-219  0.102750175666757E+004  0.229451277812884E+000  0.983463443669501E+000  0.319511932010285E+001  0.418866680361753E+000  0.529668711567471E+000 -0.512570047556453E+003
  0.148945435801267E-215  0.101140502659293E+004  0.276880091448655E+000  0.100860015653394E+001  0.299709316086203E+001  0.684633718679441E+000  0.529668711567471E+000 -0.504521682519132E+003
  0.151922637104738E-210  0.988278049568329E+003  0.237202540271567E+000  0.905288922389793E+000  0.313890129758243E+001  0.330132332839090E+000  0.529668711567471E+000 -0.492958194006833E+003
  0.594959253934075E-206  0.967065582511933E+003  0.276625897985738E+000  0.984943766872330E+000  0.299686925330261E+001  0.746189738680001E+000  0.529668711567471E+000 -0.482351960478635E+003
  0.165679054130842E-204  0.960350579651341E+003  0.275588606704063E+000  0.829003240541952E+000  0.291038322464184E+001  0.199053119234206E+000  0.529668711567471E+000 -0.478994459048339E+003
  0.264830863001177E-188  0.885668235635535E+003  0.245719776206238E+000  0.943279819568974E+000  0.318795454298863E+001  0.571431582777459E+000  0.529668711567471E+000 -0.441653287040436E+003
  0.598472677132436E-188  0.883976113313557E+003  0.251381021440413E+000  0.914764181422523E+000  0.295069986240025E+001  0.141004204250024E+000  0.529668711567471E+000 -0.440807225879447E+003
  0.148291155223479E-182  0.859073955411208E+003  0.274363906710057E+000  0.100805330094116E+001  0.285071896346405E+001  0.296953575150743E+000  0.529668711567471E+000 -0.428356146928273E+003
  0.545016286733966E-175  0.824172944648206E+003  0.258811677025712E+000  0.977563451986549E+000  0.290541531120540E+001  0.147059472552260E+000  0.529668711567471E+000 -0.410905641546771E+003
  0.717503665145831E-174  0.818956306389473E+003  0.279210733721324E+000  0.917166749169876E+000  0.297505444020579E+001  0.525794307343960E+000  0.529668711567471E+000 -0.408297322417405E+003
  0.195953963739668E-172  0.812280219306313E+003  0.271063838816554E+000  0.947742124730588E+000  0.285020278960183E+001  0.208795589929040E+000  0.529668711567471E+000 -0.404959278875825E+003
  0.108125137725089E-168  0.794987176272534E+003  0.275632977449765E+000  0.101908576113565E+001  0.299328686110022E+001  0.783794761192998E+000  0.529668711567471E+000 -0.396312757358936E+003
  0.758576536842820E-167  0.786424153848780E+003  0.242311266020658E+000  0.909556659193211E+000  0.298343558913353E+001  0.523303500204103E-001  0.529668711567471E+000 -0.392031246147058E+003
  0.114042213406422E-164  0.776336850026150E+003  0.256541297608275E+000  0.987416192404493E+000  0.298649918440529E+001  0.388352766113349E+000  0.529668711567471E+000 -0.386987594235743E+003
  0.365198614225971E-156  0.737106199858392E+003  0.277966248316362E+000  0.950272792404594E+000  0.277433316819645E+001  0.455876832090737E-001  0.529668711567471E+000 -0.367372269151864E+003
  0.686439817203212E-151  0.712756651208947E+003  0.271918430336190E+000  0.951448823213279E+000  0.279316894680864E+001  0.138823629407317E-001  0.529668711567471E+000 -0.355197494827142E+003
  0.590271238264867E-147  0.694576299943874E+003  0.264806355082987E+000  0.905992957578773E+000  0.286305395494791E+001  0.841077330502503E-002  0.529668711567471E+000 -0.346107319194605E+003
  0.241461087549415E-142  0.673276653346961E+003  0.262304695354990E+000  0.845905017013347E+000  0.295350596738844E+001  0.174538816736850E+000  0.529668711567471E+000 -0.335457495896149E+003
  0.243123380979837E-142  0.673201388583245E+003  0.267215700613873E+000  0.980923324030501E+000  0.285003278336972E+001  0.181443578774711E+000  0.529668711567471E+000 -0.335419863514291E+003
  0.121848564277526E-139  0.660705914823635E+003  0.255021286879462E+000  0.985534386130776E+000  0.312415729681421E+001  0.620588106390932E+000  0.529668711567471E+000 -0.329172126634486E+003
  0.143749571883253E-134  0.637287933168017E+003  0.287034723861884E+000  0.880317391457160E+000  0.282872643585460E+001  0.201783761152166E+000  0.529668711567471E+000 -0.317463135806677E+003
  0.682265859032773E-133  0.629506526258613E+003  0.251480899933587E+000  0.944712012137305E+000  0.307425966480870E+001  0.370961324779123E+000  0.529668711567471E+000 -0.313572432351975E+003
  0.116193772947707E-129  0.614564622498566E+003  0.246550408931442E+000  0.898209998336218E+000  0.310026445957766E+001  0.321464981044229E+000  0.529668711567471E+000 -0.306101480471951E+003
  0.932832977596732E-127  0.601126804980414E+003  0.254458393788713E+000  0.101717431694036E+001  0.300138043175055E+001  0.387373581327572E+000  0.529668711567471E+000 -0.299382571712875E+003
  0.103270917906846E-124  0.591651491829619E+003  0.268548772071708E+000  0.873689219005481E+000  0.291436541766043E+001  0.142340620410015E+000  0.529668711567471E+000 -0.294644915137478E+003
  0.282380626858777E-124  0.589578148321426E+003  0.237685886690224E+000  0.983118670961063E+000  0.318534685782962E+001  0.554741174479568E+000  0.529668711567471E+000 -0.293608243383381E+003
  0.100765950271334E-118  0.563946494683857E+003  0.265281061641259E+000  0.898690832239151E+000  0.286225971526005E+001  0.684991497231529E-002  0.529668711567471E+000 -0.280792416564597E+003
  0.119107557754417E-118  0.563550498510685E+003  0.245205108744075E+000  0.894768323902625E+000  0.307571145406119E+001  0.249143686533889E+000  0.529668711567471E+000 -0.280594418478011E+003
  0.167105681798012E-115  0.548996245623704E+003  0.256221976041389E+000  0.104430610413741E+001  0.303588840157702E+001  0.555704989373091E+000  0.529668711567471E+000 -0.273317292034520E+003
  0.149256648748740E-112  0.535345110025195E+003  0.240533748007375E+000  0.942599136059339E+000  0.307712915717644E+001  0.253391034024814E+000  0.529668711567471E+000 -0.266491724235266E+003
  0.359344313243158E-112  0.533526339268545E+003  0.257064824184599E+000  0.907010427623948E+000  0.293455057864384E+001  0.892630626673506E-001  0.529668711567471E+000 -0.265582338856941E+003
  0.460714272730774E-108  0.514547121140611E+003  0.265163231687805E+000  0.980535171188829E+000  0.303973966302243E+001  0.557857269477269E+000  0.529668711567471E+000 -0.256092729792974E+003
  0.477316065298691E-107  0.509809605976980E+003  0.261725015081803E+000  0.950590744305503E+000  0.309071741840846E+001  0.673544555413718E+000  0.529668711567471E+000 -0.253723972211158E+003
  0.140002437486208E-104  0.498385590199831E+003  0.263506474376423E+000  0.960424028064764E+000  0.284129310838952E+001  0.748123044012492E-001  0.529668711567471E+000 -0.248011964322584E+003
  0.128929104105735E-103  0.493883671017234E+003  0.239399008832574E+000  0.937681598958662E+000  0.315986276663345E+001  0.423964425361186E+000  0.529668711567471E+000 -0.245761004731285E+003
  0.429710266561397E-103  0.491414430679545E+003  0.266487632250114E+000  0.984964728581770E+000  0.306102656763367E+001  0.656511554980207E+000  0.529668711567471E+000 -0.244526384562441E+003
  0.132471394695123E-102  0.489101206075950E+003  0.264970827163544E+000  0.999464214143201E+000  0.303292359871431E+001  0.666144881432078E+000  0.529668711567471E+000 -0.243369772260644E+003
  0.104031115489530E-099  0.475707505583117E+003  0.271134256465202E+000  0.905833482974404E+000  0.290328150155601E+001  0.190115850115182E+000  0.529668711567471E+000 -0.236672922014227E+003
  0.620596570475368E-098  0.467468809711671E+003  0.271210802307566E+000  0.841357435353888E+000  0.283584834960808E+001  0.248462656439627E-002  0.529668711567471E+000 -0.232553574078504E+003
  0.229517669927394E-097  0.464791498620691E+003  0.285044780810488E+000  0.920079011429203E+000  0.282211712443016E+001  0.235941428608760E+000  0.529668711567471E+000 -0.231214918533014E+003
  0.297553292530093E-096  0.459605558469743E+003  0.254818214885344E+000  0.885277732638356E+000  0.296250519241452E+001  0.105307823943129E+000  0.529668711567471E+000 -0.228621948457540E+003
  0.329962240199383E-096  0.459337245390854E+003  0.256068205749237E+000  0.978829569081834E+000  0.294063921495626E+001  0.223381143174602E+000  0.529668711567471E+000 -0.228487791918096E+003
  0.107061028612231E-092  0.443106179712659E+003  0.270240829750825E+000  0.854888857215715E+000  0.291478489301123E+001  0.169972146424132E+000  0.529668711567471E+000 -0.220372259078998E+003
  0.446799250174299E-091  0.435582045496837E+003  0.261347776528149E+000  0.947671411054693E+000  0.286330406550893E+001  0.574205010363725E-001  0.529668711567471E+000 -0.216610191971087E+003
  0.177970583244551E-090  0.432625688194492E+003  0.263322354255243E+000  0.102121184518314E+001  0.307379480991923E+001  0.709152415914977E+000  0.529668711567471E+000 -0.215474958071041E+003
  0.338956820434262E-086  0.412834854557591E+003  0.267405341643410E+000  0.952301841098491E+000  0.301779943580619E+001  0.494244738249995E+000  0.529668711567471E+000 -0.205579541252591E+003
  0.156010508579319E-082  0.395805987114789E+003  0.258685758871911E+000  0.104429223331680E+001  0.311355465753640E+001  0.793589749712240E+000  0.529668711567471E+000 -0.197065107531190E+003
  0.223731291313293E-082  0.395084942371293E+003  0.272861165180542E+000  0.961079053788579E+000  0.295698265374210E+001  0.436420721032979E+000  0.529668711567471E+000 -0.196704585159442E+003
  0.307420992277164E-082  0.394367753623988E+003  0.248287799866823E+000  0.102090647369887E+001  0.308396788668070E+001  0.510848774219389E+000  0.529668711567471E+000 -0.196345990785789E+003
  0.821072385066897E-075  0.360166776014135E+003  0.277488124822159E+000  0.962315707534616E+000  0.287292398750943E+001  0.315261074486193E+000  0.529668711567471E+000 -0.179245501980863E+003
  0.143686798669497E-072  0.349670452940190E+003  0.244143621479123E+000  0.944581385388629E+000  0.316297749026837E+001  0.527421759096006E+000  0.529668711567471E+000 -0.173997340443890E+003
  0.669488917773845E-072  0.346511051570276E+003  0.251990452681725E+000  0.936445771742199E+000  0.312259722340760E+001  0.555317725474722E+000  0.529668711567471E+000 -0.172417639758933E+003
  0.997564231955413E-071  0.341026633540001E+003  0.267732194977513E+000  0.970702446817519E+000  0.295907071070735E+001  0.381621760790263E+000  0.529668711567471E+000 -0.169675430743796E+003
  0.516634847018981E-067  0.323840269220398E+003  0.261266274787934E+000  0.983232358334253E+000  0.295941287829559E+001  0.322172021177545E+000  0.529668711567471E+000 -0.161082248583994E+003
  0.308931606630835E-065  0.315576717695979E+003  0.265163764670881E+000  0.104480359333171E+001  0.304044047257106E+001  0.759422344663976E+000  0.529668711567471E+000 -0.156950472821785E+003
  0.600086427985418E-065  0.314167166153238E+003  0.243568124580254E+000  0.104208081698155E+001  0.317899283728717E+001  0.736339667540338E+000  0.529668711567471E+000 -0.156245697050414E+003
  0.661386225382771E-065  0.313890993599416E+003  0.258519882231964E+000  0.976908629844996E+000  0.314430389498457E+001  0.782660810860058E+000  0.529668711567471E+000 -0.156107610773503E+003
  0.743797987313895E-065  0.313574486607054E+003  0.268969023702107E+000  0.100899682890567E+001  0.303624619351791E+001  0.748869873163587E+000  0.529668711567471E+000 -0.155949357277322E+003
  0.275205878910374E-064  0.310876172446797E+003  0.251397921055859E+000  0.988238768822495E+000  0.312870689438575E+001  0.592146730758931E+000  0.529668711567471E+000 -0.154600200197194E+003
  0.236789827875251E-063  0.306571695306152E+003  0.274668177913733E+000  0.977863094546975E+000  0.296452747445029E+001  0.534622937453533E+000  0.529668711567471E+000 -0.152447961626871E+003
  0.941935112513339E-063  0.303725049189229E+003  0.262760625886092E+000  0.103580935781410E+001  0.302884775562106E+001  0.629055812608631E+000  0.529668711567471E+000 -0.151024638568410E+003
  0.627048805350478E-062  0.299848583799291E+003  0.247893979901136E+000  0.999831747672560E+000  0.309806684830308E+001  0.526262091039618E+000  0.529668711567471E+000 -0.149086405873441E+003
  0.124428789552423E-060  0.293787705791033E+003  0.267881689679574E+000  0.955981029157075E+000  0.303465784607608E+001  0.611327247203449E+000  0.529668711567471E+000 -0.146055966869312E+003
  0.351585108709411E-060  0.291625150099830E+003  0.271341825924617E+000  0.997212090674412E+000  0.298751339275567E+001  0.612081393938397E+000  0.529668711567471E+000 -0.144974689023710E+003
  0.490963635922615E-058  0.281746973224231E+003  0.253958897527020E+000  0.950555706152281E+000  0.307046394551245E+001  0.485063738419942E+000  0.529668711567471E+000 -0.140035600585910E+003
  0.854571499674070E-057  0.275944439294015E+003  0.265425024102471E+000  0.917182309021198E+000  0.300315554304375E+001  0.384328880813814E+000  0.529668711567471E+000 -0.137134333620803E+003
  0.829211791999552E-057  0.275915784912756E+003  0.256229692435813E+000  0.100809680802775E+001  0.305765839070201E+001  0.526201809000032E+000  0.529668711567471E+000 -0.137120006430173E+003
  0.452431898023933E-053  0.258451114128158E+003  0.268357992191761E+000  0.100201697004018E+001  0.306025051807064E+001  0.786929314938798E+000  0.529668711567471E+000 -0.128387671037874E+003
  0.107762811585014E-052  0.256715353196714E+003  0.257285078530429E+000  0.102602987565958E+001  0.306517841931335E+001  0.604421751640328E+000  0.529668711567471E+000 -0.127519790572152E+003
  0.484186397057210E-051  0.249105108355671E+003  0.268686460864495E+000  0.948474996062145E+000  0.300502316182171E+001  0.528903258398704E+000  0.529668711567471E+000 -0.123714668151630E+003
  0.701485875623398E-049  0.239064402829873E+003  0.248764528015946E+000  0.103065406745399E+001  0.313833051495445E+001  0.708205973394068E+000  0.529668711567471E+000 -0.118694315388732E+003
  0.807909858075248E-048  0.234002710438495E+003  0.258853469517355E+000  0.105468481934512E+001  0.307996306989744E+001  0.763181587122219E+000  0.529668711567471E+000 -0.116163469193043E+003
  0.546443276468146E-047  0.230094460988635E+003  0.261525671124958E+000  0.918930912533314E+000  0.304406126256691E+001  0.448667349534878E+000  0.529668711567471E+000 -0.114209344468113E+003
  0.279657703399986E-046  0.226662255865894E+003  0.254840458040228E+000  0.985149302514235E+000  0.312011051433323E+001  0.629684918371334E+000  0.529668711567471E+000 -0.112493241906742E+003
  0.447524228444360E-046  0.225640283255733E+003  0.261655195349978E+000  0.940286950788731E+000  0.303708156340550E+001  0.445558396292086E+000  0.529668711567471E+000 -0.111982255601662E+003
  0.372247231433818E-045  0.221321813968449E+003  0.263696217948247E+000  0.102950945125338E+001  0.303020406416612E+001  0.642333003944050E+000  0.529668711567471E+000 -0.109823020958019E+003
  0.570217042980070E-045  0.220468896305735E+003  0.263090252993921E+000  0.973591844582753E+000  0.300489773502470E+001  0.436411403380248E+000  0.529668711567471E+000 -0.109396562126663E+003
  0.679346763791362E-045  0.220118667046803E+003  0.247719125095244E+000  0.104755241832363E+001  0.316375579993231E+001  0.791658737556152E+000  0.529668711567471E+000 -0.109221447497197E+003
  0.832803859693411E-045  0.219622430607835E+003  0.242654292737729E+000  0.100223840791738E+001  0.320225958669557E+001  0.696749354430361E+000  0.529668711567471E+000 -0.108973329277713E+003
  0.106517888544679E-043  0.214525060662435E+003  0.264612910079966E+000  0.104054272180632E+001  0.305443059219505E+001  0.777049617895820E+000  0.529668711567471E+000 -0.106424644305013E+003
  0.143720938384927E-042  0.209320769370684E+003  0.251107970415395E+000  0.930917606667885E+000  0.310060449811640E+001  0.447961712290978E+000  0.529668711567471E+000 -0.103822498659137E+003
  0.732827967647775E-041  0.201359943883141E+003  0.266242689433771E+000  0.103270106546401E+001  0.305071870602554E+001  0.750950968639611E+000  0.529668711567471E+000 -0.998420859153656E+002
  0.880613201662686E-041  0.200894948541228E+003  0.255340722784439E+000  0.105343180096871E+001  0.310646325104814E+001  0.761354061525933E+000  0.529668711567471E+000 -0.996095882444089E+002
  0.166000254298880E-040  0.199529456356102E+003  0.271189440097966E+000  0.928221761298420E+000  0.296105439999249E+001  0.406254885298879E+000  0.529668711567471E+000 -0.989268421518462E+002
  0.452483642722543E-038  0.188034067512314E+003  0.266047823071654E+000  0.993080780390447E+000  0.303144741865920E+001  0.597888415476529E+000  0.529668711567471E+000 -0.931791477299522E+002
  0.130075124555765E-036  0.181061339295443E+003  0.253047375140782E+000  0.940486185916323E+000  0.310689208960770E+001  0.510107917976951E+000  0.529668711567471E+000 -0.896927836215166E+002
  0.410140808797536E-036  0.178682918562233E+003  0.262639263041738E+000  0.103975677672775E+001  0.305767397525589E+001  0.736579363944399E+000  0.529668711567471E+000 -0.885035732549118E+002
  0.717410112316648E-035  0.172877810139294E+003  0.257047165569974E+000  0.964418179850937E+000  0.311910326635679E+001  0.666493432487080E+000  0.529668711567471E+000 -0.856010190434422E+002
  0.483462006869227E-034  0.168901904394679E+003  0.245649634536352E+000  0.100461806983487E+001  0.320291179072601E+001  0.769584467235946E+000  0.529668711567471E+000 -0.836130661711345E+002
  0.537825226983518E-034  0.168610341132269E+003  0.265915485095312E+000  0.994221074311165E+000  0.307364750712773E+001  0.742509676640075E+000  0.529668711567471E+000 -0.834672845399295E+002
  0.978055555888608E-033  0.162730663872860E+003  0.257809033371707E+000  0.100035570854130E+001  0.305583410151026E+001  0.584303539001846E+000  0.529668711567471E+000 -0.805274459102251E+002
  0.115293590076199E-030  0.153348132009725E+003  0.261828611449005E+000  0.100525525388282E+001  0.308107935144727E+001  0.740637494986917E+000  0.529668711567471E+000 -0.766740660048624E+002
  0.650889193349772E-030  0.149675695807359E+003  0.253567838233346E+000  0.104034541276233E+001  0.311025692025565E+001  0.715786173512916E+000  0.529668711567471E+000 -0.748378479036797E+002
  0.150581189543245E-029  0.147998199648731E+003  0.254166845624151E+000  0.103682785848871E+001  0.313307584572221E+001  0.766989268467872E+000  0.529668711567471E+000 -0.739990998243653E+002
  0.419411233055041E-026  0.131687702992924E+003  0.262888659083480E+000  0.101279796847678E+001  0.308407930351356E+001  0.780550217826744E+000  0.529668711567471E+000 -0.658438514964618E+002
  0.147713454656721E-025  0.129169688050652E+003  0.260483195773973E+000  0.100235844374044E+001  0.309791478222588E+001  0.757556177070771E+000  0.529668711567471E+000 -0.645848440253261E+002
  0.143061034012150E-025  0.128998127838153E+003  0.250064908070065E+000  0.102065578567199E+001  0.314552987628446E+001  0.732608247488665E+000  0.529668711567471E+000 -0.644990639190763E+002
  0.886232115389446E-025  0.125115146672699E+003  0.253694443660530E+000  0.103573510608694E+001  0.312994249553844E+001  0.789805208949281E+000  0.529668711567471E+000 -0.625575733363494E+002
  0.749038703994515E-022  0.111189725494384E+003  0.249399879471981E+000  0.102125253988762E+001  0.317498726192466E+001  0.773765119427516E+000  0.529668711567471E+000 -0.555948627471921E+002
  0.119744194334506E-020  0.105646250928089E+003  0.258231796537993E+000  0.103973925105587E+001  0.309631411647099E+001  0.756751264459279E+000  0.529668711567471E+000 -0.528231254640444E+002
  0.538227466581525E-020  0.102404837821621E+003  0.253786372246292E+000  0.103546130598909E+001  0.313220064528655E+001  0.795558792025726E+000  0.529668711567471E+000 -0.512024189108104E+002
  0.526151817944344E-018  0.932398803952063E+002  0.262943781625321E+000  0.101490066495927E+001  0.306946126300260E+001  0.708414804031380E+000  0.529668711567471E+000 -0.466199401976032E+002
  0.609977064846026E-017  0.883390470902503E+002  0.256604134564523E+000  0.102658671402079E+001  0.309410950053900E+001  0.688850291876830E+000  0.529668711567471E+000 -0.441695235451252E+002
  0.888184098604037E-016  0.829823615404521E+002  0.248372771813939E+000  0.102465772626448E+001  0.317967935095638E+001  0.797404970334092E+000  0.529668711567471E+000 -0.414911807702261E+002
  0.121660036806470E-014  0.777479181051249E+002  0.260365701678506E+000  0.993396749338714E+000  0.310163561409607E+001  0.732927563300211E+000  0.529668711567471E+000 -0.388739590525625E+002
  0.115362113482850E-011  0.622061352380111E+002  0.259603318724786E+000  0.997564503546168E+000  0.310180797964792E+001  0.730808476704732E+000  0.529668711567471E+000 -0.311030676190056E+002
  0.275476161522702E-011  0.602545640013509E+002  0.257348790211438E+000  0.101223344505684E+001  0.312523117604275E+001  0.792497143413631E+000  0.529668711567471E+000 -0.301272820006754E+002
  0.176910401166164E-010  0.565351092163516E+002  0.250786277289916E+000  0.101917683797201E+001  0.316678600921379E+001  0.782292879779553E+000  0.529668711567471E+000 -0.282675546081758E+002
  0.197464750546804E-010  0.563152758286286E+002  0.257003971303898E+000  0.101933268455405E+001  0.310741577810674E+001  0.717675651531371E+000  0.529668711567471E+000 -0.281576379143143E+002
  0.534800277726106E-009  0.494503763086555E+002  0.260782501750465E+000  0.995401233466302E+000  0.309022414634516E+001  0.706893649983877E+000  0.529668711567471E+000 -0.247251881543277E+002
  0.556207408471203E-008  0.442640814721609E+002  0.257263874289073E+000  0.100720701598635E+001  0.311009110878218E+001  0.706745830902349E+000  0.529668711567471E+000 -0.221320407360804E+002
  0.687947590920488E-008  0.438389386770893E+002  0.250865289714537E+000  0.100796442762119E+001  0.315303374636901E+001  0.724089614493650E+000  0.529668711567471E+000 -0.219194693385447E+002
  0.157004959148092E-004  0.265985220776635E+002  0.258326975459605E+000  0.102138289192494E+001  0.311017097892143E+001  0.769646526319364E+000  0.529668711567471E+000 -0.132992610388317E+002
  0.274991734106325E-004  0.250313076797557E+002  0.253998376733336E+000  0.101619945659079E+001  0.314415070891110E+001  0.780165381927629E+000  0.529668711567471E+000 -0.125156538398779E+002
  0.323937147319717E-004  0.247036907441551E+002  0.257204320929438E+000  0.100923411100269E+001  0.310980684309295E+001  0.714065860965227E+000  0.529668711567471E+000 -0.123518453720776E+002
  0.333334964108606E-004  0.245383595507987E+002  0.255280189632588E+000  0.100572075905330E+001  0.312401534118228E+001  0.713369881581520E+000  0.529668711567471E+000 -0.122691797753993E+002
  0.343703204370310E-004  0.244770983021085E+002  0.256824069700388E+000  0.101448136133461E+001  0.312683086341500E+001  0.778166856807050E+000  0.529668711567471E+000 -0.122385491510543E+002
  0.508188916727061E-004  0.233699109335229E+002  0.255205198796234E+000  0.102218916883097E+001  0.313124842531040E+001  0.780328040741063E+000  0.529668711567471E+000 -0.116849554667614E+002
  0.591161778085497E-004  0.229648514360189E+002  0.260183684639127E+000  0.994345482621438E+000  0.308025412521085E+001  0.661343751253349E+000  0.529668711567471E+000 -0.114824257180094E+002
  0.763025424477878E-004  0.223518615745956E+002  0.258931578424079E+000  0.101177276081709E+001  0.309718546020855E+001  0.720711748319498E+000  0.529668711567471E+000 -0.111759307872978E+002
  0.806635710039600E-004  0.221381133832090E+002  0.253669093094896E+000  0.100701351647255E+001  0.311435062260826E+001  0.661930036421108E+000  0.529668711567471E+000 -0.110690566916045E+002
  0.817800529165086E-004  0.220080341919793E+002  0.259162604670461E+000  0.100029051155431E+001  0.308517348828223E+001  0.661470276517698E+000  0.529668711567471E+000 -0.110040170959896E+002
  0.897316197237105E-004  0.218224544915096E+002  0.253693515178395E+000  0.101474190246672E+001  0.313410542586947E+001  0.742360918545906E+000  0.529668711567471E+000 -0.109112272457548E+002
  0.133197809440707E-003  0.210324302913090E+002  0.254436742475151E+000  0.101724409566156E+001  0.313764484750417E+001  0.772110003753468E+000  0.529668711567471E+000 -0.105162151456545E+002
  0.163187340133768E-003  0.206263031823477E+002  0.256152877873893E+000  0.102007827524153E+001  0.312924432221416E+001  0.781826671872336E+000  0.529668711567471E+000 -0.103131515911739E+002
  0.176939040112882E-003  0.204644903817494E+002  0.255845591567095E+000  0.101032699906614E+001  0.312834623215145E+001  0.755290983039962E+000  0.529668711567471E+000 -0.102322451908747E+002
  0.222628656677403E-003  0.200050905824655E+002  0.256859055205695E+000  0.101669795485380E+001  0.311342154892856E+001  0.737387576618952E+000  0.529668711567471E+000 -0.100025452912328E+002
  0.331406854429475E-003  0.192094073399107E+002  0.255632690570521E+000  0.101904209622023E+001  0.311829559083999E+001  0.737948266358771E+000  0.529668711567471E+000 -0.960470366995535E+001
  0.329595291680061E-003  0.190721539456989E+002  0.254000962077461E+000  0.999248572291663E+000  0.312323459182623E+001  0.677151085528302E+000  0.529668711567471E+000 -0.953607697284946E+001
  0.347304145858985E-003  0.188192672331982E+002  0.253409942370466E+000  0.994971617155290E+000  0.311901037721950E+001  0.653085765373214E+000  0.529668711567471E+000 -0.940963361659908E+001
  0.356928429010583E-003  0.186163825176099E+002  0.254558522208825E+000  0.101722284623216E+001  0.313519837497775E+001  0.763729176353319E+000  0.529668711567471E+000 -0.930819125880494E+001
  0.442126890018618E-003  0.180400432940051E+002  0.254158359787737E+000  0.100501051724019E+001  0.312999516507267E+001  0.716325709927279E+000  0.529668711567471E+000 -0.902002164700253E+001
  0.449816619068973E-003  0.180055571656841E+002  0.257051001639391E+000  0.101003337588866E+001  0.311627592266494E+001  0.738048368123191E+000  0.529668711567471E+000 -0.900277858284207E+001
  0.420290842579639E-003  0.179812578154843E+002  0.258691866751896E+000  0.100271725486072E+001  0.309552567216437E+001  0.691341273203107E+000  0.529668711567471E+000 -0.899062890774214E+001
  0.643028495082839E-003  0.171307736452092E+002  0.256802755539935E+000  0.101151272131507E+001  0.310130536225303E+001  0.696073765023499E+000  0.529668711567471E+000 -0.856538682260462E+001
  0.654892455916408E-003  0.170942096579654E+002  0.255635367651125E+000  0.100733173628114E+001  0.311746533610981E+001  0.716798306510578E+000  0.529668711567471E+000 -0.854710482898268E+001
  0.272817388478440E-002  0.142403762080161E+002  0.254929984833640E+000  0.100739552541399E+001  0.312368485299822E+001  0.718427346808818E+000  0.529668711567471E+000 -0.712018810400804E+001
  0.251277121542496E-002  0.140035273465106E+002  0.256478464582713E+000  0.100967643995697E+001  0.311456499899944E+001  0.726038800647418E+000  0.529668711567471E+000 -0.700176367325530E+001
  0.321677951624257E-002  0.135095383568308E+002  0.257228945596270E+000  0.100660574448067E+001  0.309899188511986E+001  0.681362172051772E+000  0.529668711567471E+000 -0.675476917841538E+001
  0.548783985838697E-002  0.124412303551555E+002  0.255601329112174E+000  0.995923311511430E+000  0.310433100668905E+001  0.655136586651143E+000  0.529668711567471E+000 -0.622061517757773E+001
  0.677162367391478E-002  0.120208179908368E+002  0.255714253235464E+000  0.100402251670938E+001  0.311536697963316E+001  0.697192501442920E+000  0.529668711567471E+000 -0.601040899541840E+001
  0.729444933357866E-002  0.118720723871713E+002  0.256358765115280E+000  0.100740644894890E+001  0.311277534505062E+001  0.712847720582170E+000  0.529668711567471E+000 -0.593603619358563E+001
  0.810603890477034E-002  0.116610811191100E+002  0.255718707280168E+000  0.100299748276484E+001  0.310602664763242E+001  0.666149705345771E+000  0.529668711567471E+000 -0.583054055955501E+001
  0.111003430834320E-001  0.110323477419891E+002  0.255922970552443E+000  0.100338178129569E+001  0.310548126668770E+001  0.677080598686045E+000  0.529668711567471E+000 -0.551617387099456E+001
  0.152612745601516E-001  0.103956626838766E+002  0.256013178005221E+000  0.100467574906781E+001  0.311163379735499E+001  0.697528020087670E+000  0.529668711567471E+000 -0.519783134193831E+001
  0.187412250991067E-001  0.998484847818817E+001  0.257785997379563E+000  0.999713127035002E+000  0.308906275428966E+001  0.655478140870779E+000  0.529668711567471E+000 -0.499242423909408E+001
  0.179947865990452E-001  0.925520539317277E+001  0.257161442007293E+000  0.100047230374759E+001  0.309078635599165E+001  0.650153294266067E+000  0.529668711567471E+000 -0.462760269658638E+001
  0.423121751230421E-001  0.615892545195753E+001  0.256883017654277E+000  0.991642023766543E+000  0.309463830214261E+001  0.637612396660092E+000  0.529668711567471E+000 -0.307946272597877E+001
  0.563973014383756E-001  0.558423257612474E+001  0.257205158079651E+000  0.995121413992747E+000  0.308822078309040E+001  0.632556768973717E+000  0.529668711567471E+000 -0.279211628806237E+001
  0.593543154739946E-001  0.548202553577826E+001  0.257516021721091E+000  0.994269806050803E+000  0.308776982541035E+001  0.634289227939906E+000  0.529668711567471E+000 -0.274101276788913E+001
