  0.250484218371878E+000  0.982755299817064E+000  0.312219585752327E+001  0.575179069466123E+000  0.529668711567471E+000 -0.339370296065714E+002 -0.339370296065714E+002
  0.251927476024613E+000  0.975230316707650E+000  0.307200805436775E+001  0.466743208632383E+000  0.529668711567471E+000 -0.302752849676057E+002 -0.302752849676057E+002
  0.255073081844739E+000  0.962226533229608E+000  0.308785950209910E+001  0.521067481782275E+000  0.529668711567471E+000 -0.380009520096776E+002 -0.380009520096776E+002
  0.253723835191456E+000  0.973995676188562E+000  0.308689400231082E+001  0.544328865589639E+000  0.529668711567471E+000 -0.317607750737113E+002 -0.317607750737113E+002
  0.258886939364881E+000  0.981504649660076E+000  0.303583987110385E+001  0.505736838858887E+000  0.529668711567471E+000 -0.322913515870422E+002 -0.322913515870422E+002
  0.255702280516126E+000  0.982145285441295E+000  0.306569602727407E+001  0.517354121284686E+000  0.529668711567471E+000 -0.774742459263060E+001 -0.774742459263060E+001
  0.252313227860824E+000  0.981713975276946E+000  0.306898401216414E+001  0.468136044734408E+000  0.529668711567471E+000 -0.378181291740085E+002 -0.378181291740085E+002
  0.264424537340955E+000  0.961707135772135E+000  0.301624379686631E+001  0.504721282741035E+000  0.529668711567471E+000 -0.330295344269099E+002 -0.330295344269099E+002
  0.258892801488304E+000  0.100655210386392E+001  0.306556329753567E+001  0.606555653098758E+000  0.529668711567471E+000 -0.344955917618003E+002 -0.344955917618003E+002
  0.260471768211278E+000  0.989156385781772E+000  0.306825581422209E+001  0.633667359854195E+000  0.529668711567471E+000 -0.244896337508787E+002 -0.244896337508787E+002
  0.255501705613416E+000  0.968074537854660E+000  0.310602698225704E+001  0.606559731730628E+000  0.529668711567471E+000 -0.324587300088480E+002 -0.324587300088480E+002
  0.263711109376100E+000  0.952889162741986E+000  0.300943556124876E+001  0.464809614395074E+000  0.529668711567471E+000 -0.375411414608224E+002 -0.375411414608224E+002
  0.254182082303874E+000  0.983054901780445E+000  0.307990780459288E+001  0.543710745080115E+000  0.529668711567471E+000 -0.187798101888936E+002 -0.187798101888936E+002
  0.255696887509461E+000  0.978811279211624E+000  0.304760821377251E+001  0.475784392037036E+000  0.529668711567471E+000 -0.253867392416367E+002 -0.253867392416367E+002
  0.252053909626261E+000  0.971911003416868E+000  0.312802227624185E+001  0.605094306302588E+000  0.529668711567471E+000 -0.392822386544027E+002 -0.392822386544027E+002
  0.256629472033729E+000  0.981691255715842E+000  0.307229466728804E+001  0.547010779926217E+000  0.529668711567471E+000 -0.409439763234968E+001 -0.409439763234968E+001
  0.263007864388914E+000  0.975754725864846E+000  0.304343983629324E+001  0.571412041367216E+000  0.529668711567471E+000 -0.192581053474818E+002 -0.192581053474818E+002
  0.254487984543892E+000  0.975983678305318E+000  0.308121353138278E+001  0.521583445429392E+000  0.529668711567471E+000 -0.145003193986825E+002 -0.145003193986825E+002
  0.257067014506328E+000  0.100380425692543E+001  0.308529143717725E+001  0.625567439498919E+000  0.529668711567471E+000 -0.202726608657731E+002 -0.202726608657731E+002
